Titulo,imagen,tipo,descripcion,url,embedding
¿Tienes fotografias o historias antiguas sobre Tlaxcala? Forma parte de esta exposicion en el Museo de la Memoria ,https://oem.com.mx/elsoldetlaxcala/img/25507599/1756733942/BASE_LANDSCAPE/500/image.webp,CULTURA,"Como parte de los festejos por los 500 anos de la ciudad capital, daran voz a los recuerdos de los pobladores ",https://oem.com.mx/elsoldetlaxcala/cultura/tienes-fotografias-o-historias-antiguas-sobre-tlaxcala-forma-parte-de-esta-exposicion-en-el-museo-de-la-memoria-25507586,"[-0.021481853, -0.017276062, 0.013772691, -0.07919143, 0.005616381, -0.003449482, 0.0032806022, 0.008551611, -0.005405683, 0.015580317, -0.034697257, -0.010796745, 0.013181027, 0.012034397, 0.1489906, -0.018973652, 0.020701086, -0.0024395506, 0.020772442, -0.0066259415, -0.043873962, -0.028152933, -0.007272545, -0.04837864, 0.0069848276, 0.0263016, 0.0045758802, -0.022554195, 0.02026595, -0.008048154, -0.004846851, 0.005666748, -0.023432432, -0.016241755, 0.00980027, -0.0047195745, 0.03881055, 0.004325477, 0.007312283, 0.020504948, -0.021239186, -0.007952866, -0.017010374, -0.018843964, -0.014550375, -0.03897096, 0.010282414, -0.013480179, 0.009862376, 0.00885018, 0.02156625, -0.025321437, 0.03229323, -0.1645697, -0.02590196, -0.013377143, 0.027767729, 0.024540383, -0.0025950756, -0.02157473, -0.0053822645, 0.041759297, -0.02845468, -0.03484321, 0.012531109, 0.004237875, 0.010618296, 0.03377587, 0.005523404, -0.0053293156, 0.0070438217, -0.0026993223, 0.029884279, -0.0070734676, -0.011038279, -0.0035897258, -0.0073753297, -0.01167577, 0.038714197, -0.014209603, 0.0050559277, 0.002932803, 0.020619603, -0.0019688215, -0.0010196974, -0.0007258692, 0.021375034, 0.002335507, -0.003964618, -0.007705269, 0.023186835, 0.013378298, 0.024544926, 0.014821114, 0.02241584, 0.01738709, 0.029447129, -0.017681917, -0.039486382, -0.027021766, -0.010142861, -0.038672753, 0.007656114, -0.010586377, 0.015347085, -0.011501033, -0.0044717067, -0.015311386, 0.0072845514, 0.030106893, -0.012818921, -0.00083733356, -0.016106475, -0.018326879, -0.018642807, -0.12824135, 0.01613553, 0.002250378, -0.038378015, 0.0053498927, 0.01828976, -0.0103943115, 0.016725583, -0.012479242, 0.0120804105, -0.008434457, 0.016229345, -0.00025032434, -0.026703227, -0.009372404, -0.0012690556, -0.00018579692, 0.014270735, 0.017228099, -0.027726447, 0.0046000397, -0.030496737, -0.024119852, -0.0010542602, -0.015279539, -0.0123116765, -0.01096497, 0.012530029, -0.0047726003, 0.020033019, -0.0041653207, 0.0003987674, 0.00471636, 0.016312132, 0.020998562, 0.034833807, -0.0010331767, -0.006173602, 0.008936861, 0.017032031, -0.024391953, 0.008972663, -0.017366385, 0.018635185, 0.018809045, 0.0041353484, -0.022805367, 0.007880229, 0.030420065, 0.0031489031, 0.050266262, -0.012427341, 0.022014385, 0.005729042, -0.011236749, 0.0013042348, 0.007245633, -0.03712703, -0.0040560835, 0.00019246481, 0.009785743, 0.019425565, 0.0017796208, -0.011546927, 0.012006464, 0.028882978, 0.03810968, 0.0105166845, 0.018755462, 0.019173395, -0.018698903, -0.003101491, 0.012316225, 0.02500175, 0.020780079, -0.011928579, -0.0005195335, -0.021675417, -0.010813606, 0.019585215, 0.0071721333, -0.0017129636, -0.0040758373, -5.545738e-05, 0.00093106565, 0.0057700938, -0.018199304, 0.02010546, 0.009489107, 0.022135625, 0.025143867, -0.014145889, -0.004931464, 0.009488204, 0.01081351, -0.014357429, -0.008448025, -0.0023348862, -0.014242828, 0.00069156673, -0.0042411415, -0.007333905, 0.0002976426, -0.014860258, -0.016097764, 0.013557107, -0.01565255, -0.008099213, -0.0057725203, 0.010696723, -0.017255163, 0.0037538535, -0.029569758, 0.011252365, 0.011967115, -0.011351192, -0.013647376, -0.0004903374, 0.012887941, 0.013533286, 0.00088020717, 0.0080797905, -0.011279035, 0.015591754, -0.022551047, 3.89054e-05, -0.01101035, -0.0053838845, 0.01837508, -0.02302784, 0.029995054, -0.003461127, 0.022550117, -0.0142094, 0.007087622, -0.0311563, -0.015921868, -0.0030999987, -0.003166889, -9.910157e-05, -0.008820945, -0.011737959, 0.020869082, 0.00045047665, -0.020157121, 0.015804917, -0.011189167, -0.013312352, -0.01677055, -0.028741013, -0.017090729, 0.0071370886, 0.02318392, -0.030727992, -0.006351479, 0.008267482, 0.013671914, -0.0061907084, 0.0065000835, -0.019927366, -0.0101370225, -0.054220434, -0.0037453186, 0.028630786, -0.0055202814, -0.019779531, -0.011044903, -0.0049246685, 0.011733154, 0.013545881, 0.00468254, -0.0107959565, -0.01484597, -0.0009299948, 0.0066354987, 0.001845566, 0.009404042, 0.011912789, 0.010175726, 0.03224905, -0.027784646, 0.019203447, -0.025425583, -0.017924864, 0.0007987657, 0.0022280032, -0.017278891, 0.009938154, 0.03221744, 0.020709604, 0.0017750245, -0.0019069855, -0.04446481, -0.023083057, 0.0029487428, 0.0010372896, -0.011526434, -0.0095335655, -0.011489435, -0.0034977328, -0.0065894406, 0.0045487545, 0.029574791, 0.010276651, 0.031635612, 0.0008900305, -0.0033960296, 0.0065732165, -0.012308028, 0.014538342, 0.0026362946, -0.00084181275, 0.00028665346, 0.017559612, 0.016019389, 0.0010121547, 0.0072348025, 0.015935713, 0.0075987782, -0.013820468, -0.006158289, -0.014748389, 0.023812117, 0.03036257, 0.016300714, -0.022561083, -0.008131049, 0.030639743, 0.0015223017, -0.027232695, 0.03799255, 0.011705928, -0.05160297, 0.0140208015, -0.0173591, 0.006285211, 0.009850584, -0.007268147, 0.0160775, 0.005669538, 0.011878063, -0.020443965, 0.016171353, -0.012424543, 0.003906605, 0.021241767, -0.012416377, -0.007687509, -0.0028234713, -0.004300857, -0.0042580487, 0.0046554036, -0.0017873807, -0.0019385848, 0.0065007824, 0.027800662, 0.0035928139, 0.0055633993, 0.025447974, -0.015142818, -0.014819634, -0.019112315, -0.007880167, -0.009690493, 0.0003605247, 0.015186206, -0.010088784, -0.004411106, 0.020950932, -0.00041082298, -0.008243569, 0.00043450523, -0.019573815, 0.025115272, 0.018530006, 0.010807611, 0.0031364257, -0.012596384, -0.010427806, -0.02204218, 0.0017666178, 0.0067141387, 0.009117436, 0.0016940726, -0.022945631, 0.017178899, 0.0048595807, 0.008890101, -0.0014969275, 0.0296258, 0.030469645, -0.022076381, -0.011916047, -0.008432952, -0.009124497, 0.0316217, -0.017396357, 0.046990458, 0.011305471, 0.044576876, -0.014385393, -0.018254895, -0.010780398, -0.028963935, 0.0062364363, -0.01630737, -0.0005990603, -0.022034852, 0.01826485, 0.019580074, -0.00740024, -0.017376605, -0.03724204, 0.03090697, -0.014775566, -0.008120325, -0.023170728, -0.010159951, 0.023678664, -0.019009246, -0.00088737806, -0.022477798, -0.04573664, -0.02329526, 0.016903732, -0.015539174, -0.00022075413, 0.017065138, 0.012930935, 0.021117073, 0.02979947, 0.0022511776, -0.015713207, -0.022977674, 0.008053422, -0.0030830954, -0.002140252, -0.0047191726, 0.004300701, 0.012841481, -0.009970673, 0.019502986, -0.021777807, 0.010697977, 0.011550151, 0.0058346787, 0.0011347751, 0.0030035756, 0.01812508, -0.0031201856, -0.011150032, -0.0055775978, -0.0063256114, -0.0045250244, 0.025085995, -0.006662536, -0.00069669617, 0.019977212, 0.023287488, 0.0020587293, 0.037552845, -0.03660682, -0.021903887, -0.00281049, -0.011521738, -0.024257062, -0.0075034094, -0.028986989, 0.004910825, -0.01911713, -0.0031703366, 0.003655333, 0.015848827, -0.0048244116, 0.01738464, 0.023138756, 0.012313426, -0.005398292, -0.028590973, -0.010977323, -0.027129186, -0.03889324, 0.01619043, -0.0017708722, 0.017292403, 0.017972218, 0.02488091, -0.023854438, -0.0019799965, -0.04029811, 0.0099081425, 0.014785683, -0.0020918567, 0.0056227436, -0.011378852, -0.010086312, 0.0084747095, 0.013219828, 0.024595339, -0.009403593, 0.022233542, -0.0011769927, -0.000114003386, 0.0014196013, -0.003239576, -0.01173914, 0.019548742, -0.0015059918, 0.018723289, 0.00044037733, 0.009437599, 0.025920149, -0.029400254, -0.021749318, 0.020036524, -0.014007588, 0.0057676057, 0.009915733, -0.054040153, 0.03532144, -0.011425477, 0.011831388, -0.0010114086, 0.007755802, 0.010582154, -0.026119472, -0.015326155, -0.041215353, 0.017885955, 0.006873369, -0.07316714, 0.0048275623, -0.0027515045, -0.04244661, -0.02905542, -0.016727878, 0.034356207, -0.0006076666, -0.0016470198, -0.0020973082, -0.007019079, 0.0039883167, -0.0040788976, 0.0060979603, -0.0068172375, -0.018991895, 0.012632293, 0.011350896, 0.023583552, 0.0027993652, 0.0077141933, 0.03940096, -0.010818982, 0.0065841074, -0.013683306, -0.0027568478, -0.005387582, 0.0041476083, 0.0149508, 0.031962913, -0.011309704, -0.04015043, 0.0051723165, -0.0013655588, 0.018399319, -0.018937068, -0.022331117, -0.0030258745, 0.0042503467, -0.010488177, 0.0127522545, -0.005187009, -0.0151422275, 0.0030422057, -0.015366884, 0.014512776, 0.0054201586, -0.017827157, 0.019708153, -0.009728697, -0.04710753, -0.0044003585, -0.007983416, -0.0074269054, 0.010859085, -0.03230926, -0.005395481, 0.0005690426, -0.038352665, -0.0028021177, -0.035823207, 0.0018317279, 0.019787697, 0.026841016, -0.014827639, 0.0030466798, -0.008032702, 0.01739853, -0.011579599, -0.0045829834, 0.010807548, 0.017425425, 0.0058685406, 0.012728003, -0.011968518, -0.006590595, 0.0041008363, -0.013105274, 0.014221098, 0.010822635, -0.01285598, -0.002935254, -0.105173126, -0.008218175, -0.00905829, -0.03396509, 0.015083347, 0.018232865, -0.0151665285, -0.0068121804, -0.011779333, 0.0022029884, -0.009718663, 0.023155063, -0.045431275, -0.013650897, 0.005288441, -0.017632397, -0.0062326607, -0.02899102, -0.028428333, -0.03336858, -0.0073999614, -0.0104573285, 0.0151101565, -0.00014182724, 0.0033603427, -0.014685543, 0.006484805, 0.0010690922, 0.023753889, -0.02854814, -0.02467735, -0.13372347, -0.0029826919, 0.04202451, -0.0065646223, -0.012371338, 0.00043130625, 0.011068079, 0.024956184, -0.012556899, -0.004349058, -0.0064091524, -0.018011972, -0.023252795, -0.012961299, 0.00198624, 0.10013919, 0.030227404, -0.007819541, 0.0043987017, -0.021793794, 0.008396935, -0.02277163, 0.02168001, -0.024981888, 0.011630585, -0.010269068, 0.01734926, 0.00127402, -0.017465118, 0.00471165, 0.009011639, -0.0031936148, -0.014452122, 0.02430259, 0.00756712, 0.027120857, 0.009177067, -0.0015791926, 0.018367615, 0.012803037, 0.013855166, 0.04647316, -0.013037782, -0.0048457677, 0.0023417359, 0.010103673, 0.013733878, 0.027676376, 0.030579628, 0.026978813, -0.021666747, -0.058993485, 0.024684904, 0.027905466, 0.025797756, 0.025248429, 0.0017288493, 0.0035612339, 0.020774355, 0.022147913, 0.03743297, 0.0088402135, 0.0028641352, 0.0061876043, -0.0016665569, -0.0063369176, -0.0029429311, -0.00214286, 0.0041612536, 0.009543078, -0.015524826, 0.013063146, -0.013556172, -0.013062786, -0.008721362, 0.011110787, -0.017818298, -0.0078053144, 0.010156142, 0.008332528, 0.043904178, 0.005333827, 0.03563313, 0.0005775103, -0.01811225, -0.006883734, 0.0009569932, 0.0065662954, 0.024532039, 0.01267681, 0.002022801, 0.01417311, -0.017469948, -0.0067468565, 0.01727905, 0.022620494, 0.012696349, 0.011306937, 0.017318893, -0.01682934, 0.003996662, -0.01863809, 0.008597557, 0.0003227634, -0.004398594, 0.005582081, 0.009320174, 0.031141656, 0.01299259, 0.019574644, 0.0075170505, 0.008662016, -0.00043747041, -0.017003085, 0.004208864, 0.0073889294, -0.0011134278, 0.0025535694, 0.015509619, -0.01648732, 0.013039515, -0.011363625, -0.00047429913, -0.00762176, 0.0009815483, -0.0011809149, -0.013115634, -0.0041698446, 0.00015602051, -0.037541743, 0.018608589, 0.012761631, -0.015599673, -0.0057320814, -0.0048140553, 0.012017653, 0.016932074, -0.0056685316, 0.004555703, -0.0018315786, -0.0037497208, -0.012694279, 0.023986708, -0.01856304, 0.0035374977, -0.013407479, 0.0016551734, 0.007124797, -0.02039795, -0.012255152, 0.01034749, -0.0075324904, -0.007314621, 0.025576176, 0.014538214, -0.015636494, -0.0087337075, 0.004216025, -0.006878086, 0.00032870888, 0.0008024146, 0.0024232236, -0.009023015, 0.013003865, 0.004934356, -0.007558054, 0.014633874, -0.018859658, 0.02556608, 0.028353449, 0.0019067791, -0.014608661, -0.014706371, -0.002340908, -0.004434297, -0.008935212, -0.0044995164, 0.009376651, -0.0059758336, -0.009297592, -0.006921109, 0.0122940615, -0.017240833, 0.0054241926, -0.0001827407, 0.018950814, -0.013260417, -0.029988317, 0.0035695285, -0.013930975, 0.018941367, -0.00627652, 0.037377305, 0.0026871033, 0.011712014, 0.009928633, -0.0028906125, -0.0035430428, 0.00306245, 0.004829052, 0.002103595, -0.014075109, 0.008044406, -0.012045846, 0.017626284, 0.010827535, -0.018289186, 0.0007136516, -0.010743263, 0.011225576, 0.00042010075, 0.0069811023, 0.013982663, -0.012052036, -0.0190666, -0.008764637, -0.004942981, 0.0021627338, -0.012772422, -0.011170564, -0.014564112, -0.0006901662, 0.013601603, -0.008803834, -0.0062443484, -0.006820454, 0.0032163688, -0.002878738, -0.0051847734, 0.0022191068, -0.0039186287, 0.00951985, -0.0058628405, -0.0020573125, -0.008977153, 0.0037186476, 0.008513593, 0.008882949, 0.0002342716, -0.008652372, 0.012304828, -0.0011664067, -0.020522172, -0.002032763, -0.009378956, -0.013974327, 0.0046196175, 0.012607691, -0.020182181, 0.012363756, -0.01865882, 0.016279746, 0.01142224, 0.009634592, -0.0036625392, 0.006276683, -0.019101238, 0.0106607815, -0.013780719, -0.015961524, -0.0008185901, -0.002907124, 0.00020187654, -0.008288678, 0.0051815906, -0.003849252, -0.012738758, 0.0049942676, 0.006123538, 0.014317943, -0.0035964076, -0.0010662309, -0.012899612, -0.015168942, 0.0037632806, -0.0015255495, 7.954371e-05, -0.014542823, 0.0025133668, -0.01478691, -0.010543012, -0.012386612, -0.020286078, 0.013342968, 0.007973189, -0.009184561, -0.008814581, 0.006290797, 0.0065097366, -0.015724579, 0.0112212645, -0.0053123883, 0.004043961, 0.02372368, 0.011805034, 0.0027069796, 0.013446886, -0.01519236, 0.0028555724, 0.014183411, 0.00066748285, 0.015954921, -0.005233691, 0.00068367313, 0.0071846023, -0.020035699, 0.0116819395, 0.0106246285, 0.0044288496, -0.0023549958, 0.07786984, -0.008611564, 0.016049754, 0.0063407924, -0.016860837, 0.0033789428, 0.0022731898, -0.014275057, -0.021425389, 0.014695824, 0.0020865386, -0.009934533, 0.009648338, -0.0036431698, -0.007846411, -0.009377061, -0.015334419, 0.011417649, -0.007874584, 0.00071319647, 0.008125596, -0.020446233, 0.0038242158, -0.011769068, 0.0030791266, -0.008765387, 0.010454519, -0.0064629945, 0.015306971, 0.0038302762, -0.012522899, -0.0114306025, -0.002318593, -0.014205503, -0.012121585, -0.009079827, -0.0019234144, 0.016242594, 0.014321792, 0.018635089, -0.01884862, -0.010311759, -2.4685747e-05, -0.0064772726, 0.009356554, 0.010633618, 0.00033584153, -0.024565337, -0.016041953, 0.016518861, 0.0011702877, -0.004285269, -0.004170754, -0.008158731, -0.01961606, -0.011122854, -0.010716274, 0.0032125954, 0.016523028, -0.02268708, -0.004354879, 0.010424614, 0.001986426, 0.02066052, -0.002702816, -0.010677233, 0.017950911, -0.017481951, -0.0064097713, -0.0069386982, -0.015987292, 0.010786288, 0.004434598, -0.023581754, 0.030272875, 0.0013606525, -0.003271415, -0.010704642, 0.007509916, -0.013523464, 0.013858904, 0.011661693, -0.015263706, -0.005477377, -0.016444491, 0.017093953, 0.0061856355, -0.006133589, -0.0054787938, -0.0014539257, -0.00047914483, -0.0024844522, -0.0016076, 0.014761991, -0.0028714647, 0.008301057, 0.052870277, 0.00031321953, -0.0072326185, 0.004855372, 0.0085201645, -0.008826102, -0.00039683003, 0.001382879, 0.01541168, -0.021045756, 0.019307105, -0.011960177, 0.005025683, 0.005847367, -0.006160168, 0.013913896, 0.006197013, 0.0033334699, 0.009592017, -0.0065578218, 0.016189698, 0.0009895096, 0.007408253, -0.002808621, 0.011344608, -0.0025284903, -0.008838331, -0.0076668425, -0.010183766, 0.006775611, -0.011544685, -0.0010985088, -0.0034020608, 0.0013321536, 0.00089482695, 0.003993778, -0.03410445, -0.009370558, -0.020739589, 0.013469409, 0.008949561, 0.011186478, 0.023757668, 0.015615743, 0.0024150927, -0.00826643, -0.029495096, 0.0010618814, -0.0037270356, 0.019832596, 0.004099192, 0.025183171, 0.007563452, -0.001195222, 0.010508202, -0.03080271, -0.0055783894, -0.0032958176, -0.004379965, 0.016457573, 0.008914584, 0.020161843, 0.014521892, 0.00742585, -0.0082808705, 0.008592797, 0.0046728165, -0.019968757, 0.0019653002, 0.00929893, 0.0051078317, -0.0026602424, -0.017531201, 0.0012926179, 0.008142545, -0.008518978, -0.0006855424, 0.00301549, -0.0068121017, 0.011189934, -0.006213037, -0.014054461, -0.011114079, 0.014043481, 0.0044485936, 0.01812104, -0.012955864, -0.007832709, -0.007749713, 0.0035278068, -0.00033158596, 0.008203021, 0.0085084, -0.013382546, -0.023271857, -0.017209701, 0.002952379, -0.011878711, 0.001270963, -0.005784195, 0.0029579944, 0.0087130545, -0.0024095448, -0.009177864, -0.0047607156, 0.007878798, 0.010579095, -0.0058134976, 0.02575677, -0.009863878, 0.01117435, 0.0047440305, 0.0068176687, -0.003923347, -0.0047845603, -0.017496891, 0.006012636, 0.019812537, -0.004246073, 0.014043907, 0.0026724606, -0.0035299442, -0.014680747, 6.325308e-05, -0.012275195, 0.0038041824, -0.012744413, 0.008716218, 0.0038084227, -0.016326271, 0.0023887937, -0.012357581, -0.012974353, -0.015820848, 0.0005148173, 0.009681124, -0.019503191, -0.005567521, 0.0018220285, -0.0028901547, -0.008690043, -0.00561391, -0.00083931716, 0.005466506, -0.011337476, 0.0006597849, 0.0010325602, -0.011132721, -0.0040716147, -0.0062133586, -0.008451776, -0.011286383, 0.0048888787, 0.021616975, 0.008845738, 0.014282308, 0.0071319183, -0.0009093167, 0.022735646, 0.014326394, -0.00043610262, -0.03457863, 0.017036267, 0.013328975, 0.02268816, 0.0035171919, 0.0013886539, 0.013178161, -0.008899978, -0.011926634, -0.007586669, 0.01761963, 0.014032231, -0.002569746, 0.007991609, -0.01224773, -0.0074163065, 0.022166716, 0.0065261372, 0.005206458, -0.007753426, -0.012897033, 0.012277902, 0.006752784, 0.0055920226, 0.011393821, -0.0005781695, 0.001240507, 0.001503321, -0.008567815, 0.0066545494, -0.021684699, 0.0019442852, -0.0011645742, -0.0027314338, 0.012468588, 0.011748166, 0.0061882436, 0.0028217798, -0.0107276095, -0.0049395193, -0.0028234355, -0.0042432793, 0.015838679, 0.002748523, 0.00058168324, -0.004746534, 0.019464627, -0.00056607317, -0.01626195, 0.004410352, 0.014090534, 0.013064665, -0.003946683, 0.021591004, -0.031585887, -0.006761205, 0.015950115, -0.0027155327, -0.012204921, -0.005943665, 0.0014779988, -0.005398721, -0.0076768734, 0.007543908, 0.0034688045, -0.013880462, 0.009472349, 0.0070997598, -0.004496809, -0.0043823724, 0.016290076, -0.0041822237, 0.004743529, -0.014799385, 0.0053807404, -0.010041526, 0.015349935, 0.009737132, 0.011278082, 0.0115403915, -0.011259079, -0.012345208, 0.009939745, 0.010384384, -0.0034132518, 0.01152073, -0.012427075, -0.0069324947, -0.022297975, -0.00035075957, 0.002716591, -0.0050437725, -0.0072705396, -0.0055648955, 0.005384289, 0.014810145, 3.0626994e-05, 0.002153665, 0.0026641148, 0.00047707814, 0.010963875, -0.01557811, -0.011161067, 0.003170129, -0.014530835, -0.0028468845, -0.015168, 0.00037080908, -0.006528414, -0.010133116, -0.0114541575, 0.00060019054, -0.007602573, -0.0018384114, 0.005758245, 0.00030370953, -0.008509455, -0.012052423, 0.0022715866, -0.001100483, -0.0027028725, -0.0042848913, -7.18711e-05, -0.0017635399, 0.0005297455, 0.0017289367, 0.000308649, -0.010287849, 0.013077512, 0.014114756, -0.006666706, 0.009828447, 0.02433598, 0.005323867, -0.010061916, 0.028071022, 0.019079257, -0.008004884, -0.0080723455, -0.013261699, 0.009845647, -0.003004939, 0.010007043, -0.0027760891, 0.008850427, 0.0032913827, 0.006739282, 0.0070991814, 0.031642906, -0.0060393815, 0.0034746716, 0.004546751, -0.001337986, -0.007749791, -0.0053638364, 0.013760749, 0.013012616, -0.0024737094, 0.0017448305, 0.0028792105, 0.0071037626, 0.0063931434, 0.002034981, -0.0038313805, 0.007978182, 0.0059595797, 0.002245849, -0.0047748843, 0.0061496156, 0.01448658, -0.00033465787, 0.012184969, -0.009847782, 0.012791665, 0.006317804, 0.007738014, 0.0076150894, -0.001688513, 0.017381806, -0.0019131469, -0.003351436, -0.00047497364, 0.024651302, 0.0027174503, -0.00065194455, 0.0053994437, -0.0008956234, 0.0066691698, -0.0021415085, 0.001852887, 0.0008293058, -0.00797532, -0.011167627, 0.009542819, 0.013466404, 0.008374965, -0.011835635, 0.010616302, -0.008980469, -0.0016581486, 0.00055273436, 0.002702027, 0.0057366, -0.00029049045, -0.0007449168, -0.081603386, 0.02001795, -0.009534092, 0.0027116833, 0.0056360937, -0.007303079, 0.0101829255, -0.016149284, -0.019136596, -0.0093624545, 0.010608385, -0.014360837, -0.02578629, 0.0047028232, -0.014848493, 0.0099342875, -0.021530995, -0.01000267, 0.016543834, -0.020120867, -0.005069563, 0.013460773, -0.010009814, -0.014186088, -0.016399724, 0.00077855756, 0.0069378796, -0.011920719, 0.013471045, 0.009331688, 0.0020543064, 0.00070588413, -0.010299494, 0.011809087, 0.010266007, 0.019433439, 0.009324475, -0.0018725414, -0.14095074, -0.005037605, 0.006918963, -0.005034876, -0.00093767466, -0.009990463, 0.0025154094, 0.014236172, 0.0069522895, -0.004505076, -0.008496075, -0.011823408, 0.003241848, 0.000413963, 0.009516404, 0.00026443004, -0.008103839, 0.0071530975, -0.013367029, -0.019015728, -0.003909143, 0.01777585, -0.004207533, 0.020411981, 0.0022342743, -0.022824679, 0.0132897375, 0.014117529, 0.016344434, -0.022324966, 0.020743078, 0.0034407254, -0.0072887535, 0.008371909, -0.017448122, -0.019646842, 0.014726089, -0.0031695014, -0.00391704, -0.021455543, 0.03014764, -0.005089561, 0.0150228, 0.007238038, -0.0051198993, 0.01117805, 0.0017624596, 0.01007932, -0.01545751, 0.001423688, -0.0075129285, -0.011739283, -0.009444293, 0.008617956, 0.013113211, -0.0045426455, 0.021762272, -0.014082139, 0.001201832, 0.0007427001, -0.009476286, 0.000275274, 0.0150898015, -0.00212407, -0.007349395, 0.013195687, 0.0090433685, 0.029150758, 0.014224687, -0.0016667084, 0.008769679, 0.010882306, -0.014843775, 0.0074113547, -0.030623604, 0.01781115, 0.0074250903, 0.0016783301, 0.0007873251, -0.018352466, -0.0095501235, -0.023753393, 0.004425632, 0.02069261, 0.015791329, -0.006685706, 0.009958709, 0.003907004, -0.02372707, -0.058968857, -0.018551482, 0.015878534, -0.012775804, 0.017801536, 0.009319575, -0.00056175404, 0.010208348, 0.016491743, -0.0012856547, -0.018692829, -0.010140648, 0.00020305434, -0.02315724, -0.0053885668, -0.023429677, 0.022646882, 0.018238088, -0.01331688, -0.011090104, -0.020309279, -0.018114967, -0.026098948, 0.0056618843, 0.010505285, 0.012156047, 0.005116339, 0.009176735, 0.015915157, -0.014931486, -0.0013275337, 0.005128149, -0.014963971, -0.0025368873, -0.007305431, 0.010745185, 0.012779427, 0.019470768, -0.004935265, 0.0041179955, -0.020512111, -0.0144850025, -0.0008418265, -0.008289501, -0.007018238, -0.003796495, -0.009642132, -0.0070541627, -0.01371019, -0.006236412, -0.01085327, -0.01830682, -0.033686917, -0.00027036283, 0.008684613, -0.001937135, -0.020456798, 0.0047047944, 0.009733789, 0.006076273, -0.0056181476, 0.00016508366, -0.014401425, 0.00037899232, -0.00030659267, -0.016301792, -0.0046693827, 0.0063863923, 0.008032744, -0.0072767334, 0.0029706315, 0.011654913, -0.00023449365, 0.01424309, 0.0072887917, -0.003293259, -0.005733403, -0.009498698, -0.024976624, 0.0015654068, -0.0010647678, 0.011210013, 0.00021960115, 0.015603189, -9.251057e-06, -0.017459983, -0.015538127, 0.00718331, 0.011858227, -0.005346898, 0.003690661, 0.003480431, 0.009192479, -0.002991309, 0.00057272526, 0.0038557285, -0.00020677272, -0.015291969, -0.012333953, 0.023149574, 0.009502674, 0.0088739665, -0.0033315816, -0.0021344335, -0.008864583, -0.024793666, 0.006107954, -0.026275678, 0.016582077, -0.0046552536, 0.003603763, 0.008344582, 0.016339974, 0.008732892, -0.16281717, 0.0017361273, -0.00050136255, -0.0062718075, -0.009766985, 0.0077001015, -0.010948619, 0.011252272, -0.010337363, -0.016133018, 0.019916343, 0.018866884, 0.010416171, -0.015259802, -0.005645634, 0.001924486, -0.015804566, 0.0022866176, -0.022704257, 0.0059042657, -0.009146896, 0.017325602, 0.01718864, 0.029889287, -0.00029149224, -0.018069696, 0.0073322225, 0.00573232, -0.0012562592, -0.0007864564, 0.00991053, 0.013210188, 0.0065638376, -0.008230162, -0.015507517, 0.0045769974, -0.016543748, -0.014871625, -0.0045627034, -0.0031383208, 0.0067626243, 0.0015238019, -0.019590624, 0.015469532, -0.0039600534, 0.0092258165, -0.016335463, 0.015558604, 0.0069020395, -0.016350882, 0.006849823, 0.00033934097, -0.018818147, 0.016937401, 0.034079723, -0.018427595, 0.017356623, -0.0041315183, 0.0061663957, -0.0011093937, -0.02775889, 0.013977318, -0.008766147, 0.004613668, -0.01247036, -0.008214042, -0.017207008, 0.13658252, -0.021686872, 0.0051548304, -0.0011929033, -0.011087698, -0.0068354867, 0.026907418, 0.0009014303, 0.008969993, -0.012165243, 0.016164731, 0.013204819, 0.0057945093, -0.00022383068, -0.0048648575, 0.004997996, 0.019897737, -0.0077366983, -0.0014653883, -0.0029576581, 0.016598353, -0.0009881622, -0.0067663314, -0.01312221, 0.021039588, -0.004494086, 0.0078053614, -0.021652324, -0.014101559, -0.0009538067, 0.003826058, 0.0016716768, -0.0034279947, -0.023812832, 0.018671917, -0.003999797, -0.013205734, -0.019758211, -0.019337567, 0.01373587, 0.036767017, 0.0056192116, -0.0009306589, -0.009938554, 0.0005793685, 0.0037929837, -0.007097375, 0.011068536, 0.0072943973, -0.009136884, -0.02235507, 0.010307798, 0.009440969, 0.0020773504, 0.012508736, -0.0026323933, -0.014662067, 0.014185414, 0.02017347, 0.005554651, 0.0016287412, -0.00722446, -0.015686756, 0.010502795, 0.0007032972, 0.0056437207, 0.0006473054, -0.013559919, 0.011798281, -0.10576596, 0.011552309, -0.005862135, -0.014100083, -0.01882471, -0.006386097, -0.0058899326, 0.015564704, 0.017014463, -0.00079794513, 0.0064331237, 0.01644397, -0.026746426, 0.0013730729, -0.009838813, -1.28696265e-05, 0.0062916935, 0.029213242, 0.022528376, -0.012787599, -0.0065460657, -0.0028221484, 0.024849588, -0.0148062585, 0.019616893, 0.009820266, -0.006756075, -0.009249931, 0.0040567135, 0.015635867, -0.032107774, 0.014966732, -0.009603415, 0.012667092, -0.010144705, -0.012874241, -0.012361694, -0.0030502453, 0.0029815552, -0.029599752, 0.0052943714, 0.008710069, -0.0053725764, -0.016566802, -0.015042771, -0.011175451, 0.02242382, -0.002522573, -0.008603595, -0.013360651, -0.011946931, -0.009453596, -0.0009182092, 0.019089743, -0.02816483, -0.0103651695, -0.002560946, 0.02048354, 0.014431076, 0.0062625534, -0.00041059233, 0.025989838, 0.00016599304, -0.009911729, -0.010817415, -0.0056683295, 0.014583086, 0.008741473, 0.014824103, 0.019151744, -0.022096094, -0.006443803, 0.0071548102, -0.02141793, 0.0025757058, 0.0003404, 0.008193867, 0.015438369, -0.035619114, 0.0075312527, -0.004413334, 0.010299614, -0.001959789, 0.0047006034, 0.024304122, 0.0032080824, 0.00904315, -0.014300307, -0.010005371, 0.005274849, 0.013027013, -0.012926724, -0.0059752557, -0.012967621, -0.001718542, -0.009776647, -0.005522914, 0.014734355, -0.019325515, -0.019599112, -0.014714943, 0.010177599, -0.0037468274, 0.0016093901, 0.02130054, -0.010029306, -0.020421857, 0.0039033098, 0.0070863827, -0.008445426, -0.008979234, -0.015074515, -0.015380655, 0.017039614, -0.00073045853, 0.011473222, 0.020980643, 0.02379839, 0.005001734, -0.027210824, 0.013770271, 0.0062464476, 0.008044115, 0.012522437, 0.01069675, -0.00431172, 0.0030490733, -0.0115157915, -0.0056918864, 0.0034905188, 0.013220005, -0.002549735, -0.012341654, 0.0054387865, -0.0017163343, -0.022127913, -0.0131818075, 0.020720351, 0.0025650123, -0.010867183, -0.014207734, 0.009307569, -0.0037780197, 0.00070023304, -0.0084075965, -0.01913461, 0.0063366005, 0.0016162477, 0.0051680263, 0.009549806, 0.009077644, 0.0118537815, -0.03773123, -0.010442525, 0.02028951, -0.0010152882, -0.0049412884, 0.014756057, 0.009754887, -0.012108314, -0.025849544, 0.016025748, -0.02361976, -0.012274081, 0.007532042, 0.0018535734, -0.009977306, -0.00024670354, -0.0059537445, -0.015089894, 0.010592867, -0.01630193, 0.007059274, 0.018963877, -0.016825039, 0.010538082, -0.00081232976, 0.0074795065, -0.0077346303, -0.055608332, -0.008281006, 0.0059550237, 0.004840783, -0.010254961, -0.005574724, -0.0162993, 0.002953219, -0.0007417461, -0.025100354, 0.01631599, -0.004526566, -0.020385718, 0.015087599, 0.0014363808, 0.0038829884, -0.014616755, 0.0018913669, 0.0128628295, -0.010078291, 0.00394764, 0.011698113, -0.009055843, 0.011900985, -0.03281443, -0.0037550624, -0.010159606, -0.0007804929, -0.0010562909, -0.007868843, -0.018112276, 0.013829807, -0.01966229, 0.010269158, -0.0023323249, -0.007308047, 0.005294015, -0.017414123, 0.0026085458, -0.060053293, 0.0043599866, 0.0096082175, -0.051914666, -0.013974614, 0.022113942, -0.008275444, 0.017234195, 0.009681035, -0.013935797, 0.016452607, 0.00249701, -0.007890955, -0.012849276, -0.013484848, 0.0153398225, -0.0038203239, 0.01093273, -0.022688327, -0.010300904, -0.011249408, 0.0003665992, -0.02647418, -0.011921153, -0.018051613, -0.015087607, 0.018691372, 0.0132777635, -0.012946569, 0.012851733, 0.008400726, -0.009514002, -0.009243983, 0.00986981, 0.012694771, -0.0050194357, 0.0062649655, 0.0037132858, -0.022425067, 0.0022944163, 0.026267769, -0.0009219336, -0.014326718, -0.0047546593, 0.032450326, 0.024281492, -0.021789558, 0.0032329028, -0.10610554, -0.03849376, 0.008186224, -0.011967964, 0.012747586, 0.038544256, -0.016742643, 0.03655454, -0.00786214, -0.006582433, -0.022451673, 0.020469958, 0.022178305, 0.005221801, 0.0014391785, -0.018291526, -0.0062987832, -0.0054379106, -0.017293578, -0.0029251697, 0.011434164, -0.011033018, -0.01516955, 0.006627932, 0.0048916205, -0.043608047, 0.0024967361, -0.0064302287, -0.001403805, -0.010434976, 0.018518858, -0.02129262, 0.0025008467, 0.007433111, 0.002828778, -0.012805834, -0.029816799, 0.013437619, 0.016702363, 0.010988698, 0.01695149, 0.024764402, 0.0060775722, 0.020486986, -0.011784541, 0.0043350086, -0.023103967, -0.028953215, -0.0142262075, -0.0063044606, -0.01036733, -0.023287874, 0.017030543, 0.008158749, 0.0015535651, -0.0022366222, -0.012758716, -0.027056286, 0.0019432846, 0.017222105, -0.005119171, 0.011981437, 0.017304644, 0.019723793, -0.03071091, 0.027153708, -0.021515954, -0.02522874, -0.009242748, -0.009513799, 0.0113380365, 0.0053390213, 0.0058270805, -0.008043287, -0.0065765847, -0.0151785845, -0.010361786, -0.008443941, -0.043571673, 0.008891524, 0.023497095, 0.0055071604, 0.006696771, 0.009305699, -0.0087538045, -0.007025983, -0.033614237, 0.013031938, 0.013841721, 0.003716168, 0.004362746, 5.538084e-05, 0.0012762141, 0.010681558, 0.009997201, 0.0052393987, 0.01932539, -0.007527924, 0.0036559661, -0.020711923, 0.0006872093, -0.0042264997, 0.00069941557, -0.025285643, 0.009787465, -0.004555443, 0.023571683, -0.007873704, -0.015887069, 0.0025378487, 0.03266932, 0.0069551533, 0.017986935, -0.00085650594, -0.018682865, -0.018545954, 0.0121009275, 0.00018565073, -0.00083158177, -0.027411344, 0.0126707805, -0.008060195, -0.02119691, -0.018495826, -0.0021679415, 0.024038931, -0.0028377878, -0.008323508, 0.009281532, 0.0066541154, -0.014755638, 0.01022407, 0.0020081536, 0.0024874022, 0.017846804, -0.023508338, -0.014483017, 0.00077318953, -0.01622319, 0.022368733, 0.010388806, 0.007070596, 0.010837607, -0.0007917295, 0.0041096755, -0.017055098, -0.0048485817, 0.00019687277, -0.027490258, -0.013223335, -0.0022186486, -0.015618049, -0.0065947566, -0.025850093, -0.050696407, -0.009624865, -0.006781247, 0.0014029446, 0.0024531293, -0.024471343, 2.3559492e-06, 0.004843545, -0.0021456566, -0.020285754, -0.010252946, 0.0073397495, -0.00730809, -0.014995582, 0.02289426, 0.004843887, -0.02033978, -0.010493568, -0.0021928684, 0.0059054843, 0.036622144, -0.026149137, 0.0010819905, -0.0012432026, 0.009461441, -0.019441985, -0.0044535105, -0.016986249, -0.012946341, 0.018447293, 0.012434431, -0.029226795, 0.006916382, -0.021258522, 0.0002909823, 0.032582566, 0.021467205, -0.0199332, 0.010257654, 0.01137987, 0.00066161726, 0.009873361, -0.019851608, 0.0017182755, 0.01654312, 0.014082721, 0.0035722684, -0.032700196, -0.01207761, -0.06632653, 0.010735476, -0.015574181, -0.019047232, -0.012024312, -0.020313567, -0.022175102, 0.00020075252, 0.007523469, 0.026697233, 0.014919846, -0.010432766, -0.010255697, 0.036787182, 0.011134217, 0.010803169, -0.0009587627, 0.009068755, -0.0044845273, 0.028452436, -0.003394466, -0.006905232, 0.00016053657, -0.009827199, 0.016133655, 0.00019841967, 0.0020675552, -0.009474588, 0.023414997, -0.0062248223, 0.005102006, -0.004196895, -0.014015823, -0.0069001745, -0.0050068917, 0.011154763, 0.00013412334, 0.0047534704, 0.021294523, 0.01765665, 0.00011529394, -0.015506862, -0.0211579, -0.0020655582, 0.0011650422, -0.00018683163, -0.004048186, 0.0068261568, -0.014819801, 0.0051134056, -0.005383163, 0.012170386, 0.02402327, -0.0029915127, -0.014717837, 0.00013291874, 0.02581011, 0.00052014, 0.0046120966, 0.0023474642, 0.029679947, -0.019495383, 0.008584283, 0.01584474, -0.022363214, 0.019380918, -0.017927783, 0.007690887, -0.021665841, -0.003291071, -0.035910852, 0.0023218738, -0.012598137, -0.0015264782, -0.0032729153, -0.0039664158, 0.009412474, -0.014515332, 0.0034804002, -0.023897756, 0.036618453, -0.008145466, -0.014441025, 0.017648706, -0.0054455055, -0.012279986, -0.0093180705, 0.00821152, -0.011661335, -0.0057902625, 0.0044809724, 0.00069906935, 0.0015674182, -0.0011393392, 0.035135888, 0.011640531, -0.002815101, 0.037819527, -0.0031571712, -0.011156461, 0.0012359868, -0.013560741, 0.0045243707, 0.01938936, -0.011639619, -0.003766557, 0.033315055, 0.011431643, -0.004493003, -0.002970794, -0.02081041, 0.0026336221, -0.02484189, 0.013657397, -0.004059862, 0.0070622563, 0.0031347536, -0.0036200453, 0.006171339, 0.012698615, 0.028697357, -0.0021651096, 0.0100320205, 0.013019709, 0.009374399, 0.0028962486, -0.0034594284, -0.0042770877, -0.00455117, 0.018045556, -0.02164011, 0.004416383, -0.011763984, -0.014000481, -0.01660888, -0.010807443, 0.012670933, 0.0048258565, 0.00887075, 0.013640587, -0.021770492, -0.013922036, -0.005442735, 0.003970813, -0.009405446, 0.0037237192, 0.004817857, -0.02764086, -0.008345546, -0.006260242, 0.009840407, 0.0077928514, 0.018444693, 0.002313303, -0.014576659, 0.0025865028, -0.010012308, -0.007677207, 0.006570321, -0.017610708, -0.010407465, -0.023552468, 0.00023712509, -0.013656075, -0.021214789, -0.0022411658, 0.013440559, 0.013144393, -0.004735238, -0.0056540826, -0.02882198, -0.013197804, 0.002433744, -0.009927711, 0.011190761, -0.01318815, -0.005974759, -0.010842337, 0.013296706, -0.0032406275, 0.020832164, -0.013877091, 0.011832621, 0.0045776493, 0.011001826, 0.0053361384, 0.028630307, 0.007829867, 0.0033944952, 0.005778924, 0.0025501829, 0.003263157, 0.009160374, 0.00016999658, 0.013992586, 0.013473546, -0.033469327, 0.009825634, 0.001292289, 0.013705329, 0.023774987, 0.000620399, -0.003289003, -0.0012805122, -0.0075849164, -0.0061679715, 0.015082775, -0.0059135337, 0.009207179, 0.014454167, -0.03931588, -0.006918956, -0.0022026396, -0.010017636, 0.011698425, 0.0098427655, 0.015967865, -0.018633166, 0.02153518, -0.023836456, -0.0017600893, -0.013266692, 0.0049068774, -0.0041149436, 0.011416721, -0.021618342, -0.0031259572, -0.017742183, -0.01807564, -0.013637678, -0.021926707, -0.023866694, 0.005913493, -0.000224412, 0.018581718, -0.003099818, 0.0023386625, 0.020521633, 0.0035366903, 0.0140758585, -0.015271211, -0.0036403635, 0.005926945, -0.022568615, 0.023083206, 0.010055293, -0.005824871, 0.02629879, -0.022166882, -0.031046113, -0.011262596, -0.020283287, -0.00820465, -0.0100273425, -0.013154313, 0.0112917535, 0.019858707, -0.0079415105, -0.022141607, 0.0010705963, -0.0021589526, -0.034840465, -0.0046131546, -0.014620108, 0.008974757, -0.0013331969, 0.0023636, -0.035062447, 0.004150273, -0.03611553, -0.0047283187, 0.014113486, -0.0029064498, -0.0037986375, 0.0036760601, 0.016230326, -0.021637095, 0.016942142, -0.017718907, 0.020577513, 0.021493211, 0.010154378, -0.0092060715, -0.028867539, -0.0054888083, 0.013147708, 0.017166762, 0.005688135, -0.006349058, -0.020135673, -0.035406105, 0.0091477595, 0.008651387, 0.0017963108, -0.012047316, 0.01105766, -0.0087439185, -0.006173137, -0.016315259, -0.004219812, -0.011639382, 0.022679564, 0.00055946264, -0.00089192775, 0.00907077, 0.009853567, -0.0338186, -0.010986182, -0.0019590734, 0.021643799, -0.013563962, -0.0032613012, 0.00064845604, -0.0043437197, -0.006654781, -0.027526941, 0.021980375, 0.0020833279, -0.022720557, 0.0023010096, 0.0063150837, 0.009582943, 0.0010051024, -0.004609225, 0.019124534, 0.017055998, 0.005138069, 0.005820011, -0.00901124, -0.0046833814, 0.0029900894, -0.018355796, -0.0067326855, -0.005100311, -0.015857976, 0.009186724, -0.027757876, -0.01294621, 0.024024177, 0.002734345, 0.017904537, 0.02996182, 0.0038155601, -0.00017392062, 0.020212283, -0.008995926, 0.007628248, 0.0014515417, 0.0049443296, -9.25747e-05, -0.007907401, 0.029984286, -0.012423846, 0.003309096, -0.019958701, 0.0049367994, 0.028396396, 0.008390009, -0.007544347, -0.029466586, 0.009691719, -0.017938033, 0.007298845, -0.016300416, -0.025073765, 0.010839685, 0.007893208, -0.0064403615, 0.00456775, 0.031714797, -0.01490974, 0.0066891178, -0.011379019, -0.0035723485, -0.013194242, 0.0004936615, -0.0032176946, -0.018901618, -0.022255505, -0.014363403, 0.010506679, -0.02660019, 0.012546244, -0.013357112, -0.0028819533, 0.009370061, -0.023421453, 0.017498419, -0.013167681, -0.0015627445, 0.0020124489, 0.009528832, -0.012788375, -0.011494397, -0.010612033, 0.018097488, 0.0083106235, 0.016995763, -0.010029937, -0.017283285, -0.016022531, -0.020509068, 0.0016784878, -0.008344838, 0.008101206, 0.008665911, -0.003940817, 0.010206411, 0.04785061, -0.027099578, -0.0024425082, 0.0009154169, -0.003638586, 0.016028153, -0.010761431, -0.0026201974, 0.005795886, -0.017333293, 0.007003981, -0.013530572, 0.0006789057, -0.0113621885, -0.011813011, -0.01563552, -0.008975662, -0.010588707, -0.01247235, 0.0022043467, 0.01095259, 0.01859667, 0.0040576425, 0.01654506, 0.0063272305, 0.010789887, 0.009666727, 0.010288572, 0.005571427, 0.025276536, -0.004781243, 0.02104742, 0.0057646264, 0.009878605, -0.0046914695, 0.004431645, 0.022024479, 0.0058769155, -0.006235728, -0.005018881, -0.014229902, -0.0031620269, -0.007962533, 0.011386217, 0.026021583, 0.015583912, 0.007975309, 0.03961304, -0.0033832646, 0.021120923, -0.004710275, 0.010906503, 0.0151420245, 0.0073828776, -0.014521389, 0.0011637686, 0.019959966, -0.0067955614, -0.010711238, 0.004620792, -0.006225433, -0.017721735, -0.010232133, 0.02767552, -0.0061314567, -0.0004757819, 0.026528783, -0.010839355, 0.009262351, -0.008123788, 0.016038463, 0.011445708, -0.007573185, -0.0026170798, -0.039540626, 0.1685071, 0.13395213, -0.0038659081, -0.014639292, 0.018981643, -0.007008029, -0.027681703, 0.015650397, 0.0093032895, 0.002305172, -0.020859344, -0.0019033828, 0.002571868, 0.0027346206, -0.0070306556, -0.0032195833, 0.0040774373, -0.0023082148, 0.0039910087, -0.008487498, 0.0013997597, -0.0070958263, -0.01627868, -0.016936306, -0.036989965, 0.020824263, 0.0035861526, -0.01993671, 0.007518262, -0.0047122086, -0.019608576, -0.0067006643, -0.006423462, -0.0077164164, -0.017995538, -0.005261217, -0.006512465, 0.020005692, 0.00038643772, -0.027018864, -0.025006458, -0.006140385, 0.0026373665, 0.0014768722, -0.005034822, -0.011909235, 0.013103582, -0.004903903, 0.0075449897, 0.019141871, -0.0016872947, -0.014507711, 0.01289703, 0.004525523, -0.0058770245, 0.019127335, 0.0061863293, -0.0010787279, 0.0021871028, 0.0068076244, 0.031406265, -0.0057076267, -0.012186282, -0.00571873, -0.009137762, 0.011708485, -0.002097455, 0.008151021, -0.0023464998, -0.005508079, 0.010405531, 0.0049631186, 0.020080209, -0.0012453288, -0.0144905625, -0.018512093, -0.0043962174, 0.010890115, -0.0072160857, 0.0049155415, -0.014337039, 0.004984325, 0.008905733, 0.012714829, -0.011849081, -0.0046931915, 0.0147944335, 0.031014897, 0.109176494, -0.006569866, 0.0030412776, -0.004319729, -0.012196201, 0.008882798, 0.015429612, 0.05309711, -0.0006293056, 0.026655823, 0.009186438, 0.00900028, 0.026091047, 0.0046818387, 0.009934645, 0.015642604, 0.024035983, 0.056522314, -0.012063041, -0.0042403215, 0.0033543683, -0.0035349142, 0.0013354487, -0.014921168, 0.008002068, 0.006268496, 0.008136277, 0.0036035106, -0.00784554, -0.007915267, -0.09050438, -0.013745823, -0.0154290525, 0.0004816628, -0.014443821, 0.019758392, -0.008063939, -0.019529363, -0.006949834, -0.011720197, 0.0005724429, -0.0064056474, 0.018407686, 0.00054024725, -0.014134548, 0.007290748, -0.011537986, -0.006241566, 0.0071637314, 0.013199818, 0.015363377, 0.019549329, -0.023686942, 0.014081302, 0.0057936087, 0.005855961, 0.022394, 0.006085802, 0.011917885, 0.024211844, 0.004185158, 0.024896493, -0.011734578, -0.00890871, -0.011962124, -0.002660971, 0.0089816125, 0.0016859693, 0.023971234, -0.031956665, 0.015676524, -0.031235749, 0.007615513, -0.010968972, 0.0017717552, -0.015979597, -0.017044125, -0.01328664, 0.0025558963, 0.006198342, 0.018816065, -0.0067802514, 6.7840854e-05, -0.003980985, -7.753048e-05, 0.0052077128, 0.016030982, -0.033868026, -0.020779127, 0.021655757, 0.015013508, 0.01684248, -8.921093e-06, 0.013943533, -0.009473837, -0.0019573052, -0.0028773267, -0.006294382, -0.011934641, -0.022037247, -0.028478198, -0.003306993, 0.00559987, -0.003108486, 0.01507898, 0.021346271, 0.0028289384, 0.025188146, -0.005707535, -0.0004141602, -0.010253887, 0.006980729, 0.03166845, 0.106061324, 0.011053046, -0.016673213, 0.017869465, 0.00012227007, 0.013522234, -0.0010488584, -0.016770158, 0.009058396, 0.017796375, -0.019426309, 0.019267872, 0.0005679165, 0.0053641517, -0.011103459, -0.0031477688, 0.0011144825, 0.0041409656, -0.017429117, 0.0034083317, -0.028568009, 0.0047661033, -0.0032764957, -0.009631696, 0.011002504, -0.013716554, -0.00070456346, 0.0051761246, -0.018850265, 0.002951426, 0.008258006, -0.027434083, -0.013912738, -0.012282213, 0.0010128681, -0.009384777, 0.014057702, -0.011240623, 0.019188749, 0.005888359, -0.00350135, -0.0029714934, -0.011202111, 0.008750588, -0.033634882, 0.19733436, 0.0053614876, -0.008525784, -0.026126683, -0.024905019, -0.026456429, -0.0072683296, 0.0013452066, -0.010198552, 0.030718582, -0.004073971, -0.0053279144, -0.008954709, 0.018423898, -0.018056119, 0.002098979, 0.010876484, 0.010806419, -0.024085488, -0.023698768, -0.019203454, -0.012327443, -0.0017446732, 0.018282969, -0.0008828787, 0.0030786593, -0.01369613, -0.00043881388, -0.0039083785, 0.0013523141, -0.006061595, -0.012978382, -0.009446652, 0.01670471, 0.0026427647, -0.022193357, 0.010866927, -0.017647957, -0.0007112553, 0.0015168561, -0.008655826, 0.00014126833, -0.009702624, 0.0008954003, 0.0054837163, -0.001688671, 0.0051086866, 0.005120501, -0.008693758, -0.0041215736, 0.0025637355, 0.007586078, -0.013938903, -0.00045205813, -0.013923692, 0.011018183, -0.029680088, 0.0029756697, -0.01181581, 0.005482798, -0.009376786, 0.0069485917, 0.0055004326, 0.008465251, -0.010018602, -0.0031987156, 0.0017512946]"
Diocesis de Tlaxcala contara con himno por sus 500 anos; invita a coros parroquiales a crearlo,https://oem.com.mx/elsoldetlaxcala/img/25278969/1755605642/BASE_LANDSCAPE/1200/image.webp,LOCAL,Sera presentado el proximo cinco de septiembre en el Seminario de Nuestra Senora de Ocotlan,https://oem.com.mx/elsoldetlaxcala/local/diocesis-de-tlaxcala-contara-con-himno-por-sus-500-anos-invita-a-coros-parroquiales-a-crearlo-25278986,"[-0.009498443, -0.013968458, -0.003798211, -0.096620426, -0.0053936825, -0.01676226, 0.001253032, 0.021322055, -0.009578509, 0.001492408, -0.036909662, -0.0011730334, -0.007387889, -0.009790296, 0.14908288, -0.02411949, -0.025185915, 0.0090954, 0.010080573, 0.015208641, -0.01505697, -0.040420372, -0.019695733, -0.04673406, 0.0017886936, 0.009030088, -0.0025498532, -0.02602664, 0.036681097, -0.02994395, -0.0159227, -0.005907438, -0.0043838136, 0.00013801975, 0.012071421, 0.0031295188, 0.026029183, -0.016412387, 0.0066399956, 0.008448775, 0.0020760456, 0.005667181, -0.0050309044, -0.015428042, -0.006972176, -0.033079498, 0.002053339, -0.026070863, 0.0008642865, -0.007097455, 0.016706679, -0.019202255, 0.009198706, -0.15820035, -0.04160587, 0.0016158756, -0.013966279, 0.030497625, 0.0008009048, -0.027473446, 0.0017747412, 0.046267923, -0.025669986, -0.026420638, 0.0016171648, 0.015598026, -0.02335953, 0.03382154, -0.032534394, -0.0035282641, 0.00093610026, 0.015491562, 0.020578207, 0.018199613, -0.027994946, -0.011543544, -0.0034251874, 0.004373296, 0.007365576, 0.0015302455, 0.009822974, -0.003595765, 0.024234857, -0.029807571, -0.018306727, -0.008011052, 0.0003008152, -0.008854351, -0.013553547, -0.0034738202, 0.0051315734, 0.03306005, 0.024308976, 0.0018940461, -0.007853267, 0.00976718, -0.00038634727, -0.012672021, -0.0102765085, -0.019400489, -0.033628296, -0.022152562, 0.0006149477, -0.0047192345, 0.00026131386, -0.017946456, 0.01865128, 0.01208116, -0.0056935144, 0.020495206, -0.016841264, 0.0054944674, -0.03238126, -0.015753267, 0.008514613, -0.1272185, -0.017384855, -0.013518557, -0.029935045, 0.0005624101, 0.011743841, -0.024214342, 0.033150267, 0.005222996, 0.00092260505, -0.024698058, -0.0061140656, 0.008884406, -0.04003163, -0.011895689, 0.020902509, 0.0166409, 0.009397726, 0.013146372, -0.0021022458, 0.011411715, 0.005821943, -0.019483216, 0.019061035, -0.011575538, 0.015935957, 0.0043441076, -0.0105688395, -0.008224764, -0.0057636686, -0.0075920075, 0.021178218, -0.02042907, 0.012119883, -0.0014350726, 0.0123644555, -0.005984249, -0.021794345, 0.0017870351, -0.0058524446, -0.0002700543, 0.020288885, -0.0010302505, 0.013562702, 0.010868169, 0.012053062, -0.0012100507, 0.00031725297, 0.011061594, -0.0120099, 0.03858675, -0.010207261, 0.020356106, 6.7033056e-05, -0.01277721, 0.0124354595, 0.005633066, -0.00954148, 0.0013395642, -0.009892215, 0.017365152, 0.011856194, 0.0010698645, 0.011750898, 0.010740729, 0.023348883, 0.013216006, 0.018695947, 0.025990967, 0.025342377, 0.008394001, 0.0037445782, 0.010201463, 0.022732003, 0.0089589255, -0.016889216, 0.01495392, -0.020234121, -0.024357479, 0.011502997, -0.007968529, 0.0013524261, -0.009268007, -0.00065800635, 0.005252877, 0.0076760286, -0.007864835, 0.018073881, -0.0071685165, 0.01577424, 0.0070620645, -0.005346273, 0.019101305, 0.008500508, -0.0122786835, -0.007289773, -0.004425951, 0.01852119, -0.029203877, -0.007955947, 0.020130938, -0.03680864, 0.014811674, -0.032976866, 0.0076132044, 0.008767799, -0.008883669, -0.024216635, 0.019697523, -0.021416675, 0.0071070967, 0.004539411, -0.030640176, 0.013453038, 0.012385175, -0.0014893629, -0.019243388, 0.011833563, 0.0029641287, 0.013328334, 0.005210721, 0.00059125054, -0.020339597, -0.0012360353, -0.020806238, -0.015607228, -0.024337906, 0.019006442, 0.020957697, -0.010021578, 0.02611041, 0.015246226, 0.00042264158, 0.013796265, 0.01571537, 0.006247662, 0.022139417, -0.010008844, 0.005073855, -0.017290825, -0.0044052345, -0.009979134, 0.014790943, 0.014607396, -0.002998213, 0.012773172, -0.017483894, -0.02485827, 0.0010748917, -0.04625754, 0.0029961525, 0.0027021915, -0.0077157924, -0.020852154, -0.023156097, 0.0026274687, 0.01622085, 0.00603305, -0.024606954, 0.011370744, -0.011447021, -0.054805573, -0.004086144, 0.028123979, -0.017059552, -0.019961704, -0.01683384, 0.020393975, 0.015144305, 0.0016879159, 0.011642409, -0.020413397, -0.017181559, -0.032023367, -0.0035968241, -0.0015388165, -0.0067586564, 0.017825827, 0.0008915513, 0.0330474, -0.03598186, -0.00096838886, -0.0006766627, -0.014832429, 0.020098021, -0.0023475098, -0.033932142, 0.024929576, 0.027746158, 0.03020305, 0.0027561558, -0.0064281216, -0.00854736, -0.030424047, -0.007403872, -0.017296622, -0.02837002, -0.0220981, -0.017336937, -0.016744738, 0.013798841, 0.01864983, 0.013433562, 0.0013571302, 0.03473251, 0.0065441327, -0.026067583, -0.010300728, -0.031319313, -0.012032824, -0.004618433, -0.016414093, 0.0027672863, -0.012391814, 0.025947701, 0.008630383, 0.0066746045, 0.035340164, 0.005474231, -0.0038513376, 0.0017326081, -0.0142731005, 0.026497202, 0.020595815, 0.010518802, -0.012315088, 0.013544054, 0.035878226, -0.010161379, -0.014082553, 0.03210908, 0.01489601, -0.038381983, 0.009259661, -0.015600883, 0.01099689, -0.0030466618, -0.013178703, 0.006827452, -0.0084146885, 0.0019365739, -0.012072001, -0.0013828769, -0.028124698, 0.0039546345, 0.033230457, -0.010482579, -0.0112908995, 0.01936545, -0.01843128, 0.0032118417, -0.010723471, -0.0018456025, -0.003531396, 0.0018964815, -0.0052388706, 0.0066950433, -0.01659457, -0.002457575, -0.0012604535, 0.0027658027, -0.0147881545, 0.016526708, -0.00049823045, -0.013278098, 0.015046562, -0.04104123, -0.011678151, 0.0138420975, 0.0060759424, -0.014765909, -0.008707572, -0.012828159, 0.017984523, 0.013759687, 0.025949247, -0.008772796, 0.009629701, -0.01248398, -0.00891481, -0.006096071, 0.007109864, -0.019767078, -0.009646482, -0.031534996, 0.011784081, -0.0027892552, -0.008429873, -0.005872705, 0.020496706, 0.017912563, -0.029555704, 0.0015223204, -0.00097285607, -0.018411221, 0.045409516, -0.021094037, 0.036051348, -0.0035446952, 0.03722397, -0.010604082, 0.006163065, 0.00762632, -0.012503668, 0.019297587, 0.0015724571, 0.009137728, -0.008400278, -0.003458227, 0.03300661, -0.019583976, 0.0067855935, -0.009483464, 0.007054563, -0.019972473, -0.00865434, -0.004521423, -0.00683789, 0.026198033, -0.03131346, -0.007974533, -0.016954025, -0.05031764, -0.018150372, 0.018664857, 0.011215858, -0.021369517, -0.0032788436, 0.021268263, 0.031764172, 0.00619429, -0.013900639, -0.011394332, 0.017762216, 0.01733393, 0.0035610269, 0.009316981, -0.003202018, 0.01654226, 0.01765872, 0.002396566, 0.026771959, -0.025407095, -0.0015160114, -0.00075094734, 0.013287732, 0.0072102114, 0.012141233, -0.008135245, -0.011266639, -0.016374122, -0.00974681, -0.009363404, 0.006344814, 0.022574622, -0.025831407, -0.016853329, -0.019293822, 0.04854768, -0.00054958864, 0.014484094, -0.02454855, -0.015790457, 0.007412809, -0.028869852, -0.022007635, 0.001599835, -0.029334784, -0.009984095, -0.015305455, -0.0019306899, -0.0006320503, 0.017573051, -0.0129329935, 0.006923101, 0.013945121, 0.0048284233, -0.032918688, -0.004481092, -0.026776787, -0.013708931, -0.0037886961, -0.0050513577, -0.016771711, 0.015665682, 0.0006821664, 0.018627616, -0.007607705, 0.0019010451, -0.024014892, 0.0027529642, -0.012793626, -0.004693319, -0.016163964, -0.022101443, 0.0039094733, -0.0064894846, -0.016806703, 0.017710092, 0.014298796, 0.01310261, -0.009531296, 0.0058859894, -0.00908683, 0.012370456, -0.012436684, 0.0073826313, 0.010252046, 0.010545169, 0.0024151867, -0.0017375709, 0.0022802856, -0.03194426, -0.0058925394, 0.009204919, -0.008768358, 0.014473419, -0.0072950646, -0.032203827, -0.0031703424, -0.0034528847, -0.0025227154, 0.015657712, 0.005623357, 0.00950172, -0.042742074, -0.050393254, -0.0024554594, -0.001579904, 0.029958684, -0.06584831, 0.008415742, -0.018353697, -0.019272488, -0.00035016474, -0.017720394, 0.041212723, -0.005182717, 0.021322856, 0.0155643085, -0.0103835175, 0.022375776, 0.014865746, 0.016255198, -0.018026253, -0.017782697, 0.032246906, 0.0037841522, 0.027372899, -0.003969497, 0.021032764, 0.020674568, 0.020200988, 0.025777953, -0.027457893, 0.006041595, 0.004088734, -0.0029795398, 0.021093765, 0.03096872, -0.020834966, -0.018638171, -0.0050689727, 0.007598633, 0.024462765, -0.012756736, 0.0025562616, -0.012367568, 0.024486156, 0.0023247278, -0.014239976, 0.010272537, -0.0011684329, 0.0016323857, -0.022812074, -0.0044678072, -0.015212472, -0.0030395815, 0.022705887, -0.01750669, -0.02865399, -0.007072557, -0.010188708, -0.0077374415, 0.017227747, -0.015263978, 0.001657463, 0.014162098, -0.020067686, 0.017582994, -0.030320244, 0.0028882928, 0.0132311145, 0.015054377, -0.007625213, -0.014702435, -0.010553778, 0.0050873295, -0.00692629, 0.016996989, -0.0063643837, -0.008921923, 0.0085203005, 0.006371228, -0.0011616396, 0.026231075, 0.009339708, -0.017825902, 0.02011556, 0.013628571, -0.010511224, 0.018714733, -0.095168054, -0.0038710213, -0.027951995, -0.024949037, 0.011559277, 0.035374, -0.009067416, -0.007245189, -0.0330546, -0.023481138, -0.0010511966, 0.020000651, -0.018926464, -0.023044886, 0.0041796914, 0.010099645, 0.009784348, -0.011043572, -0.016465379, -0.052582458, -0.012630664, -0.025615826, -0.013433599, -0.0050703115, -0.0011121046, 0.0133706, -0.002187871, -0.012350473, 0.0015367126, -0.029017115, -0.022449872, -0.13924454, -0.00935323, 0.03723486, -0.032295592, 0.006144402, 0.012365439, 0.02008218, 0.013375556, -0.01848925, -0.007925884, 0.008349419, -0.029812394, -0.029347673, 0.0019857716, -0.007975336, 0.10585085, 0.02101534, -0.013061941, -0.0104737645, 0.0060682404, 0.0043890746, 0.0019653118, 0.021934167, 0.0064052884, 0.024421964, -0.01704166, 0.01704658, -0.028863763, 0.012360777, -0.007677013, -0.01672979, 0.021434518, -0.022279827, 0.000200481, 0.019719215, 0.0059303646, 0.0012716469, 0.008473399, -0.004916738, 0.03734034, -0.017208233, 0.04222225, -0.014807574, 0.03397208, 0.005612719, -0.0151348, 0.031730987, 0.004200636, 0.052532826, 0.021729907, -0.027783584, -0.05697258, 0.021573054, 0.046218954, 0.032078143, 0.016989827, -0.015988117, 0.025494361, 0.0019433389, 0.017715454, 0.015842784, 0.0083448365, 0.005849696, 0.023941685, -0.016698973, 0.004953596, 0.0009915872, 0.0046902336, 0.012715719, 0.0060367254, -0.012962819, 0.010430261, -0.00079768203, 0.0048533855, -0.014606735, 0.030006103, 0.0017913887, -0.0018790768, -0.004864598, -0.005047466, 0.023550091, 0.0022747691, 0.036572013, 0.019380193, -0.01032168, -0.017201962, 0.008979432, -0.038904853, -0.0011985735, 0.0035752186, 0.017319374, -0.0015698201, -0.0089680785, -0.018255189, 0.008365299, 0.016672099, 0.015223124, 0.0009613995, -0.009269122, 0.0030342194, -0.014520996, -0.0022193578, -0.0080606695, -0.005458707, 0.0076420484, -0.0011737881, 0.003121867, 0.03316754, 0.020633055, -0.02418367, 0.004146646, -0.0016089369, -0.00721746, -0.00942061, 0.01037339, 0.023327159, 0.01342346, 0.010693837, -0.0074676974, -0.025588667, 0.0063685277, 0.00961288, 0.0007244946, 0.012156335, -0.005107397, -0.0052356045, 0.0018161258, -0.008317893, -0.004446669, -0.023952477, 0.007970193, 0.00020848094, -0.010926261, -0.0067362823, -0.008804119, 0.021471415, 0.0147278225, -0.0013330289, 0.009829744, -0.013448777, 0.015773598, -0.016317358, 0.014395864, -0.01266856, -0.0079821125, -0.00015797488, -0.0011149338, 0.0033296307, -0.004330784, -0.005653228, 0.0010221145, 0.0004960551, -0.0063556195, 0.012208893, 0.001992011, -0.011582923, 0.001494099, 0.012643559, 0.0002418948, 0.017682832, 0.0010651416, -0.009379633, 0.0037687053, 0.0051804897, 0.013532513, -0.018731097, 0.019927284, -0.012777171, 0.007447218, 0.03352422, 0.0027198927, -0.010632459, -0.017916732, 0.002599573, -0.013303265, -0.0069317026, -0.0019366276, -0.0062393053, -0.015414003, -0.0065204334, 0.003974091, 0.010498227, 0.0019936222, 0.0061552427, 0.007492878, 0.01324841, -0.016127473, -0.023652542, 0.008727101, 0.00010885931, 0.01194508, -0.01038838, 0.022949563, -0.008344532, 0.0061638313, 0.00037865926, 0.005590348, -0.010213616, -0.00043439874, -0.0036240024, -0.005044894, -0.020294392, -0.0031039082, 0.0041948017, 0.009680742, -0.0033712948, -0.0122109065, 0.0031593672, 0.0012307661, 0.009636749, 0.012221209, 5.604928e-05, 0.013849216, -0.01603649, -0.0051858644, -0.013461446, -0.0057735187, -0.0050296662, -0.016121916, 0.0026905567, 0.0029487754, -0.0084396135, -0.008938977, -0.023753555, 0.011893377, -0.0043476545, -0.002994361, 0.0062882355, 0.010696729, 0.017829113, 0.001512335, 0.016780023, -0.004209245, -0.0017437893, -0.005632915, -0.0059225517, -0.004662943, 0.0018948793, 0.009614857, -0.0031822247, -0.006835906, -0.011257018, -0.006581307, 0.0077994056, -0.001850717, -0.019164018, -0.0062804967, 0.012440037, -0.025303757, 0.009276219, -0.013484453, 0.024173716, 0.0010991032, 0.019283224, -0.00056416244, -0.01266251, -0.006296923, 0.0056599, 0.00022890451, -0.029592294, 0.0030583504, -0.008976976, 0.00596619, -0.01141103, 0.0015520471, 0.0062306784, -0.012798688, 0.0009227748, 0.0017387719, 0.010701815, -0.019582953, 0.012185489, -0.010469422, -0.0067111007, 0.009067476, 0.00044341662, -0.0015392493, -0.022502504, 0.004915893, -0.0045203352, -0.0063682557, -0.010570722, -0.0065062963, 0.0076735457, 0.007825951, -0.01813742, 0.0049060406, 0.002984628, -0.0030228563, -0.02414892, -0.010382777, -0.0073649515, -0.0037680762, 0.011907011, 0.015805703, 0.020876838, 0.007931913, -0.02395903, -0.00970649, 0.006934783, -0.0055987756, -0.0043143225, -0.004380541, 0.00013693511, 0.004288015, -0.027973775, 0.020939771, 0.004129941, 0.00774511, -0.01495081, 0.083451495, -0.003576905, 0.012792901, 0.0072764694, -0.021629639, 0.011596949, 0.0021464375, -0.008509785, -0.010940721, 0.015027263, -0.003328871, 0.011846763, 0.0042399317, -0.0031243719, -0.0031762887, -0.0012853794, -0.024648443, -0.015241327, -0.0005861995, -0.0031089508, -0.0071782544, -0.015703354, 0.010107515, -0.002517852, 0.0071589127, -0.013417511, 0.016860342, 0.0027722341, 0.0019197385, -0.016410587, -0.008372047, -0.0069810404, 0.012547622, -0.003964058, -0.026572756, -0.006953434, -0.004134286, 0.013126526, 0.013209352, 0.010027587, -0.0033657236, -0.013763679, 0.0022875261, -0.0036911042, 0.006244216, -0.010692713, -0.007200338, -0.014580479, 0.014608741, 0.0154756615, -0.01068829, -0.0056275004, -0.0036278102, -0.005656085, -0.011544755, 0.008084199, 0.008675583, -0.004657613, 0.027557768, -0.0022220155, 0.007777283, 0.024511764, 0.00709112, 0.008824162, 0.0014447811, -0.01664296, 0.0128321415, -0.012023222, 0.00018519157, -0.013299195, -0.019681612, 0.009859386, 0.021751426, -0.01786523, 0.030459277, 0.013330161, 0.0044007427, -0.00792203, -0.006678899, -0.012601539, 0.01929005, 0.0097642215, -0.011199234, -0.007292189, -0.022990124, -0.002364955, 0.01122033, -0.006756665, 0.006175076, 0.0071074897, 0.0014187995, -0.0045415983, -0.0029852448, 0.00301874, -0.015918352, 0.0047816313, 0.05552873, 0.008316941, 0.009107159, 0.001769088, 0.0047044465, -0.0022445868, 0.00054085214, -0.0112137655, 0.017159028, -0.034252577, 0.001203877, -0.0013547426, 0.010496874, -0.010259572, -0.012659638, 0.0065348577, 0.010276812, 0.017512243, 0.0011225154, 0.002650693, 0.012314528, 0.0009386191, 0.0007098376, 0.002666406, -0.005054703, -0.012095352, -0.0033758767, 0.002816542, -0.01881862, -0.0017658293, -0.015118081, -0.009911017, -0.0065121283, -0.0011408948, -0.0049645384, 0.010100468, -0.020591488, -0.0026773743, -0.013042372, 0.013567349, 0.012812751, 0.020299653, 0.022303285, 0.004537139, -0.007884089, -0.0024668274, -0.03975191, 0.015627455, -0.0023440004, 0.020460604, -0.00019784416, 0.017587222, -0.0030888906, 0.009325024, 0.009193654, -0.010512942, -0.0053416193, 0.0026847506, 0.016737416, 0.018308138, 0.012264759, 0.015210184, 0.007054856, 0.0015957546, 0.0057924255, -0.005955926, 0.011499833, -0.0075872857, 5.747162e-05, 0.012503968, 0.014361438, 0.0020179604, 0.0021950877, 0.017209185, 0.017632512, -0.007465235, 0.0043417295, -0.011351895, 0.008245291, -0.0051355385, -0.020849291, -0.013345018, -0.003062879, 0.006707734, 0.0011387147, 0.02476666, -0.0021116978, 0.001527403, -0.005648962, 0.004136135, -0.013875443, 0.010509806, 0.028421387, -0.018713238, -0.005500289, -0.014372102, -0.00791935, -0.0044093607, 0.0017704086, 0.006408426, 0.004426979, 0.009885013, -0.008052834, 0.0012010365, -0.014572706, -0.0092710545, 0.010184785, 0.00019570565, 0.006657093, -0.013861198, 0.008845118, 0.0012487789, -0.0010324428, 0.006809529, -0.0019784467, -0.0047383797, -0.009477787, 0.013431238, -0.008120959, 0.007951278, 0.019617792, -0.00985128, -0.00024690948, -0.0027572913, 0.005776555, 0.0007857016, -0.0058596907, 0.0026175869, 0.025955241, -0.011577771, -0.01495942, 0.0027546475, -0.008674303, -0.007386159, -0.004423246, 0.019143142, -0.0041013476, -0.007059644, 0.01604701, 0.0025802313, -0.0055301106, 0.012600531, 0.003761691, 3.3607033e-05, -0.018566385, 0.0027241625, 0.0016496163, 0.0034000303, -0.029906534, -0.004439004, -0.013541526, -0.010388571, -0.0057716323, 0.007644202, -0.008717399, 0.0071186423, -0.0047976086, 0.0033122636, 0.014644569, 0.0073540057, -0.0026631902, -0.022978852, 0.0053837546, 0.001713194, -0.0030697123, -0.0014838789, 0.0058674556, 0.014194777, 0.0027726486, -0.010088267, -0.008753878, 0.0109144095, 0.0075592683, -0.0053999163, 0.006544094, 0.0011076473, 0.0076894276, 0.017335594, 0.009472376, 0.008919006, -0.006794176, -0.004389154, 0.01925548, 0.013304865, 0.012170467, -7.9347585e-05, -0.0116584785, -0.0061286055, 0.0043385564, -0.020136146, 0.008990974, -0.028269704, -0.012692682, -0.01063092, -0.003591768, -0.0049460996, 0.0031994332, 0.021641256, 0.002367751, -0.004882543, -0.028322916, 0.01516608, -0.010718995, 0.010492946, 0.01344146, -0.0095456345, -0.012232919, 0.0047186427, -0.0105037885, -0.0056014447, 0.0152428, 0.015347357, 0.0042212377, 0.0010443396, 0.011306986, -0.020243535, -0.0033337804, 0.007959545, -0.011849428, 0.015804434, 0.010887755, 0.014701346, -0.00588659, -0.019642737, -0.0020206189, -0.008243506, 0.0024115455, 0.009539845, -0.009956401, -0.021703012, -0.00943572, 0.0027305807, -0.016198168, 0.018325655, -0.015563732, -0.0055635865, -0.011990211, 0.02013235, 0.008318751, 0.012002522, 0.0033614777, 0.0010796357, -0.012047944, 0.0006948351, 0.0046591046, -0.0050353077, 0.0084341895, -0.026441086, -0.010631328, -0.023308882, -0.002330723, 0.0041776747, 0.0050817975, -0.0027701946, -0.007858779, -0.0057432195, -0.00046393625, -0.00547799, -0.0055294344, -0.000902734, -0.00080763246, 0.0073262015, -0.0049138926, -0.0042123566, 0.015365949, 0.0010139672, 0.008899588, -0.012352639, -0.0013458771, -0.0004894454, -0.015149092, -0.014699553, 0.01421715, 0.0056040115, 0.0018688382, 0.018900536, -0.003916456, -0.01773721, -0.013939647, -0.012702164, 0.014979215, -0.006723988, -0.0046303165, -0.012908392, -0.0045930166, -0.0041665332, 0.007457339, -0.006476478, -0.0161116, 0.0016190459, 0.004722555, -0.0023267725, 0.0067631537, 0.027181827, -0.0010673925, -0.005758571, 0.025682949, 0.0017090023, -0.008137121, 3.9715287e-05, -0.013522811, 0.009840561, -0.004013163, -0.000102056874, 0.014942644, 0.0010760471, -0.0035492303, 0.018066945, 0.01324138, 0.003479065, -0.005720227, -0.006567296, 0.0016106681, 0.012249451, 0.0070770746, -0.00027203505, -0.0036619445, -0.002955885, 0.0030349905, 0.016474165, 0.004636969, -0.015121557, 0.0027374339, -0.0076241805, -0.0016952747, 0.0105710495, -0.013268356, 0.0044958843, -0.013303183, 0.0024278732, 0.0059710853, -0.008975562, 0.0073857387, 0.0017429263, 0.019428728, 0.00046277326, -0.0044992133, 0.01039513, -0.0017399396, 0.0176339, 0.00092421647, -0.0065420675, 0.004232981, 0.030431941, -0.0019751552, -0.0028460703, 0.0021368684, 0.0047096177, 0.008890075, -0.010255744, -0.007436902, 0.012161944, 0.010417055, -0.008607587, 0.003926611, 0.0014624854, -0.0068921815, -0.0021616644, 0.0010003096, -0.009745308, 0.012152871, -0.0069111953, 0.008439581, -0.0019069856, 0.0016563135, 0.00011117526, -0.085786164, 0.01289509, -0.006779054, 0.010178455, 0.015270682, -0.003172161, 0.006138752, -0.007225816, -0.02802525, 0.01397138, 0.009363907, 0.0019304475, -0.012224938, 0.001906802, -0.019577209, -0.009448702, -0.018149205, -0.0017292878, 0.011899186, -0.026848227, -0.0042137424, 0.0012360539, -0.0035797765, -0.009666167, -0.011328951, -0.01434029, -0.008257825, -0.0041830256, 0.013865376, 0.0050202413, 0.0016466469, 0.00929858, 0.0004992704, 0.0032637878, 0.011005655, 0.018480398, -0.0024585112, -0.0004057928, -0.13897775, -0.0067272666, -0.011464739, -0.012454008, 0.004333487, -0.008173835, -0.0039306446, 0.017519366, -0.00782986, 0.0015523476, -0.010790419, -0.0033495543, 0.0054038214, -0.0014159437, -0.00035934913, -0.014683978, -0.008237133, 0.001333427, -0.0088230055, 0.0021105995, 0.0002213022, 0.011146191, -0.0001711771, 0.02712399, -0.015592119, -0.021589205, 6.134531e-05, -0.005878275, 0.006313013, -0.019647727, 0.016951242, -0.01928202, 0.00269049, 0.01708543, -0.018872077, -0.010269241, 0.016845815, 0.0016589233, -0.0094593875, -0.00233268, 0.024525134, -0.010201982, 0.02067899, -0.004869514, 0.02436661, 0.010598102, -0.014717903, 0.0077981413, 0.011780433, -0.009004966, 0.0046074535, -0.0036220453, 0.014228706, -0.0077713975, 0.0046316255, -0.016666055, 0.025267234, 0.0021350658, 0.0118623935, 0.00015519155, -0.015775634, -0.015802039, 0.0063136253, 0.0057140524, -0.0047133416, 0.0057400004, 0.0030899402, -0.0001591586, -0.0064053037, -0.003461217, 0.005777846, 0.011708962, -0.009801869, -0.0062838243, -0.024951464, 0.014853744, 0.008668776, 0.004334251, 0.012613772, -0.015841989, -0.0052362313, -0.027318671, -0.019786712, 0.014637072, -0.0027940993, 0.011016705, 0.018308783, 0.013349975, -0.008205701, -0.06608076, 0.009230232, 0.0036392214, -0.004006786, -0.0075182505, 0.0210596, -0.0006332145, 0.012731118, 0.012884348, 0.012059997, -0.025857804, -0.0035833013, -0.0030563744, -0.021246487, 0.002620095, -0.00806592, 0.012592594, 0.00028812813, 0.00026219353, 0.003340279, -0.010428935, -0.0007798083, -0.017209524, 0.0066302367, 0.007988318, -0.0031846692, 0.005963911, 0.011317546, 0.022732258, -0.012509544, 0.005510522, -0.0031070828, -0.009642246, -0.0050535556, -0.0074513215, -0.0055946507, 0.0054268655, 0.0017610027, -0.009142059, -0.012662065, -0.0074634315, -0.0051238127, -0.007888492, -0.008832697, 0.0013485654, 0.010732351, -0.019583255, 0.01081872, -0.010942441, -0.019838326, -0.0024670584, -0.015010936, -0.028716875, -0.012033926, 0.010068082, 0.011947983, -0.024127584, 0.0069910074, -0.025745843, -0.017981995, 0.0066080885, 0.010358845, -0.01856549, -0.018240081, 0.0051912353, -0.005995091, 0.0009449108, -0.0032270565, -0.0196893, 0.0077771735, -0.021575358, -0.0067117647, 0.0061156615, 0.024019048, -0.016318424, -0.014240099, 0.004707784, -0.009485367, -0.026954165, 0.006594511, 0.007370273, 0.016346416, -0.009694002, 0.01792774, -0.029359212, -0.012481036, -0.023925107, 0.002858976, 0.0075259046, -0.02203328, 0.009460238, 0.0135232955, 0.006872296, 0.012247072, 3.2340664e-05, 0.009021172, 0.001800561, -0.016442792, -0.023131574, 0.012896776, 0.010988855, -0.012642443, -0.016374292, -0.0032457493, -0.0138343405, -0.014990359, 0.01139977, -0.023321858, 0.0057505546, -0.0037659633, -0.009062656, -0.001468147, 0.019243712, 0.013941381, -0.16378242, -0.013598923, -0.014744868, 0.00419248, 0.001438053, 0.020176394, -0.022567706, 0.009444789, -0.0028207884, -0.0055995425, 0.0014773876, 0.025076982, 0.0127746705, -0.019987285, -0.0006466745, 0.009121228, -0.0065380177, -0.0013148704, -0.021311319, 0.013857139, -0.014771635, 0.033789396, 0.0054473463, 0.014654202, 0.016618572, -0.027350685, 0.005934322, 0.007675529, -0.029847711, -0.0018039476, 0.0078538, 0.021353353, -0.009569938, -0.0006111146, -0.022254765, 0.0114229685, -0.025975805, 0.012712397, -0.0049228775, -0.0046446286, 0.0074017704, 0.008845892, -0.02502956, 0.01239831, -0.025265047, 8.5983134e-05, -0.011032627, 0.010448162, 0.011315091, 0.013811085, -0.018731706, 0.023949103, 0.0050810054, 0.014428237, 0.018864663, -0.037998278, 0.01301343, 0.00083179167, 0.028195739, 0.004008463, -0.017214436, 0.015170772, -0.0051071923, 0.011817697, -0.003515859, 0.0015470143, -0.008351555, 0.14273046, -0.018198796, 0.008339237, 0.0120875165, -0.019231627, -0.00032405558, 0.002167896, -0.011472563, 0.022208642, -0.0115951495, 0.018775247, -0.006912371, 0.022148492, -0.019680606, -0.004785503, -0.0016517169, 0.012120074, -0.0058212723, -0.00812722, 0.010757456, -0.021848008, -0.0073954193, -0.01306482, 0.0017304271, 0.02276263, -0.009438864, 0.019669304, -0.008997306, 0.008922009, -0.008201842, 0.0014494149, -0.012893699, -0.0075163995, -0.026509315, -0.0025376587, -0.01645656, -0.002778651, -0.0053955205, -0.021000475, 0.020967161, 0.030274551, -0.0054832846, -0.019958073, 0.0061793355, -0.009132234, 0.010308623, -0.0013771825, 0.005263045, -0.0018911505, -0.0060793096, -0.019980486, 0.0035481034, 0.0023807716, -0.017282816, -0.0019740516, -0.0041476367, -0.01397634, -0.004638398, 0.006897871, -0.00070636853, 0.009199622, -0.006111978, -0.005839916, 0.024360014, -0.025186645, -0.014671535, -0.004243796, -0.0065215086, 0.024933165, -0.11350817, 0.019901074, -0.021042746, -0.018947674, -0.018948704, -0.027433045, 0.006610811, 0.010682907, -0.008328457, 0.011342066, 0.025870288, -0.00022464537, -0.007102002, 0.021255963, -0.010066564, 0.0058220425, 0.011669735, 0.015145721, 0.021213505, -0.009816714, 0.0010767601, 0.009243813, 0.021343438, -0.02116754, 0.023813106, 0.0071106404, -0.0040833843, 0.0032542099, -0.005417035, 0.021106232, -0.03213669, 0.009254951, 0.0021734324, 0.0262432, -0.018759994, -0.005230781, -0.008741487, 0.012066808, 0.000111028945, -0.017645761, 0.011504696, 0.013167455, -0.009733599, -0.022349522, -0.014625033, 0.004635084, 0.0052520223, 0.0016450965, 0.0019536358, -0.005947533, 0.006992366, -0.013048267, -0.008449441, 0.0024098572, -0.018517062, 0.0014023047, -0.0017071977, 0.014647834, 0.0059989076, -0.010585939, 0.008853558, 0.013802976, 0.018790707, 0.018970432, -0.013013184, -0.0027269814, 0.029821647, 0.009153525, 0.029099144, 0.018144254, 0.0061683785, 0.003062971, 0.007918988, -0.017023852, -0.007138603, -0.0095103495, -0.012410374, 0.01053414, -0.04205908, 0.004416164, -0.01252321, 0.009030312, 0.0016323618, 0.0101897875, 0.039887853, -0.015373391, 0.012954536, -0.0059946477, -0.012005954, -0.0011604954, 0.014853435, -0.012632686, -0.0037446336, -0.001947679, 0.0028515733, -0.0022972517, 0.0011857614, -1.1401243e-05, -0.009246997, -0.024870077, -0.0057240906, -0.0037157221, -0.0031363668, 0.0019637463, -0.019511161, -0.034224037, -0.013957116, -0.02080931, -0.0057857884, -0.010524566, -0.010450302, 0.0035241412, -0.01877616, 0.008460206, 0.022885306, 0.004494848, 0.0065502273, 0.0032061702, 0.0037998708, -0.021887599, 0.003727234, 0.014320042, 0.014619115, 0.021738414, -0.012288351, -0.009870578, -0.006369389, -0.020344881, -0.000966555, -0.0084380545, 0.01442953, -0.007816099, -0.014109515, -0.0060307467, -0.013530829, -0.006578365, 0.017830603, 0.013301513, 0.006764354, 0.0016099376, -0.0057349415, 0.029247139, 0.007298478, 0.0097081065, -0.011398988, -0.023738809, 0.009737663, -0.0069835847, 0.005872632, 0.01831727, -0.0007481679, -0.00958604, -0.022202514, -0.023017235, 0.005913917, 0.016695455, 0.006316399, 0.004783895, 0.010630156, 0.017801763, -0.027013473, 0.009144569, -0.018081166, -0.017759424, -0.0006534016, -0.013246347, -0.0048818015, -0.013717096, -0.007259639, -0.0109578585, 0.017523518, -0.03721014, 0.0033638652, 0.003072523, -0.0074699176, 0.010232646, -0.0049411464, 0.002312998, 0.0063087908, -0.057893492, 0.009290747, -0.0024484547, -0.021849284, 0.005443102, -0.0033738734, -0.012313483, -0.0038957314, 0.00132869, -0.026654417, 0.024372475, 0.005533834, -0.0003153788, -0.0043396004, -0.007432783, 0.017877147, -0.028063467, 0.006344278, 0.022043832, 0.0026757729, 0.016395766, 0.0054620225, -0.012605778, 0.017832618, -0.021591073, 0.008840776, -0.0040822327, 0.0049554612, 0.008037978, -0.0048239157, -0.02170096, 0.024047924, 0.0030430024, 0.0043578926, 0.004014613, -0.0020900418, 0.002060541, -0.029529672, -0.009405628, -0.051943824, 0.005742873, 0.013278573, -0.052810278, -0.015311756, 0.010008315, 0.012124125, 0.0069285347, 0.0006223723, -0.0049772286, 0.00023294293, 0.0047999956, -0.00019350291, -0.006120623, -0.00019654006, 0.014690957, 0.009342265, 9.2953516e-05, 0.009908067, 0.0035995662, -0.010666609, 0.0027804687, -0.026515966, 0.0045769233, -0.016530897, -0.026072152, 0.021655446, -0.0051038554, -0.0005338558, 0.009432446, 0.033277255, -0.019784776, -0.0106966, 0.037613742, 0.003162697, 0.0099118035, 0.01778493, -0.0105466945, -0.012029834, 0.0046856105, 0.009666317, 0.011848325, 0.0024629883, -0.0100071905, 0.052654214, -0.015679764, -0.015783358, 0.008869828, -0.09764244, -0.020710167, -0.014446477, -0.005569938, -0.0055158935, 0.0026061502, 0.007954738, 0.035374396, 0.008779578, -0.012077723, -0.0009813901, 0.007821038, 0.024753977, -0.012531861, 0.012083673, -0.007458964, -0.00044603055, 0.01559801, -0.0017896144, 0.011122504, 0.012805821, -0.004749492, -0.008173511, 0.016958337, 0.020506153, -0.052150056, -0.000735889, -0.019918082, -0.007014021, -0.00042682738, 0.027072156, -0.017150505, 0.016948044, -0.012406899, 0.023212627, -0.007998415, -0.011574071, -0.0019419402, 0.000662004, 0.0023734549, 0.015214376, 0.021940898, 0.008801153, 0.006378588, -0.0040622717, -0.0025060805, -0.0099098375, -0.022727022, -0.023490714, 0.0053254566, -0.0069685024, -0.016044166, -0.018179506, -0.0072247265, 0.008094279, -0.008344114, -0.0005723548, -0.017180433, 0.012879226, 0.011240623, -0.0075333123, -0.0052422197, 0.009206558, -0.0028998563, -0.022484187, 0.0049554603, -0.031744804, -0.005621704, -0.006752568, -0.013495421, 0.0062144073, -0.017868396, 0.021244781, -0.008786058, -0.008018006, -0.0130829755, -0.020650478, 0.0043415423, -0.045706905, -0.0077896025, 0.022277584, 0.003121065, 0.008289506, 0.011548299, -0.010272548, -0.012478202, -0.013845017, -0.0057219826, 0.018459741, 0.009847647, 9.242551e-05, -0.014904484, 0.018332878, 0.02205466, 0.011351474, 0.0042374986, 0.020717911, 0.010113886, -0.000973207, -0.013786551, -0.015250444, -0.010174198, -0.0011955908, -0.0108524915, 0.015650908, -0.028864324, 0.018966148, 0.0050904676, -0.002900903, -0.003111739, 0.031464778, 0.004463727, -0.028516762, -0.009946924, -0.012272113, -0.008675608, 0.009768266, -0.0060849967, 0.0018475701, -0.02909312, -0.008966889, 0.0065671387, -0.011800858, -0.0162106, 0.01584785, 0.014250606, 0.0061816536, -0.012299941, -0.0025089663, -1.5573458e-05, -0.013932177, 0.0038511327, 0.0018887871, -0.0091886595, 0.01931577, -0.0019048915, -0.02666504, 0.015950492, 0.008624579, 0.0030951577, 0.023645798, -0.0030674082, 0.016515475, 0.0045229797, 0.0025298852, -0.023585722, 0.0057777944, 0.003375294, -0.036267497, -0.008258241, 0.007828721, -0.011376116, -0.021923248, -0.027869105, -0.03010899, -0.00655443, -0.015143952, 0.0048736716, -0.00858806, -0.0072216787, 0.011761285, 0.012114559, -0.019569619, -0.020851027, -0.019300876, -0.014228848, -0.017343553, -0.022662189, 0.035954934, 0.0055166665, -0.0229175, -0.005834584, -0.006298641, 0.0063746665, 0.025688829, -0.030060919, -0.021781739, -0.0006255244, -0.0072330497, -0.0018115635, 0.008035745, -0.013852947, 0.010861536, 0.015704904, 0.006200616, -0.027085831, 0.011180929, -0.0015454309, -0.00010634124, 0.0053078793, 0.017875575, -0.02443313, 0.029378349, -0.00066155894, -0.030212844, -0.0022119037, -0.019961048, -0.0069656163, -0.0036898772, 0.026740186, 0.017730165, -0.043884225, -0.021421364, -0.061048493, -0.0017898476, -0.006880636, -0.024077855, -0.008543979, -0.02117641, -0.021535391, -0.0034375952, 0.0031392341, 0.0019541946, 0.0052918876, -0.010241892, -0.027543077, 0.038570046, 0.021233011, 0.0004997365, -0.011442164, 0.015577943, 0.0052790954, 0.030060906, 0.011300308, -0.0058567836, -0.012725582, -0.009578305, 0.018938478, 0.014206996, -0.0051636817, -0.013449796, -0.0030756253, -0.009770523, -0.009107052, -0.0065036053, -0.00087875745, -0.007992763, 0.011118461, 0.0053463196, -0.0021433262, 0.00067934534, 0.0112185525, 0.006701716, -0.010551427, -0.0075324527, -0.0230299, 0.016074877, -0.013505571, 0.0083374465, -0.0029239752, 0.003440522, 0.008625804, 0.009006633, -0.0028948977, 0.011259528, 0.020972896, -0.008163477, -0.0234883, 0.0051346463, -0.007373984, -0.009025687, -0.005094592, -0.014165653, 0.026214471, -0.014434002, 0.0034667086, -0.000514096, -0.013151412, 0.02131591, -0.015416377, 0.0020788568, -0.0020940332, 0.0031429871, -0.04639342, 0.0140049, -0.0071124663, 0.0065049413, -0.013060073, -0.005871397, 0.026276637, -0.0073175984, -0.006746688, 0.013999674, 0.022394331, 0.0071556433, 0.0062840753, 0.025143348, -0.020037785, 0.00475459, -0.012112943, 0.006164534, 7.851085e-05, -0.021983266, -0.007596401, -0.006191265, 0.012536064, -0.0209174, 0.0086763045, -0.009838656, 0.004973398, 0.008320121, 0.0058786226, -0.0151928095, 0.004191668, -0.0030996213, 0.0067154025, 0.02383701, -0.0001189069, 0.0111747775, 0.02222826, 0.010230363, -0.0023517774, -0.0138282, -0.014345003, 0.0065019354, -0.03945621, -0.015629534, -0.017597878, -0.0055652694, 0.0034067286, 0.0088833, 0.0047386987, 0.004250978, -0.0047454033, 0.012724332, 0.00014209108, 0.0073663145, 0.0007051661, -0.0054650796, 0.0020699396, 0.0079030655, -0.0124502685, -0.0016809982, -0.032339208, 0.008767738, -0.009707786, -0.003442572, -0.023760412, -0.020641841, -0.002821216, 0.003719543, 0.015664661, 0.019955674, -0.0017923457, -0.01947846, -0.0043323194, 0.014214811, 0.003955139, 0.0071427333, 0.024124652, -0.013570193, -0.0058328384, 0.0063675633, 0.0018025396, 0.018827485, 0.006787141, -0.011253296, -0.012384391, -0.012535504, -0.0056583732, -0.015062842, 0.00072381453, -0.039125346, -0.0057822396, -0.0032829102, -0.01036922, -0.018088292, -0.018417627, -0.006317374, -0.000672383, 0.012431877, -0.0049070586, -0.025356913, -0.0025195526, 0.0036404296, 0.00039508071, 0.0051550195, 0.000607761, -0.02106531, -0.00072179653, -0.006409307, 0.012424125, 0.005880053, -0.0060582906, -0.0049669794, 0.011049205, -0.006225404, 0.0036173887, 0.018462002, 0.009563015, 0.0009507054, 0.0002736198, 0.0152123, -0.0024961312, 0.0049203928, -0.0029764816, -0.0033134168, 0.020390214, 0.015251375, -0.022953367, 0.0055174055, -0.008951016, 0.013604784, 0.020226557, -0.009884413, 0.012211889, 0.00082323654, -0.013522824, -0.007105127, 0.0025800373, -0.018036984, 0.0067579895, 0.0058155674, -0.028154146, 0.000670675, 0.012826869, -0.004286025, 0.00034794986, 0.020482449, 0.008876883, -0.017607125, 0.018637536, -0.013916508, 0.0110024195, -0.012595474, 0.007274723, -0.0006040287, 0.017808395, -0.015745455, -0.0044245743, -0.027642298, 0.0026416983, 0.00375299, 0.010791426, -0.014338768, 0.010905609, -0.009955424, 0.006550001, -0.00037907818, -0.00450036, 0.028575648, 0.0078122583, 0.0037269238, -0.00057263847, 0.014511023, 0.00018040728, -0.021439651, 0.014432698, 0.0056002913, -0.0024975229, 0.008428449, -0.008447406, -0.009858806, -0.01277452, -0.010951893, -0.015688289, -0.016813256, -0.019080253, 0.015216531, -0.00050684606, -0.0056629097, -0.010845686, 0.005288983, -0.018078092, -0.025115931, -0.004327992, -0.0084990505, -0.013101021, -0.0181002, 0.013927565, -0.016755521, 0.0032947448, -0.034891788, -0.017406752, 0.0031468102, 0.0034642678, -0.0017220295, 0.003006875, 0.009249709, -0.0049138633, 0.006010877, -0.023024423, 0.0049692756, 0.0026596955, 0.0059780274, -0.017259201, -0.025853086, 0.0017111973, 0.0018159177, 0.018864397, 0.016481409, 0.0021410896, -0.0077034943, -0.006721292, 0.008869894, 0.0075535313, 0.0030801238, -0.005733158, 0.004530889, -0.016381916, 0.0098410845, -0.010584497, 0.0038029628, -0.015736204, 0.035411317, -0.0069875726, 0.011726481, 0.013716172, 0.008180673, -0.033985876, -0.0061617377, 0.010153512, 0.009468226, -0.017135339, 0.01667988, 0.006913005, -3.884815e-05, -0.017330784, 0.007115835, 0.030977646, 0.0043622483, -0.013315565, 0.018800383, -0.0086830435, 0.0071086357, 0.005525242, 0.0063827597, 0.012113354, 0.00843892, 0.004239118, 0.0005198585, 0.005668636, 0.0025530756, 0.013502002, -0.002280144, -0.0072767087, -0.012307146, -0.019666867, 0.010661367, -0.033303108, -0.0040206197, 0.0020190252, -0.0016134956, 0.0036431984, 0.01863232, 0.024568703, 0.017534308, 0.022682268, -0.011755633, -0.016528612, -0.009541356, 0.006042595, 0.0066698445, -0.0065773274, 0.011797538, -0.0130389845, 0.018345885, -0.013976519, 0.023315609, -9.9580844e-05, 0.00038824306, -0.01954333, -0.023299927, 0.009993355, 0.009781271, 0.021034969, -0.012550924, -0.010265616, 0.019864466, 0.007033717, -0.009840056, 0.007038143, 0.032696664, -0.025228685, 0.0071290922, -0.01432455, -0.010144728, -0.016895352, -0.006046059, -0.00043414996, -0.017530667, -0.03184172, -0.013566971, 0.0052874153, -0.017963989, 0.002338671, -0.0007901117, 0.01313383, 0.018292421, -0.013509268, 0.01193044, 0.0009626407, 0.0143290395, -0.008545285, -0.0018057908, 0.0035598779, -0.019289788, -0.013191706, 0.015058403, 0.007425054, 0.022158654, -0.0050210324, -0.00012975115, -0.015801687, -0.0034621041, 0.003616533, 0.0010628222, 0.006149373, 0.01224282, -0.005345832, 0.0035481406, 0.04089947, -0.033531442, -0.020302251, -0.0066563007, -0.016748404, 0.001113094, -0.00629351, 0.017978769, -0.0007553188, 0.0066845277, 0.004824643, 0.0066347434, -0.005746066, 5.824539e-05, 0.01641586, -0.017002106, -0.020362617, -0.013595195, -0.027816502, 0.009626457, -0.009924639, 0.01983018, 0.01066903, -0.02128113, -0.010526811, -0.0010710615, -0.0019481597, 0.0153571665, 0.0020071843, 0.015957387, -0.009707089, 0.025406348, 0.0051816916, 0.020381667, 0.021687696, -0.0024625321, 0.012592006, 0.004650739, 0.012250779, 0.01254003, 0.0013134716, -0.015728628, -0.016381288, -0.007233822, 0.025223931, 0.017843192, -0.012438845, 0.028958037, 0.01564899, 0.008858431, 0.0050237873, 0.006616557, 0.020192862, 0.0055182828, -0.020183176, -0.0011165233, 0.018775597, 0.0032419916, 0.00026120152, 0.009736931, -0.017361624, -0.0044612586, -0.0029006563, 0.047617134, 0.010609258, -0.007431211, 0.013129095, 0.0008462828, 0.003529122, -0.0119773755, 0.008847861, -0.025572741, -0.00940744, 0.007947427, -0.016691625, 0.17172399, 0.13489819, -0.0054344623, -0.004099026, 0.0242506, 0.00010660024, -0.022245029, 0.022613632, -0.005967716, -0.016661493, -0.015233104, 0.013717869, 0.014616321, 0.01570648, -0.0024949624, -0.0068583437, 0.019504827, 0.00087261875, -0.0014386836, -0.0014781922, 0.005863255, -0.0043681515, -0.019861562, -0.02124465, -0.034761414, 0.021162566, -0.030086808, -0.022702575, 0.014771803, -0.0034945526, -0.009577281, 0.0029391905, 0.022629125, -0.011534251, -0.00638299, -0.005665285, -0.013649295, 0.014801627, 0.0034977596, -0.012098114, -0.0040535624, -0.018913787, 0.011204514, 0.006368014, 0.009456643, -0.006147304, 0.009770773, 0.01196589, 0.013361426, 0.02814951, 0.012734219, -0.005123823, 0.02267091, 0.009561869, 3.889e-05, 0.0037297949, 0.007956839, -0.007303542, -0.006884845, 0.0021659266, 0.036112506, -0.0072377035, -0.010870818, 0.0032706687, -0.0049195793, 0.031695683, 0.022134751, 0.00062779523, 0.000308813, -0.018269978, -0.0062880204, 0.008359918, 0.017486844, 0.0016014325, -0.020281205, -0.0027604322, -0.006330519, 0.0118434355, -0.016449442, 0.003189227, -0.028742312, 0.011895279, 0.010823166, 0.0057992893, -0.0030564559, 0.019140678, -0.0011854062, 0.028516263, 0.103956126, -0.00864808, -0.012289597, -0.018708711, 0.012285816, -0.008268631, 0.0039253966, 0.05949166, -0.008884364, 0.014403528, 0.014510475, 0.005884041, 0.022399403, -0.007152659, 0.022752373, 0.012982408, 0.018196808, 0.039418463, -0.01267871, 0.0024395124, -0.011220539, 0.006283594, 0.013656852, -0.009981159, -0.020633545, -0.014305721, 0.00086010376, -0.00597498, -0.0034096881, -0.012513802, -0.08708368, -0.0009825475, 0.002019206, 0.00022784527, -0.02595524, 0.03661576, -0.011667026, -0.0057153483, -0.009776593, -0.009482327, -0.0013434252, 0.015236037, 0.008005968, 0.02068017, -0.001481865, 0.0063290913, -0.00031931922, -0.0087560015, 0.0042410875, 0.0032047962, 0.01103544, 0.004689446, -0.011959451, 0.009315966, 0.008666125, 0.010651047, 0.00032951456, 0.014386066, -0.00069611, 0.017124465, -0.008389501, 0.028539093, -0.010928037, 0.0062266733, -0.013765668, 0.0038688674, -0.00067811116, 0.006501402, 0.008531492, -0.0048315176, 0.0051344135, -0.009053181, -0.008149889, -0.030119015, -0.0080313245, 0.0033517717, -0.0005843678, -0.0043591307, -0.008126483, -0.004401689, -0.011348134, -0.009546986, 0.0048441393, -0.0074862386, 0.001986341, 0.014396333, 0.015105573, -0.021725424, 0.003972008, 0.009293982, 0.011941116, 0.01689392, -0.0046717273, 0.0019732947, 0.005158387, -0.0036802203, -0.008150769, -0.010687239, -0.013915774, -0.024418041, -0.004623663, -0.002842049, 0.014435291, 0.01399361, 0.017382622, 0.02164278, 0.003079685, 0.0078082816, -0.014163502, 0.017085057, -0.015748546, 0.0053463825, 0.013643886, 0.09813398, -0.014909387, -0.004601338, 0.016819464, -0.0038427764, -0.021689456, -0.015108705, -0.0066410773, 0.014837635, -0.0055903676, -0.027786799, 0.025177453, -0.012367261, -0.003679376, 0.011730154, 0.0032258504, -0.008281691, 0.008757717, -0.020483244, -0.04066287, 0.008003067, 0.014879501, -0.0025894453, -0.016377969, 0.002635918, -0.0026322687, -0.00961315, -0.020536156, -0.01843379, 0.006445603, -0.0035816578, -0.023559732, 0.01945619, -0.0008962498, -0.010717858, -0.0042733476, 0.006354485, -0.0106093995, -0.001935871, 0.0012466925, -0.0064932243, 0.012379452, 0.00970932, 0.017420463, -0.027452832, 0.2038792, -0.004344517, -0.0063417866, -0.018656785, -0.0058648637, -0.007274897, 0.0053836214, -0.0016021581, -0.018794242, 0.02822916, 0.009062136, -0.010287484, -0.0039589517, -0.020239454, -0.00951379, -0.006774721, -0.00476089, 0.0034713007, -0.01676225, -0.009674553, 0.0002510917, -0.0195152, -0.009936649, 0.0044813915, -0.017848583, 0.009220341, 0.000575959, 0.006028925, -0.0012123651, -0.005483906, 0.0028370584, -0.02153389, -0.0019432305, 0.0078057246, 0.01651604, -0.005068791, 0.0055780034, 0.010292215, 0.010314842, -0.0021932884, 0.0039658817, 0.005785763, -0.007298506, 0.012218121, 0.009143083, -0.0046117906, 0.002870785, -0.0040937336, -0.008528739, -0.0076686563, -0.0039756927, 0.008925382, -0.023643637, 0.0012335364, 0.0053289984, 0.0025442264, -0.018957084, -0.016240256, -0.0011684094, -0.0020934015, -0.00082346477, -0.0030423957, -0.01920093, 0.0016040883, -0.018447451, -0.017227905, -0.0035177981]"
Reconocera municipio capitalino liderazgo de 500 mujeres tlaxcaltecas,https://oem.com.mx/elsoldetlaxcala/img/25190359/1755524093/BASE_LANDSCAPE/1200/image.webp,LOCAL,El Instituto Municipal de la Mujer abrio la convocatoria “500 Mujeres Destacadas del Municipio de Tlaxcala”,https://oem.com.mx/elsoldetlaxcala/local/reconocera-municipio-capitalino-liderazgo-de-500-mujeres-tlaxcaltecas-25269875,"[-0.016767807, -0.012667567, 0.010638623, -0.060878802, -0.007600098, -0.010806243, -0.016328594, 0.023790043, -0.00048833014, 0.010672271, -0.0222427, 0.017205233, 0.034625337, 0.004229302, 0.12749113, -0.01439053, 0.0030789687, 0.016846383, 0.020885043, 0.02179884, -0.04722188, -0.04570191, -0.018798202, -0.022761784, -0.016321478, 0.0070427433, 0.0026408006, -0.005297548, 0.012058241, -0.010238209, 0.008871099, 0.011906744, 0.0043771863, -0.012899089, 0.0071425214, 0.0048838663, 0.055445373, 0.004034604, 0.022221666, 0.03289493, -0.006412782, 0.003070723, -0.011362151, -0.03072519, 0.002163703, -0.018110445, 0.008358936, -0.034494195, 0.0110922055, 0.0030295642, 0.01522952, -0.0076706037, -0.012828106, -0.1465842, -0.016055793, -0.007086884, 0.0054768883, 0.014990036, 0.009310018, 0.006332848, -0.0016035059, 0.025116354, -0.020791112, 9.280505e-05, -0.003677581, 0.00026811074, 0.015573826, 0.039150618, -0.0017696781, -0.0029435595, 0.02022495, 0.0012248444, 0.008437402, -0.006289266, -0.005737024, 0.0027297002, -0.009074456, -0.011679838, 0.014993696, -0.0072988635, 0.00693618, 0.0051897713, 0.017871793, -0.0124328, -0.008046723, 0.016277231, 0.010917311, -0.00246696, -0.015757658, 0.004969809, 0.015079655, 0.032129217, 0.029100204, -0.0065031713, -0.00051658414, 0.029171687, 0.0044470364, -0.005688239, -0.023438219, -0.0027002818, -0.020359337, -0.004261948, -0.002725174, -0.019046558, -0.0059246593, -0.023506891, 0.0027363803, -0.010805532, -0.0109363375, 0.018974584, -0.003755423, -0.0039217626, -0.0130531965, -0.019305829, 0.007528154, -0.1200906, 0.006143768, -0.01619143, -0.020988302, 0.008556983, 0.0035388847, -0.005772171, 0.0053058197, 0.009962538, 0.016788004, -0.011006904, -0.009521067, -0.00266226, -0.04052553, 0.0027568175, 0.011486417, 0.0017092589, 0.061828736, 0.019936768, 0.013101104, 0.0014686784, -0.02308157, -0.020459445, 0.0065186513, -0.007975773, -0.023700902, -0.018674254, -0.006352917, -0.00893528, -0.0011330866, 0.008319564, -0.006148452, 0.0024842576, 0.01375055, 0.00027497046, 0.030251607, -0.021448242, -0.027556062, 0.034460362, 0.0028916865, -0.041465644, 0.003910531, -0.012982322, 0.007674581, 0.009566677, 0.020474393, -0.018310664, -0.009263334, 0.0070328526, 0.01857599, 0.062305585, -0.017770782, 0.023167487, -0.001429943, -0.0043398906, 0.011502231, 0.010775087, -0.020722946, 0.0028188159, -0.013979267, 0.010681887, -0.016992362, 0.02000465, 0.0035027978, 0.0067821722, 0.009071266, 0.025433494, 0.011112979, 0.03613584, 0.030283019, -0.018876195, 0.01896151, 0.0036081367, 0.002965819, -0.0027638397, -0.0008201589, 0.0036639841, -0.019587686, -0.00825496, 0.00035887674, -0.0048923497, 0.017981704, -0.02239551, -0.008354326, 0.011203327, -0.011173612, -0.0157515, 0.027640656, -0.0090963505, -0.0019969859, -0.010514302, -0.016580755, 0.010948295, 0.012642966, 0.006432951, 0.010184937, 0.0048230933, 0.0043720533, -0.020443335, 0.0109990835, 0.0122892875, -0.009053499, 0.008352673, -0.0011571384, 0.0010980584, 0.009598728, -0.0048610917, -0.020366374, 0.036031224, 0.0072956136, -0.006691704, 0.009332367, -0.030217731, 0.01141002, 0.0050831763, -0.005434494, -0.002298331, 0.011621228, -0.0020103492, 0.013044365, 0.012980263, 0.008185518, -0.018444845, 0.01997804, -0.0026473994, 0.0039098887, 0.009978937, 0.0026500507, 0.011632917, 0.020232745, 0.039865326, 0.011479316, -0.009216787, 0.014868842, 0.024399389, 0.0011066373, -0.002438292, -0.0077511757, 0.018999988, -0.011892056, -0.0004313649, 0.007057383, 0.016832173, 0.00080010743, -0.0037133968, 0.010754125, -0.01625949, 0.016552566, -0.031222817, -0.008807754, -0.0054802974, 0.029875703, -0.0067940345, -0.041332897, -0.004738283, 0.019747507, 0.03017544, -0.017000483, -0.02115499, -0.0182655, -0.019139856, -0.067008436, 0.01092264, 0.037693817, -0.009303908, -0.0009013397, -0.014062248, 0.0057517686, 0.0070067346, 0.0051940084, -0.013853218, -0.0037375484, -0.020645823, 0.0058153165, -0.0028536431, 0.014059365, -0.005939206, 0.017074393, 0.019957641, 0.03257272, -0.02117626, 0.0101998085, -0.012460589, -0.016490815, -0.0019823867, 0.00862045, -0.031365257, 0.017740259, 0.035910193, 0.020756695, 0.00078313414, -0.0009520809, -0.03460084, -0.022016874, 0.009305639, -0.0040915427, -0.0155037455, -0.029761696, -0.008777878, -0.03028711, 0.0058180545, 0.01624629, -0.0036392924, 0.011867234, 0.008439897, 0.010231907, -0.0028103334, -0.0015065677, -0.013103668, 0.004992208, 0.007128872, 0.022719841, -0.00873047, 0.01824503, -0.020864988, 0.020367822, -0.003260387, 0.014612113, 0.020585274, 0.020609284, 0.037335172, 0.001621539, 0.02199549, 0.015657378, 0.026942546, 0.0017379228, 0.0148254, 0.039482825, -0.009685819, -0.02347016, 0.039690077, 0.0042256955, -0.016302692, 0.035741538, -0.008786242, 0.0075200936, 0.016228912, 0.022975601, 0.02516479, 0.0007816644, 0.013599248, -0.024293154, 0.03715322, -0.039688904, 0.007861079, 0.0010056767, 0.011863414, 0.011910854, -0.0015631214, -0.006348969, -0.02162096, -0.030882591, -0.010603363, -0.012660388, -0.009693963, 0.013350537, -0.0021837228, -0.013764488, 0.023123845, -0.007614266, 0.011139329, -0.022561656, 0.01351111, -0.009044337, 0.0064238873, 0.010868407, -0.03177347, 0.0143863335, 0.03808041, -0.022248218, -0.020662572, -0.014550979, -0.033454604, 0.039189033, 0.02180537, 0.0049939044, 0.002761781, -0.00086591614, -0.005687943, 0.0047797947, -0.0004901405, -0.010789558, -0.012453616, 0.0033236975, -0.023300994, -0.010247194, -0.0046747914, 0.012600676, 0.005101872, 0.028576318, 0.02815241, -0.00084311125, -0.0010583495, -0.02253978, -0.019753609, 0.03069802, -0.017909607, 0.016736094, 0.0045140027, 0.027435672, -0.019242736, -0.005106153, 0.014127705, -0.011599105, 0.010151296, 0.005398374, -0.009040745, -0.024654161, 0.01856282, 0.026941877, -0.013896246, -0.020867076, -0.004232917, 0.0042170794, -0.002287822, -0.0037993703, -0.015994461, -0.019942742, 0.019384824, -0.03749597, -0.018112997, -0.03336473, -0.020110343, 0.0028314823, 0.01632796, 0.010748813, -0.015764806, 0.022672163, 0.0017437428, 0.02835755, 0.015878208, -0.014370105, -0.010005198, -0.01769673, -0.0034285227, 0.008892946, 0.022893688, 0.025070485, 0.011022559, 0.010427063, 0.017019913, 0.0169901, -0.02127471, -0.0149241835, 0.017916448, 0.014843247, -9.510827e-05, 0.0017575497, 0.009640764, -0.0047675218, 0.01430222, 0.0018044565, -0.015440511, -0.0032319762, 0.017452894, -0.019532634, -0.0066953357, 0.006041343, 0.023915345, -0.010730005, 0.007233426, -0.005121603, -0.012455133, 0.0010467941, -0.005895041, -0.026798084, -0.016848676, -0.0056826845, 0.0076571857, -0.019368155, -0.026297925, -0.0034754698, 0.016575111, -0.005422187, 0.01051943, 0.016119016, 0.006319153, 0.008178632, -0.026208129, -0.037909042, -0.022586374, -0.009393285, 0.008128356, 0.012290506, 0.01568368, 0.0151739195, 0.01412984, 0.018387746, -0.0020083499, -0.019886678, -0.0033341853, 0.0061072744, 0.012968916, 0.014067628, -0.020107597, 0.00012164683, 0.0008066358, 0.0062520546, 0.0021879924, -0.020252928, 0.007260224, -0.010788565, -0.0113659445, 0.007717955, -0.0050683026, -0.00928124, -0.002493423, -0.0018254588, 0.009986336, 0.013511538, 0.012593736, 0.01610455, -0.0372329, -0.030022297, 0.00013173235, 0.014534935, 0.013978396, 0.0022054322, -0.044186164, 0.011020096, -0.01997394, 0.0015501997, 0.013493938, -0.012120809, -0.007690551, -0.017488264, -0.016932715, -0.026150653, -0.008078459, 0.012960627, -0.056754474, 0.0055119805, -0.02088515, -0.04154541, -0.03371139, -0.015713729, 0.041046757, -0.0130792335, 0.0073219184, 0.008989534, 0.008515631, -0.008355094, -0.011625596, 0.0128157865, 0.011155848, -0.005068195, 0.0093633495, 0.01823699, 0.019160919, 0.0050223023, 0.016452665, 0.0099561345, 0.004038932, 0.016262159, -0.020985583, 0.0013657444, 0.0043764603, -0.03422645, 0.03844636, 0.03765134, -0.013992218, -0.029882876, -0.0077729328, -0.0009907458, 0.006822203, -0.0055991677, -0.012502353, -0.024226887, -0.006911835, 0.017192274, -0.0033493435, 0.011107653, 0.008773677, -0.0030679398, -0.03417674, 0.0143647585, -0.0011754154, -0.0009366665, 0.023262627, -0.023781812, -0.03723394, -0.014097998, 0.0011309842, 0.0071390895, 0.019906087, -0.019257648, 0.00091317616, -0.0055703227, -0.028968045, -0.011459477, -0.03070458, 0.01779024, -0.013989353, -3.312274e-05, -0.0055380743, 0.012300806, -0.01957398, 0.019113803, -0.0056265574, -0.008071215, 0.015810933, -0.030006994, 0.0014089718, 0.009527112, -0.020019094, -0.01529953, 0.008179827, -0.01571805, 0.028443296, -0.010204257, -0.03344895, 0.011456765, -0.10491266, 0.004418581, -0.02442462, -0.030744962, -0.0016744385, 0.018401202, -0.00768881, -0.016945194, -0.029614992, -0.0050545717, -0.014714309, 0.020812877, -0.0052041365, -0.027162198, 0.015576168, -0.0057006762, -0.008335131, -0.0005042595, -0.02499437, -0.029086856, -0.02547619, -0.0018595204, 0.0027607088, -0.025027126, -0.00057399855, 0.008839278, -0.008083648, -0.0105797015, 0.0031984386, -0.021857971, -0.02759871, -0.16798118, -0.0049374634, 0.06439172, -0.029501192, -0.004950014, -0.0048842942, 0.031594183, 0.019960755, -0.006419327, 0.0057069473, -0.010258553, -0.020672, -0.036849003, -0.0009706732, 0.0060014026, 0.0915928, 0.028884033, -0.020450478, -0.020681264, 0.019214254, 0.012368767, -0.03057717, 0.01101609, -0.013471065, 0.030331237, -0.009743838, -0.005583236, -0.015360183, 0.021105206, -0.013224568, 0.015578124, 0.00038226202, -0.0075502447, 0.035527326, 0.015471756, 0.01585565, 0.00052480045, -0.023365976, 0.0036928675, 0.014483011, -0.0024112032, 0.0039714193, -0.0077665476, 0.015155579, -0.025501454, 0.0036877175, 0.04157921, 0.023936123, 0.014322178, 0.030591222, -0.013838107, -0.07685591, 0.013080442, 0.029895829, 0.018503774, 0.027440306, 0.01735486, 0.022882186, -0.0042936374, 0.02249323, 0.03047254, -0.0008095404, 0.006658237, -0.005005644, -0.0045833834, -0.003080473, 0.033927422, -0.019489089, 0.0109608015, 0.023677567, -0.028789831, 0.025801275, -0.012434483, -0.002299092, -0.0013334636, 0.025698094, 0.008122425, 0.0060874447, -0.008653355, 0.0037035437, 0.010854878, 0.02302121, 0.031877503, 0.0057442514, -0.01254269, -0.042066403, 0.0073797633, -0.03337312, -0.003028114, -0.009336322, 0.008037698, 7.338971e-05, 0.012084007, -0.019840641, 0.018177921, 0.011635829, 0.024002152, 0.020190425, 0.024332391, -0.027284602, 0.009180784, -0.011780585, 0.013580047, 0.023949653, 0.0079108775, 0.018808119, 0.0067574237, 0.005066857, -0.015215077, 0.0005591952, 0.00384255, 0.004327757, -0.015389842, -0.008017891, 0.0023649568, 0.0076803877, 0.0047407392, 0.010799159, 0.002123249, -0.022311203, 0.03398172, 0.013772675, -0.007331475, 3.282644e-05, 0.004938692, -0.01750855, -0.0047135786, -0.0220065, 0.0034803117, -0.012432528, 0.010799039, -0.006922333, -0.008139251, -0.015624569, -0.0051461556, 0.02085772, 0.020138383, -0.013862808, 0.010341371, -0.018052153, 0.0034320736, -0.013480252, 0.011723628, 0.0023113484, 0.0035477749, -0.005455683, 0.006122793, 0.004861677, -0.016325321, -0.016619105, -0.0066477815, -0.021547474, -0.004986534, 0.012150018, 0.0017035776, -0.02184547, 0.0028872127, 0.006604754, -0.013180567, 0.0026723484, -0.011661064, 0.008980708, 0.000478241, 0.007903714, 0.015083196, -0.010282146, 0.009656156, -0.015625011, 0.016378267, 0.0066126306, -0.015299696, -0.0038657347, -0.0033584582, 0.004001464, -0.023370834, 0.0071641724, -0.00019735079, 0.0022518265, -0.011957262, 0.005555583, 0.003103257, 0.008056454, 0.005800991, 0.0007510529, 0.0014637447, 0.025870783, -0.019432966, -0.019731686, -0.016105512, -0.0047903, 0.005080437, -0.02480311, 0.021591457, -0.0002401731, 0.0049210805, -0.0019580668, -0.0017963505, -0.0072605694, -0.0063615567, -0.0068835057, 0.006366529, -0.01262422, 0.0043317317, -0.012765733, 0.00788057, 0.0075080283, -0.01414633, 0.0061449567, 0.0073318756, 0.005097606, 0.0008795254, 0.0026726406, -0.005903632, -0.018037695, -0.014043332, -0.0031594913, 0.014230357, 0.002913475, -0.0115200365, -0.004570912, 0.008540258, 0.0064129103, 0.006506935, -0.006955994, 0.012016019, -0.0073067313, 0.007184939, -0.006406406, -0.005282787, 0.0144291, 0.0010272331, 0.014772538, 0.007299567, -0.001355221, -0.007171781, -0.013800514, -0.0033192707, 0.01288758, 0.009694724, -0.0103902435, 0.0072457907, -0.004336245, -0.010050349, -0.00020822711, -0.0068591796, -0.00016964528, 0.020390868, -0.0010734644, -0.01985581, 0.00846029, -0.015113707, 0.02502613, 0.0013220612, 0.020649284, -0.008615055, 0.0038771268, -0.01318157, 0.012650447, -0.0004655051, -0.035686493, -0.0030645814, -0.00131557, -1.34769725e-05, 0.0013655568, 0.017020512, -0.013111715, -0.008755827, -0.004120537, -0.0036737532, 0.0022149317, -0.012676949, -0.008075154, -0.0040922533, 0.002948058, -3.5267523e-05, -0.022199422, 0.0038523332, -0.007885858, 0.008878273, -0.0058724205, -0.0103908675, 0.00026749144, -0.021256728, 0.0016006805, 0.008774137, -0.007597126, -0.0043083886, 0.013373928, 0.0087830145, -0.020879988, -0.014992586, -0.007746187, 0.013812527, 0.0092303185, 0.025736278, 0.012707376, 0.0019177737, -0.017701862, -0.00072574505, 0.0027708388, -0.0010831666, -0.009931822, -0.005309926, 0.000871798, 0.025679229, -0.017622236, 0.0030436784, 0.01478176, -0.0016990182, -0.012574049, 0.07308446, 0.0034791406, 0.027338317, 0.018324627, -0.010709437, 0.013423706, -0.017849023, -0.020546505, -0.016061077, 0.01914944, -0.012810239, -0.0016230907, -0.009236402, -0.0030037926, 0.009155197, -0.007178567, -0.0105389, 0.0056748632, -0.007291584, 0.0048748413, -0.0014432992, -0.0030896193, 0.0012346647, -0.0028843572, -0.004513067, -0.004139682, 0.0124169225, 0.011008941, 0.0013271129, -0.018332224, -0.0022154253, 0.008506517, 0.0037056976, 0.0018078376, -0.007912726, -0.0021918013, 0.0045193145, 0.017437913, 0.0066285515, 0.016318636, -0.020988727, -0.015738497, -0.0043700673, -0.0071403845, 0.008412969, 0.0014273997, -0.0022115612, -0.02049735, 0.0075216717, 0.016877381, -0.00093983836, -0.0018190689, -0.0074775596, -0.015711458, -0.012348882, -0.012201934, -0.009986848, -0.014534858, 0.012160638, -0.0059571485, -0.000523477, 0.008520319, -0.0021674945, 0.010741158, 0.004626389, -0.0073898635, 0.008836273, -0.0047943247, -0.014608668, -0.006376501, -0.018763479, 0.004519966, 0.0029909979, -0.021034969, 0.013706573, -0.0037419589, 0.003399659, 0.0004109829, -0.00043378232, -0.0031540352, 0.010814428, 0.0025457963, -0.01717175, -0.008464511, -0.0066448324, 0.011641458, 0.0016288687, -0.004624771, 0.0061433297, -0.0068254303, 0.011487593, -0.014724123, -0.00043198952, 0.009930304, -0.009029387, -0.013251362, 0.052523144, 0.002582602, -0.0052546435, -0.00095539965, -0.0067357034, -0.021811463, 0.004224382, 0.008542161, 0.027356604, -0.030927991, 0.025251968, 0.0011955333, 0.008584546, -0.0024435974, 0.002900527, 0.009626883, -0.0038972443, -0.0027390944, 0.0043070675, 0.010826625, 0.009715504, 0.006110939, -0.004466853, -0.0054011005, 0.006892798, 0.0005812568, -0.011643592, -0.0040012575, -0.02067048, -0.00038299532, -9.9225275e-05, -0.0016433523, -0.017658673, -0.0016829687, -0.008153639, 0.0018557459, -0.03052838, -0.0071786074, -0.02468405, 0.006052633, 0.0030098648, 0.0055601145, 0.012560555, 0.0055071064, 0.010666477, -0.0102203395, -0.028032381, 0.021387722, -0.0013952834, 0.010245161, 0.00012657016, 0.014252259, -0.004564217, 0.0058035436, 0.014635262, -0.02996694, 0.0012355341, -0.0072119096, 0.00806355, 0.007102955, 0.001115638, 0.002089146, 0.019193746, 0.009816487, -0.015755273, -0.0033084273, 0.0053761792, -0.021250106, 0.010741941, 0.012446896, 0.014766508, 0.000722712, 0.0021843305, -0.009712962, 0.0029774935, 0.00010241576, 0.008470522, -0.0038820335, 0.0022612058, 0.0063846186, -0.011288755, -0.013189145, 0.012286254, 0.010526487, 0.014953633, 0.01870148, -0.009799223, -0.004206027, -0.010200131, -0.0008966585, -0.0050005284, -0.0072131404, -0.00028855974, -0.009951403, -0.008262702, -0.028275017, -0.0067612063, -0.0065363236, 0.009942848, 0.0013639408, 0.0036900656, 0.009609827, -0.003356022, 0.01664686, -0.009627483, -0.010018853, 0.0019506809, -0.0056584254, 0.033054683, -0.004871893, 0.009153627, -0.0037296654, 0.0074506705, -0.02560924, -0.00879704, -0.023635695, 0.01367445, 0.009138292, 0.0013677336, -0.0100477915, 0.0131980125, 0.0073597506, -0.02046797, -0.01012375, -0.016988304, 0.0060921744, -0.009633021, 0.012292596, 0.0030936296, 0.00089245534, 0.005904319, -0.018126879, -0.00974762, -0.021887947, -0.014077975, 0.0196986, -0.006030693, 0.010291846, -0.00046185634, 0.005744167, -0.010847404, 0.0014848815, 0.0014686394, 0.0044377856, -0.020017767, 0.0070044966, 0.014354058, -0.013911583, -0.013462509, -0.0066029383, -0.029976953, -0.013271658, -0.018629478, 0.011700338, 0.006669392, 0.0024924388, -0.005053926, 0.009948278, 0.009924332, -0.0030433373, 0.0053389524, -0.038263127, 0.0018118764, 0.0121164955, 0.024212291, -0.0071716183, 0.0024656798, 0.010550566, -0.008460279, -0.005061099, -0.0013817899, -0.0049514454, 0.0030098462, -0.005415619, 0.0073196026, 0.00018074086, -0.0019416637, 0.010118315, 0.005193187, 0.020134814, 0.0017881915, -0.008162879, 0.010222821, 0.01318688, 0.009570931, 0.0073795132, 0.0044027637, -0.007652741, -0.0020349633, -0.012181478, 0.009825938, -0.028481351, 0.004031048, 0.0097113615, 0.021356737, -0.0064586964, -0.0039487965, -0.0024418472, 0.0011245823, 0.008626844, -0.011090785, 0.0019370856, -0.017591113, -0.017910307, 0.0060468283, -0.008822778, -0.008826176, 0.009575347, -0.011773353, 0.006289055, 0.016638959, 0.036814958, 0.017484002, -0.01948101, 0.01715983, -0.020033386, -0.00599111, 0.01869519, -0.000835351, 0.0074471105, -0.01149552, 0.007068774, -0.0076024854, -0.007611271, 0.009952424, 0.004346427, 0.015917208, 0.0058602802, 0.0046067555, -0.011983034, 0.00070851616, 0.0065109623, -0.027199714, 0.005704328, -0.02367232, -0.008299501, -0.028940083, 0.0078851255, 0.0050402726, -0.009991945, 0.0033647334, -0.017257452, -0.00816346, 0.006688913, 0.0073507256, -0.013089568, 0.015480944, -0.0012785193, -0.015219949, -0.023515332, -0.0010812952, 0.0066328384, -0.0048421863, -0.01499887, -0.0020984411, -0.018673163, -0.0016434963, -0.005066105, 0.012341286, 0.0022594726, 0.0061474936, -0.0040382966, -0.024614664, 0.0023374113, 0.015205138, -0.016741766, 0.022716364, -0.0036775249, 0.0048534083, -0.00087339344, 0.00141998, -0.003245516, 0.0037044443, -0.0005831891, 0.0059729572, 0.021686008, 0.017503964, -0.010964111, -0.01621182, 0.005741745, -0.0024332374, -0.007828938, 0.003805327, 0.0051478706, -0.0072649135, 0.0026040922, -0.00096772367, -0.018581837, -0.009766545, 0.0034055733, 0.015403125, -0.0071348916, 0.0062380712, 0.035305955, -0.0005399383, -0.021614224, 0.01215803, 0.006238685, -0.01584506, -0.0026400613, -0.0042885924, 0.015837122, -0.009113777, 0.0033824297, 0.017531818, 0.0050033894, 0.010165229, 0.012403342, 0.0033707938, 0.007581461, -0.0036768403, -0.012879099, -0.0064415913, -0.0050411653, 0.0033791154, -0.0011081296, 0.020288551, -0.009127313, -0.0012040618, 0.008524515, -0.010346034, 0.012232126, -0.0009756356, -0.001179511, -0.0004586255, 0.013584566, -0.005674839, 0.014004049, -0.0031282704, 0.011533438, 0.0054578576, 0.0003370256, 0.009419812, 0.0062435707, 0.019393047, -0.0031677075, -0.008131166, 0.004516689, -0.004953823, 0.023201538, 0.006948016, -0.01057017, 0.0035933699, 0.018988349, 0.0020187092, 0.008297979, -0.01631946, 0.010046405, 0.010062904, -0.00302491, -0.010462332, 0.007182476, 0.0007740724, 0.0064085987, 0.014015955, 0.008373024, 0.019798985, -0.010129636, 0.012040555, -0.011572362, 0.012953155, -0.0063682725, 0.0065936744, 0.001643901, -0.0065953345, 0.0014756662, -0.08278888, -0.0003633413, -0.019483056, 0.013383014, 0.0114137465, -0.0047656526, 0.008320953, -0.012671391, -0.010318381, 0.0021443255, 0.0047637434, -0.012828163, -0.008853564, 0.008477428, -0.019202875, -0.0019328455, -0.013324177, -0.025298866, 0.016335871, -0.022855515, -0.0108597325, -0.00046668426, -0.018263707, -0.004752397, -0.011498594, -0.005584078, -0.021954017, 0.0022324163, 0.015843242, 0.021952534, 0.0011829443, 0.0011226599, -0.009230745, 0.018738013, 0.005444078, 0.007758386, -0.0005983324, 0.009767872, -0.14134225, -0.0005276403, 0.00570486, -0.009249304, 0.00022636341, -0.013517408, 0.008932921, 0.0062920176, 0.0013584822, -0.017527876, -0.0129317725, -0.0032001005, 0.0012830726, -0.008380986, 0.016783386, -0.004226306, -0.0012495146, 0.011659149, -0.008115689, -0.020349171, -0.0063059772, 0.012224197, -0.0027408241, 0.023163047, -0.005556277, -0.011849948, -0.00015174976, -0.002294172, 0.014841013, -0.010195999, 0.017493146, -0.011472318, -0.009529278, 0.014208487, -0.019561505, -0.011833809, 0.007198573, -0.0026754127, 0.009473581, -0.006377427, 0.027696135, 0.0039421204, 0.01757537, 0.0057445937, 0.009217596, -0.0015427163, 0.0076495237, 0.013465251, 0.0029570127, 0.0023350816, 0.007855468, -0.0142617095, -0.013080544, 0.010462587, 0.013942183, -0.019209493, -0.0024623927, -0.010530623, 0.016410513, 0.0012433688, -0.0016781903, -0.009796553, 0.016228294, -0.0042502154, 0.0003514129, 0.009644594, 0.0011589312, -0.009661478, 0.02293496, 0.02323726, 0.001219604, 0.005060489, -0.0081785, 0.0067087514, -0.023700781, 0.013844452, 0.012760895, 0.010110647, -0.008551073, -0.015357896, -0.0064039323, -0.02825, -0.0113690095, 0.011380874, 0.0089113135, -0.01493303, 0.011189643, 0.008744738, -0.012605292, -0.046962228, -0.0086545, -0.004891982, 0.0044392836, 0.013440642, 0.0108227115, 0.005720361, 0.010783742, 0.016070118, -0.012874194, -0.0011822692, -0.0005703183, 0.014234892, -0.0021151863, 0.020141684, -0.007992196, 0.027076155, 0.004009489, -0.006595639, 0.0013084547, -0.027377997, 0.0073811733, -0.0011949581, 0.0087848045, -0.014033976, -0.008976286, -0.0073277904, -0.0036559475, 0.018501742, 0.0018005918, 0.019232469, 0.005171158, 0.007693209, 0.00015337014, 0.0072231097, 0.0033174541, 0.015967866, 0.0190179, 0.00019494802, -0.0016987461, 0.0066259066, -0.0022376333, -0.0076869437, 0.004569959, 0.0075512794, 0.0099554695, -0.01458552, 0.021439461, -0.02021565, -0.013875741, -0.012989112, -0.013340181, -0.004884757, 0.0007481549, 0.037832677, 0.01422986, 0.0014530983, -0.0009836598, -0.007772246, -0.008431929, -0.012222943, -0.0017647994, -0.026972223, -0.019427044, 0.015998157, -0.009014577, 0.008005554, -0.008318193, 0.0011540191, -0.020637946, 0.004917844, -0.00074018986, 0.0173348, 0.013324568, 0.0039817765, -0.002962191, -0.00016642862, -0.0013923044, -0.017049238, -0.010239454, 0.0077341455, 0.0042736125, -0.0033594705, 0.02098363, -0.02182505, -0.006559692, -0.03368476, 0.0015008439, -0.003655061, -0.003374084, -0.0013195117, -0.002526987, 0.01983554, 0.01615187, -0.005345895, 0.018894052, -0.007902915, 0.00055939786, -0.0047997613, 0.0059576086, 0.011354392, -0.0074375463, -0.02368448, -0.00074869907, -9.8262244e-05, -0.035850137, 0.0027722502, -0.015941005, -0.0009824901, 0.003289387, -0.0020654, 0.00538695, 0.009957918, 0.009281921, -0.16423681, -0.021491235, 0.0040879757, -0.0057465923, 0.0030323947, 0.008727135, -0.019751757, 0.012444586, 0.015468995, 0.006457874, 0.010254294, 0.026266694, 0.007022873, -0.009118731, -0.002196226, 0.0036645972, -0.02069895, 0.0033597904, -0.014668342, 0.014329298, -0.023685899, 0.022169592, 0.0034070285, 0.017629672, 0.013235057, -0.0059248456, -0.001806289, 0.019389357, -0.027054017, -0.0026334063, 0.015803225, 0.0051989774, 0.0014593897, 0.00516932, -0.016323732, -0.009088577, 0.0017329571, -0.006610113, 0.0039935214, 0.0048618456, 0.0031977005, 0.0018115595, -0.025166666, 0.013993552, -0.00082564575, 0.008050331, -0.027203819, 0.0019788211, 0.009310679, -0.003826078, 0.007110423, 0.013865309, -0.0046539744, 0.02116524, 0.017605662, -0.030645903, 0.0019490428, 0.00632797, 0.003294167, 0.019492624, -0.014887857, 0.010938891, 0.004856167, -0.010646283, -0.016599463, -0.0022159228, 0.008212505, 0.1433365, -0.037284546, 0.02504881, 0.0065600947, -0.0008341939, -0.004276648, 0.017641598, -0.0061019384, 0.011623579, -0.037103325, 0.010563159, -0.0029316067, 0.021412509, -0.006077241, -0.008074895, -0.0038996905, 0.0077375756, -0.0040605394, 0.0060636634, 0.0074740862, 0.0036722939, -0.004082752, -0.014031881, -0.018198475, 0.043243196, -0.016001465, 0.016256057, -0.010240932, -0.017341288, -0.0048194225, 0.014732643, -0.021655265, -0.0068926476, -0.029967977, 0.004221586, -0.015227384, -0.006104512, -0.028589142, -0.016916428, -0.0058699683, 0.021998433, 0.012685124, -0.0020090402, -0.020007579, -0.0047852565, 0.0037090862, -0.0031575437, 0.014469507, 0.0069739097, 0.0017747121, -0.019121453, 0.00039843962, -0.015092195, -0.0008744394, 0.018437406, 0.009914763, 0.0077683283, 0.0041184393, 0.017190015, 0.008765206, 0.004806232, -0.012540345, -0.015685285, 0.026143733, -0.0054119993, -0.011741512, 0.0033675372, -0.0020313475, 0.0050708693, -0.099837765, 0.021594914, -0.023781892, -0.012330895, -0.0021161947, -0.011889432, 0.002969141, 0.005086031, 0.0018759589, 0.007532458, 0.012112641, 0.008040465, -0.004723615, 0.008479969, -0.008827434, -0.009964229, 0.020940563, 0.025678206, 0.0031483541, 0.004239654, 0.008173824, 0.017990552, 0.04019667, -0.016872803, 0.018317001, 0.028368304, -0.002691314, -0.0031360441, -0.017216694, 0.012302252, -0.0056645535, 0.016708484, -0.0054067867, 0.03261527, -0.017885182, -0.026287865, -0.008953061, 0.004246051, 0.010275883, -0.026478173, -0.0034252107, 0.0056535704, -0.0041327192, -0.030214405, -0.020490397, -0.00579649, 0.016483368, 0.01511347, -0.012359139, 0.0036703988, 0.0045349556, 0.0027787879, 0.011844363, 0.019839672, -0.009180742, -0.009311645, 0.00967049, 0.02599908, 0.012095612, -0.010694516, 0.017720046, 0.00066947297, -0.0111034, 0.000106075706, -0.022971964, 0.00024788151, 0.01845295, 0.011602842, 0.018267786, 0.008843295, -0.012500565, 0.0024895454, 0.004069552, -0.008561242, 0.010218588, -0.0038550252, 0.00452945, 0.014609074, -0.032073244, -0.014445119, -0.0071004424, 0.0060671535, -0.0015008874, -0.002287001, 0.03710754, -0.013245809, 0.0073338496, -0.0062787454, 0.0014031689, 9.7131044e-05, 0.020001363, -0.024953151, 0.013585345, -0.010690889, 0.01488582, -0.010308976, 0.008478242, 0.0022587627, -0.0061463276, -4.0136427e-05, -0.0035839314, 0.013341972, -0.019837577, 0.01798813, 0.012621134, -0.0255507, -0.018693414, 0.0021412882, 0.0026615092, 0.017207319, 0.004118576, -0.0030143945, -0.0049281786, 0.025942601, 0.01651502, 0.010074336, 0.018451406, -0.009490504, -0.00050578464, -0.014595382, -0.00021014268, -0.00031476075, 0.01637864, 0.009159327, -0.0048997947, 0.016802607, 0.0007519595, -0.016743116, 0.012004343, 0.010064719, 0.021275554, -0.014908749, -0.018824488, 0.031159565, 0.01656469, -0.015720481, 0.011763851, 0.025110668, 0.013746778, 0.0013084551, -0.019084014, 0.019711206, -0.0022371376, -0.009567531, -0.0045613395, -0.0107973255, 0.01816146, -0.012489409, 0.0016967739, 0.010390681, -0.0052496134, 0.0045108497, -0.011476138, -0.003555657, 0.0005437591, -0.0011182377, -0.008756301, -0.012717893, -0.0063212, -0.018654753, -0.018154772, 0.017420612, -0.014160861, -0.00065434375, -0.017617749, 0.012883531, -0.010521556, -0.006234202, -0.011120245, -0.0070679737, 0.010049443, -0.009257648, -0.0073783766, 0.01805101, -0.0037003292, 0.010340258, 0.0018797659, -0.007659952, -0.01034174, -0.062631644, 0.008763651, -0.006335518, -0.016133677, -0.0048265755, -0.0122736385, 0.014593374, 0.0013323178, -0.011330563, -0.024614964, 0.017039828, -0.005988641, -0.017321084, 0.011674967, 0.004647392, 0.002990063, -0.009791092, -0.0039919936, 0.012455999, 0.012138415, 0.015325598, 0.0037976867, 0.0024635126, 0.019714693, -0.021638982, -0.0020604173, -0.019589111, 0.012943567, -0.013521509, -0.003115952, -0.014077491, 0.0062924745, -0.005343676, 0.001353057, -0.005665071, 0.00050835824, -0.010285332, -0.035301916, 0.004095824, -0.051605657, -0.0013531442, 0.023620743, -0.055942923, 0.0060679326, 0.022706516, -0.013030387, 0.01532775, 0.0054488406, 0.01304617, 0.0062260823, 0.014055945, -0.013498046, -0.008420567, -0.009253384, 0.016234895, -0.009784069, -0.014548525, -0.0041333456, 0.009290355, -0.0064973184, 0.0049075866, -0.011648371, -0.0008209797, -0.026521899, -0.0005739925, 0.018878892, -0.010025209, 0.0033207708, 0.013959127, 0.032344665, -0.0140144015, -0.014274161, 0.006243042, 0.015220404, -0.00035923324, 0.013030266, -0.021844083, -0.015999204, -0.00049696234, 0.020920768, 0.008414639, -0.0024472298, -0.01105708, 0.05519902, 0.0014139364, -0.00039675267, 0.009447162, -0.10559079, -0.016985135, -0.0031050686, -0.012668604, 0.022512943, 0.032985695, -0.006675773, 0.038441632, 0.013084528, -0.015481231, -0.009748959, 0.0021053113, 0.0294426, 0.007588144, 0.0004674198, -0.0041956464, -0.013216109, -0.007921185, -0.00945404, 0.0034052974, 0.008758163, -0.009264909, -0.024519198, 0.013676578, 0.009378237, -0.0479026, -0.0011320958, 0.0025949723, -0.00961313, 0.009441012, 0.0072340504, -0.0070589497, -0.012924176, 0.0050527076, 0.022667311, -0.009970986, -0.021602461, 0.0029360906, 0.0014994158, -0.0046330346, 0.016796628, 0.013873188, 0.007401221, 0.019685196, -0.0006666996, 0.006760615, -0.02506025, -0.02881781, -0.031328734, -0.023543475, -0.00016319992, -0.02315874, -0.008916528, -0.002537657, -0.0025398142, -0.01524058, -0.0064694895, -0.021924527, 0.01271695, 0.0049542803, -0.011621413, -0.0056460947, 0.008840088, 0.014884825, -0.0051793186, -0.004783082, -0.033117887, -0.024286486, -0.0081182495, -0.0021285089, 0.021577794, 0.012026366, 0.00447009, -0.008940593, 0.015817644, -0.01359414, -0.0075658956, -0.005170518, -0.045514066, -0.020870559, 0.03069844, 0.012075414, 0.009208204, -0.0019505273, 4.079016e-05, -0.005230187, -0.016934888, -0.0012221694, 0.0033422816, -0.010857735, 0.008731928, -0.0042706453, -0.0025620419, 0.004038685, 0.016155118, 0.0027665815, 0.005947262, 0.002907181, 0.0002426159, -0.023702918, 0.011022692, 0.0070486446, -0.0058134794, -0.019736616, 0.027168373, -0.003676778, 0.021564078, -0.012290013, -0.016577337, 0.006317047, 0.028441705, -0.003163967, 0.0061372463, -0.00082474557, -0.013213917, -0.006370148, 0.015611376, -0.014316854, 0.0005701619, -0.03183699, 0.016667811, -0.008779788, -0.029481519, -0.029761255, 0.009669396, 0.0051610093, 0.008288663, 0.00924649, -0.015380676, -0.007852186, -0.005137916, -0.0116400495, 0.012995176, 0.0006431743, 0.01743735, -0.022865543, -0.018096782, 0.027040213, -0.0069012777, 0.022177393, 0.0076396125, -0.0024526464, 0.0012545395, 0.012967633, 0.01688764, -0.0025663127, 0.0028762051, -0.0107660005, -0.027353305, -0.004077163, -0.002960426, -0.008097508, -0.018407023, -0.013643199, -0.023394851, -0.014874979, -0.017200826, -0.0012457906, -0.0033411353, -0.010484464, -0.001464675, 0.011570787, -0.019713316, -0.0043733832, -0.013007076, -0.0057603647, -0.01588998, 0.0006626966, 0.02605098, -0.00024107628, -0.022952717, 0.0023840365, -0.01821243, -0.010784123, 0.02424358, -0.029647384, -0.012002142, 0.008665638, -0.004225579, -0.015785888, 0.00040573513, -0.014174799, -0.01203739, 0.033538904, 0.020758543, -0.038014244, 0.0028242834, -0.016456211, 0.0015773909, 0.002982023, 0.02405575, -0.023101212, 0.016791055, -0.004822442, -0.0015593733, 0.012518885, -0.006532592, -0.0032318241, -0.00111224, 0.008563057, 0.022013359, -0.03270572, -0.032521136, -0.062611796, -0.009119375, -0.0056451373, -0.0024849833, -0.012596467, -0.04137958, -0.018152313, -0.0019625735, -0.005540407, 0.012247314, 0.010422125, 0.0006897208, -0.012975433, 0.022066804, 0.013488259, 0.002359974, 0.010462794, -0.010823835, -0.0067642056, 0.019130476, -0.0007419173, 0.0037590286, 0.0032712016, -0.02543121, 0.014507141, -0.0046858955, -0.0088158725, -0.017074713, -0.009353435, -0.013225045, 0.006102787, -0.01952337, -0.003142163, -0.012163251, -0.0066720606, 0.0019502284, -0.0034023004, 0.0024742908, 0.02002275, 0.0068254885, -0.0017238951, -0.018344633, -0.017807454, -0.0017402071, 0.0075201755, 0.008321164, -0.009190428, -0.0018831941, -0.016132882, -0.0028418663, -0.009948999, 0.01458155, 0.0030491995, 0.011891597, -0.011902801, 0.0072587407, -0.00034730905, -0.013197363, -0.005609557, 0.015632773, 0.00968779, -0.027503308, -0.01049731, 0.017673865, 0.003516016, 0.013058986, -0.025659822, -0.004482335, -0.024251916, -0.0041873576, -0.016268352, 0.0027564215, -0.005275052, -0.020108547, 0.0058141192, -0.010928144, 0.005236988, 0.020387929, -0.0014635859, 0.014931419, 0.004675265, -0.021153841, 0.018532485, 0.019165434, -0.01734558, -0.014242878, -0.022660987, 0.011614072, -0.007531625, -0.020864239, 0.0204785, 0.012501734, -0.017165493, -0.009645597, 0.031063339, -0.00035061484, -0.0014177646, 0.030217782, -0.009336171, -0.015108981, 0.016321236, -0.016297217, 0.0043842806, 0.017621905, -0.014097406, -0.002195835, 0.012083416, 0.0036158483, 0.019316584, -0.02073894, -0.008454029, -0.012156381, -0.027736623, -0.0031054653, -0.00055417744, -0.0064826924, -0.005065566, 0.0020888438, -0.021370707, 0.011362826, 0.017965337, 0.023150302, 0.008212399, -0.0012351159, 0.008027453, -0.008115891, 0.019177277, -0.00782396, 0.0071516824, -0.00954982, -0.023315249, -0.011782655, -0.036852267, -0.003676016, -0.022786288, -0.01270207, -0.0016922425, -0.0066333227, 0.02918163, 0.027573528, -0.014641683, -0.011341512, 0.0020771401, 0.009775447, 0.000515364, -0.00086742203, 0.007923488, -0.025942024, -0.0050962446, 0.0025107658, 0.022300772, 0.018520778, 0.016569195, -0.014645317, 0.0009925038, 0.010719566, -0.026371837, -0.009415287, 0.003565282, -0.018516852, -0.0151448455, -0.015068366, -0.0042489027, 0.00013974127, -0.014937305, 0.0021490233, 0.012303134, 0.0021166026, 0.004446392, 0.0093118865, -0.021544714, 0.016974062, 0.018643184, 0.00094882183, -0.0018539028, -0.027171407, 0.008455749, -0.018995084, 0.0012820435, 0.0058620726, -0.0049631554, -0.0017739162, 0.0054881526, 0.01413571, 0.01367468, -0.007927753, 0.02947491, 0.0068229353, 0.00788036, 0.0072555365, 0.0026783017, 0.0024520608, -0.0026891727, 0.00850526, 0.01952544, -0.002676346, -0.024426622, 0.0042062565, 0.0020715334, 0.0025509722, 0.031832736, 0.0016354049, 0.001919582, 0.000995766, 0.009922199, 0.016255237, 0.0049124104, 0.0041768244, 0.01469647, -0.0059376196, -0.00724333, -0.0065326593, -0.009700435, -0.017720658, 0.0024915016, 0.02135784, -0.003811048, -0.0111973025, 0.01306925, -0.021075666, 0.0066829636, -0.015135629, 0.0105389925, -0.005769277, 0.009390156, -0.01870886, -0.0022848938, -0.0015957181, -0.014134562, -0.0019495526, -0.005854788, 0.0014930802, 0.0092600845, -0.0017178329, 0.0020133841, 0.009711172, 0.025038496, 0.024820853, 0.021250783, 0.003739718, 0.0024101564, 0.0044359933, 0.0023929183, -0.018825935, 0.027795017, -0.012511729, -0.016105311, 0.029759137, -0.012837467, -0.025308376, 0.000847117, -0.01377851, 0.0070113186, -0.0043943967, -0.029887417, 0.023153858, 0.010747743, 0.00051149447, -0.021957906, 0.008041939, -0.0145727545, -0.021629259, 0.0014821481, -0.0103104375, 0.0046572927, 0.019194342, -0.00013130903, -0.03403772, 0.0064332127, -0.029052125, -0.01041391, 0.0054334993, 0.009680123, -0.009389314, 0.011980931, 0.0144957155, -0.021566272, 0.027550792, -0.017467605, -0.0033946093, 0.013124029, -0.00081802276, 0.0031043077, -0.0034422926, -0.0047981096, -0.0074779275, 0.016672038, 0.018971507, 0.012458988, 0.00073288154, -0.033853102, 0.004737744, 0.015257407, -0.0104928035, -0.0016358085, 0.002536757, -0.0033024775, 0.009527009, -0.006635693, 0.008922166, 0.0010911161, 0.025055178, 0.006032862, -0.008823692, 9.142732e-05, -0.010000884, -0.034873422, -0.013594707, 0.0043308986, -0.002638691, -0.016496733, 0.01783837, -0.013047492, -0.018411463, -0.017864125, 0.0066011203, 0.02027014, 0.005521556, -0.01441946, 0.009222736, -0.009563095, 0.0031670737, -0.00839506, -0.008534144, 0.006073414, 0.0038484493, 0.01361595, 0.00037759874, 0.006417716, -0.0006048303, -0.010574558, -0.0062355786, -0.019346021, -0.022905502, -0.023667013, 0.00824105, -0.016417298, -0.006803057, 0.02411854, 0.0001889783, 0.030168029, 0.016263673, -0.012453613, -0.0019827068, 0.011038471, -0.014676307, 0.010190268, 0.007572295, 0.0062256195, 0.008860937, -0.019877773, -0.010806252, -0.020363666, -0.0067679537, -0.008722614, 0.01474066, -0.0023599633, -0.012008126, -0.020154744, -0.020685315, 0.00965097, -0.00921041, -0.0073621213, -0.0034117394, -0.0076564606, -0.0057768766, 0.010223435, 0.0029375206, 0.012691841, 0.031936776, -0.007975026, -0.009076357, -0.023507444, -0.00041252942, -0.005619001, 0.006383778, -0.0057546487, -0.005471326, -0.032973226, -0.014110842, 0.00045260144, -0.009585813, 0.005936233, -0.02019314, 0.010298244, 0.005885268, -0.0145831, 0.0002578556, 0.004142833, 0.0115241045, 0.016133169, 0.0051624053, 0.00094264856, 0.0009540712, 0.014502021, 0.025855344, -0.023529626, 0.019074414, -0.0025354992, -0.015729992, -0.004336725, -0.021178583, -0.008592116, 0.008968021, 0.0048126993, 0.021907898, -0.011688289, -0.005037259, 0.05119231, -0.02360647, -0.01616217, 0.022009807, -0.0053479383, 0.016144788, -0.0153233465, 0.008171408, 3.7075108e-05, -0.006147443, 0.014019722, -0.0094392, 0.007737094, 0.016513513, -0.010493784, -0.03256798, -0.009293769, 0.0051717744, -0.027333759, -0.00050119474, 0.017835613, 0.011619126, 0.005398356, 0.008562308, -0.017740134, 0.0037543178, 0.013143652, 0.008131608, -0.0033897, 0.017801799, -0.01105943, 0.009867499, 0.0022612212, 0.015523978, 0.002668044, -0.01850606, 0.016022952, 0.009922777, 0.00097678, 0.0032959033, -0.0063989772, -0.011868708, -0.018400535, 0.0037926459, 0.02682525, 0.00035200806, -0.0037774972, 0.053825997, 0.0013888356, 0.015784618, -0.013302407, 0.017424343, 0.02803575, 0.00018897383, -0.017788086, -0.005611792, 0.02683512, 0.00250843, -0.021907393, 0.013998554, -0.01709866, -0.003147535, 0.010955835, 0.022027725, -0.006306603, 0.0023503758, 0.023469143, 0.0044917422, 0.0034335412, -0.022039387, 0.026038479, 0.0008631435, -0.01064173, -0.0022302778, -0.003571424, 0.16558741, 0.118915714, -0.015372806, -0.012775779, 0.016981749, 0.010035893, -0.0349676, 0.011373282, 0.0070775566, -0.013980344, -0.002001068, -0.0053087547, 0.0002697406, -0.0038749462, -0.0019456149, -0.012734371, -0.0022965663, 0.017504234, -0.009186041, 0.00912358, -0.013030554, -0.015000755, -0.013206339, 0.004768361, -0.032529343, 0.022579014, -0.020997107, -0.015774142, 0.00052959734, -0.004468798, -0.007365911, 0.017221631, -0.0051483735, -0.005929834, 0.020486645, 0.029120393, -0.010585306, 0.03745561, 0.00012358771, 0.0042787464, -0.017357523, -0.019093137, 0.00094406266, 0.016827136, 0.011580442, 0.009695164, 0.016439086, -0.0040429966, -0.009016353, 0.022008292, -0.0008098998, -0.027228918, -0.004857272, 0.0077635823, -0.008624517, 0.0057705105, 0.0066784215, -0.0046533733, 0.0064755487, -0.0013385444, 0.029282166, -0.024575107, -0.019378275, -0.0012320842, -0.014352972, 0.022520186, -0.012803395, 0.00052924396, 0.011948076, -0.006970632, 0.004018511, 0.01144269, 0.023456573, -0.014988883, -0.005196371, -0.016642705, 0.010148374, -0.004322008, -0.0045772344, -0.0081841275, 0.0005981299, 0.010575386, 0.007960431, -0.011604817, 0.004517544, -0.006894928, 0.00013981783, 0.03411202, 0.09495559, -0.0071475045, 0.006094197, -0.009891115, 0.013281655, -0.009419161, -0.004816133, 0.059975255, -0.013916291, 0.014247924, 0.022874244, 0.005637421, 0.030167347, -0.019452674, 0.011426369, 0.018335706, 0.02498256, 0.034498405, 0.00024769965, 0.0049292278, -0.009938698, -0.015186767, 0.02490322, -0.017564489, -0.0024149544, 0.0059231417, 0.00365069, -0.006045014, -0.014413413, -0.0072756507, -0.08546095, 0.0070390943, -0.009450971, -0.00872229, 0.0041038496, 0.03329048, -0.0022730632, -0.023899918, -0.006274326, -0.012505862, -0.0018779353, 0.021649666, 0.019159172, 0.019840376, -0.00701295, -0.0017120893, -0.005574597, -0.0072754994, 0.02355887, 0.008330552, 0.01796296, 0.01939399, -0.020587705, 0.009177764, 0.016347116, -0.002591171, 0.008519395, 0.00094237993, 0.011815258, 0.03288054, 0.0019133905, 0.01982617, 0.003699208, 0.009229968, -0.008730277, 0.0059838537, 0.011296129, 0.016443737, -0.0015792802, -0.017206645, -0.0037319507, -0.017331097, 0.02310065, -0.011581219, -0.005559175, 0.01943219, -0.016024325, -0.011632502, 0.014858273, 0.013015515, 0.007446158, 0.017024187, 0.01833242, -0.0014924097, 0.009233761, 0.020913795, 0.014605426, -0.042370707, -0.0021069972, 0.026883593, 0.008515442, 0.033519376, 0.004502185, -0.0036532711, 0.004284927, -0.0009953072, 0.009632258, -0.005901252, -0.007780219, -0.014193357, -0.0047433027, -0.009797426, 0.0066768853, 0.0027744323, 0.004284845, 0.017862398, 0.011597814, 0.0005151322, -0.011635868, 0.008516504, 0.0010408799, -0.0068453583, 0.0300734, 0.11260689, 0.01874076, -0.004220018, 0.02541576, 0.020211412, -0.013677653, 0.015576192, -0.02102801, 0.008233589, 0.0072783837, -0.011063163, 0.009961527, -0.00978658, -0.011140906, -0.008525461, 0.001978618, 0.008919976, 0.017869432, -0.0043229596, 0.006401848, -0.018028328, -0.0027767727, -0.0056518842, -0.025306333, 0.01899304, 0.0012100122, 0.003862348, -0.007338976, -0.014443724, -0.0024248667, 0.0019122931, -0.029891193, -0.012724403, 0.002504735, -0.010669543, 0.008801552, 0.008354225, 0.0009905068, 0.0018269372, 0.0028680195, -0.029504629, 0.0067969076, 0.005994649, 0.018204413, -0.026005264, 0.19548123, -0.010522428, -0.0065270066, -0.009448922, -0.02019573, -0.004948852, -0.0008500523, -0.006006281, -0.005058113, 0.02682763, 0.0052604727, -0.002364228, -0.024526324, -0.0007197602, -0.011026237, 0.0006711324, -0.012101938, 0.030770492, -0.022233529, -0.0021273347, -0.0036572174, -0.016840536, -0.012969374, 0.014513291, -0.0017748004, -0.007963206, 0.0024725306, 0.017556313, -0.0031447553, 0.0018511665, -0.021988837, -0.016855128, -0.018722279, 0.008985164, 0.0046495055, -0.013568547, -0.0023103785, -0.017385382, -0.007146264, 0.00045125297, 0.008741204, 0.018571777, -0.005596118, 0.0070456825, 0.0016662512, -0.01242683, -0.0064663403, -0.010821966, 0.0059379674, 0.0011381387, -0.0019548647, 0.011946413, -0.009255803, -0.0033602614, -0.012193368, 0.019768726, -0.023504276, -0.008159511, 0.005187524, -0.0067747068, -0.0023469373, 0.008006306, 0.0018030662, -0.0034972902, -0.018688763, -0.01690022, -0.012486494]"
"Tlaxcala, un museo al aire libre con las esculturas de Juan Soriano",https://oem.com.mx/elsoldetlaxcala/img/25284244/1755545766/BASE_LANDSCAPE/1200/image.webp,CULTURA,"A proposito del natalicio de afamado artista, recordamos la “fauna de bronce” que forma parte del paisaje de la capital ",https://oem.com.mx/elsoldetlaxcala/cultura/tlaxcala-un-museo-al-aire-libre-con-las-esculturas-de-juan-soriano-25284282,"[0.014714764, -0.030308876, 0.013780267, -0.085566945, -0.03866924, 0.019485263, -0.018592497, 0.024616685, -0.00906858, 0.021042781, -0.025806243, 0.020092832, 0.011491659, 0.01372892, 0.13679856, -0.02311449, 0.0112361275, -0.011096176, 0.021784835, 0.0009420211, -0.022749087, -0.027237354, -0.006466301, -0.023524413, 0.02565523, 0.018800335, 0.012935597, 0.004265633, 0.013043123, -0.0008632131, -0.0058820522, -0.0035863346, -0.025951214, -0.027157286, 0.02322424, -0.015340156, -0.005081248, -0.01669337, 0.0014885735, -0.0023959454, -0.0028419748, -7.986531e-05, 0.003451888, 0.0007269826, -0.014267878, -0.025798641, 0.0025060687, -0.0415103, 0.009401952, -0.01874125, -0.0008973266, 0.0015413549, 0.023014413, -0.17909123, -0.035386562, -0.013566661, 0.00807557, 0.049999446, 0.027321378, -0.021971148, 0.007400599, 0.03565515, -0.009356029, -0.016432969, 0.010932137, -0.0070399893, 0.013739018, 0.040012166, -0.0064521558, -0.017200712, 0.022153636, -0.005181677, 0.03179543, 0.0014215009, -0.025930889, -0.00868574, 0.024971837, 0.01385, 0.035953756, -0.0024566588, 0.005974173, 0.01444475, 0.0015406447, -0.0057919286, 0.0034264917, 0.026422612, 0.048959684, 0.016003503, -0.0058718454, 0.02318088, 0.004118387, 0.0070294095, -0.00900071, -0.0010636653, 0.008426457, -0.0012937902, 0.008921342, 0.0059327227, -0.014479349, 0.021298008, -0.021580597, 0.0046020686, 0.020634364, 0.0032790808, 0.0046847505, -0.021310737, 0.018453809, -0.0349906, -0.0059632966, 0.0034255541, -0.020223668, 0.006510748, 0.0010076466, -0.01154175, -0.0069127106, -0.1054368, -0.010580961, 0.00366395, -0.038076952, 0.027203284, 0.01774142, -0.008528277, 0.017600475, 0.0035801402, -0.031519804, 1.2481623e-05, -0.0027877311, 0.012144041, -0.041915156, 0.0014584032, 0.004781123, 0.008877339, 0.011291511, 0.0070031653, -0.027079474, 0.012226993, -0.030561827, -0.013842503, 0.01580599, 0.020060116, -0.020236839, -0.018800477, 0.0069586383, -0.017690971, -0.001542175, -0.011483945, -0.003568691, 0.009738514, 0.015579234, 0.0027462908, 0.010503414, -0.012611603, -0.04351291, 0.018292991, 0.0011476771, -0.023719098, 0.0028403068, -0.0051928638, 0.0139679415, 0.005327691, -0.0077796457, -0.019043377, 0.018112741, 0.02960011, -0.00149104, 0.015911033, -0.02057606, 0.008769494, 0.014031382, 0.0028327534, -0.004655103, 0.002705958, -0.01609998, 0.017235024, -0.004675585, 0.01854824, 0.03469461, 0.03263522, 0.0040085036, 0.015753945, 0.029545745, 0.011853764, 0.016044417, 0.0209709, -0.013861709, -0.008057484, 0.00059306284, 0.01731204, 0.0060342504, -0.000329476, -0.02480177, -0.029818514, -0.01759478, -0.022203244, 0.008436238, 0.020573994, 0.028278667, -0.015607865, 0.0061312825, 0.006157952, 0.001708213, 0.0028295543, 0.006044718, -0.00076451054, 0.009003055, -0.013261635, -0.0328214, -0.0039970563, 0.0013915242, -0.004845678, -0.011389646, 0.006499889, -0.0127759185, -0.021800008, 0.00317238, -0.0142408, -0.029262695, 0.020233002, -0.02369981, -0.01594504, 0.006499319, -0.01930409, 0.0014938995, 0.018404564, -0.020726155, 0.0070702755, -0.015115951, -0.0036733255, -0.0065059415, -0.0027252962, 0.020447249, -0.019684313, -0.016379816, -0.00872821, 0.01208905, -0.0073837014, 0.013324847, -0.014093179, 0.0024546857, 0.01753727, 0.021491306, -0.018324986, 0.009230725, 0.025257934, 0.010370231, 0.0018985149, -0.005040856, 0.010133228, -0.005372097, 0.038967144, -0.0035757897, -0.008613461, 0.00096131506, 0.002743071, 0.0019119902, 0.0036581093, -0.025009533, 0.011918621, -0.012129073, 0.023907637, 0.021911839, -0.018864116, -0.013688956, -0.0076512974, -0.0010234767, 0.0036479144, 0.008019378, 0.029340947, -0.033507083, 0.017869476, 0.017528538, 0.029155567, -0.0440265, 0.0013823193, -0.02627751, 0.012704638, -0.06080204, -0.0027611686, 0.017646179, -0.0019818484, -0.0092355525, -0.006239822, 0.008141228, 0.015069897, 0.006120895, 0.012455898, -0.00338286, 0.010306719, -0.014350713, -0.010643274, 0.00023703583, 0.009998691, -0.015392883, 0.008179287, 0.029956289, -0.032445867, -0.01273178, -0.0038727275, -0.018128572, 0.020885402, -0.007085596, -0.043705318, 0.0009619152, 0.055160273, 0.026132911, -0.0017559411, -0.0286045, -0.040694542, -0.010368597, 0.020261623, 0.004201407, -0.01674378, -0.0047396226, 0.008036559, -0.02259407, -0.0016575501, 0.00052579347, 0.012339216, 0.01753161, 0.016108591, -0.0075650983, 0.009600323, -0.008042264, -0.03867983, 0.011712757, 0.0061561596, 0.0088332025, -0.018523956, 0.021040155, -0.0099320775, 0.016874265, -0.0248129, -0.0026941677, -0.00626651, -0.014984638, 0.020336285, -0.007821697, 0.004098447, 0.011862351, 0.018893225, -0.022889815, -0.015314396, 0.02984666, 0.0018560791, -0.02770857, 0.027643926, -0.015019753, -0.039461896, -0.010518735, -0.00011945916, 0.011622143, 0.035749268, 0.015243824, 0.021584114, 0.002071716, 0.0050774645, -0.0031808873, 0.011636864, -0.019704169, 0.001321699, 0.010081231, -0.0008057845, 0.021348985, -0.0061912583, 0.015013208, -0.011396263, 0.0028106864, 0.008487074, -0.027136695, -0.010186116, 0.028391635, -0.005629308, 0.016493363, 0.004406248, -0.010780761, 0.021391036, -0.033185706, 0.0114497915, 0.01997458, -0.0076568164, 0.0007254823, -0.021313824, 0.0062407954, 0.022041606, -0.024690052, -0.005415373, -0.00072118186, 0.0021646416, 0.02911223, -0.0049239704, 0.0063559855, 0.006727402, -0.011355452, -0.010334653, -0.0169233, 0.005587104, 0.0071767136, 0.01323387, -0.005596019, -0.014690746, 0.030673008, -0.0074245506, 0.013568947, 0.0010115902, 0.02696489, 0.024097748, -0.018197946, -0.011502673, -0.0021791589, -0.0064113652, 0.016315136, -0.024571208, 0.037154786, 0.0019090573, 0.014458661, -0.018858831, -0.04370281, -0.014107977, -0.026878074, -0.021172311, -0.014564216, -0.006816586, -0.0066243536, 0.0014261707, 0.02615153, 0.0024042474, -0.021128174, -0.022720467, 0.0023524, -0.009019057, 0.0017112802, -0.03489891, 0.010972608, -0.0067517944, -0.0133922715, -0.001859269, -0.028441219, -0.032950904, -0.03880114, -0.0031603356, -0.0016727491, -0.004412811, 0.007907115, -0.0071263397, 0.016466158, 0.0043661823, -0.0039156512, -0.0015493284, -0.00865807, -0.0011197387, -0.010451004, 0.03905709, 0.023147916, -0.016711272, 0.028395073, 0.0030574033, 0.016215155, -0.033282597, 0.03420722, -0.0071083666, 0.026761089, -0.009719735, -0.014512358, -0.005663769, 0.0045420737, 0.017225299, -0.016563088, -0.01995538, -0.002011241, -0.013500413, -0.026189497, 0.010447039, -0.01161571, 0.05276562, 0.018317094, 0.02619354, -0.025168799, -0.0057011954, -0.014729608, -0.01199791, 0.006812075, -0.0008584565, -0.031070834, -0.006494049, -0.018206587, 0.0020892143, 0.008888242, 0.020410605, -0.0026906761, 0.011693056, 0.011190293, 0.0013895454, -0.030325983, 0.009321263, -0.022801647, -0.010610105, -0.0040263683, 0.0015504404, 0.0077422103, 0.025671879, -0.0059452523, 0.016452868, -0.0088261245, 0.0060623395, -0.011716015, -0.0069265543, -0.018484807, 8.451493e-05, -0.019600512, 0.0032239424, -0.016928723, -0.0036094917, 0.00432019, 0.0048380154, 0.003112068, 0.019851021, 0.014772278, -0.017995762, 0.013314325, -0.0122839175, -0.027341882, -0.01027096, -0.011051581, -0.0056522167, -0.014332176, 0.017759416, 0.004262921, -0.011622308, -0.010468802, -0.011608733, 0.020959448, -0.011641202, -0.01299039, -0.06121593, 0.018027956, -0.0065757725, -0.0024781763, 2.9121704e-05, -0.009042189, 0.007237903, -0.032121688, -0.028343385, -0.00928467, -0.0011618155, -0.012376636, -0.057399116, 0.003078093, 0.011695636, -0.014030588, -0.00881748, 0.0035207523, 0.017313123, -0.039411325, -0.0054732347, 0.006129871, -0.017261777, -0.018018171, -0.0077985944, 0.01881597, -0.02653944, -0.025063854, 0.0125174755, -0.000568175, 0.03561062, -0.00894854, 0.0012958844, -0.017225603, 0.003594415, 0.00991588, -0.03522598, 0.009493987, 0.0041960008, -0.022842718, 0.017793745, 0.0096773505, -0.0057338267, -0.018292272, -0.0102587575, 0.007966107, 0.0075300653, -0.011809218, -0.024858007, 0.004821053, 0.007928033, 0.020292336, 0.011720844, 0.015761077, 0.0032705886, 0.00041457586, -0.034328807, -0.0093370695, -0.03284471, -0.011423251, 0.021932567, 4.572499e-05, -0.03577257, 0.0033028736, 0.0023615255, -0.009824017, 0.008330651, -0.027758876, 0.018064965, -0.0051100934, -0.021145148, -0.019286502, -0.04685492, 0.025605604, 0.041049823, 0.0057521886, 0.0066944654, -0.0037610058, 0.003518682, 0.005349787, 0.00020636829, -0.0013779942, 0.018981332, 0.0030077458, 0.0010112613, -0.0023245346, 0.017839262, 0.01599757, -0.01670305, -0.0023600191, 0.0024202596, -0.0048485124, -0.04216095, -0.004836733, -0.09085787, -0.0016770209, 0.015090823, -0.012545746, 0.03134564, 0.011075908, -0.007348886, 0.014612174, -0.016927116, 0.0009538565, -0.015638586, 0.0205886, -0.018652165, -0.043718927, 0.004962501, -0.022404386, 0.010255264, -0.030729953, -0.00869132, -0.039182775, -0.010729839, -0.0029414226, 0.0058795675, -0.008051752, 0.017937735, -0.0017036609, 0.024362454, 0.013092342, 0.028553551, -0.008841357, -0.009512828, -0.13452579, -0.0071291937, 0.0422699, -0.009150271, -0.0046417434, 0.00085968745, 0.0326688, -0.01379558, -0.0013096053, 0.0016383704, -0.0035148226, -0.004764283, 0.004948625, -0.035759937, 0.012034714, 0.08443763, 0.031828213, -0.013089346, -0.0061768657, 0.01282777, 0.0001763959, -0.025512246, 0.0023864165, -0.02202961, 0.013351648, -0.002923036, 0.009979217, 0.0026122709, -0.016175885, -0.0030914, 0.006655252, 0.0029956482, -0.0057657114, 0.02608628, 0.011891577, 0.020853935, 0.028583718, 0.004358921, 0.00557076, 0.011682987, -0.01226287, 0.025543787, -0.014150931, 0.0006839857, 0.036841188, -0.026731677, -0.011706962, 0.00036988786, -0.012683904, 0.01197991, -0.028510628, -0.076490186, 0.017305167, 0.039426103, 0.027343895, 0.003956068, 0.0070086997, 0.01764107, -0.0028263454, -0.0045447447, 0.0054850546, 0.021176541, 0.019219015, -0.010051583, 0.0014171656, -0.011202665, 0.021480633, 0.007846608, -0.0050813262, -0.00998523, 0.006268514, 0.022139639, -0.012905371, -0.010892315, -0.018819977, -0.0049688383, -0.0180032, -0.013222638, -0.01669724, 0.017463999, 0.015212663, -4.2229338e-05, 0.002407996, -0.01171677, 0.0010405265, -0.048771832, 0.025291877, -0.0071405116, -0.0021117423, -0.007664702, 0.012729742, 0.020436738, 0.0012592102, -0.0076991622, 0.02718053, -0.017963856, 0.012163675, -0.0071087894, -0.00643895, -0.020503117, -0.00092436315, -0.016149405, 0.027501177, 0.02289533, -0.0006543433, 0.018200023, -0.011079728, 0.018094542, 0.02122005, -0.0073676705, 0.00817768, -0.0047867238, 0.010345359, -0.016626602, -0.0033110387, -0.0015679772, 0.0027577032, 0.005769755, 0.014585924, -0.026637355, 0.02341949, 0.0046674293, -0.01089105, -0.001678733, 0.006232992, -0.014522955, -0.0070856838, 0.0023301218, 0.0053702085, -0.05516391, 0.0037110655, 0.005615496, -0.016534975, -0.0017648202, 0.006944577, 0.006685139, -0.0011403899, -0.008110299, 0.0080609955, -0.0058549102, -0.0026596638, -0.01743695, 0.03188609, -0.029365968, 0.0029551873, -0.006095943, -0.0074198684, 0.024576671, -0.004778075, -0.0055235135, -0.0011649831, -0.010152229, 0.007274364, 0.018732952, -0.00012790663, -0.0021915447, -0.0054107737, 0.024580415, -0.002010274, 0.013399974, -0.009369726, -0.0057508163, -0.0020213155, 0.008215138, 0.0065105646, -0.014298615, 0.00243842, -0.013019448, 0.0032750706, 0.026088499, -0.008721877, -0.01696731, -0.00044388694, -0.004194319, -0.0070273755, 0.004990972, 0.0006132395, 0.012555835, 0.0035846506, 0.0028114705, 0.007850477, 0.012219886, -0.004227718, 0.010508247, 0.0050265444, 0.018737903, -0.0170624, 0.00091506745, -0.0067885444, -0.019420557, 0.0027627777, -0.003644029, 0.03221258, -0.0015911959, 0.0067923623, -0.008316045, 0.0039757583, -0.011904115, 0.004802606, -2.169835e-05, 0.0012173462, -0.00041085482, -0.00054207945, -0.013200487, 0.013870141, -0.0063620857, 0.005657674, -0.0011780884, -0.005299164, 0.027616499, -0.0018635985, -0.0036476885, 0.014718535, -0.010697814, -0.015937502, -0.021612376, -0.0042076115, 0.00018777607, 0.004314162, -0.021234447, -0.015645942, 0.007003232, 0.022470035, 0.0051674834, 0.016892504, -0.019649915, 0.005830096, -0.012676155, -0.0006569168, 0.012747015, 0.0137799205, -0.0009341827, -0.0014161465, -0.021078814, 0.016013559, -1.9520085e-05, 0.011410799, -0.00719685, 0.0006123536, -0.008529608, 0.008737199, -0.01804067, -0.005248926, 0.0065236976, 0.025001943, -0.010679714, 0.008130463, 0.009561127, -0.020683572, 0.0048924326, -0.00091535645, 0.016943404, 0.0037460127, 0.025667928, 1.8735831e-05, 0.005405403, -0.0040310584, 0.010588351, 0.0047171214, -0.016345738, 0.01485015, 0.0036389688, -0.004860453, 0.0006103772, 0.019749144, -0.01187274, -0.019012993, -0.006154927, 0.0017853894, -0.004164892, 0.0026869224, -0.0019389639, 0.002029434, -0.0064068455, 0.013873431, -0.012363153, 0.0024394959, 0.0015595886, 0.0018392043, -0.004609228, 0.0049130125, -0.017964624, -0.010275703, 0.00785211, 0.015380637, -0.008437411, 0.008528908, 0.0052328208, 0.014730593, -0.02188666, -0.0147805, -0.008456496, 0.021296691, 0.0038716255, 0.009295964, -0.0038499925, 0.006864296, -0.019560818, 0.006583768, 0.014484731, -0.0029611345, -0.0034518766, -0.005735929, -0.0011249282, 0.018192112, -0.004960327, -0.0050728265, 0.0019520182, 0.012398576, -0.0006064261, 0.0922362, 0.0012937523, -0.007866019, 0.0018082093, -0.007851679, 0.00056170643, -0.007769485, 0.000678461, -0.024010453, 0.0028714132, 0.004007808, -0.014339431, -0.006843432, 0.013612756, 0.002908971, 0.001463791, -0.0044890675, 0.006285846, -0.0043055937, 0.020005206, -0.0020184559, -0.013561308, 0.012319396, -0.003370204, 0.00056178845, -0.005889243, -0.0051942766, 0.00046456273, 0.013397844, -0.017072292, 9.802622e-05, -0.0032683036, -0.0019620436, 0.0047379653, 0.005189152, -0.0037498276, -0.00073614, 0.011484738, 0.010030314, 0.015401286, 0.0014060184, 0.005279511, -0.0010137906, -0.0023358513, 0.018292734, -0.015507613, -0.015644204, -0.025722066, -0.008503203, 0.009873496, 0.003160957, 0.007522109, -0.01173965, -0.0033393055, -0.018507129, -0.02110024, 0.0027034313, -0.01837949, 0.0050968183, -0.012953055, 0.017239058, 0.021035718, -0.019043833, 0.017192418, 0.00046356433, 0.00316841, -0.005662881, -0.025475383, 0.0044573536, 0.0023083265, 0.002779354, -0.011703418, -0.002018651, -0.030044096, 0.022686081, 0.014625413, -0.019734666, -0.0135707185, 0.00068290933, 0.00042286562, 0.0095505165, -0.0025304526, -0.0026318352, -0.013301645, -0.014604834, -0.004360587, -0.012383388, -0.0041160546, 0.0093924, -0.0010352029, -0.0021163092, -0.0057665813, -0.0026089894, -0.0035313088, -0.013074744, 0.0020576394, 0.062286608, -0.0052828323, -0.0019228043, -0.005016302, 0.0153714605, -0.011037015, 0.0017921339, 0.0037315167, 0.0026897362, -0.039311193, 0.016653866, 0.0050714426, 0.020081572, 0.0062806807, -0.004807936, 0.008492396, 0.0065800203, 0.013925228, -0.00076507614, -0.020281592, 0.005359587, 0.00028096512, -0.006586112, -0.0037160693, 0.004150244, -0.0062051993, -0.013904831, -0.009487234, 0.006829049, 0.0040632966, 0.01348427, -0.0029350067, -0.007095696, -0.017700585, -0.015907144, -0.008923468, -0.019282937, -0.003632162, -0.0098962225, 0.0005622594, 0.00053303206, 0.014527789, 0.018812997, -0.009909076, 0.010952302, -0.019993529, -0.0062274556, 0.017799972, 0.009477096, 0.01876526, 0.026560329, 0.005058981, 0.0047548357, 0.0014839793, 0.010910791, -0.018635008, 0.0015187495, -0.004528773, -0.0010231831, 0.011084945, 0.00090885593, 0.007393965, 0.005797002, 0.004203057, -0.016674915, -0.0019315975, 0.012530568, -0.008893382, 0.009912129, 0.001808908, -0.0067505646, 0.0100573255, -0.013550358, 0.001852722, -0.010327145, 0.0052080043, 0.009635099, 0.01170437, 0.0069236113, 0.0027913179, -0.013631173, 0.0011528773, 0.0030421559, 0.022651123, -0.00020555725, 0.012794905, -0.008992347, -0.003970108, -0.021534948, 0.0093230335, 0.008005304, -0.0045393063, 0.007291822, -0.022824839, -0.0017165224, -0.014274082, -0.008838244, 0.020032743, 0.00630833, -0.0026775007, 0.012824106, 0.01118217, 0.003011893, 0.00916395, -0.014307789, -0.02223673, -0.011504112, 0.0034546207, 0.009574676, -0.00411296, -0.008466467, -0.002464516, 0.0059314095, -0.004949247, -0.0094394395, -0.023511257, 0.0059501207, 0.011018791, 0.012887422, -0.00082220684, 0.013497121, 0.004136315, -0.004812706, -0.01118614, 0.00029273267, 0.0016162897, -0.0011174162, 0.013819468, 0.008249891, -0.010718622, -0.0034688318, 0.015543331, -0.0140895415, -0.010397016, 0.012639805, 0.011412402, -0.012824142, 0.0015810409, 0.0047492185, 0.0066950084, 0.0017731889, -0.00025741785, -0.0002434456, -0.012101714, -0.018811066, -0.0058207004, 0.008567347, -0.003233157, -0.020837605, -0.010831046, 0.0041591334, 0.0044857985, 0.006074945, 0.004675083, 0.0077084107, -0.0060928054, 0.00073063455, 0.011885785, 0.0013950045, -0.005631804, -0.016645728, -0.031916514, 0.008243098, 0.014959647, 0.018841002, 0.001107328, 0.00657571, 0.01467616, -0.006446891, -0.0132889, 0.0060324185, 0.008034596, -0.0039106067, 0.0020760284, 0.0018112082, -0.0053331056, 0.0014470618, -0.022325294, -0.001283674, 0.014171413, -0.018842584, -0.0018778839, -0.0050858306, 0.011107307, 0.0055222637, 0.0045341435, -0.009946856, -0.011660937, -0.0065302774, -0.023652818, 0.0068697766, -0.01932081, 0.0021403958, 0.019205373, 0.016757008, 0.012774454, -0.012475727, -0.003224226, 0.0008498985, -0.0024828876, -0.02087903, 0.0064963438, -0.017288541, -0.0018665696, -0.007493408, -0.009067552, -0.024151247, 0.0212292, 0.0014546361, -0.00885682, 0.015092716, 0.011272525, -0.007813023, -0.0025364566, 0.032880947, -0.029165717, -0.012949568, 0.014282382, 0.016738057, -0.0022291208, 0.0036038032, 0.0008068731, 0.004213464, -0.007919652, -0.0044256137, 0.0024120256, -0.004232017, -0.0012780335, -0.018464986, 0.0055048345, 0.0040779514, 0.01898941, -0.0010512853, 0.020810029, -0.011166043, -0.0065577696, 0.002275234, 0.009806924, 0.0068895402, -0.005934413, 0.008095652, 0.0018823376, -0.005724339, 0.011393346, -0.0035840902, -0.00022905719, 0.012868342, -0.0060960655, -0.023439437, 0.003322921, 0.00016694993, -0.0057951626, -0.0002640384, 0.001921307, -0.0066699535, 0.0040669185, 0.006555947, 0.003886083, 0.007980056, -0.0007225928, 0.005589042, -0.003113568, 0.004874691, -0.016108908, -0.0010016394, 0.0019438101, 0.00889442, -0.0013062543, 0.0024590846, -0.0012690546, -0.0034605954, -0.010829197, -0.007867725, -0.000561852, -0.001413436, 0.0057785073, 0.0222912, -0.009358832, -0.017445114, 0.0044707763, 0.010224506, -0.0028895866, 0.005550897, 0.0040209848, -0.011202737, 0.0044684997, 0.013951002, 0.0012235561, 0.0019939048, -0.0022039902, 0.005354961, -0.009685652, 0.014253438, 0.0141960075, -0.017698314, -0.0066111726, 0.021463046, 0.002493694, -0.015870286, -0.025079787, -0.011121063, 0.011825789, -0.0045553595, 0.004781976, -0.0023806787, 0.018485902, 0.01328055, 0.008945876, 0.0032906735, 0.02391235, -0.004917894, 0.0041547227, -0.009169636, 0.0039775614, 0.011396194, 0.0035683305, 0.009258776, -0.012982326, -0.015516202, 0.0146345515, 0.012363107, -0.0038603374, 0.014850955, -0.0029418145, 0.015322415, 0.005818645, -0.0013446297, 0.008866788, -0.0008323093, 0.007853763, 0.013431616, 0.0043979445, 0.0065667154, 0.02060697, 0.020262204, -7.2472503e-06, -0.0028503188, -0.0010028485, -0.0018436109, 0.027592637, 0.011333029, -0.0135746915, -0.013743086, 0.029782617, -0.0056089954, 0.017538631, -0.0004882822, 0.008064952, 0.0066663786, -0.0024202275, -0.0079319775, 0.02212456, 0.008183987, -0.0031373005, -0.008036453, 0.024332175, 0.009916762, -0.0094563, 0.0011671293, -0.0023379568, -0.010485409, -0.008216318, 0.011922192, 0.0015966512, 0.009066115, 0.010035436, -0.07398188, -0.0012411977, -0.015584639, 0.007831329, 0.00941347, 0.0019670932, -0.01120353, -0.015344863, -0.0068001924, -0.0050836215, 0.00084763, -0.00876192, -0.006390484, 0.0100970315, -0.018089412, 0.004348866, -0.0071656364, -0.018106816, -0.004248533, -0.026065476, 0.0013870972, 0.0009464537, 0.013013477, -0.011720146, -0.01728577, -0.0075122244, 0.012599519, -0.0075679203, 0.007977922, -0.004090383, 0.0039833686, -0.0026967658, 0.015822032, 0.00075763854, 0.0044892267, 0.020865183, 0.0058496613, -0.014261174, -0.12846306, 0.0013002793, 0.0068421927, -0.008153294, 0.0025937902, 0.00023391703, 0.02379394, 0.003977455, 0.015067136, -0.025382673, -0.0038532328, -0.0039157877, -0.0072794133, 0.0003446199, 0.0074122003, -0.010013445, -0.025878673, 0.0048280284, -0.007674296, -0.027740477, 0.0015395755, 0.0073678335, 0.00025302704, 0.018468661, -0.0046227714, -0.008740037, 0.006191326, 0.019101726, 0.00039043883, -0.016331507, 0.024317287, 0.0003583632, 0.0075831176, 0.0021248348, -0.005286078, -0.023803225, 9.870956e-05, -0.0071066725, 0.008160042, -0.019388877, 0.026967708, 0.0019348465, 0.0035375115, 0.0013071948, 0.0043092687, -0.0037203468, -0.0044497987, -0.009421041, -0.008400547, 0.0017660522, 0.015575523, -0.0037966762, -0.00417506, 0.012952048, 0.0049626967, -0.019216394, 0.017862739, -0.0097937975, -0.008702973, 0.009439156, 0.0013109077, -0.014665074, 0.014566314, -0.0007363752, -0.010404543, 0.011565246, 0.0074171736, 0.016955024, 0.012344285, -0.013839951, -0.012698453, 0.01836625, -0.0082742665, 0.0061974335, -0.035643246, -0.0058037047, -0.008361182, 0.01311065, 0.014068146, -0.007175481, -0.0035362602, -0.043377746, 0.016997417, 0.003323819, 0.008362534, -0.018316684, 0.020609533, 0.0022387186, -0.0033851368, -0.060834028, -0.01784456, -0.008048945, 0.011461926, 0.00042110996, -0.015779106, -0.0032478927, -0.010969339, 0.011793784, -0.006161186, -0.007057439, 0.002742432, 0.026035909, -0.020335792, -0.0050445534, -0.013961364, -0.009750976, 0.0075443476, 0.00047627493, -0.010765153, -0.019625148, 0.010542584, -0.0131078465, -0.0030949332, 0.0014895983, 0.001381618, 0.00083973084, 0.023798997, 0.00044141215, -0.0026588123, 0.007860063, 0.015773281, -0.015344424, -0.005100419, -0.006919526, -0.0026344499, 0.022624854, 0.04795553, -0.004902223, -0.010459321, -0.0055464925, -0.009807098, -0.013373899, 0.0041864626, -0.0096079055, -0.010352133, 0.0032592837, -0.0005792892, -0.0071189865, -0.01476936, -0.009761972, -0.025532685, -0.02075631, -0.011046442, 0.004517176, 0.0048847897, 0.0068478864, 0.010955561, -0.0044365698, 0.005983485, -0.006187691, 0.0012966915, -0.013163094, 0.0024358642, -0.004614697, 0.009249469, -0.017664123, -0.0038005612, -0.006886023, -0.013240094, -0.005200852, -2.7973096e-05, -0.0067015626, 0.028365776, 0.0066590495, -0.013344571, -0.013144394, -0.006701996, -0.02641175, 0.024732955, -0.00842021, 0.004636942, -0.0009124795, 0.019049196, -0.021311095, -0.006684145, 0.0011753158, -0.008931803, 0.021069253, 0.0069084363, 0.009588074, -0.0056661405, 0.022378346, 0.0012590771, -0.010971848, 0.017481053, 0.0063623046, -0.017527997, 0.001102186, 0.004259311, 0.021877453, -0.00723769, 0.0018880109, 0.007463005, -0.0097970115, -0.03183142, -0.003717782, -0.031079415, 0.0127321435, -0.0077820728, 0.016533364, -0.012070088, -0.0034269784, -0.0053800843, -0.16080868, -0.011623119, -0.0045314403, 0.0057799183, 0.0018791109, -0.0018905966, -0.02104516, 0.01663134, -0.011797988, -0.02035145, 0.007013795, 0.003959514, 0.0010785459, -0.015718892, -0.016112912, -0.002300727, -0.01710599, 0.011474037, -0.007861288, -0.0040491833, -0.017372642, 0.022703387, 0.0030418604, 0.022675253, 0.013741034, -0.028306264, -0.0061120233, -0.01265983, -0.007114516, -0.010954037, 0.0029123109, 0.020092731, -0.0030799543, -0.006351413, -0.0062855044, 0.005012498, 0.006731355, 0.0009781041, 0.00054937287, -0.010571092, -0.017856892, 0.038076356, -0.0065931277, -0.011523025, -0.0062098196, -0.003480624, -0.025334409, -0.002235481, 0.004406955, 0.012691748, 0.013431327, 0.0038146502, -0.0046020187, 0.024743097, -0.0013298461, -0.013517001, 0.004402155, -0.016925143, 0.013580323, 0.012593612, -0.0061824736, 0.0069800597, -0.010279809, 0.0043328987, -0.013107317, -0.007096629, 0.010361477, 0.12828751, -0.021838773, 0.016911302, -0.009989433, -0.0018719696, -0.008489292, 0.02030476, 0.0046399185, 0.0057884404, -0.014143335, 0.01850126, -0.0009222413, 0.0012814186, 0.0034828142, 0.0064460686, 0.0015890234, 0.0065443474, -0.0030680504, -0.014810171, -0.013031992, -0.00931997, -0.013595458, 0.008365893, 0.012045378, 0.037954163, -0.019655954, 0.02359027, 0.003488073, -0.010128998, -0.0050918795, 0.009528219, 0.005326915, -0.028800169, -0.0073576253, -0.00081729377, -0.019639252, 0.013530642, -0.009301556, 0.0027211022, 0.009149199, 0.013753911, 0.0035263086, -0.007227964, -0.008378477, -0.011997034, -0.00081494154, -0.0014017894, 0.0083786575, 0.035985224, 0.012204288, -0.03569559, -0.00014886413, -0.010728768, 0.012896996, 0.008127135, -0.013855949, -0.021989154, 0.028954774, 0.04237287, 0.012069715, 0.0025386412, 0.0060951635, -0.014850247, 0.025332265, -0.001322385, -0.018052882, 0.0016474314, -0.025284188, 0.016287267, -0.10155833, 0.0047393814, -0.022301005, -0.009094992, -0.0012031983, -0.0030088422, -0.0021811065, 0.005093334, 0.01960102, 0.0070890607, -0.005853288, 0.01927704, -0.020115282, 0.015799511, -0.020372944, -0.010474562, 0.019550873, -0.004726134, 0.01086091, -0.0058939974, 7.0583934e-05, 0.0032026777, 0.0289843, -0.0051426375, 0.015941339, -0.013021453, 6.836995e-07, 0.00038198923, 0.004768262, -0.00016861444, 0.002669647, 0.014363201, -0.031705137, 0.00410261, -0.019507663, -0.010442672, -0.012390645, 0.005025104, -0.0077424315, -0.014688697, 0.003959976, 0.023679642, 0.0036606917, 0.003015852, -0.023979023, 0.0003779265, 0.01571986, 0.0028808052, -0.00938474, -0.036234774, 0.015376786, -0.0048491773, 0.018591732, 0.0057475306, -0.017058374, 0.0046862033, -0.005133993, 0.013151469, -0.007136093, 0.014449554, 0.0033322712, 0.009031286, 0.01062688, -0.0014572669, -0.0007458478, -0.0116703035, 0.009864991, 0.0029146248, 0.007063967, 0.007514193, 0.00036433164, 0.0010637856, -0.0011132295, -0.018388292, 0.013352799, -0.02196427, 0.0024847183, 0.012470028, -0.018885054, -0.0020898785, -0.023068473, 0.0030368646, 0.02513113, -0.003858213, 0.02457137, -0.0064998986, -0.0016413073, -0.0018278043, -0.00084734836, -0.007818715, 0.01694179, -0.006730669, -0.005805243, 0.0042328215, -0.008292403, -0.0074969805, -0.010727778, 0.0032604642, -0.010784457, 0.01488161, -0.005041986, -0.026700953, 0.009651428, 0.010602697, 0.004571827, -0.018619139, -0.011020632, 0.024026066, -0.020607883, -0.014395557, 0.0031145427, 0.0032093055, -0.014943629, 0.01705265, -0.002883744, 0.011518889, 0.0062874006, 0.014109971, -0.005795269, -0.028746922, 0.004212283, 0.031725504, 0.0141311325, 0.010848126, -0.011241128, -0.02443902, 0.006271157, -0.0126467375, -0.008298333, -0.017460104, 0.01674898, -0.011256864, 0.008627792, -0.006212305, 0.016096523, -0.03248522, -0.00072076806, 0.015849963, 0.0075497683, -0.008817311, -0.0029592877, 0.019466465, 0.0031651638, 0.00216187, -0.006207126, -0.010873953, -0.011692837, 0.007484299, 0.012975532, -0.0063093137, 0.016540077, 0.0076573663, -0.030765304, -0.026537633, -0.009431539, -0.0134986695, 0.012317774, 0.007351594, -0.022965653, 0.00041202002, -0.03022158, 0.0062797014, -0.014944444, -0.022972338, 0.0030465284, 0.002348896, -0.006307349, -0.0008065759, -0.031822957, -0.014498142, 0.018133087, -0.015636945, 0.0065469192, -0.014562102, -0.013300909, 0.02298666, 0.0025474867, -0.000762279, 0.003912926, -0.045077123, -0.0001434942, -0.0016481439, -0.00014516433, 0.010716996, -0.018261189, 0.013332739, 0.012419498, 0.0024903961, -0.036500275, 0.011225238, -0.021044713, 0.009378605, 0.0030453517, 0.013975163, 0.013197152, 0.004940781, -0.0016550042, 0.013741714, -0.008847352, 0.0010004309, 0.025754483, -0.0037440667, -0.0018791584, -0.019397601, 0.008208495, -0.01659678, 0.017084805, 0.00054776727, 0.00456516, -0.0109827705, 0.017896049, -0.031628337, -0.011714454, -0.010298702, 0.014307243, -0.0078860605, -0.015394149, 0.015999746, -0.04974459, 0.015231654, 0.0045036464, -0.031365816, -0.0023785755, 0.024243532, -0.00128128, -0.009216264, 0.006728749, 0.0014927639, 0.008589814, 0.0065365573, -0.00947044, 0.016239896, 0.008632109, 0.015460084, -0.001031579, 0.0035944206, -0.03982431, -0.009347872, 0.0041957614, 0.0032503358, -0.0062278006, -0.0009056546, -0.014145158, 0.0055991057, 0.027952723, 0.031778593, 0.0058889664, -0.013477055, 0.014882027, 0.005345737, -0.020791003, 0.017489424, 0.02128637, -0.018072303, 4.534349e-05, 0.004492184, -0.013752678, -0.015036996, 0.006706794, 0.009642305, -0.011493689, 0.0006816091, 0.03270126, 0.0002769533, -0.019319385, 0.029831985, -0.11349531, -0.014172607, -0.0028886625, -0.0019885914, -0.000759723, 0.0054631485, 0.00040093617, 0.03427309, -0.0032752892, -0.00797871, -0.027361028, 0.009315007, 0.02048907, -0.012322341, -0.0015777526, -0.0042371573, -0.0031724842, 0.0015515013, 0.0010584345, 0.0025097402, 0.02620377, 0.010481303, -0.014370603, 0.023769302, 0.0064440146, -0.031662244, 0.0025745598, 0.01381878, 0.0028571915, -0.0047590896, 0.017494248, -0.012701855, -0.0044866176, 0.0027081477, 0.03360404, 0.019654064, -0.020386925, 0.005866276, 0.009096768, 0.012639656, 0.02279177, 0.009087362, -0.0020120512, 0.011804805, -0.018242454, 0.00088443724, -0.009107488, -0.010228076, 0.011044007, 0.007781363, -0.0045330003, -0.016220964, 0.011221742, -0.002047955, 0.004029079, -0.011740361, 0.0053546224, -0.04376554, 0.013128717, 0.018041113, 0.004150259, 0.013324915, 0.01011486, 0.011756081, -0.012096142, 0.0045291134, -0.02887873, -0.017061269, 0.022481935, -0.0040803724, 0.010041218, -0.016520137, 0.0075193057, 0.00029561788, -0.02282193, -0.016431158, 0.00039935193, -0.007949934, -0.051235184, -0.0003598007, 0.032714877, 0.017360354, 0.017597767, -0.0022289103, -0.006191834, -0.00021324423, -0.03950799, 0.0035956963, -0.00093138515, -0.001345224, 0.028943919, -0.0030664643, -0.00063018803, -0.008382203, 0.020509712, 0.0075678644, -0.006526898, -0.020037344, -0.004031511, -0.00034031874, 0.010193923, -0.010983728, -0.015795693, 0.008543024, 0.011498431, -0.023568112, 0.014227689, 0.0066842292, -0.004870823, 0.0074750246, 0.009241952, -0.0034571025, -0.0017154479, -0.000517229, -0.0007131995, -0.00805531, 0.003962895, -0.009910101, -0.010867954, -0.026472472, 0.00427453, -0.0051492816, -0.027758088, -0.0271556, 0.005058838, 0.019171707, -0.006055631, -0.004882103, -0.0057459325, 0.0138317365, -0.014443674, 0.0265291, -0.009332739, 0.016911766, 0.015348461, -0.009562639, -0.008319215, 0.018375555, 0.007817279, 0.0052499827, 0.0055798, -0.020156613, 0.0046587256, 0.0075050457, 0.026354676, -0.014358911, 0.00062060554, -0.012350578, -0.01664659, 0.006088879, -0.015712835, -0.01782658, 0.018126624, -0.0047752834, -0.03429783, -0.01423352, -0.01779566, -0.01831208, -0.012251077, -0.019464383, 0.007963623, 0.001770052, -0.0060217394, -0.012621711, -0.013870431, 0.0027772984, -0.031509757, -0.0028569337, 0.037674934, 0.015913332, 0.0048588584, -0.0044437717, 0.006981732, -0.008947428, 0.040393427, -0.03303849, 0.0077279718, -0.00609374, -0.009891279, -0.017503364, 0.020860054, -0.010787897, -0.01092094, 0.015677266, 0.020364309, -0.033522785, -0.00027835713, -0.019898716, 0.0043045427, 0.010584478, 0.0053467546, -0.0068650288, 0.0144182695, -0.014424776, -0.005781494, 0.00946345, -0.032992292, 6.228738e-05, -0.013119549, 0.022023316, -0.0026965253, -0.034901332, -0.02033216, -0.046729553, 0.00147392, -0.018851673, -0.00037135955, -0.001850767, -0.029191114, 0.0038359102, 0.012613725, -0.015848402, 0.027171986, 0.009469686, 0.019407474, -0.005572659, 0.030035574, 0.003823206, 0.019362943, 0.01224916, -0.010010532, 0.001806687, 0.04822291, -0.009275481, -0.024521738, -0.022477662, 0.0017465797, 0.0050897626, 0.0016107667, 0.0077501317, -0.013933204, 0.018915694, -0.008172675, -0.0020844939, -0.000471576, -0.010135839, -0.0024215423, -0.011898315, 0.01599287, -0.00677317, 0.021776838, 0.01775499, 0.013903814, -0.0016396407, -0.0053967787, -0.01725818, -0.0035936167, 0.004217216, 0.011283207, -0.010089623, 0.00809932, -0.0032422615, 0.01581882, -0.0030315842, 0.0009630032, 0.009716553, -0.014101465, 0.000222145, -0.021432867, -0.0012070716, -0.0014365797, 0.005903594, -0.005976504, 0.019319618, 0.0021382698, -0.0020065405, 0.0134878345, -0.013537463, 0.022774432, -0.0070540677, 0.012714676, 0.010632066, -0.004953306, -0.03461128, -0.006347696, -0.0018534877, -0.0004799992, -0.0054673264, -0.014915595, -0.009835368, -0.0054824725, 0.009311583, -0.0017317318, 0.01805575, -0.01813335, 0.0053861146, 0.005589547, -0.012518679, -0.029596949, -0.005873858, 0.022952318, -0.016289089, -0.006056776, -0.0026855494, -0.003976221, 0.017379686, -0.003645673, 0.023883471, 0.016732654, -0.00071263703, 0.026849974, -0.0019079474, -0.012366458, 0.0037980445, 0.013351169, -0.008425531, 0.019635884, -0.004157716, -0.0034594815, 0.0047473987, -0.002253307, -0.005562838, 0.008737512, -0.013916049, -0.0206144, -0.011584152, -0.009682695, 0.017633693, -0.016211974, 0.0025515817, 0.00037321285, 0.00011168806, 0.019775977, 0.019701326, 0.0075909547, 0.0044516143, -0.0021645713, 0.008289292, -0.017796831, 0.011059065, 0.016476322, 0.013471366, 0.0183002, -0.023598546, 0.018439723, 0.005158866, 0.0074723833, -0.00019730696, -0.018723205, 0.013076616, -0.005880946, 0.005561269, 0.010996424, -0.012630816, -0.02427865, 0.016829787, 0.028851587, 0.009005921, -0.002178168, -0.00039285715, -0.017316025, -0.001790904, -0.010675868, 0.003938697, 0.007510858, -9.305457e-05, -0.005312823, -0.015844174, 0.003977172, -0.027755072, -0.017532442, -0.00744515, -0.026560755, 0.0121573275, -0.016110852, -0.023743805, -0.012150125, -0.025116961, -0.00045056708, 0.021886537, 0.014089943, 0.015705476, 0.0031721762, -0.0015484545, 0.010797541, -0.011419364, 0.002227374, 0.011242906, 0.0021051413, -0.008776147, -0.008703821, 0.0019325677, 0.0018680365, 0.023629408, 0.0059230514, 0.007313653, -0.013636131, -0.00028450007, 0.013850137, 0.021267412, 0.005085415, 0.027449079, 0.009981495, -0.010203184, 0.00022533863, 0.01232367, 0.014890024, 0.010545046, 0.024353119, -0.015672924, 0.006788389, -0.005117394, 0.009967831, 0.023406029, 0.007481737, 0.012676556, 0.0011097172, 0.014819099, -0.011075974, 0.010866612, 0.010167174, 0.014373849, 0.0144658405, -0.00036131268, -0.014869228, -0.002186272, -0.0075023845, 0.0003130329, 0.0065514278, 0.00045284946, -0.017914155, 0.007056966, -0.014776109, 0.012690874, -0.029676804, 0.02274257, -0.001273107, -0.0061776177, -0.019268692, -0.016078724, -0.0095873, -0.0062174452, 0.0065532583, 0.004177791, -0.010390096, 0.017245412, 0.0064988686, 0.0055310274, -0.0020207514, 0.0030234135, 0.028063186, 0.012070635, 0.0032032025, -0.0015668856, -0.0031147676, -0.0018909663, 0.0057280455, 0.015411003, -0.006455026, -0.008590547, 0.020218315, 0.0009951069, -0.014439451, -0.021724077, -0.022856986, -0.012662633, -0.015825504, -0.00340957, 0.015877008, 0.0030110462, -0.005673309, 0.0049057235, -0.0017407348, -0.017049136, -0.04384021, -0.0027709296, -0.015242494, 0.0028934209, -0.013259575, -0.013211933, -0.03716323, 0.0049319835, -0.029128077, -0.010984672, 0.013253381, 0.019672113, 0.016141238, 0.017057894, 0.00033425618, -0.0344905, 0.01248581, -0.0073729595, 0.012512761, 0.013789126, 0.013105673, -0.0083698, -0.0058277873, -0.023188643, 0.0020395156, 0.0057533104, 0.012797511, -0.005086185, -0.017533503, -0.021348622, -0.0043959483, 0.0105656935, -0.0015331582, 0.008566675, 0.001650194, -0.009448289, -0.015451439, -0.0044908496, 0.0027051384, -0.014691643, 0.011298672, 0.002144348, 0.0073748436, 0.0059887837, -0.00037362176, -0.019877292, -0.00597813, 0.023471583, 0.009160136, -0.00948499, -0.008735779, -0.0076105497, -0.007565934, -0.0011813141, -0.004625132, 0.014121579, -0.006223447, -0.025124718, 0.0048416904, -0.008643843, 0.024656927, -0.017884044, -0.0030216274, 0.0041394676, 0.0071430034, -0.0032682687, -0.0037812581, -0.02140473, 0.0047371774, -0.018557852, -0.013020933, -0.008706236, -0.016283242, -0.011064668, 0.021566149, -0.021959336, 0.006870178, 0.04209959, 0.0027141324, 0.016636647, 0.037454166, -0.0010089825, -0.0008296504, 0.021282556, -0.008154731, -0.0060797143, 0.0014196184, -0.0019761154, -0.00039082178, 0.0027808866, -0.011522058, -0.0008089317, 0.009205892, -0.0027200272, 0.0025479496, 0.01675264, -0.01586493, -0.00396034, -0.013385357, 0.009554599, -0.0038587267, -0.010913499, 0.011934329, -0.010228935, 0.0023816105, -0.0043933326, -0.032062285, 0.013386968, 0.015922846, -0.013819922, -0.010045436, -0.005873631, -0.004093616, -0.021230135, -0.00041616295, -0.026088404, -0.008973637, -0.015463176, -0.009465735, -0.009373143, -0.022191443, -0.0077973306, -0.015757145, 0.01825829, -0.01981202, -0.03153021, -0.0005733917, -0.023666633, 0.0068351207, 0.033562213, 0.024522422, -0.007936136, 0.0012205323, 0.015276613, 0.009042693, 0.0032481577, 0.0119631, -0.012936171, -0.016110357, -0.0025125723, -0.0058067366, 0.0029577229, 0.011758485, 0.0038909388, 0.0033094778, 0.0049018753, 0.0037552034, 0.02880745, -0.04614586, 0.009138916, 0.023950094, 0.005878164, 0.0013096364, -0.001806559, 0.021767713, -0.000214303, 0.009616545, 0.009860134, -0.0071543357, 0.0016871751, -0.004501426, 0.014369597, 0.011796973, -0.043804567, -0.012805353, -0.0068986937, 0.0095596565, 0.01721094, 0.012611694, -0.0051836274, 0.039121505, -0.00094396714, 0.000986154, 0.005350679, 0.0014556654, 0.004633862, -0.0019560189, -0.010868955, 0.008498255, -0.015294202, -0.004765048, -0.009439919, -0.00423438, 0.031056074, -0.0019713663, -0.024506535, 0.02391302, -0.0070202197, -0.014142711, -0.00923903, -0.01825588, 0.017386936, 0.0034969829, -0.018503876, 0.015363242, -0.00809368, 0.006694403, -0.004135752, -0.0024977399, 0.0071681985, -0.0066733113, 0.0064795357, -0.009475644, 0.0132416915, 0.016333254, -0.015506656, 0.012106659, -0.012915294, -0.006596744, -0.017370569, 0.008409035, -0.0040586866, 0.0014090157, 0.003527555, 0.006957293, 0.028725797, -0.022204353, 0.025240555, 0.0004360774, -0.010208904, 0.00040382493, -0.026892902, 0.16294406, 0.13566434, -0.0021709981, 0.02457941, 0.022711787, 0.010537613, -0.04752416, 0.02318364, 3.6507194e-05, 0.006868042, -0.017592179, 0.011783616, 0.005163976, -0.013585206, 0.012678703, 0.016944751, 0.0020556403, 0.01011741, 0.021684753, 0.026421864, 0.013174296, 0.006846713, 0.0020766284, -0.020382728, -0.014887984, -0.0075589158, -0.0029924142, -0.01545944, 0.011324894, 0.0006917196, -0.022167364, -0.006685578, -0.020370973, 0.01277346, -0.011717937, -0.00081097474, -0.00036016104, 0.037646644, 0.0005710041, -0.0043457933, -0.015387198, 0.010676591, 0.0012609074, 0.010418286, -0.001995816, 0.009048751, 0.001448795, 0.009306397, -0.007840822, 0.02545787, 0.0026802127, -0.008780862, -0.0033659718, 0.0133466385, -0.013007088, 0.01676431, -0.011973649, 0.009352914, -0.0065733483, 0.009213208, 0.035457827, -0.008140819, -0.031483132, 0.009866904, 0.0011181034, 0.026693873, -0.015768861, -0.008317412, -0.009173557, -0.023914402, 0.009355629, 0.008445409, 0.021217154, -0.0005516126, -0.016161043, 0.00029400756, 0.0014958599, -0.019602766, -0.023539651, -0.014681453, 0.0053777685, 0.017451616, 0.013626793, 0.009278329, 0.00014457529, -0.009843306, -0.014326148, 0.023621308, 0.1078042, -0.018055253, 0.0010437467, -0.031860355, 0.014786992, 0.023760876, 0.0044095875, 0.060738735, -0.009145171, 0.00031239886, 0.017384324, 0.0181204, 0.013008813, -0.00842046, 0.00588759, 0.006979624, 0.03599249, 0.056380674, 0.013384382, -0.008368346, -0.013691465, 0.0059917476, 0.0022183694, -0.0036662952, 0.0024396363, -0.008296235, 0.009763972, -0.003838336, -0.0028010933, 0.020115437, -0.10520863, -0.005751044, -0.003131606, -0.008818916, -0.011676484, 0.021861402, -0.037550434, -0.011221973, 0.0061705094, -0.025459286, 0.01249777, 0.003816302, 0.012477018, 0.012592982, 0.010907139, 0.0003283999, -0.0017337247, 0.0011669642, 0.0036110845, -0.00023366947, 0.035320763, 0.00028761209, -0.02275371, 0.0004702679, 0.008905088, 0.014093302, -0.0061844983, 0.004163057, 0.009008392, 0.03371756, -0.022869183, 0.027305864, -0.02453746, -0.0146918865, -0.0034987822, -0.00110798, 0.005147064, 0.012160337, 0.0011998398, 0.0067447806, -0.0130063575, -0.00044818467, 0.0012745095, 0.005215616, 0.0028940367, 0.016182408, 0.0076642297, -0.022171583, 0.0007734188, 0.003568921, 0.005256016, 0.012949108, 0.0012752487, 0.00094190997, -0.0047833943, 0.028777767, 0.0022832348, -0.024150627, -0.0068318555, 0.011905117, 0.000403786, 0.015882866, 0.018429102, 0.017607093, -0.009897625, 0.0029261624, -0.007870743, -0.00034636917, -0.011488836, -0.021488274, -0.014814046, -0.0015884248, -0.0047606286, 0.0081473235, 0.012770839, 0.0045010345, -0.002381569, 0.0039819754, 0.006944892, 0.00676783, 0.007576121, 0.003922028, 0.013241025, 0.09364972, -0.0037925553, -0.0024293608, 0.016270563, -0.007676708, 0.007352363, -0.0137654785, -0.01901805, -0.0044545303, -0.0026091512, 0.0001955084, 0.026053954, -0.021849973, -0.0018294462, 0.006868411, 0.0021844553, 0.0073425365, 0.0011761873, 0.00017073627, -0.0039523225, 0.0025620484, 0.00047324793, -0.0060098222, 0.0044188774, 0.023143083, 0.01300632, 0.0062639397, -0.0039911116, -0.00696228, -0.004765168, -0.010157171, -0.025515867, 0.004124581, -0.0071360786, -0.006471215, -0.019830868, 0.0062743393, -0.0010081688, -0.0073732766, -0.006659772, 0.0033444453, 0.0037290184, -0.002536115, 0.0042011496, -0.023908189, 0.20446336, -0.010136116, -0.010384897, -0.00022457278, -0.02930472, -0.0135834925, 0.024669167, 0.0037685637, 0.0031529812, 0.0021223526, -0.010600452, -0.00024221148, -0.018285843, -0.0039814245, -0.01091232, 0.003860097, 0.0030988257, 0.01825217, -0.003809426, 0.0022147493, -0.009087519, -0.020269474, -0.014921137, 0.014364679, -0.005939796, 0.014390708, -0.012702891, 0.03287072, -0.018530192, -0.012003161, -0.012488296, -0.00487747, 0.011617885, 0.03352754, 0.0017536071, -0.007817747, -0.0029730103, -0.03016121, 0.0031691869, -0.009604086, 0.006464901, 0.0041281697, -0.031045211, -0.0052454337, -0.0036299871, -0.020644812, -0.004353713, 0.017637793, -0.020659253, 0.00454182, 0.020974947, -9.981191e-05, -0.002512212, -0.008387328, -0.006519425, 0.0120828245, -0.004183084, -0.0070557795, -0.00520189, 0.0016589593, 0.0006502032, 0.016092643, -0.0073896153, 0.004277003, -0.01635202, -0.032945286, -0.032831807]"
Vamos a trabajar para hacer una Suprema Corte diferente: Hugo Aguilar,https://oem.com.mx/elsoldemexico/img/25521331/1756737524/BASE_LANDSCAPE/1200/image.webp,no especificado,El ministro presidente electo dijo que todas las instancias del Poder Judicial comienzan labores a partir de hoy 1 de septiembre,https://oem.com.mx/elsoldemexico/mexico/suprema-corte-trabajara-para-ser-diferente-senalo-hugo-aguilar-presidente-electo-del-organismo-25519741,"[0.015147365, -0.016161134, 0.02725918, -0.054342244, -0.007347921, 0.021977957, 0.021249488, 0.011386977, -0.0008091287, -0.020260451, -0.043978695, -0.0008030145, 0.0083399415, 0.011344234, 0.11494809, 0.0063612866, -0.002152854, 0.024185969, 0.026987603, 0.0072076027, 0.012017785, -0.018713638, -0.011124499, 0.018417591, -0.012980473, 0.03127032, -0.008935679, -0.023559025, 0.03618089, 0.004778143, -0.021610403, 0.0076869577, 0.006693686, 0.01183704, 0.047055464, 0.015878217, 0.016698899, -0.0032516585, 0.004755486, 0.035182506, 0.009987445, 0.020940423, -0.02017023, -0.0019632198, 0.013076264, -0.0014992667, 0.013482629, -0.04237851, -0.017371148, 0.008610836, -0.011557381, -0.033926122, -0.0034538507, -0.16628198, -0.0047377916, -0.0010011932, 0.0069055916, 0.0057287808, 0.00786744, -0.00027019443, -0.0025088822, 0.026597017, -0.019200243, -0.009863184, 0.00548814, -0.009433284, -5.794165e-05, 0.028593382, -0.008382748, -0.009810699, -0.00037876255, -0.011435332, -0.0077859988, 0.02690677, -0.004165688, 0.006431021, -0.022984741, 0.02202273, -0.021538768, -0.0069749593, -0.008115955, -0.0055171293, -0.010259419, -0.008408335, 0.017174121, 0.011012278, 0.0077824066, -0.008458155, -0.007817015, -0.002413341, -0.008598359, 0.004378426, -0.00862969, -0.025882592, -0.009910997, -0.016493227, 0.004779476, -0.007786951, -0.005961884, -0.05222099, -0.01877938, -0.014917507, 0.0052583003, 0.027940303, 0.031055955, -0.00082466565, 0.013460201, -0.03012181, -0.012491696, 0.025698999, -0.006652193, -0.009126372, -0.009936705, -0.021971293, 0.014691083, -0.11241772, -0.031408332, 0.010012512, -0.018714178, 0.0019742437, 0.002252837, -0.022025801, 0.02164487, 0.043980706, -0.026281241, -0.004529698, 0.0046998817, 0.028037097, -0.039245714, 0.0054377695, 0.008123711, 0.026099654, 0.00804424, 0.0020005403, 0.005846628, 0.004560363, 0.0054496643, -0.011653796, -0.0069931173, -0.036245514, -0.015135045, -0.01801331, 0.011064848, -0.0011968089, -0.018553691, 0.010367124, 0.007818376, -0.0028019852, 0.0092814155, -0.014719508, -0.014440972, -0.0038609556, -0.004072437, -0.027667353, -0.011138686, -0.023986006, 0.0030439624, -0.020464618, -0.021822931, 0.028211309, 0.013280556, 0.0009604551, -0.013944418, 0.0063060327, 0.004119132, 0.025855782, -0.010727922, 0.017199552, 0.002276134, 0.015011424, 0.0045554778, -0.002449062, -0.0044548544, -0.02396443, -0.008568706, 0.017982269, -0.011752011, 0.009079123, 0.0048053977, 0.027774861, -0.01080215, 0.0018323873, 0.02441377, 0.04357654, 0.012478557, 0.0022282081, -0.0021891627, -0.013133174, -0.009595894, -0.017267589, -0.016359663, 0.029460205, 0.019453617, 0.0013279519, -0.009698769, 0.0025370128, 0.015624641, 0.006933214, 0.024901586, 0.02812093, 0.02837387, -0.008242207, 0.023181358, -0.007310622, -0.001842025, -0.0034697342, 0.0026562035, -0.00040854843, 0.0039486405, 0.0036191463, 0.005342203, -0.016938243, -0.0161674, -0.012775224, 0.01726596, 0.007135024, 0.0032192399, 0.00260456, -0.0053396877, -0.03283068, -0.017048018, 0.0019827636, -0.009449838, 0.031349514, -0.0054244236, -0.02722984, 0.029609289, 0.008719177, -0.0029421714, -0.009664926, 0.011296443, 0.011294069, -0.002766485, 0.0054820487, 0.010422877, 0.002576684, 0.005467686, 0.0076888967, 0.0087851435, -0.00048506653, 0.0049008005, 0.0061248797, 0.01925514, -0.009339986, 0.038202304, -0.025180822, -0.006456738, 0.014779209, -0.00776906, 0.006412442, 0.020134373, 0.029846495, -0.0031382332, 0.01521739, -0.01135382, 0.0058962456, -0.006048584, 0.0019677994, -0.017902093, -0.013518575, -0.020190379, -0.0125931185, -0.023602754, 0.016560862, 0.0042827697, 0.012171366, 0.018678313, -0.009773364, -0.01344607, 0.005324218, 0.02440071, 0.020383105, 0.002230459, -0.0197613, 0.00023544699, -0.014289898, -0.061133675, 0.007998762, 0.0053463783, -0.02603375, -3.699741e-06, 0.0051741684, -0.0033249187, 0.017658664, -0.003267539, 0.022641702, -0.01583065, -0.015870258, 0.013601543, -0.01772134, 0.00050038117, -0.003734248, -0.006656978, -0.024361523, -0.0075049917, -0.0133916475, 0.0036447549, 0.018589053, 0.0053764544, -0.012167269, 0.0071525685, -0.0011542343, -0.013557264, 0.038240712, 0.049232263, -0.010248755, -0.0013948964, -0.016541325, -0.0046460736, -0.0017899014, 0.0031797285, 0.002602421, -0.009173256, -0.0066174306, -0.009682291, -0.011468204, 0.014354564, -0.0078476155, 0.014866481, 0.035801, 0.004170907, -0.01050967, -0.0069001988, -0.005459812, -0.019822575, 0.00026477888, -0.0036731188, 0.011936469, 0.020235723, 0.0041686813, 0.0007537091, -0.010464837, 0.010320529, -0.0055705053, 0.0010286175, -0.003907505, 0.0027182365, -0.005242964, -0.012332214, -0.008553887, -0.010427763, -0.006189076, 0.02061582, 0.0035148342, -0.017028166, 0.024716184, 0.0048299576, 0.011019662, 0.0032387667, -0.037043057, -0.00930713, 0.011151149, 0.004762707, -0.007959474, -0.015831001, 0.031378187, -0.020681461, 0.011492893, -0.041700125, 0.028295316, 0.009298892, -0.0058658724, -0.0027906848, -0.01026012, -0.017922884, 0.0025785372, 0.021256153, -0.0036457672, -0.04614245, -0.014763294, 0.00951912, 0.011127194, -0.00033615954, 0.00078288844, 0.014875557, 0.020632109, -0.0352471, -0.023299811, 0.016759858, 0.0100621255, -0.00024146478, -0.012813122, 0.009638097, -0.0035905717, -0.0025802758, -0.037471227, 0.007252335, -0.019100746, 7.2550583e-06, 0.008106495, -0.022494305, 0.022983864, 0.0025577103, -0.003960518, -0.014015753, 0.00023858804, -0.00052959146, -0.00461402, -0.022292236, 0.026725803, 0.010079867, -0.02406532, -0.01748775, -0.022816673, 0.009550615, 0.016259395, -0.0236994, -0.033677503, -0.007120775, -0.016077358, 0.018432932, -0.011174922, 0.012761484, -0.014240906, 0.026971452, -0.0070747966, 0.016986575, 0.018015927, 0.0057006315, 0.03743698, 0.0072432063, 0.03909567, 0.0020371114, 0.014567777, -0.022494268, -0.0182257, 0.02034345, -0.010882599, 0.02309794, 0.002685581, 0.013009147, -0.020781916, -0.025527313, 0.012332781, -0.0052455273, 0.0045327954, -0.013566658, -0.018112166, 0.010901495, 0.0302926, 0.0085721165, 0.0031293943, -0.009645417, -0.003912302, 0.02079418, 0.0033077379, -0.00209335, -0.03450314, 0.012166021, -0.0056791212, 0.016769871, -0.004677752, -0.01581049, -0.024013042, 0.021491773, 0.035918973, -0.024650458, -0.024597839, -0.00767315, -0.005147568, 0.015959188, -0.037245765, -0.016138842, -0.00085073314, -0.01279091, 0.022012534, -0.005279727, -0.02423389, -0.013180869, 0.00088275067, -0.025196945, -0.021844361, 0.009198707, 0.015211104, 0.0008431554, 0.007449351, 0.012984188, 0.0072117876, 0.008694138, -0.010431004, 0.0063164635, -0.021316307, -0.007440891, -0.023357935, -0.003928145, -0.0025676265, -0.014767708, 0.021171385, -0.024150755, 0.022098443, 0.0010453872, -0.02504143, -0.014341729, -0.013976208, -0.012546794, -0.025042824, 0.016740263, -0.021964667, -0.0070910472, 0.014640885, -0.023166073, 0.028146751, 0.016502742, -0.01163292, -0.030444315, 0.0240911, 0.0076956106, 0.015662627, 0.011558733, -0.008306974, 0.0025775242, -0.008214126, 0.035908215, -0.01131573, -0.0056146653, 0.007965992, -0.0046890164, 0.039417155, 0.03499274, 0.0043218485, -0.01605015, -0.005692197, -0.0068174344, 0.016950069, -0.0005648072, 0.0012560206, 0.011117193, 0.020720357, 0.02065509, -0.017933045, -0.05026841, 0.020582858, -0.0013589531, -0.0043690023, -0.03296492, -0.007024827, -0.039606933, 0.0027240154, 0.020931019, 0.0029230576, -0.018604968, -0.006782098, -0.06488613, -0.011306012, 0.0094633065, -0.07192115, 0.01212523, 0.019077819, 0.0074250703, -0.021876505, -0.030139724, 0.010928355, 0.021910205, 0.0046904907, 0.03206115, -0.052757997, -0.002969519, -0.009084189, 0.017386591, 0.0027303474, -0.011401603, -0.013536588, 0.0013505463, 0.016054826, 0.0019516189, -0.022288198, -0.0020632767, 0.02885604, 0.018346446, -0.013857785, 0.010282011, 0.017327208, -0.017482104, -0.0040384857, 0.0047801775, 0.019955063, -0.00025706567, 0.02112068, 0.030265085, -0.011843708, 0.014688233, 0.0015459359, -0.00032014438, 0.0047425814, 0.019520083, 0.017221956, 0.008551044, -0.0065796613, -0.014359736, 0.0034131266, -0.0035456338, -0.0055430555, 0.008277712, 0.0108759105, 0.0069989315, -0.022932885, -0.025944479, -0.011669077, -0.0033383938, -0.0107736215, -0.0049744407, -0.016688438, 0.025448231, 0.04230368, 0.009141707, 0.001878868, 0.0015831059, 0.01829678, -0.00040778692, -0.018995065, -0.014594882, -0.021655835, -0.012620616, 0.035060525, 0.010787503, -0.023134189, -0.005824158, -0.009408739, 0.013768978, 0.013395088, 0.0330927, 0.024146974, -0.0005277901, -0.010715448, -0.001916667, -0.04841844, 0.04309469, -0.09682125, 0.016165666, -0.006741947, -0.011114472, -0.013082762, 0.008520603, -0.013277891, -0.026668342, -0.040715206, 0.012670296, -0.021517606, -0.003182194, 0.0006894928, -0.036734857, -0.0011567371, 0.016878318, 0.009981919, -0.009324648, 0.027428089, -0.050166775, -0.015339638, 0.0029023273, -0.0013684285, -0.027941752, 0.0075206463, 0.021653092, -0.0059464183, -0.027613353, -0.0020045596, -0.028262869, 0.0048306785, -0.15321533, -0.010539453, 0.00816786, -0.022821859, 0.0019498351, 0.010945654, 0.0060128104, -0.007708759, -0.0034522545, 0.0067026163, -0.00439317, -0.011538988, -0.03130836, -0.0006517743, 0.038574558, 0.113573544, 0.011842608, -0.021595871, 0.033703398, 0.006989629, -0.020551926, -0.026653524, 0.021261163, -0.0047810776, 0.00563522, -0.00020754206, 0.01661623, -0.031592302, -0.019188235, 0.027557816, -0.007308434, 0.00083438144, 0.0050210566, 0.024778046, -0.0016984852, 0.003138918, -0.020614415, -0.023502253, -0.050876092, 0.008996897, 0.004058588, 0.016324403, 0.0017364238, 0.02153204, 0.0060071577, -0.059696358, -0.0016125547, 0.010218698, 0.0033176437, -0.0060391123, -0.014032865, -0.075061075, 0.0036153852, 0.029412761, 0.0007007644, 0.00020634453, -0.009146985, 0.02601256, -6.843001e-05, 0.030823763, 0.008741531, 0.014530343, 0.019923313, -0.009060387, -0.004133703, -0.02281746, 0.005346202, 0.003261857, -0.023035422, 0.0007962575, -0.00508714, 0.0023527308, -0.020016262, -0.038548004, -0.017155286, 0.0052987584, -0.011762286, 0.0031887142, -0.02489386, 0.009320299, 0.0139999045, 0.034867987, -0.0041129724, -0.008971529, 0.0006863262, -0.006883561, 0.014574087, 0.00580856, 0.0063054934, 0.013648622, 0.013293414, -0.0046706772, 0.005514114, -0.00020161498, 0.02059905, -0.0052610505, 0.0059806337, 0.0035073047, -0.023010375, -0.0076911044, 0.01922679, -0.0108899595, 0.013661248, -0.0295205, 0.01693127, 0.010998285, 0.009965757, -0.022791404, 0.030221988, 0.0034173136, 0.015026134, 0.00044503863, 0.00374883, -0.013493933, -0.010246757, 0.020347252, -0.004467185, -0.011103056, -0.0147081, -0.0042140293, -0.0024875815, -0.00021697454, -0.015714306, 0.0014492078, -0.0050543416, -0.007251979, 0.0012181877, -0.008720033, -0.0005728176, -0.04294974, 0.020600377, 0.0029087313, 0.014110756, -0.0027724593, -0.000938022, -0.0036202257, -0.0008967619, 0.0068225926, 0.013187745, -0.009244448, 0.013682672, 0.0051608076, 0.0057058814, 0.0045983717, 0.013478968, -0.01001335, 0.027217029, 0.010737711, 0.0024821816, -0.013013736, 0.0135416435, 0.0021127807, 0.009032439, 0.0056483042, 0.0001384276, -0.014600425, 0.028443687, 0.014853156, 0.0031218752, 0.013884831, 0.008368635, -0.021326715, 0.00024013835, 0.019624906, -0.010250244, 0.0028504224, 0.0076313457, -0.015673736, -0.00057993684, -0.0037988445, 0.011761658, -0.010829532, -0.012537193, -0.00032836205, 0.0028071988, 0.009769857, 0.0064150332, 0.001301766, -0.0013262286, 0.02347438, 0.01241574, 0.018858898, 0.0054813144, 0.011112574, 0.0049563455, 0.025342941, 0.00025906065, 0.004776668, -0.0005770314, -0.012433788, 0.0003344154, -0.014566203, 0.035555676, -0.014124959, 0.0059073186, -0.0016123276, 0.005616259, -0.0035746384, -0.015369996, -0.0033499307, -0.003773235, -0.008289668, 0.0023689752, 0.011944695, -0.008141571, -0.014717749, 0.0043719346, 0.0068751113, 0.0069585335, 0.0036690445, 0.0069581936, -0.0068621724, -0.0012347032, -0.002339597, -0.012226381, -0.021237357, -0.024421562, 0.02904231, -0.0045258533, -0.0062864227, -0.01895778, -0.011509151, 0.00013650206, -0.006994187, 0.0028586816, 0.0035885668, 0.016419988, 0.010930982, 0.005388397, 0.011684551, -0.0033490097, 0.007059329, 0.002796274, -0.00853196, -0.011125049, 0.012379486, -0.0015153146, 0.0044649886, -0.00722424, -0.0031014464, -0.005211057, -0.0043841368, 0.001180734, -0.004824793, 0.004246551, -0.0052644825, 0.0020777476, -0.0012985875, -0.011660255, 0.0051676906, -0.0029644992, -0.009897987, 0.020264128, -0.0034444313, 0.000505619, 0.00031568002, -0.00053820625, 0.01788125, -0.012319175, -0.0021727479, -0.0036573089, -0.0103732515, -0.0096718725, 0.00726083, 0.0007986908, -0.0011252683, 0.008096142, -0.004016397, 0.013740999, 0.007920782, 0.010974817, -0.0027767862, -0.0013218932, -0.00022701477, -0.014110823, -0.0041489205, -0.013089364, -0.0131477285, 0.013543416, -0.019636562, 0.012208743, 0.0031183022, -0.0045487126, -0.0026656117, 0.0144037595, -0.0010346108, 0.012745798, 0.0043755635, -0.009580981, -0.0197882, -0.033275213, 0.009416797, 0.007190601, 0.0060386104, 0.010787717, 0.0016363926, 0.0003864388, -0.003910659, -0.030787142, -0.015849994, -0.0198962, -0.0051780557, -0.0004795114, -0.013926193, 0.024397219, 0.010385568, -0.009873544, -0.017003769, 0.03140455, 0.006907979, 0.077943705, 0.002908375, 0.0066478276, 0.0019661214, -0.0031372472, 0.01300387, -0.005667076, -0.0105955135, -0.010641364, 0.00051031134, -0.008154066, 0.022714352, -0.0007391776, -0.014651956, 0.015548221, 0.008626728, 0.003986546, 0.00650391, 0.0018703545, -0.0013398348, 0.006322183, -0.0020450142, 0.012680866, -0.022696638, 0.00019514062, -0.0044718003, -0.0030743715, 0.0029036596, -0.011305176, -0.012633295, 0.013133108, -0.0089691505, -0.008739077, -0.0032327082, -0.025335511, 0.009688698, -0.026364055, 0.004503498, 0.010038318, 0.01718849, -0.007454668, -0.014566277, 0.005267945, 0.0008938705, -0.009169764, 0.013888641, -0.015807208, 0.0021133448, 0.0131737115, 0.0007212854, -0.0019025981, 0.009346532, -0.012433471, -0.010001145, 0.0016767608, -0.014305963, 0.01566636, 0.00385467, 0.013286378, -0.014020531, -0.0032167211, 0.02259134, -0.0075548245, 0.00015299922, 0.008779883, -0.015330143, 0.014127134, 0.001073788, 0.008921426, -0.00259886, 0.0048880694, -0.0077058394, -0.008085199, -0.010148573, 0.03828582, -0.007930752, -0.00052968075, -0.016796684, -0.009183004, -0.0040746494, 0.008932703, -0.0017902469, -0.017620994, 0.0025470313, -0.010201436, 0.009181956, -0.008396639, -0.012717506, 0.0014667537, 0.01538905, 0.014641024, -0.009276723, -0.008648121, 0.025614178, -0.011389607, 0.0016449218, 0.05716674, 0.0005478595, -0.008569848, -0.0015933255, 0.0155247925, -0.0034751522, 0.017990882, 0.010334285, 0.012193628, -0.0078317085, 0.0152783, -0.01915189, 0.01175702, -0.0047749486, -0.008443326, -0.004433558, 0.002815832, -0.017659316, 0.008672547, 0.02055829, 0.032230705, -0.0043995576, -0.0010963475, -0.0016141064, -0.009056194, -0.0088023795, -0.0060759, 0.025207976, -0.0042092623, 0.006528774, -0.014954831, -0.0024156917, -0.013128887, -0.0037066105, -0.012243068, 0.008558346, -0.0052878284, -0.009309147, -0.011119678, 0.008561902, 0.031993825, 0.020201785, 0.00047362017, 0.005516571, 0.00075370376, -0.009749289, -0.014567988, 0.013250398, 0.017000057, -0.0010723047, -0.0018056476, 0.0008210309, 0.0077827857, -0.014927793, -0.009675263, -0.005307534, -0.0140793035, -0.00060925074, -0.013479055, -0.007387016, 0.01711709, 0.024353236, -0.009497032, -0.004526599, -0.02242652, -0.007151578, -9.810637e-05, -0.0031146077, -0.010895808, 0.013338782, 0.015817193, 0.011508426, -0.0038951128, 0.009555257, 0.00063227495, -0.004314455, -0.004157413, -0.0061104363, -0.01948035, -0.01140821, -0.0043391488, -0.0018717829, 0.0050333017, 0.005874314, -0.012504969, 0.007039613, -0.012343346, -0.03281151, -0.017237883, -0.0071384045, -0.008112818, 0.0014413754, -0.007029009, -0.00464266, -0.0065662996, -0.00958225, -0.0084315995, 0.006698364, 0.01639686, -0.0025137141, 0.0069397353, 0.0138557125, -0.007737014, 0.01285038, -0.009978864, -0.021020418, 0.011455533, 0.0052870214, -0.017066358, -0.0023757934, -0.0006992711, 0.011821973, -0.0036818346, 0.015401538, -0.012646114, -0.01646196, 0.016356124, -0.0007542151, -0.0069531784, 0.012349177, 0.004307108, 0.012189913, -0.009027651, -0.0057697105, -0.0009393148, -0.011868064, -0.024839927, 0.0011838947, -0.005917009, -0.00119616, 0.0025999488, 0.0211524, 0.00014566504, -0.00530958, 0.001151882, 0.004333599, -0.013083535, -0.009481858, 0.0048700324, -0.004944078, -0.013919368, -0.008370684, 0.011837908, 0.0005901035, 0.014562492, 0.020687507, 0.00559516, -0.012599526, -0.022549048, 0.003920745, -0.015080497, 0.008478487, -0.01611958, -0.0092083765, 0.0070216823, 0.016734697, -0.0039088614, 0.016621638, 0.010204375, 0.0051604463, -0.0035942288, -0.02855796, -0.00045255627, -0.009517405, 0.016525596, 0.010478879, -0.008824622, -0.0101761175, -0.0015963746, -0.012715588, 0.0063140686, -0.00017251752, 0.005519672, -0.008861261, -0.00023297658, -0.0008519352, 0.018305391, -0.0025677592, -0.010098399, -0.002475209, 0.0072748507, -0.016474841, 0.0032195991, 0.002363285, -0.002682324, -0.0020728847, -0.012665788, -0.0063418387, 0.0031336364, 0.006358559, 0.0024725965, -0.00187961, -0.0023184246, 0.0053751203, 0.020244269, -0.00091428385, 0.006197727, 0.0013996488, -0.01422206, -0.0062910346, 0.009406904, 0.001857532, -0.0064465613, 0.0010202832, 0.003942752, 0.020623116, -0.005676133, 0.010175158, -3.53894e-05, 0.014766249, -0.0024986886, -0.0063216067, 0.0012390465, -0.024793174, 0.017689658, -0.0087227225, 0.00016804867, 0.022235068, 0.007651887, 0.016053485, 0.0008701354, 0.011737091, 0.016981434, -0.0008676515, 0.0073278104, -0.015537677, -0.016205626, 0.0004133414, -0.0067258296, 0.00086766324, -0.0036966393, -0.0014086574, -0.016664516, -0.0048693456, -0.022391306, -0.0038207595, -0.0009153314, 0.009613522, -0.002780772, -0.013669698, 0.019335784, -0.0051159803, -0.006818744, -0.019393679, -0.0063310047, 0.0060740197, -0.0031296834, -0.0060364837, -0.008849241, -0.020655764, 0.00046858648, -0.0015575318, 0.013347665, -0.017929012, -0.010599438, -0.005077625, -0.009451538, -0.00089996046, 0.007161381, 0.003129917, 0.0077792783, -0.007287299, 0.012790642, 0.012668307, 0.005599786, -0.00088160293, 0.01087673, 0.0011015766, -0.005442427, -0.0037877413, 0.0028204068, -0.025599366, 0.010022587, -0.0054032328, 0.0044643106, 0.015820993, 0.006665155, -0.0021743153, -0.020469202, -0.00044616743, 0.01874186, -0.013654757, 0.02026473, 0.0027529094, -0.006752535, 0.008713547, 0.0009363427, -0.007879405, -0.0069464897, -0.0042261067, 0.003943013, -0.006609763, 0.0044273385, 0.021609975, -0.017681237, -0.016257713, 0.007880905, 0.0052225683, 0.0006094255, -0.009430546, -0.009191452, 0.013125605, -0.006547108, -0.0010941632, 0.028608844, 0.006995804, -0.004243382, 0.0023550517, 0.0057561495, 0.0010301063, -0.015433934, 4.923475e-05, 0.02159304, -0.0018373686, -0.0073845508, 0.01412642, -0.0027859537, 0.016950013, 0.009238938, 0.012338783, -0.00429166, 0.00028571067, 0.010049218, -0.0006979689, -0.0076331436, 0.012244596, 0.010541415, 0.00037309685, 0.01600835, 0.015161972, -0.00839512, -0.029805347, 0.008304424, 0.00068976264, 0.01020678, 0.009735581, -0.015149164, -0.004891253, 0.02612768, 0.004268609, -0.0023775152, -0.0035990141, -0.0043776077, 0.015836287, -0.010131659, -0.0029910302, -0.0079635475, -0.007207245, -0.01678804, 0.008091933, 0.01538829, 0.005302532, -0.0076529454, 0.009051332, -0.0072653727, 0.012589434, -0.0014469879, 0.006255757, 0.0024106784, 0.0043395204, -0.008363314, -0.0010700136, -0.014064789, -0.0010200596, -0.0013752516, 0.0025408254, -0.09493411, 0.0010948456, -0.011082911, 0.015201779, 0.037115693, -0.0040450897, 0.004206495, -0.009773028, 0.0058529517, 0.0043198904, 0.0027536375, 0.0032630456, 0.003437565, 0.004726393, 0.0070985775, 0.0017619841, 0.023715194, -0.002822746, 0.015354832, 0.0035799113, -0.007981506, 0.003816164, -0.018149141, -0.001191317, -0.01341324, 0.00051499513, -0.0013676161, -0.0035061315, 0.0102890795, 0.0026238684, 0.0024510669, -0.011100561, -0.015123374, 0.016002383, 0.024783453, 0.008628597, -0.016751442, 0.006175666, -0.13699599, 0.013650151, -0.0026885679, 0.003136355, -0.0006941969, 0.010892497, -0.005926299, -0.0052706553, 0.010849224, -0.011489687, -0.022106059, -0.005558191, 0.016732447, 0.00043299893, 0.0036096475, 0.004695271, 0.0035322055, -0.0060807033, -0.013216361, 0.014630545, -0.018461293, 0.0074220877, 0.0047863643, -0.011761944, -0.011567076, -0.016352925, -0.025348116, 0.0061663683, 0.00719296, -0.008671379, -0.010654193, -0.0020279125, -0.002166815, 0.012805836, -0.0086591095, 0.0020350956, -0.0040745707, 0.011859497, -0.00698515, -0.0077929622, -0.007457683, -0.0015673822, 0.014969227, 0.0057433764, 0.002006876, 0.00013610162, -0.006209192, 0.0033391372, 0.015451119, -0.0089415675, -0.0017857518, 0.00090516143, 0.004481833, -0.032432817, -0.014969615, -0.0057230326, -0.0068286345, -0.018749556, 0.006967183, 0.00651685, -0.007892915, -0.018034657, 0.016184296, 0.008106281, 0.019632151, 0.010897303, -0.0062440517, -0.00884334, 0.030172613, -0.008974106, 0.011929234, -0.0010375605, 0.010182202, 0.014164638, 0.00022444563, -0.0033636403, 0.015324754, 0.0032806133, 0.003037044, 0.011237148, -0.005771217, -0.0010091341, -0.004729765, 0.025656216, 0.0050980374, 0.0071057444, 0.017079523, 0.00058656686, -0.00726289, -0.043208823, -0.008148331, -0.0009015054, 0.018687874, 0.019395692, -0.026759751, -0.0040684603, 0.0021548648, 0.0021578732, 5.2018193e-05, -0.0014778465, 0.0073728072, 0.018288748, -0.0044036387, 0.004537768, 0.019828547, -0.021067124, -0.005471525, -0.026068002, 0.031405255, 0.00083816535, -0.011161783, -0.016485788, 0.018903475, -0.011869425, 0.0049949326, 0.0014284163, -0.0122777065, -0.025850305, -0.03189338, -0.0014500279, 0.007658695, -0.018933743, -0.004106505, -0.0027976255, 0.005782265, 0.010470731, 0.019353528, -0.0026017812, 0.0019520001, -0.002797529, -0.0052398937, -0.014052943, -0.006937284, -0.0043572653, -0.009882942, -0.017574176, 0.01152448, -0.00571785, 0.009650759, 0.003962928, -0.0080100745, -0.0016733147, -0.0093042245, 0.010610695, -0.0057441304, 0.010123623, 0.0018422783, -0.008222556, -0.024244197, -0.0029357683, -0.023187218, 0.0030740916, -0.0072992314, -0.0039366274, -0.0062188255, 0.010417369, -0.020067133, 0.0021131614, -0.017900184, -0.0069820094, 0.005319839, 0.014265715, 0.009080614, 0.0008100816, -0.01473575, -0.020537725, -0.006816847, -0.017030256, -0.0045957062, 0.026458716, -0.0045592627, -0.0026822663, -0.001628239, -0.01955518, -0.021991974, -0.0125585105, 0.003546192, 0.0154525675, -0.021151038, 0.004239715, -0.0072356937, -2.6662114e-05, 0.017680157, -0.013915339, -0.009672663, -0.0022687665, -0.008879372, -0.012814092, 0.012451114, 0.015974866, -0.004753695, -0.0005583496, 0.017241882, 0.025455719, -0.007862788, -0.009936145, 0.004382472, -0.003519012, -0.025718948, 0.020473085, 0.018814601, -0.021374172, 0.022354823, -0.16564476, -0.0126481, -0.0038215686, -0.0005072584, -0.00032041976, -0.00028883686, -0.0052776155, -0.0049121794, 0.015527686, -0.016023133, 0.0024520857, 0.006275731, 0.022159494, -0.003212742, -0.006997149, 0.02482847, 0.007115008, 0.014337626, 0.013794044, 0.0054858597, -0.027130438, -0.009821398, -0.0164763, 0.013573527, 0.035154745, -0.010658049, 0.009252485, -0.00072258, -0.007042061, -0.0013640719, 0.015243288, 0.0047344314, -0.006199316, 0.008904137, -0.0017455478, 0.0015416038, 0.010721218, -0.0014737484, 0.00037327997, -0.0002282092, -0.007990901, -0.0058350503, -0.0073599694, 0.0055505196, -0.016400874, 0.0028866008, -0.012052208, 0.0025776941, 0.009986544, -0.00045062246, -0.0052831653, -0.021753818, -0.009928493, -0.006801834, -0.010102802, -0.013054185, -0.009555074, 0.008084042, 0.0017963283, -0.008953069, -0.0074346233, -0.0053754747, 0.011858585, 0.007666694, 0.0008029281, -0.018580014, 0.011236679, 0.14262307, -0.0067133843, 0.005091094, -0.0077005303, -0.0068608057, 0.01651887, 0.008053486, 0.0005569378, 0.0046592015, -0.010276577, 0.019531852, -0.0064046215, -0.007602031, -0.016087286, -0.021331185, -0.0029353711, 0.0022724916, 0.010490762, -0.021863442, -0.0067953942, -0.011547862, -0.0065382454, 0.004533218, -0.007169378, 0.018550592, 0.0026980594, 0.029363655, 0.014937795, 0.01477653, 0.016558023, 0.008905781, -0.0035455949, -0.0016250453, -0.0022937593, -0.0031344544, -0.005407692, 0.0057301326, 0.009564525, -0.015459603, 0.006944682, -0.002310293, 0.00018983804, 0.0071429927, -0.025501208, -0.006018572, -0.0032910262, 0.003839898, -0.0005781683, 0.004207045, 0.013190904, -0.04141567, -0.0029804525, -0.008670223, -0.007755511, -0.0039371946, -0.018931374, -0.0005631996, 0.00993701, 0.015874093, 0.0053128996, 0.008824309, 0.017893698, -0.0024442486, 0.011630068, -0.0014781302, -0.0032450384, 0.0037380808, -0.019360589, -0.0048673293, -0.116097726, 0.01050653, -0.013269469, -0.017414788, -0.008996002, -0.0028427325, 0.001125439, 0.0077559887, 0.00044646594, -0.008919574, 0.015883718, 0.012788739, 0.00784656, 0.0062180087, 0.014570866, 0.006435232, 0.008471715, 0.0014311274, 0.011978211, -0.0072417147, 0.02032112, 0.010244069, 0.011958362, -0.0054906867, 0.019423809, -0.007831669, 0.018163035, -0.002678246, 0.019198963, -0.0072031086, 0.0063929274, 0.0153142335, -0.013348278, 0.00867008, -0.014063666, -0.011124882, 0.0048823585, 0.010057469, -0.025759283, 0.0037173056, -0.0039850296, -0.0012724318, 0.0018828638, -0.009453828, 0.010435526, -0.005432316, -0.0020495625, 0.018636296, -0.0016678915, -0.0014889287, 0.008072445, 0.0069977087, 0.0037257443, -0.016519267, -0.0060870373, 0.024024786, -0.017356427, -0.01668573, 0.0045252945, -0.012219936, 0.0071666217, -0.015166835, 0.03308116, 0.001307215, -0.00896853, -0.01950235, -0.005139137, -0.025698481, -0.0036610113, -0.015808443, 0.008020382, -0.0066577797, -0.001490872, -0.00988104, 0.03381218, 0.0036268518, -0.010143586, 0.001868097, -0.021745166, 0.007293005, 0.005037552, 0.0083966, 0.007782345, 0.025351051, 0.014157111, -0.03269444, 0.006790086, 0.012483058, 0.0099436175, 0.012848189, -0.014355479, -0.0033625746, 0.018230807, -0.025167417, 0.026895348, 0.017096752, 0.011464322, -0.017809175, 0.018326411, -0.008611044, 0.006525015, -0.0031617335, 0.010386067, 0.011546541, 0.0068709636, -0.013868332, -0.017630678, -0.020197496, -0.004476429, -0.002682014, -0.009130295, 0.0025677616, -0.0038000424, -0.0025410815, 0.009210209, 0.01220997, 0.006380153, -0.010639472, -0.013027016, -0.015666055, 0.010547245, 0.004642902, 0.014320121, -0.00033124862, 0.007387798, -0.0014581482, -0.023880007, 0.010932926, -0.0033730646, 8.297537e-05, -0.0026625062, -0.0053782593, 0.006156528, 0.007845948, 0.013826352, 0.002708878, 0.022263477, 0.0117292795, 0.013831119, -0.013210794, 0.01208448, 0.009154073, 0.0077333017, 0.027562687, 0.0017996476, -0.0063203587, -0.011423322, -0.02301382, 0.004739852, 0.00989988, -0.0047288686, -0.011689523, -0.018150713, 0.006025293, -0.0032890677, 0.013834003, -0.007736675, 0.0026963155, -0.0075000827, -0.0069016474, -0.014129651, 0.023581851, -0.0072063906, -0.012033988, -0.0075064874, -0.026160961, -0.0052734134, 0.017404307, -0.019598424, -0.038540475, -0.0072508333, 0.0040918775, 0.005294027, -0.032221124, -0.01831277, -0.0006597046, -0.006530369, 0.024248399, 0.0096373, -0.06656439, 0.024045292, 0.001791381, 0.01636691, -0.012947002, 0.021187272, 0.0025830371, 0.004171776, 0.0070902193, -0.0017076959, 0.010940778, -0.016616737, -0.004183626, -0.018599065, -0.020418385, 0.012453583, -0.013286189, -0.0030194316, 0.017701862, 0.021409739, 0.022449788, 0.007040682, -0.008305142, 0.0043168445, 0.012605952, 0.007234686, -0.009571073, 0.01848207, -0.0036435477, -0.0064053913, -0.009683067, 0.0099935075, -0.008205517, 0.010908291, 0.009954561, -0.010471715, 0.015128908, -0.025986055, 0.0040677316, -0.04620386, 0.018794503, 0.007683616, -0.036284387, -0.00053333817, 0.008400421, 0.004975568, 0.007426243, -0.020965585, 0.006435627, 0.012255129, 0.025552258, -0.012995706, 0.0222067, 0.0056870896, 0.0076354835, 0.020772412, 0.0005279152, 0.0072364337, -0.009411948, 0.0017309795, -0.01546317, -0.011910842, 0.010956917, -0.019011457, 0.013256398, 0.013891471, -0.010553649, 0.01398437, 0.005242694, 0.04133187, 0.017184079, -0.020167809, 0.023848876, -0.007941015, 0.0032706917, -0.03421212, 0.0013448531, -0.002895973, 0.009891596, 0.01090341, 0.009025166, 0.013440408, -0.020124407, 0.041869797, 0.016112885, -0.034512796, -0.00951668, -0.094540596, 0.019149182, -0.008592975, 0.017496528, -0.010195061, 0.016061084, 0.0059441742, 0.040191542, -0.004840352, -0.0035127483, -0.015860196, -0.0009478213, -0.012917728, 0.0038408118, 0.012109822, -0.01038667, -0.029286435, 0.015633758, 0.0031198063, 0.0019659763, 0.043775715, -0.009026405, -0.0051899557, 0.015621456, 0.0036672864, -0.036520522, -0.0050000288, 0.007926343, 0.0038570105, 0.012071598, 0.0072851605, -0.0057644653, 0.0025065835, -0.0052172053, 0.015245335, 0.003453868, -0.013276106, -0.024016608, 0.016745226, 0.0025395323, 0.038827218, 0.027524954, -0.0034952622, 0.021496722, -0.004632967, -0.028814834, 0.011507076, 0.022116836, 0.003488451, -0.0140426485, -0.010337524, -0.029677767, -0.013846773, -0.008143246, 0.00087136676, 0.013362822, -0.0043118033, -0.005053749, -0.002757599, 0.019774206, -0.025495984, -0.009676718, 0.004127931, -0.006227564, -0.007395614, 0.005350314, -0.03084945, -0.005281836, -0.012017356, 0.02418189, 0.017932288, -0.015268986, 0.0025259187, -0.024037175, -0.0135469455, -0.0018645161, 0.0014693362, 0.0044831187, -0.045148455, 0.007864443, 0.06520166, 0.0032232187, -0.00834221, -0.021044167, 6.0287675e-05, 0.002854633, -0.010374553, -0.014158613, -0.0097684795, 0.041303754, 0.008175365, -0.009888174, 0.0072005875, -0.0034642036, 0.01689037, 0.0030343973, -0.0026481044, 0.021056442, 0.020152971, -0.012979328, -0.001075982, -0.006465571, -0.021044642, -0.0063619856, 0.00710897, 0.0035929934, -0.0060379948, -0.0030512824, -0.0084489565, 0.010346871, -0.0007645618, -0.002263722, 0.005058495, 0.0008149459, -0.010449458, 0.020397639, 0.0139680635, -0.001751864, 0.00936461, -0.023776945, -0.018250762, -0.008808113, -0.015645703, -0.015650447, 0.015872566, -0.0015671258, 0.01804227, -0.0006483762, -0.009293122, -0.005422736, -0.027562026, 0.0144406, 0.010205793, 0.010977311, 0.0131381275, -0.012513337, -0.022465361, 0.021096306, 0.022801531, -0.0028431343, 0.012890755, -0.019481018, 0.0022200516, 0.027542641, 0.0056253504, -0.0058187116, -0.012733353, 0.0001916499, -0.010090996, -0.006304699, 0.0068270187, 0.0017966102, -0.0024182154, -0.022721363, -0.017271874, 0.014747367, 0.011810193, -0.025298798, 0.023424696, 0.012014787, -0.0031519907, -0.00399639, 0.0040490995, 0.006425838, 0.008344315, 0.00044894792, -0.00037099508, 0.007185328, 0.00049921905, -0.013995701, -0.003674308, -0.010179345, -0.004542731, -0.005702368, 0.015759723, -0.027224608, 0.0067747883, 0.025184238, 0.010755365, -0.021180563, 0.02256391, 0.00065119105, -0.014432216, -0.0010599102, 0.016853912, -0.015849784, 0.0069348253, -0.014095738, 0.002850482, -0.0028687713, 0.0067314366, -0.010869747, 0.020073468, -0.013994331, -0.018209169, 0.012805399, -0.028329019, -0.009683836, -0.0018535195, 0.011728089, 0.006657342, 0.0020581586, -0.0018726689, -0.015350076, -0.030478956, 0.016267672, -0.008705203, 0.009279896, -0.020908905, 0.0074317446, -0.026903389, -0.0019903244, -0.014201964, 0.010944326, -0.018666875, -0.004829112, 0.022519518, 0.013734188, 0.0192841, 0.013405421, 0.032957386, 0.0005407734, 0.0032633375, 0.012433615, 0.022902992, -0.005721175, -0.0068628644, 0.017905127, -0.0014439431, 0.01016962, 0.013139027, 0.005289383, -0.017170025, -0.008707, -0.017312307, 0.021905305, -0.0060073733, 0.009074516, 0.009162706, 0.019553497, 0.0077107814, 0.013476867, 0.013078412, -0.0052954084, -0.007984643, -0.0127805155, -0.020053504, 0.001597077, 0.0059215664, -0.008501158, 0.009363977, 0.026843349, -0.015661294, -0.0009251184, -9.947287e-05, 0.009644098, -0.0027781734, 0.0025252907, 0.019113548, -0.017407093, 0.0068005477, -0.017275868, -0.008868029, 0.0012976106, -0.013701807, -0.016205214, -0.004719632, 0.02006726, -0.010950255, -0.019917853, 0.0048451293, -0.015298804, -0.017937344, -0.0060043177, 0.004834328, 0.009773523, 0.004990178, -0.00514615, -0.017643323, 0.009517441, 0.021472463, -0.010788714, 0.007258495, -0.019193549, 0.025511902, 0.005947529, 0.009829931, -0.0010213726, 0.01317066, -0.013950017, 0.010682435, 0.0024752726, 0.008354965, 0.0007534287, -0.00829479, -0.018905472, -0.013069916, -0.0012136754, -0.0020910455, 0.0008739405, 0.005578227, -0.02385176, -0.014257154, -0.0017833468, 0.015182995, 0.029170059, 4.5480418e-05, -0.022925366, -0.0073213233, 0.011814535, 0.008780214, 0.0026020214, -0.020092422, 0.0024135092, -0.006459435, -0.021068955, 0.0039073336, 0.019965354, 0.010033203, 0.029176326, -0.0011648141, 0.026929643, 0.029380392, -0.011251983, 0.0013988588, -0.004505517, 0.02381921, 0.0023968825, 0.009855127, 0.025712375, -0.01598655, -0.007989612, -0.008402272, -0.003621737, 0.018148182, 0.0015850274, 0.019464668, -0.009217917, 0.0041051456, -0.0018701901, 0.007334684, 0.023971112, 0.023326933, -0.0041722977, 0.004418887, 0.002822795, -0.013090918, -0.009081921, 0.012520964, 0.009787675, 0.012851125, 0.0109102065, -0.020798812, 0.013878255, -0.0040720385, 0.0015151518, -0.002288549, -0.014388573, -0.006224826, -0.0039385613, 0.001707475, -0.0063210856, -0.020471988, -0.005323104, -0.01780677, -0.0034199595, -0.012073425, -0.01987938, -0.0137956375, 0.021690778, -0.0066528926, 0.0083519025, 0.0013766022, 0.0044582165, -0.0026700688, -0.0025732687, 0.020575356, 0.0039022355, 0.003983175, -0.02367562, -0.013864392, 0.026774187, 0.024632724, 0.01194597, -0.014336014, -0.014770065, 0.005044105, 0.016040845, 0.0066145007, 9.694476e-05, -0.012921555, 0.00681663, 0.017810699, 0.0048867846, 0.017389046, -0.02105527, -0.003880028, -0.025108995, -0.0080252625, 0.028605731, 0.0078789005, 0.005781986, 0.013299578, -0.011555426, -0.006445596, -0.01110594, 0.018249352, 0.00052807224, 0.008400964, -0.0026556603, -0.012097882, -0.0016068085, 0.0014737935, 0.01784725, -0.013134407, 0.02291239, -0.0071987216, 0.015679263, 0.0007909492, -0.011780708, -0.009351315, 0.019619185, -0.009729641, 0.02257545, -0.016092945, 0.032959852, -0.010943328, 0.016791731, -0.005908221, -0.008585883, 0.016020188, -0.0036658428, 0.008356973, -0.0053682104, 0.0095611755, -0.0037762956, -0.02775279, 0.0028815963, -0.008145117, 0.006503386, 0.004115467, 0.0034144486, 0.009813675, -0.004472234, 0.021422135, 0.010778547, 0.0034687326, -0.007314141, 0.013959101, 0.0027596578, 0.002511121, 0.0024053724, -0.0081823375, 0.006324922, -0.0083699655, -0.020369561, -0.008160921, -0.010690372, 0.032688133, 0.004824872, 0.0029207245, -0.0031920508, 0.0024446042, -0.016308062, -0.034315426, -0.023752524, -0.005324551, -0.020042134, -0.0115651, -0.00900416, -0.03335484, -0.004536514, -0.023723498, -0.015945757, -0.0189712, 0.013851376, -0.014975806, -0.012968648, 0.024502378, -0.020851301, 0.012054467, -0.0037401812, -0.0010292706, 0.0127729075, 0.003401095, -0.0031789884, -0.014522231, -0.014784592, 0.011392642, -0.008187821, -0.0019569471, -0.014134365, 0.008674048, -0.015419261, -0.002484457, -0.015060191, 0.011482283, 0.013660882, -0.0067821825, 0.0014136874, 0.0025565727, 0.007475615, 0.0075838254, -0.017180592, 0.026149468, -0.013894435, 0.0090934355, 0.010014405, -0.010129277, -0.026424404, -0.005998433, -0.010037811, 0.0030859949, -0.0012690506, -0.0114051355, -0.013639156, -0.011835176, -0.0020270152, 0.012110981, 0.006671736, -0.018689122, -0.013827902, -0.016938515, -0.0007187234, -0.0060762037, -0.0045076506, -0.015649237, 0.02012451, 0.006570942, 0.015181184, 0.022560762, -0.014246554, 0.0018971241, -0.012400225, 0.013619052, 0.0130545385, 0.0004009883, -0.0254608, -0.009829822, 0.003644665, -0.008943542, 0.0039106417, 0.0151972, 0.010008252, 0.004536713, 0.025743827, -0.009256289, 0.013023299, -0.026014067, 0.015798876, -0.0027549714, 0.015790973, 0.0050652334, -0.018828047, -0.027612515, -0.007495302, 0.0162556, -0.0101670865, 0.0102948565, -0.014292386, -0.023241108, -0.012929388, -0.008176247, 0.03424621, -0.014012295, 0.010720364, -0.0045939684, 0.0083448645, 0.00012025299, -0.014242025, -0.017659236, -0.000987858, 0.030708166, -0.0064801634, -0.012493543, -0.018267246, 0.001744524, -0.015933821, 0.013292503, 0.03433831, -0.025506955, -0.01720574, -0.028185898, 0.007946623, -0.003058937, 0.023012947, -0.009962169, 0.010957771, 0.0130752, 0.011471759, 0.005671259, -0.012804286, 0.0009721875, 0.00495568, -0.008912472, 0.0069812816, -0.011049799, -0.017109137, 0.027252689, -0.017861892, 0.022396646, -0.013991051, -0.002831336, -0.022922693, -0.0023891425, -0.022620287, -0.002642854, 0.0007248445, 0.018064648, -0.012620633, 0.005997734, 0.057722047, 0.0005960345, -0.01751297, 0.008914737, -0.007950592, 0.00055978936, -0.0064781075, 0.0044178558, -0.0038552256, 0.009026483, -0.0025321245, 0.0010918147, -0.030579967, -0.013996786, 0.010823203, 0.0326643, 0.0021843095, -0.012166584, -0.020748805, 0.0057644737, 0.00496149, -0.018420193, 0.021316145, -0.01460913, -0.0048224796, 0.00019665949, -0.011396323, 0.03425184, -0.016525166, 0.009456959, -0.009991216, 0.011165387, 0.017832723, 0.004714861, 0.00022549625, -0.0064048674, -0.021839386, -0.008498009, 0.012076049, 0.018392926, -0.015282505, -0.008167119, -0.0073405863, -0.017699633, 0.010044706, 0.021052303, -0.0046737827, 0.037504245, 0.013659974, 0.01305657, 0.006547331, 0.011121385, 0.0009265868, -0.0015424874, -0.020888634, -0.025448956, -0.0196595, 0.012408638, -0.0021630605, 0.026276896, -0.02195844, 0.014509378, 0.015501968, 0.026102128, 0.041351832, -0.024922159, 0.01091342, 0.009459326, 0.016868202, 0.0035749145, 0.03643812, -0.0278156, -0.006037045, 0.0065275016, -0.018515047, 0.17067058, 0.12908432, 0.01207086, -0.0054724687, 0.021071559, -0.00783065, -0.02120767, -0.00540009, -0.016468229, -0.011226434, -0.027557861, 0.014836737, -0.0028287582, -0.0186361, -0.0070743426, 0.008695145, 0.0049708067, -0.0028658903, 0.003726946, 0.007973657, -0.015905794, 0.016210986, -0.03658341, 0.00655463, -0.004780718, 0.014573519, -0.008545917, -0.01723166, 0.01986873, -0.012072284, -0.0049729156, -0.002665584, -0.005798608, 0.0097899595, 0.01792285, 0.005557025, -0.042785414, 0.007740913, 0.007183395, 0.0045255437, 0.004863952, -0.022775559, 0.014946108, -0.008618894, 0.0087170275, 0.042694654, 0.0059914053, -0.0073911794, -0.008386454, 0.00071586535, -0.0063013956, 0.0041253404, -0.00861745, 0.036198415, -0.017690523, -0.0013959768, 0.0020619233, 0.00044286434, 0.02333324, 0.009548318, 0.01854005, -0.0067857536, -0.008540308, 0.0069465223, -0.009612822, 0.03199535, -0.021156706, 0.011526195, -0.018865528, -0.029755894, -0.00013787029, 0.009906784, -0.018589262, 0.018050727, 0.0024884897, 0.017711502, 0.0035423303, -0.012993359, -0.008068142, -0.03133529, 0.016831221, -0.0040390366, -0.0065090624, 0.0050208955, -0.0013784663, -0.005280067, 0.0012748984, 0.013412754, 0.10682432, 0.010674641, 0.0009491505, -0.012864804, 0.0027255919, 0.016963527, 0.006985747, 0.058120504, 0.014644793, -0.011534565, 0.0053568203, -0.030549252, 0.018109258, -0.009261335, 0.0023731329, 0.008872131, 0.027259883, 0.058262378, 0.025975069, 0.009799752, -0.017663741, 0.01196585, 0.018675772, 0.004273845, 0.005281064, 0.0021835805, -0.007940734, 0.0012888021, -0.01196217, -0.007434971, -0.08910474, -0.0015032743, 0.012286885, -0.013314447, 0.0051708524, 0.025494093, -0.010054796, 0.01027906, -0.0047976477, -0.0356034, -0.005209319, 0.018013561, 0.017676827, -0.0132703725, -0.00572678, -0.0050477115, 0.006215167, -0.0104971025, -0.012307369, -0.0054219356, 0.0057024066, -0.0077979625, -0.01822353, 0.026470002, 0.021097707, 0.01835801, -0.0102124885, 0.018696923, -0.01438064, -0.0018289601, 0.006207142, 0.0016726295, -0.027942779, 0.02305388, 0.0028854955, 0.023307944, 0.018891267, 0.024092568, 0.019644909, -0.0018151356, -0.029178513, -0.022740949, -0.014874344, -0.011689477, 0.0013689436, 0.009019427, -0.023696497, -0.0034130472, 0.0049455394, 0.0016212473, 0.010046636, -0.017070185, -0.001816721, -0.0017784699, 0.00857378, 0.00020657809, 0.024076052, -0.0002524389, 0.00030590378, 0.01286449, -0.0008769827, 0.006027172, -0.00018293799, 0.01176738, -0.01989485, 0.00823865, -0.0009631055, -0.024947194, -0.0189535, -0.0030203369, -0.020416705, 0.0053768023, 0.019968154, -0.009148577, -0.0019331472, -0.0035017508, -0.028731087, -0.020587407, -0.01897683, 0.031028144, 0.015414928, -0.022973487, -0.029471952, 0.11060934, -0.0033009194, -0.011075298, -0.007480471, -0.0087016, 0.017213844, 0.0034067007, -0.030120768, 0.0053863917, 0.021545826, -0.019265415, 0.0145733245, -0.0026704764, -0.0021101786, 0.016838783, -0.00048348858, -0.0052181617, -0.0052889176, -0.020669697, -0.025086213, 0.000101477875, -0.009619684, 0.027659565, 0.0009971788, -0.004608285, -0.0012118381, -0.010483778, -0.021235894, 0.0032774946, -0.021161318, -0.0040732683, -0.002751384, 0.002225768, -0.0010360647, 0.019023834, 0.015150483, 0.023870798, -0.007460714, 0.01054288, -0.012669767, -0.010331605, -0.00031724107, 0.001695596, 0.014396454, -0.036221832, 0.19491953, 0.019902011, -0.00914338, 0.011564472, -0.011178131, -0.017009296, 0.00036010076, -0.002347644, -0.009531906, 0.01462369, 0.039578527, 0.005576226, -0.0025007846, 0.0033633078, 0.008607704, 0.00322315, 0.0023078527, -0.011742966, -0.02027028, 0.012284606, -0.007445936, 0.00796303, -0.038209643, 0.012628826, 0.01637385, 0.0016702234, 0.012533235, 0.0107729845, -0.00093748805, -0.0048435437, 0.0155107025, -0.01433348, 0.022968058, -0.007846097, 0.005817994, -0.009279746, 0.02544582, 0.00037096642, 0.001765486, -0.007731418, -0.0057025976, 0.020052373, -0.01762415, 0.0040988303, -0.011757192, 0.00040513513, -0.008990871, -0.013593086, 0.016987538, -0.012617772, -0.006792724, 0.010655733, -0.00811029, -0.01778107, -0.011499916, -0.0007940557, 0.0021386137, 0.010014397, 0.006089397, 0.00037718323, -0.012168771, -0.01732377, -0.019184593, -0.0043165563, 0.018759161, -0.012051142, -0.016073436]"
SCJN deja atras a su sastre de la Roma,https://oem.com.mx/elsoldemexico/img/25511522/1756666907/BASE_LANDSCAPE/1200/image.webp,no especificado,"Los ultimos dos contratos, celebrados en 2021 y 2023, suman 75 mil y 84 mil 500 pesos entregados a esta misma sastreria",https://oem.com.mx/elsoldemexico/mexico/scjn-deja-atras-a-su-sastre-de-la-roma-25509676,"[-0.0024314004, 0.0026875755, -0.006984985, -0.064386636, -0.024713378, -0.0030627537, 0.033200238, 0.030707113, -0.039553612, -0.009053602, -0.022384057, -0.00460893, -0.005103456, -0.028931111, 0.14395173, -0.0016058444, 0.0052880775, 0.0042276946, -0.0061738896, -0.015678667, 0.00030631738, 0.002645097, -0.017658101, -0.01647126, 0.009064915, 0.003235473, -8.6363376e-05, -0.007711891, 0.049913533, 0.004199995, 0.0016238944, 0.0034438611, -0.01839815, 0.01110644, 0.03694127, 0.02311997, -0.010428655, -0.03759487, -0.015307958, 0.017166749, -0.024683096, 0.010700092, 0.020667173, -0.004821409, 0.009040878, 0.014451872, 0.013413565, -0.0398653, -0.024504941, -0.006895093, 0.027935416, -0.033730138, -0.016276402, -0.16224675, -0.010104466, 0.012240127, 0.0063625434, 0.03477795, -0.01590227, 0.0072890203, -0.016752921, 0.029584851, -0.027513957, -0.017028403, 0.012785917, -0.0078048613, 0.0005862682, 0.018590156, -0.059355307, -0.022047559, -0.0035921105, -0.012576981, -0.013137526, 0.025346227, 0.00069790083, 0.01409973, -0.006791689, 0.020601222, -0.011416752, -0.0020371778, -0.0016582389, -0.035033684, -0.016659753, 0.0033768525, 0.006693532, -0.004733297, 0.008258743, 0.00364229, 0.015639259, 0.009805609, -0.04352873, 0.025457392, 0.001338935, 0.0040523284, 0.0025647965, 0.0032688633, 0.024346717, 0.00034895446, 0.0116904555, -0.024208678, -0.010216214, -0.00951995, 0.010240494, 7.055996e-05, 0.02793483, -0.022798136, 0.011717009, -0.0015786068, -0.020271057, -0.0004270013, 0.002817208, 0.0037803014, 0.0041614464, 0.04340139, 0.0030197275, -0.12404049, -0.023657601, -0.003692606, -0.0067742523, -0.0016396387, 0.017731732, 0.015677895, 0.034250706, 0.0071548894, -0.043140024, -0.01615114, 0.030297298, 0.017813701, -0.013477203, 0.012434232, -0.0032866045, -0.013843575, 0.011881196, -0.017779764, -0.024686811, 0.010092133, 0.010692191, -0.03167531, -0.00948172, 0.019290019, -0.0045734653, 0.010162032, -0.0005581733, -0.020850578, -0.009242953, 0.010233247, 0.007814593, 0.0035100188, -0.009308877, 0.005546862, 0.013610597, 0.015920999, -0.023874532, 0.017316809, -0.0094896825, -0.026097132, -0.016827479, -0.0029350137, -0.0016075812, 0.0016477646, 0.0070860847, -0.009090335, -0.0031487623, -0.0050195907, -0.010247765, 0.05498089, -0.01958405, 0.013013629, -0.029530568, -0.0030517327, 0.0072714933, -0.0010550952, 0.021221425, -0.028700214, 0.003923779, 0.01817994, -0.02527025, 0.019274073, -0.0068110023, 0.011470465, 0.025170436, -0.005557389, 0.022077145, 0.023502424, 0.0038636066, -0.00945141, -0.006412542, -0.020946804, -0.0019161386, 0.017071981, -0.022765698, -0.0029274286, 0.0033988936, -0.022766273, 0.0024351098, -0.007795387, 0.016290555, 0.021653844, 0.014690709, 0.018291716, 0.027096242, 0.015755517, -0.0011134531, 0.0065230317, -0.0030867357, -0.020052718, -0.038661715, -0.016263103, 0.016246928, 0.0139570525, -0.007987923, 0.028139353, 0.01165112, -0.011977118, 0.009161099, 0.008672379, -0.024019273, -0.025984244, -0.02836785, -0.01771083, 0.005043018, 0.013245601, -0.0031831763, 0.0358474, -0.0017626007, -0.017983003, 0.024639951, 0.019909507, -0.023276506, -0.014007738, 0.036787674, 0.021488441, 0.00332148, 0.005658291, 0.0016286122, -0.02420129, 0.008860492, -0.00516745, 0.008620653, 0.032951, 0.0068075345, 0.003233371, -0.007491456, -0.0072147753, 0.0066566477, 0.00124745, -0.022572355, 0.0097215045, -0.009755849, 0.04441309, 0.027528223, 0.017291797, 0.017109998, -0.013849352, -0.035626553, 0.0013090543, -0.017966796, 0.0046347855, -0.014509877, -0.009252546, -0.02149929, -0.001992525, 0.016334485, 0.00494448, 0.0066929604, 0.013724139, -0.016947838, -0.017518934, -0.03631335, -0.009238135, -0.00915592, 0.034749854, -0.010675973, 0.0063682497, -0.005523532, -0.0030310454, -0.075369775, 0.019644164, 0.0034152349, -0.017522596, -0.007094415, -0.008414792, -0.006777046, 0.031533223, -0.015881766, 0.00784298, 0.0035203223, 0.011850363, 0.0034854056, -0.03373743, -0.004883554, -0.01100346, 0.050401878, -0.009341129, 0.029242268, -0.0046998095, -0.004520749, -0.0015815329, 0.007896159, 0.0035062968, 0.019733118, 0.015433829, 0.012716295, 0.07225283, 0.0051852637, -0.021183046, -0.0004571848, -0.027045337, -0.0060426346, -0.011495677, -0.008973398, 0.008460234, -0.002747247, -0.030859526, -0.0034040476, -0.00814442, 0.032314032, 0.013485561, 0.011807142, 0.004581246, 0.013491115, -0.0042422344, 0.026066605, -0.0113971215, -0.014922659, 0.007893106, -0.0144337565, 0.010258432, 0.021848293, 0.031329796, -0.015330889, 0.02356608, 0.020276867, 0.0034832477, -0.011900585, -0.0009485295, -0.009290954, 0.024355108, 0.0052683433, 0.017359642, -0.010410759, 0.026595887, 0.0020345522, -0.0044402257, -0.058519278, 0.018545782, -0.0011873406, -0.01481559, -0.0102597, -0.015502055, 0.026340038, 0.008524399, 0.006212128, 0.012457745, -0.008956593, 0.033811323, -0.023138171, -0.0074788905, -0.023337949, 0.03456552, 0.00498708, 0.020706605, -0.01591033, -0.0031162759, -0.015142864, -0.0046277298, -0.007960847, -0.012059348, -0.001228984, -0.0075065363, 0.00058099907, 0.035293665, -0.001979953, 0.019237077, -0.00918499, 0.020839315, -0.030555509, -0.022043524, -0.0172493, 0.0041804356, -0.031870894, -0.031617403, 0.00041005094, 0.014784192, -0.01629297, -0.014410381, 0.0009210415, -0.015182466, 0.00039017433, -0.006104601, -0.011673445, 0.021889282, -0.008152764, -0.01664618, 0.0039123935, -0.013250561, 0.013926379, -0.003313034, -0.027865158, 0.008519215, -0.0068835835, -0.012570259, 0.012119061, 0.0016099637, -0.012936775, 0.030528432, -0.012042208, -0.00027728782, -0.015335968, -0.028475, 0.0364364, 0.010654079, -0.00922785, 0.025209637, 0.043821104, -0.015185469, 0.012315922, 0.014122573, -0.003020977, 0.0056034564, -0.012637792, 0.028341044, -0.009452068, 0.047042947, -0.014390627, -0.0002669708, -0.0059652664, -0.019644463, 0.019600183, -0.023636743, -0.015869036, -0.026704147, -0.02485784, 0.004381071, -0.025962712, -0.0012594688, -0.022378076, 0.011951054, -0.023555504, 0.0010433322, 0.010797713, 0.017824706, -0.0038279258, -0.011418426, 0.011329767, 0.029423293, -0.0026414497, -0.0040948335, -0.012259978, -0.0056502474, -0.009703674, -0.014420605, 0.022735627, -0.018583601, 0.021188548, 0.0038126514, 0.015566061, -0.0044519613, 0.0036947976, 0.02372735, -0.0043829693, -0.018659376, -0.0011449818, 0.032268554, -0.02126227, 0.006741598, 0.011503847, 0.011295185, -0.018604387, 0.007583152, -0.002852437, -0.0040212907, 0.009897006, 0.0364717, 0.0065732375, -0.000936301, 0.016368287, -0.014084971, 0.0010081456, -0.0034440062, 0.031341232, -0.021676704, 0.008239372, -0.017465737, 0.021177018, 0.026427964, -0.0024944178, 0.010471581, -0.015208084, 0.012614778, -0.00048804464, 0.026171826, -0.04072645, -0.011164075, 0.005109707, -0.00832713, -0.0017682115, -0.031672467, 0.021309912, -0.02181363, 0.008021866, 0.0051444657, 0.005408331, -0.019685682, -0.0008671773, 0.01972885, -0.0037608186, 0.027830387, 0.012176327, 0.0024956607, -0.030536368, -0.03255933, 0.01818722, -0.008352461, 0.007449672, -0.012335135, 0.015412944, 0.012038456, -0.0069504143, -0.009334441, -0.020123119, 0.017896267, 0.0018585466, 0.007768175, -0.0017625296, -0.0036079064, -0.0122028515, -0.03587486, 0.009910771, 0.0032680791, -0.004764875, 0.00227285, 0.012616361, -0.006039811, -0.020345127, -0.021846693, 0.0033382378, 0.010198303, -0.01136514, -0.0015719081, -0.026832428, 0.013949877, -0.02994983, -0.001937358, 0.017839687, -0.06132404, 0.0077453027, 0.013118859, 0.018047672, -0.0027092102, -0.0136008635, -0.012190909, -0.029881926, 0.016778668, 0.0043121157, -0.01828164, -0.0063599735, 0.016897721, 0.016777806, -0.007962583, -0.01312534, 0.0063936636, 0.002946571, 0.0011079569, 0.016489577, 0.009889703, 0.0041721906, 0.011929565, -0.0041913465, -0.0060427347, -0.00557293, 0.03407527, 0.0065305727, 0.0043106764, 0.0153641775, 0.011467398, 0.0309017, 0.02476962, 0.007837403, -0.008069823, -0.008177532, 0.002358822, 0.025747972, -0.009476521, 0.03160489, -0.00043203658, -0.0051106936, -0.0021689406, -0.012389839, -0.007957167, 0.015465339, 0.0042608203, 0.007714205, 0.023686228, -0.0033779652, -0.020211317, -0.014734002, 0.000602878, 0.011627099, 0.0040071905, -0.01075941, -0.026086446, -0.025419718, 0.004051179, 0.011054488, -0.019788159, 0.016273212, 0.0241084, 0.029476196, 0.0111683775, -0.026676714, -0.016106674, 0.020196501, -0.009777358, 0.021632707, -0.007082218, -0.023988752, 0.019828001, 0.025994835, 0.024476394, 0.025657123, 0.0059577473, -0.016142996, 0.016633349, -0.0055735693, -0.02694847, 0.028719766, -0.08200817, -0.016809873, -0.03352387, -0.017167578, -0.005857962, 0.005995932, -0.006334985, 0.013745976, -0.0006945337, 0.014218207, -0.018445598, 0.006002114, -0.014414666, -0.004216233, -0.010030254, -0.0064350907, 0.036608215, -0.0024553747, 0.007095774, -0.04420302, -0.031002443, -0.0043289554, 0.0072725406, -0.008232789, -0.015656402, 0.012341691, 0.0035888515, -0.026585182, 0.023544014, -0.009369512, 0.010347919, -0.13664426, -0.0015216816, 0.009274265, -0.0130105615, 0.0062055173, 0.017278453, -0.005137782, 0.0010975532, -0.009986055, -0.020198599, 0.013057886, 0.008638056, -0.018384464, 0.011807399, 0.049847346, 0.11351982, 0.011459107, 0.01673904, 0.013776236, 0.025070919, 0.013435017, -0.0011868803, 0.0327537, 0.01869716, 0.016843714, -0.0005598798, 0.016932499, -0.008108915, -0.022340277, 0.019151326, 0.022991318, 0.012583623, -0.010674007, 0.0045752795, 0.014265977, 0.014699673, 0.0060469187, -0.011556096, -0.015692743, -0.007575973, 0.0094380705, 0.028899457, -0.02332632, 0.011626491, 0.009506683, -0.013821924, 0.01592796, -0.027252862, 0.006252091, -0.01224672, -0.017975152, -0.06195502, 0.0046584522, 0.023397183, 0.026301894, 0.0021302141, -0.0069532827, -0.0011421365, -0.010196497, 0.015302099, 0.014848495, 0.0047621625, 0.023539228, -0.024044769, -0.0342114, -0.016059851, 0.030477365, 0.017657414, -0.0005098347, 0.001979612, -0.0020878068, -0.012063537, -0.018740477, -0.020160146, 0.0013333332, -0.009103221, -0.030464798, 0.011856687, 0.027398163, -0.012668299, 0.023694655, 0.026652075, 0.0029854511, 0.0018369318, -0.008090356, -0.007917124, 0.008799304, -0.021602886, -0.013009751, -0.012265857, -0.02153006, 0.0142724505, -0.014917249, -0.012715017, 0.020252002, -0.007130394, 0.0061201258, 0.007869697, -0.032333728, -0.011867618, -0.0042890343, -0.0033584675, -0.00494267, -0.027258858, 0.0017599531, -0.007525014, -0.0093677305, -0.02562414, 0.010878212, -0.01161684, -0.007177927, 0.016743202, -0.00711598, 0.0012659463, 0.010893291, 0.017293153, 0.0058353995, -0.0014466887, 0.004072873, -0.01641204, 0.012113022, 0.0016361772, -0.027895203, 0.014120781, 0.0032471567, -0.0058293752, 0.0009309322, -0.010728533, -0.0030960613, -0.05435502, 0.0089981705, 0.0072380123, -0.00641475, 0.011452472, -0.00292745, -0.004632979, 0.01118529, -0.018374352, -0.0030004298, -0.021295255, 0.019871466, -0.011790332, -0.004330745, -0.0030792432, 0.009780242, -0.00095418823, 0.0043004355, 0.004487406, 0.007059241, -0.012193301, 0.006150142, -0.027019281, 0.0066812276, 0.025147345, 0.0017981427, -0.026077526, 0.0046051093, -0.0038844266, 0.011231187, 0.008440568, -0.0003509117, -0.012782881, -0.013175349, 0.015531489, 0.0048626745, -0.0010560034, -0.0016928444, -0.01269963, 0.0083350595, 0.023704166, 0.0018313252, 0.0073918886, -0.007076574, -0.01365172, -0.002785148, -0.0014931195, -0.0020157865, -0.015297267, -0.02115536, -0.0063905166, 0.0069085164, 0.013912463, 0.0031481409, 0.005596751, 0.012795696, 0.017025825, -0.0018932159, -0.010575025, -0.009348553, -0.018511426, -0.008425995, -0.011296229, 0.014591406, -0.020387556, -0.007913125, -0.00683894, -0.015251829, 0.025935724, -0.01776784, 0.017462123, 0.0023412658, 0.0029309676, -0.012957187, 0.0054682516, -0.011612934, -0.005848899, -0.0011114482, 0.0027943905, -0.004256884, 0.026186474, 0.0034729773, -0.007660586, 0.005858225, -0.015814738, -0.0057184626, 0.0020186156, 0.0107055735, 0.0126412455, 0.0033123693, -0.0053421394, -0.018139774, -0.0050547537, -0.0039832685, 0.0002973492, -0.014004229, 0.009008467, 0.005573247, 0.006653548, 0.014799686, 0.00446312, 0.007934481, 0.01682028, 0.015393465, 0.013337529, -0.00023896557, 0.0029868681, -0.0049647116, 0.0077558686, 0.026970716, 0.0016654722, 0.0051732855, 0.010467376, -0.0017878381, 0.013065616, -0.0025051893, -0.004367537, 0.0071002133, 0.008142683, -0.006421873, -0.007501308, -0.004584122, -0.00036043656, 0.0213732, 0.016675133, -0.007173668, -0.017883604, -0.015949655, 0.018832775, -0.0053689196, -0.0020211812, -0.018647203, 0.0021629795, 0.0069686202, 0.0006138672, 0.0050312905, -0.001351652, 0.0011706873, -0.022376008, 0.003540203, 0.009361181, -0.0029435821, 0.0050568567, -0.0031439613, 0.0057499893, -0.005692194, 0.0064189485, -0.002342604, -0.0059539736, 0.012509528, 0.016035998, 0.0053639463, 0.01839859, -0.014561787, -0.0011575428, 0.013672507, 0.01312994, 0.004305, -0.0012372817, 0.014085376, -0.030574495, -0.014116841, 0.004609529, 0.011893168, 0.013880079, 0.004092422, 0.0071313446, 0.00095138344, -0.021679055, -0.010675188, 0.014081132, 0.010871606, 0.007197988, -0.005618826, -0.014992151, -0.008561065, -0.008524724, 0.0099962065, -0.010022419, 0.012166167, 0.009109323, 0.0779482, 0.0033372922, -0.012694632, 0.009484258, 0.001346148, -0.01645344, 0.0065977187, -0.011374832, 0.012595174, 0.015187482, -0.0022007336, 0.009124454, -0.019778375, -0.008315044, 0.02496685, 0.0077976016, 0.0026686501, 0.026467843, -0.021271173, 0.0032414445, 0.00013305513, 0.012438179, 0.0029459149, -0.031043816, 0.0035647182, -0.017557768, -0.008274457, 0.012083834, 0.013756221, -0.009480297, 0.014020835, 0.013633748, 0.006171823, 0.006501258, -0.023954846, -0.0051178625, -0.0033323942, 0.009770156, 0.02340236, 0.033086892, -0.016834361, -0.008779267, -0.0015726103, -0.0011308239, 0.021153204, -0.0057603614, -0.009919971, -0.009329329, 0.0067344, -0.0022721929, 0.0031285796, 0.007993843, -0.00611453, 0.0019161482, -0.007308595, -0.0055075227, 0.0036128904, 0.006870256, 0.0037451636, -0.010127612, 0.005722368, 0.014758015, -0.018747604, 0.010239032, 0.010021339, -0.019370407, 0.0011353653, -0.010852682, 0.0053145867, -0.01831566, 0.0110157, 0.0048816595, 0.003218618, -0.016005792, 0.031343084, 0.0015327848, -0.0045325295, -0.0073096226, -0.009760386, -0.0046289344, 0.014376111, -0.0015026006, 0.008065504, -0.0039009412, -0.00089926814, -0.0018387998, 0.00090318685, -0.00017265193, 0.0009989185, 0.002363466, 0.006074059, -0.0015565372, -0.0015989654, 0.019969434, -0.008953839, -0.008891545, 0.053334802, 0.021126654, -0.022309884, -0.0073855603, 0.0040377565, 0.01102978, 0.0026584445, 0.0038179308, 0.004738762, 0.004850471, 0.01633815, -0.0039513353, -0.0012794406, -0.008912792, -0.0036831207, 0.0042896075, -0.00802639, -0.01914653, 0.011929984, -0.0034575912, 0.006963287, 0.020820763, -0.013131349, -0.00018457009, 0.008583348, 0.017136434, -0.0020216294, 0.00849162, -0.018529152, 0.004018786, 0.0051438427, 0.00042225904, -0.019574719, 0.004525868, -0.008981366, 0.0019983512, -0.020627722, -0.006990784, -0.0076603172, 0.015248644, 0.0013308313, 0.0108363135, 0.004020846, -0.00010219272, 0.005062524, -0.005868486, -0.016531976, 0.006954119, 0.0012151845, 0.004682312, 0.007095805, -0.01506656, 0.0006939652, -0.0060609533, -0.01094129, -0.0097286785, 0.0023248475, -0.0039018472, -0.007403902, 8.411546e-05, -0.0005448762, 0.016444184, -0.008715245, -0.013126808, -0.002689507, 0.00601034, 0.00030143847, -0.009184306, -0.013671703, 0.0025573457, 0.0203913, 0.011101531, -0.016178455, -0.004247587, 0.011208944, 0.003225055, 0.0044053965, -0.005126895, 0.00019712311, -0.017463481, -0.0035504077, 0.010438389, 0.009247229, -0.0008133001, -0.00846544, 0.014539752, -0.014481149, -0.008822613, 0.0074340976, -0.015196499, -0.013969238, -0.012066374, 0.0044516004, -0.023592763, 0.005081156, 0.008880406, -0.00092853204, 0.009244251, 0.0010302591, -0.00032996916, -0.0068305894, 0.011835948, -0.012029431, 0.016243236, 0.0138268005, -0.020879583, 0.013549451, 0.0030253718, -0.011492824, -0.010617622, -0.008056813, 0.006531597, 0.00092638243, 0.012502532, -0.012592655, -0.012613168, -0.011072611, -0.00044164032, -0.0061362595, 0.015415465, 0.016466176, -0.020820575, -0.0024081243, -0.021754652, -0.010032865, -0.00869929, -0.022984926, -0.0027536112, 0.0072656246, 0.0039069876, -0.008167408, 0.030714424, 0.00014894141, -0.015958607, -0.0087688, -0.004123342, -0.021779835, 0.000332116, 0.002470625, 0.0054734456, -0.009199794, -0.0007785863, 0.013439187, 0.0011347529, -0.0062550656, 0.006913595, 0.0091026835, 0.00095732004, -0.021390568, -0.002902779, -0.02844824, 0.009055851, -0.0029302337, 0.0020956588, 0.011630702, -0.0070164893, -0.014443805, 0.0059077865, 0.00046602025, -0.0012463162, -0.008083354, -0.0479476, 0.015834717, -0.01614379, 0.00043752152, 0.008973678, 0.0037735882, 0.0013572907, -0.0013591181, -0.0035340013, 0.0117924055, 0.015558613, -0.0010205181, -0.01898079, -0.0034458616, -0.0038395098, 0.0020074546, 0.009388911, -0.00448414, -0.008988155, 0.0073653683, -0.006188039, -0.0049970048, 0.016631434, 0.012342973, -0.007427189, -0.013889789, -0.02213236, 0.00095117226, 0.0106606465, 0.002065038, -0.006515, -0.008545184, -0.008004167, 0.014545107, -0.016527858, -0.0016058275, -0.0038663582, -0.0031649324, -0.006942743, 0.013753048, 0.009712509, -9.1730195e-05, 0.007448248, -0.0013083891, 0.012155964, 0.0038259549, -0.0023173108, -0.0036563282, -0.0010310601, 0.0030973987, 0.0018733339, 0.009970351, -0.0115607865, 0.020635502, 8.528849e-05, -0.006518864, 0.02896417, -0.013767826, 0.012887516, -0.0002801787, 0.024677165, -0.0031414786, 0.0009109427, -0.010686194, -0.0250445, 0.012662695, 0.026720561, 0.0005066091, -0.022476858, 0.008919864, -0.0021764643, 0.011674986, 0.0017403486, -0.018399207, -0.012588527, -0.0070714517, 0.013915617, 0.009211786, -0.009065147, 0.026102265, 0.0057765874, -0.015928697, -0.0047603343, 0.00018295133, -0.0051131602, -0.0054273484, -0.0051218425, -0.0194815, -0.017913844, 0.0082227755, -0.0001710622, -0.006592495, -0.0050648726, 3.477835e-05, 0.0023536636, -0.002809289, -0.0047495323, 0.0027181047, 0.006685025, 0.016521187, -6.5358768e-06, -0.0041642347, -0.016756002, 0.00401334, -0.019032866, 0.009800007, 0.0025273957, 0.004973159, -0.012406474, -0.009509652, -0.028493887, -0.0004176305, -0.0007704823, 0.006975181, 0.013367903, 0.0010934337, -0.0021313007, -0.02128833, -0.013451915, 0.012166846, -0.0058102715, 0.0077162124, -0.022729196, -0.00017003648, -0.0088886125, -0.0061613265, -0.011458013, -0.009090707, 0.0045917314, -0.018715998, -0.006060898, 0.0020628446, 0.02226634, -0.006052018, -0.024982372, 0.022814495, 0.0021458687, -0.027664436, -0.017177556, -0.0039857477, 0.01297551, 0.007829305, 0.0020816154, 0.0033781447, -0.0010460312, -0.019433158, 0.015417018, 0.0041842163, 0.002017387, 0.0035404146, -0.010578557, -0.010158236, 0.023151234, 0.019048281, 0.010350241, 0.006928324, 0.005273589, -0.0014084977, 0.002553318, 0.0058285757, -0.011801922, 0.0074335337, 0.003951302, 0.002084138, 0.0025993672, -0.0086533725, -0.0008847523, -0.015578181, -0.00094646093, 0.0048832367, -0.014864385, 0.0046050865, -0.0021139232, 0.02241752, 0.015468906, 0.005291834, 0.0046040392, 0.015569283, -0.005833184, 0.0028501428, -0.01832965, 0.006173802, -0.0033702687, -0.008456921, -0.00803641, 0.0038998788, -0.0023029356, 0.0017393851, -0.0038992374, -0.015058277, 0.007608465, 0.006677714, -0.002162948, 0.0008607513, 0.006486461, -0.011345507, -0.0056166877, -0.007972378, 0.009534602, 0.0053924425, -0.00394197, 0.015500056, -0.000209499, -0.001356182, -0.00880853, -0.07289329, 0.0058366307, 0.009910299, 0.007929346, 0.011365133, -0.00093233096, 0.010785758, -0.015469992, -0.02064661, -0.0146001605, -0.008971715, -0.018216066, -0.007554654, 0.0051603913, 0.0024140119, 0.010503266, 0.02906793, -0.003392418, 0.0083028525, -0.0063542943, -0.014100478, 0.003808541, -0.020622248, 0.004665028, -0.023015633, -0.010456752, 0.005708249, -0.014944545, 0.02273027, 0.0014254219, 0.011255798, -0.013555149, -0.0039291, 0.008000709, 0.024279619, 0.00054482144, -0.009288559, 0.022005629, -0.13676916, 0.023995537, -0.009710051, 0.014745458, -0.011704143, 0.0036808385, 0.001610521, -0.008382142, -0.0068103475, -0.008101161, 0.009505779, -0.016190741, 0.0030706923, -0.0030822195, 0.007755189, -0.008022869, -0.00795354, 0.005984609, -2.8966666e-05, 0.012565631, -0.0077791642, -0.0063312673, 0.007320126, 0.0051771826, -0.018200176, 0.0030526645, 0.011794695, -0.0016266346, -0.018612066, 0.00029124224, -0.012286, -0.0024784293, 0.018243935, 0.007479942, 0.017485954, 0.0035772382, 0.021563437, -0.008721448, -0.0027280755, -0.0019217925, 0.008992413, 0.0053523947, 0.010165592, -8.0043064e-05, 0.004634721, 0.0049761254, 0.0023672571, 0.0042347643, 0.0027183276, 0.014150265, 0.013174935, -0.0026486772, 0.005828465, 0.007082014, 0.00318878, -0.0017799918, 0.0010388353, -0.002433744, -0.007465691, 0.0030337921, -0.018301187, 0.011390858, 0.007975969, 0.0024354332, 0.010164702, 0.013669803, 0.0010178097, 0.0015707512, 0.020966953, 0.012226401, 0.016042754, 0.00279872, -0.013756254, -0.002278699, -0.016615327, 0.002073394, 0.026424142, 0.002505175, 0.00082423654, 0.020072209, -0.009731054, 0.004133832, -0.012436807, 0.019968526, 0.005165499, -0.027120734, 0.01469399, 0.014292131, 0.005613435, -0.039405245, -0.0039638537, 0.014601543, 0.01659564, 0.022541068, -0.003227963, -0.0037948652, -0.00027073122, 0.00076076994, -0.015499265, 0.017466465, -0.0174577, 0.0026001555, 0.022790806, 0.02010069, -0.0027631202, -0.007078699, -0.010792642, -0.039323088, 0.008178896, -0.005600049, -0.0039753676, -0.0032170883, 3.2366275e-05, -0.0035479008, 0.0073874476, -0.00748699, -0.0063360087, -0.0088971015, -0.008391295, 0.011613513, -0.008605651, -0.0111411875, 0.0082523115, 0.010746135, 0.0057455003, -0.0062922696, 0.031020472, 0.005944199, -0.009529178, -0.0103167845, 0.00050956995, -0.027279971, 0.005573834, -0.0048011336, 0.0047844085, 0.006269686, -0.00019562426, 0.0016315528, -0.0024211, -0.006781319, 0.0065919366, -0.0025882712, 0.018782333, 0.014409688, -2.1089538e-05, -0.006203179, 0.000643271, 0.021079851, -0.0022168483, 0.016598409, -0.014087245, 0.0044639646, 0.0068740947, -0.01633813, -0.0046776147, -0.002312372, 0.004099408, -0.0103004845, -0.00689359, -0.01102009, 0.02353642, 0.0047337906, 0.016204836, -0.009032176, -0.0041073947, 0.011849408, 0.027117077, -0.010523011, 0.012163728, 0.018046191, 0.011166391, 0.006105315, 0.023139235, -0.013485575, -0.004733423, -0.012206645, -0.000779667, 0.0019593763, -0.011826695, 0.02556853, 0.0149553, 0.0018639234, 0.004725087, -0.0027808107, 0.0037262423, 0.007993423, -0.0126024345, -0.0026048948, 0.009076851, 0.015977474, 0.0064560557, 0.006229283, -0.0058776014, 0.0103634605, 0.0021065285, 0.003117278, -0.018528007, -0.0069554206, 0.0009876702, 0.025802035, 0.012815233, 0.017777396, -0.016584126, -0.17709354, -0.010045026, -0.012092656, 0.0006379993, -0.010663695, -0.0015809855, -0.013234436, -0.0021012225, 0.026326716, -0.040551953, 0.014788664, 0.023434397, -0.00047327325, -0.017656768, -0.0006377688, 0.020187454, 0.011808403, 0.0083983205, -0.023545966, -0.00017994111, -0.0106475605, 0.02443173, -0.014702305, 0.009696862, 0.014916006, 0.0020377897, -0.0014677388, 0.00808312, -0.005186624, -4.080845e-05, 0.008708952, 0.0145449815, -0.008734989, 0.007630056, 0.011094496, 0.024188772, -0.019645218, 0.017270934, -0.0026685589, -0.0020662232, -0.035528276, -0.0044580237, -0.0055929883, 0.023927735, 0.002130082, 0.00723196, -0.017094271, -0.018559908, -0.018742064, 0.0068391995, 0.018167986, -0.025781294, -0.0013862791, -0.005657989, 0.025719637, -0.030844525, 0.0065422985, 0.004570075, 0.019708198, 0.01821239, 0.0010032671, -0.007981353, 0.016434163, 0.010581687, 0.026283879, 0.004582665, -0.0025993285, 0.13213202, -0.031443037, 0.0029229363, -0.004527352, -0.025738388, 0.04220538, 0.01102044, 0.014752678, -0.016620923, 0.0067172814, 0.011018428, 0.011545544, 0.014618979, -0.019520383, -0.019129002, 0.0035393073, 0.004103747, 0.0025135789, -0.015985664, 0.007329093, -0.015250384, 0.0003693033, 0.0019339519, -0.0018325459, 0.0122340275, -0.023726502, 0.016140888, 0.010322875, 0.007010513, 0.009321853, 0.019051678, -0.0002116709, 0.0015513418, -0.011113576, -0.01337192, -0.0040667052, 0.0028271172, 0.028598422, 0.011387966, -0.014625296, -0.003423573, 0.01835056, -0.017055333, -0.018667445, 0.008514684, 0.01275609, -0.005507503, -0.005216837, -0.012373261, -0.013850822, -0.021761319, -0.0076899715, -0.004189868, -0.015575752, 0.0077078836, -0.010007657, -0.025254855, -0.002743867, 0.010743501, 0.0024746812, 0.018439664, 0.0037015623, -0.025231278, 0.000108056236, 0.00067792926, -0.018126853, -0.007891133, -0.019928243, -0.0096242605, -0.12049044, 0.0064909277, -0.01632083, -0.020181978, -0.0029526362, -0.020913392, -0.0050093, 0.0010108424, 0.007163053, -0.027954817, 0.004863896, 0.024792425, -0.005970789, 0.0034270925, -0.009502959, 0.012941213, 0.0014398157, 0.000921272, 0.008014962, -0.013429052, 0.0049800873, 0.0031014523, 0.013746365, -0.007927661, -0.00035766923, 0.013924018, 0.018442938, 0.019558001, 0.007095488, 0.008532571, -0.014171578, -0.021327598, -0.013166394, 0.0016770185, 0.0014075141, 0.017158581, 0.0087519055, 0.00067779724, -0.0025912202, -0.02098351, 0.013867103, 0.00030553428, -0.015528331, -0.01603884, 0.006400565, -0.02254122, -0.0062691984, 0.026888374, 0.0026136478, -0.016234292, -0.0035721003, 0.01614127, 0.011197405, -0.0058591543, -0.026774999, 0.020014664, 0.014077418, -0.012659156, -0.004765834, -0.009271286, 0.023250578, -0.008557594, 0.0012820241, -0.0209339, 0.006511527, -0.0038577088, 0.0075361026, -0.0029745034, 0.018705748, -0.008210117, -0.006702094, -0.025591908, 0.003513349, 0.009058501, -0.0041005393, 0.0036298677, 0.011774517, -0.008291995, -0.030497834, 0.011727908, -0.016326243, -0.0086165685, 0.008108142, 0.026479619, 0.008981382, -0.010223631, 0.017555032, -0.001306039, -0.0043410715, 0.013157898, 0.0040828157, 0.029714089, -0.014538348, 0.018268526, -0.0027808428, 0.0004116258, -0.008449628, -0.022352874, -0.001824771, -0.02827323, 0.012694406, -0.008484241, 0.00042315206, 0.007556113, -0.0064318324, -0.013663216, -0.028547522, -0.023929656, 0.0065056123, 0.0135724, -0.008601498, 0.0006563286, -0.014975979, 0.023347717, 0.01179194, -0.0005103852, 0.025750276, 0.007134121, -0.016337477, 0.0038027081, 0.014966094, 0.0018561732, 0.0059556575, 0.0106807435, 0.009462364, -0.017820176, -0.010163037, 0.0045850067, 0.0023501634, -0.021538388, 0.006951399, 0.004215762, -0.005389271, 0.028195148, 0.0064171343, -0.032656364, 0.043476958, 0.019553829, 0.016865082, 0.008902928, -0.02854427, 0.00659607, 0.013212416, 0.0036878844, 0.004967907, -0.036356125, -0.007007858, -0.010315531, -0.004622693, -0.007956458, 0.007972781, 0.0026734963, 0.016328236, -2.6127957e-05, -0.0042340453, 0.0082744295, 0.016592825, -0.00319804, 0.0004933394, -0.0089886375, -0.00074991817, 0.030071141, -0.0069337627, -0.031293407, 0.0050678495, -0.0048560025, 0.020692922, 0.024662169, -0.019054148, -0.043259535, -0.008490496, -0.016445022, 0.019612119, -0.022019755, -0.010548817, -0.0015789064, 0.01444163, 0.009227749, 0.0023605986, -0.059822936, 0.009467055, 0.004433265, 0.0018770312, 0.007618428, 0.0051181, 0.008902324, -0.008947568, -0.007255572, -0.007195041, 0.025088906, -0.02074874, 0.014246626, 0.00590158, 0.0037572247, 0.011066572, 0.001463548, 0.007178095, 0.028253647, 0.010035204, 0.019043045, 0.0043201568, -0.0163762, -0.014123825, -0.0029544763, -0.011277688, 0.0037290778, -0.0020698158, -0.0023557707, 0.018539324, -0.0034589192, -0.0027289696, -0.00052755396, -0.016178153, -0.00059196516, -0.008605025, -0.014773105, 0.0016779993, -0.012185146, -0.06357981, -0.016836027, 0.007414108, -0.060386144, -0.01115825, 0.016660932, 0.026485145, -0.01776516, -0.020187562, -0.0034595807, -0.012037549, 0.023601292, -0.011679655, -0.0003057881, 0.008966068, -0.0055826353, -0.0032957038, 0.0037944023, -0.0012954535, -0.001857855, -0.00076404994, 0.0053148484, -0.01919548, -0.0008982919, -0.0043554683, 0.028207084, -0.006788683, 0.006892726, 0.015853502, 0.0032156694, 0.016675755, 0.00080817833, -0.022212924, 0.02982163, -0.006835211, -0.0035746165, -0.013663034, 0.004877005, 0.0178166, 0.013217224, 0.02517643, 0.0090681175, -0.0023180854, -0.000410208, 0.06419592, -0.0006476426, -0.027627088, 0.0016366835, -0.10253875, 0.0070143645, 0.00580557, -0.02153734, 0.0025998917, -0.0006873135, 0.0063914815, 0.034386337, 0.0031327412, 0.0010604211, -0.014812465, -0.0142844105, 0.0022894002, -0.0042734724, 0.008236884, -0.0076216883, -0.019771114, 0.009258824, 0.0140458755, -0.013758003, 0.021428363, -0.003609269, -0.0056584524, 0.016257357, 0.014989746, -0.023639446, 0.0009092922, 0.00088790467, 0.019106343, 0.008011735, 0.0020811493, 0.0041599777, 0.005957506, -0.0005594279, 0.025922159, 0.018398676, -0.007995302, 0.0023601737, -0.0003981276, 0.008829049, 0.0074436995, 0.0071381726, -0.010055634, -0.0045938673, 0.0045311702, -0.020066151, -0.0038826142, 0.008569961, -0.004442606, 0.0039483444, 0.007759135, -0.022018041, 0.0010506802, 0.030561538, 0.013044533, -0.0028683713, -0.008220805, -0.031884514, -0.007005869, 0.0025838672, -0.016020397, 0.0011647674, 0.00763351, 0.005463219, 0.000999309, -0.028506797, -0.019906629, 0.015602019, -0.024341293, 0.011797007, 0.014229378, -0.0035058344, 0.004958579, -0.0005760128, -0.0027189318, -0.019312449, -0.00016511383, -0.01112787, -0.03237431, 0.011980406, 0.018853229, 0.017064381, 0.001658892, -0.021679584, -0.015636222, -0.0036050086, -0.025114074, 0.007690245, 0.009762112, 0.022843637, -0.007871747, -0.016996723, 0.0061061857, 0.0130308205, -0.008370569, 0.005104804, 0.027859515, 0.0007915468, 3.9880186e-05, -0.008285219, -0.020137297, -0.012255589, -0.029686823, -0.014246024, 0.010025806, -6.685571e-05, 0.01639948, -0.010095671, -0.0014608585, 0.0032044156, 0.020259492, -0.00024272072, 0.011254475, -0.008206131, -0.007949607, 0.010436013, -0.0042040893, -0.011896758, 0.015768135, -0.010271879, -0.01105874, -0.009186274, -0.02191627, 0.013840839, 0.011164656, 0.007692906, -0.0041753845, -0.006265716, -0.0042516477, -0.008951624, -0.020459877, 0.0047598607, -0.014287751, 0.0031994078, 0.00029085032, -0.0043613166, -0.0148795955, 0.004782117, -0.0045590396, 0.008938011, -0.012543965, 0.014072221, -0.008981441, -0.0038463376, 0.025171362, 0.0015433724, -0.0013268932, 0.0036346298, -0.028834106, -0.0006274981, -0.004350271, -0.01730595, -0.012253937, -0.024476428, -0.040548418, 0.007757711, -0.0019260241, -0.0002551532, 0.011755178, 0.012060802, 0.021754108, 0.0030682355, -0.004890121, -0.021779558, 0.005935509, -0.024232278, 0.0013903807, -0.0015449487, 0.02434735, -0.0004675827, 0.011863897, 0.013421942, -0.008864838, 0.019547695, 0.01828315, -0.02231684, 0.00091349176, 0.00056226336, 0.02179817, -0.0054542404, 0.0026067104, 0.002778277, -0.0003714294, 0.013785989, 0.015319252, -0.0065719, 0.005205657, -0.012169074, 0.029865578, 0.018558387, -0.009893068, -0.020107854, 0.0015844539, -0.003620186, -0.014764745, 0.0068748584, -0.023869768, -0.005862244, -0.016914967, 0.0016426529, 0.0049607507, -0.0007576592, -0.004524343, -0.023435183, 0.008523262, 0.018023735, -0.031482972, 0.009408614, 0.0028578567, 0.0054440936, -0.004865753, -0.0028243838, 0.021918198, 0.0070699775, 0.011078707, 0.0139411315, 0.010633771, -0.0021822923, -0.0011541677, 0.004973413, 0.045048304, -0.0104135405, 0.0054122135, 0.005737386, -0.0010284387, -0.034452654, -0.00067339715, 0.01187996, 0.020242924, -0.014377517, -0.017595105, -0.0026413193, -0.0075171776, -0.027864322, -0.006541702, 0.008056612, -0.028783614, -0.0054890923, 0.00953463, -0.009159586, 0.03559497, 0.0025741966, -0.009849752, -0.003512534, -0.018047398, -0.020136915, -0.01604541, -0.0003418856, -0.031466514, -0.01167742, -0.003922048, 0.0042071464, 0.0050723543, -0.008055022, 0.017015733, 0.0072401185, 0.008252128, -0.0061694477, 0.019150153, -0.012691743, 0.0027486347, 0.01022952, -0.0053926962, 0.018027786, -0.00770335, -0.0053948355, 0.0006139895, -0.014523961, -0.008792637, -0.00703327, 0.027384942, -0.0058985758, -0.0038727967, -0.020580094, -0.010894276, 0.009843741, -0.008474711, 0.012179316, -0.012238543, 0.027500637, 0.015005589, -0.022696773, 0.012529994, 0.011419181, 0.021639764, -0.0005547588, 0.008890491, -0.02341421, 0.009550284, -0.011625641, 0.0017495713, 0.0006948793, 0.018465279, 0.022614341, -0.0085246125, -0.010104932, -0.006881008, -0.0036519745, -0.019113133, -0.018776143, 0.0011918411, -0.028647799, 0.004797919, 0.0009239315, 0.0015318893, 0.006210593, 0.024229905, -0.00026111264, 0.016901871, -0.0084743295, 0.013293245, 0.012221063, -0.0043522012, 0.009420532, -0.027342286, -0.010268758, 0.0056452006, -0.0007462895, 0.010158137, 0.034684196, 0.015035294, -0.023953898, -0.0039184922, 0.0020935894, -0.012128087, 0.010942211, 0.0044363257, 0.0036532506, 0.020752493, 0.010105441, 0.002752409, -0.02237853, -0.0054439097, -0.0210636, 0.008058917, -0.010042544, -0.01516902, -0.012569998, -0.0071299723, -0.017414423, 0.02167925, 0.007269158, 0.035896473, -0.009209157, 0.0110684475, -0.001095208, 0.0047057467, -0.0020673298, 0.023288244, 0.016580425, -0.003046358, -0.019090319, -0.0008175908, -0.0024301622, 0.00726789, -0.007301529, -0.000686744, -0.020484386, 0.009624624, -0.0068671317, 0.0009530843, 0.002845312, -0.019247537, -0.018421024, -0.00024403424, 0.0021204746, -0.01538284, -0.027208468, 0.00017451796, 0.017884986, -0.00024909666, 0.008925777, -0.008646666, 0.02087496, -0.0024333284, -0.0073645012, -0.0014439933, 0.0112081915, -0.0073688957, -0.00019312545, -0.016750112, 0.0025262202, 0.008506914, 0.005353959, -0.006958717, 0.021969145, 0.003843155, 0.002307526, 0.0014689694, -0.009843206, -0.012483278, 0.025930732, 0.0057819695, 0.00028293577, -0.003100217, -0.012206931, 0.007500243, -0.030830516, -0.008657225, -0.0029301934, 0.007291766, -0.011919171, -0.0016674541, 0.009091269, -0.0044568474, -0.00046732815, 0.01577792, 0.02140162, 0.020196233, -0.0019510342, -0.0363713, 0.0073925476, -0.009568804, 0.010062185, -0.022102868, -0.0011673262, 0.00059239054, 0.0065641105, 0.012030445, -0.014617627, -0.020206805, 0.0039117886, -0.021109588, -0.007970649, -0.02026109, 0.010568846, 0.003476127, -0.010891244, -0.0029137284, -0.0002726123, -0.0023350364, -0.0026959144, 0.020119414, 0.027089125, 0.017501038, -0.010167575, 0.005772361, 0.019606631, 0.010501946, 0.004564503, 0.01090685, -0.011962323, 0.010253062, -0.0032067585, 0.018682882, 0.0058718803, -0.0026830707, 0.011183164, 0.007188552, -0.021800851, -0.009038355, -0.0019016567, -0.009495759, -0.007469993, 0.011841777, -0.017185971, -0.0048689367, -0.014896144, -0.021454293, 0.0053539937, -0.0032697828, 0.008429557, -0.0063216873, -0.009924927, -0.013757942, -0.025050689, -0.025616664, -0.026333114, -0.020338839, -0.002715137, -0.035777938, -0.0029346675, -0.040131304, -0.013922677, -0.035634663, 0.0070272335, 0.009916299, 0.014998122, 0.014185027, -0.007783025, 0.02666727, -0.008446391, 0.012024845, 0.023897612, 0.0015525642, 0.012162889, 0.0020769932, -0.01858234, 0.038936526, 0.017872892, -0.013252237, 0.0057375957, 0.006924221, -0.016339958, -0.007907153, 0.0026200842, -0.0017031555, -0.014688291, -0.017411556, 0.0018715265, -0.004459775, -0.010859837, -0.009734626, -0.008679656, -0.0062787803, -0.005850757, -0.0002472703, 0.025719082, -0.032589786, -0.00916709, -0.015436307, -0.013335788, -0.022709293, -0.0030153804, -0.012413222, 0.0049670134, 0.010467225, -0.005723568, 2.1707116e-05, 0.008854992, -0.0031531055, -0.014839917, 0.0070920098, -0.0001582912, 0.002291398, 0.0021444778, 0.0070668007, 0.03972963, 0.014958582, -0.005414046, 0.014451335, -0.015788449, -0.007056092, 0.0216198, -0.016188303, 0.00411171, -0.0059427773, -0.002554916, 0.008417441, -0.004459603, 0.0065864525, 0.015727991, -0.00485447, -0.005324189, 0.024837188, 0.016980547, -0.033724472, -0.026066992, -0.02872219, 0.0048985807, 0.009228554, -0.0038176363, -6.694159e-07, -0.017455555, -0.012355836, -0.010990923, -0.022460226, -0.014495948, 0.019745536, -0.017315952, -0.02449856, -0.0136936335, -0.012472452, 0.012139439, -0.0041448767, 0.023465365, 0.015709653, -0.014766734, 0.005730898, -0.014386814, -0.014730173, 0.0009008592, 0.020749057, -0.017344952, -0.0012601331, -0.0012500383, 0.015219661, 0.0067919428, 0.014716411, 0.010223879, 0.010100132, -0.038629923, -0.0125380745, 0.012247102, -0.00768289, -0.0073207095, -0.023478365, -0.013692996, 0.0012263395, -0.0036447805, -0.008903095, -0.022508167, -0.00097236305, 0.008093961, -0.00910684, -0.0012257396, -0.009387707, -0.0035721308, 0.022654537, -0.036408868, 0.014335636, -0.006844372, 0.014481219, -0.020581968, -0.015960163, -0.036256857, 0.016314477, -0.013512543, 0.0056315176, -0.008359279, 0.04190814, 0.044884946, -0.008001792, -0.0054211644, 0.0045492956, -0.013250425, 0.013981576, -0.007688869, 0.021662649, -0.004910353, -0.008950675, -0.015127699, -0.01069967, -0.013797341, -0.012777526, 0.0024794543, 0.0074680443, -0.0048068436, -0.021885505, -0.023849605, 0.0023783597, -0.008146643, -0.0018344381, 0.009845396, -0.002097952, -0.009672967, 0.0014669118, -0.005108071, 0.012656404, 0.0015997079, -0.012504799, -0.007533249, 0.020213783, 0.025672011, 0.003237621, 0.004020983, 0.01660986, 0.004113169, -0.012419578, -0.009173232, 0.015054649, -0.011660637, -0.032605518, -0.011283953, 0.013179455, 0.020222783, -0.0008166603, -0.022297608, 0.035511702, -0.0017151991, -0.0022354848, 0.002651692, -0.0025328994, 0.0017796168, -0.011011075, 0.008343979, -0.011634685, 0.0028729048, -0.002685465, -0.027381636, -0.00035555195, -0.028620034, 0.011862911, 0.0029577562, 0.0039380714, 0.011909445, -0.0005159351, 0.022545958, 0.03387705, 0.010152152, -0.017709782, 0.047200777, -0.008965977, -0.010874642, 0.0025254155, -0.012637292, 0.16963936, 0.1257733, 0.0038953528, 0.030932622, -0.010990408, -0.01082724, -0.03794865, -0.017782949, -0.012906004, -0.019443473, -0.032288007, 0.017931256, 0.009935739, -0.008831507, 0.010405984, -0.001406594, 0.004633628, 0.0061281496, 0.006451014, 0.0002368495, -0.02119036, 0.0253191, -0.017180251, 0.0029673427, -0.023985216, 0.009453065, -0.008332653, -0.00022630197, 0.012338461, -0.01604685, -0.0065368153, 0.0064329035, 0.004286596, -0.002537906, 0.022915412, 0.009185178, -0.012434948, 0.016393049, -0.022789987, 0.022111993, 0.0069396733, 0.005794011, -0.0030514353, 0.0120094, 0.014785176, 0.009433307, 0.01293091, 0.006548643, -0.0042323275, 0.014185176, 0.0073141023, 0.00025727032, -0.0024091625, 0.0037523557, -0.005996689, -0.008860739, -0.008195045, 0.01115243, -0.013567171, 0.0014431812, 0.03464708, 0.012617634, -0.018454269, 0.01841648, -0.0054418556, 0.0139216995, -0.0138452295, 0.008156625, 0.00046711753, -0.028149793, -0.016264673, 0.0013376364, -0.0047665983, 0.0020858406, -0.017622314, 0.009905584, 0.008028523, -0.007281128, -0.018216852, 0.009428941, 0.009987144, 0.012130973, -0.0147048645, 0.01620738, -0.0002776075, -0.009429485, -0.0007081779, 0.012874334, 0.1088585, 0.013678891, -0.0056611733, -0.0071787746, -0.009834689, 0.0049396097, 0.0021423402, 0.05090383, 0.022249302, 0.02403367, 0.022058325, 0.0025187978, 0.013117155, -0.014148813, 0.0062321657, 0.021350322, -0.009987549, 0.04861654, 0.02172015, 0.0024461937, -0.011172061, 0.00012088607, -0.02101181, -0.010061606, 0.007970306, 0.0069362726, -0.008095903, -0.0121297715, 0.005148715, -0.00862202, -0.09013435, -0.009040252, -0.0043065925, -0.0055877944, 0.0008722204, 0.036678925, -0.01771831, -0.009987681, 0.00019669077, -0.016314795, -0.0019450047, -0.022112373, 0.019127706, 0.003202639, -0.0005362782, 0.019296682, 0.021245677, -0.00091557275, -0.002163233, 0.020259157, 0.010164564, 0.0032317797, 0.010507941, 0.0122829685, -0.013800087, -0.0038736765, -0.021328617, -0.0057097552, -0.00017980297, 0.004869041, -0.006760061, -0.012158939, -0.007674976, 0.016739797, -0.0020236652, 0.021426767, -0.0015322518, 0.032262426, -0.0028390035, 0.0062939078, 0.004870623, 0.0035138335, -0.0028700214, -0.00277221, 0.02570568, -0.0022046322, 0.0048427614, -0.01983023, -0.013406183, -0.0049563954, 0.0107238, -0.009983589, 0.010509708, -0.0073952135, -0.015272968, 0.020089641, 0.01071986, -0.010836564, 0.008009816, 0.015774548, 0.0011925797, 0.003873693, -0.0038535357, 0.011101872, -0.014355479, -0.008761824, 0.0022313027, -0.0018793262, -0.0009645644, -0.010471459, -0.031044448, -0.0011851799, 0.0045573, 0.008067386, -0.009118916, 0.018799353, -0.03023893, 1.727487e-05, -0.0033583639, 0.005358045, 0.0054801446, -0.010853835, -0.005240037, 0.09953635, -0.020407112, 0.0022081267, -0.014100722, 0.0072465236, -0.0192774, -0.009800648, -0.0119241625, 0.003843878, -0.014530432, -0.0023419375, -0.0036299804, 0.010325437, -0.017863791, 0.013251833, -0.0058681006, 0.01968362, 0.0008307733, 0.018123005, -0.011311367, -0.0006683772, -0.0056039505, 0.012211186, 0.0011707953, 0.0070813475, -0.0018834316, -0.004942513, -0.00014664752, -0.0053202086, -0.006809445, 0.005611084, -0.019058442, 0.021553602, -0.008423147, -0.0027505402, -0.0081671355, -0.0051172106, -0.004464639, 0.008244655, -0.00732608, -0.0066094734, 0.016555525, 0.019812772, -0.006481836, -0.03743935, 0.19006938, 0.015224808, -0.0142233325, 0.004138754, -0.0021715276, -0.0052906587, -0.015327871, 0.01124974, -0.01248781, 0.012645661, 0.02946401, -0.0072376584, 0.009544657, 0.016794065, -0.014410862, -0.01970323, -0.0019913614, 0.014053405, -0.025712173, -0.027968273, 0.010699098, -0.007732795, -0.02227404, -0.011219626, -0.0013527755, -0.014987536, 0.010850591, 0.019953975, 0.0027831078, -0.0036710494, 0.020414045, 0.020061374, 0.018430946, -0.0110749295, 0.0133273415, -0.0044349455, 0.012824086, -0.009437226, -0.014011135, -0.024909316, -0.008821417, 0.011441055, -0.00904148, 0.010503183, 0.0070646056, -0.0076262727, -0.017202903, 0.021728018, -0.0017386934, -0.0073695965, 0.004690014, -0.0059509184, 0.0025726405, 0.0015333368, -0.023957461, -0.0041624913, -0.009506432, 0.007364649, 0.008639042, -0.006211686, -0.01926581, -0.00060536416, -0.033314835, -0.0007916229, 0.004642466, 0.0037923108, 0.0088812]"
Cambian jueces locales en 12 estados,https://oem.com.mx/elsoldemexico/img/25513387/1756675001/BASE_LANDSCAPE/1200/image.webp,no especificado,"Hoy asumen  jueces y magistrados en Baja California, Chihuahua, Ciudad de Mexico, Colima, Nayarit, Quintana Roo, San Luis Potosi, Sonora, Tabasco, Tlaxcala, Veracruz y Yucatan",https://oem.com.mx/elsoldemexico/mexico/cambian-jueces-locales-en-12-estados-25512919,"[-0.020506332, -0.016874896, 0.0110664535, -0.04954763, -0.01854974, 0.0025631627, 0.008825398, 0.0077480986, 0.00860902, 0.038409594, -0.016726775, 0.009164996, 0.008192308, -0.02101756, 0.12749185, -0.010631854, -0.00026384936, -0.0053357766, -0.0034895162, -0.018313447, 0.012562171, -0.016852088, 0.010760111, -0.010846185, 0.002608237, 0.013552058, 0.014398969, -0.01892696, 0.04932252, -0.018585695, -0.004933219, 0.02730844, 0.010960144, -0.0226575, 0.012188056, 0.0019984518, -0.009737103, 0.008295438, 0.01540464, 0.0013445491, -0.0082842335, 0.01926577, -0.014448071, 0.005625884, 0.00780333, -0.020973682, 0.015618928, -0.02305627, -0.015185702, 0.0024933007, -0.01510227, 0.0028060416, -0.0074057463, -0.17012349, -0.016461153, -0.010261172, 0.0024960076, 0.016113421, 0.007999518, 0.011974682, -0.0077491147, 0.008309762, -0.06239949, -0.0055826753, 0.017087145, -0.017997118, -0.0023629514, 0.02578123, -0.04230196, 0.0014329065, 0.029456388, -0.0024366775, 0.016811, 0.017486328, 0.00047342482, 0.008238042, 0.01109134, 0.014426415, -0.017363355, -0.0039786273, 0.012917703, -0.003622952, -0.013914739, 0.013873593, -0.026572438, 0.02453027, 0.020843973, -0.00048025133, -0.0137318075, -0.017812943, -0.017613411, -0.008279863, -0.007729885, -0.014183535, -0.019345714, 0.014416577, -0.0039108996, -0.0067021274, -0.00043007906, -0.042560562, -0.0015542095, -0.030903082, 0.014957638, 0.002890493, 0.0126380045, -0.025111554, 0.015186629, 0.00712002, -0.004413636, 0.024265246, -0.000690841, -0.016813857, -0.018603696, -0.007897317, 0.006063717, -0.10797107, -0.042818766, 0.01134016, -0.02239507, 0.00784826, 0.0067511178, 0.017168552, 0.006656974, 0.0211203, -0.02001604, -0.022742182, 0.020756109, 0.0017942264, -0.021374498, 0.0074739307, -0.0068467106, -0.015741723, 0.020229401, 0.0036958072, -0.021350818, 0.031158201, 0.010939385, 0.00093402684, 0.0018515256, 0.0061590364, 0.004191624, -0.021632465, 0.012235575, -0.024231428, -0.031849306, 0.017034227, -0.0006361997, 0.0003206805, 0.009200081, -0.011128974, 0.02239634, -0.0072855125, -0.03382632, 0.026715891, -0.007985469, -0.02067781, 0.012555145, -0.014233389, -0.017380135, -0.009232866, 0.016999662, 0.006922937, 0.029309213, -0.012139506, 0.0072780075, 0.039819185, -0.009989646, 0.0365469, 0.00788691, -0.00075243576, 0.005813782, 0.019687725, -0.008407928, 0.0051498683, 0.006735466, -0.0010420189, -0.006107479, 0.004438394, 0.024947092, 0.020660736, -0.0008466757, -0.03642292, 0.013289407, -0.0044361646, -0.0010992166, -0.01131521, 0.00060097553, -0.0054648714, -0.013720733, 0.005300076, -0.020631384, 0.0003099396, -0.0017393815, -0.009566469, -0.009233381, 0.014925536, 0.008965978, -0.01782936, -0.013230054, -0.010704073, 0.0291804, 0.02667843, -0.017517177, -0.040927432, -0.0015768338, 0.010753156, -0.0035864317, -0.004070916, 0.0018722033, 0.0081211645, 0.0064052516, 0.005466164, -0.0047774008, -0.023770044, -0.00093028025, 0.0021843258, -9.366249e-06, -0.013266872, 0.0016048553, -0.022179747, -0.0031970257, -0.013188022, -0.0083731115, 0.02283624, -0.0032425658, -0.028921993, 0.027954603, 0.0021392554, 0.0025082896, -0.017533949, 0.045477174, 0.023383768, 0.0051800506, -0.0030494526, 0.013510482, -0.012003933, -0.012822403, -0.012235614, -0.0025609764, 0.010505292, -0.0035965377, 0.01500091, 0.009230794, 0.016273014, 0.017628685, 0.016134491, -0.03186032, -0.0108081885, -0.010622267, 0.03684248, 0.028688276, 0.013880574, -0.013663038, 0.005344852, -0.02822662, 0.025870224, 0.028028239, 0.029936032, -0.0009731401, -0.022877356, -0.024187056, 0.004141822, -0.011534532, 0.010302551, -0.03021099, 0.026344538, 0.029483115, 0.017417585, -0.031841043, 0.0067406544, 0.0011131098, 0.024639767, 0.013530903, -0.0075544575, -0.0029836136, -0.0011900641, -0.06308727, 0.02332363, 0.014678161, -0.007875886, -0.009659242, 0.012518039, 0.01916052, 0.0008646205, 0.013684436, 0.007869805, 0.0016581765, 0.0015181571, -0.0054642498, -0.020796087, 0.003812124, 0.013969722, -0.0044837645, -0.023224058, 0.009452424, -0.006252126, 0.0106307985, 0.014713705, 0.0064165667, 0.014800501, 0.008704306, 0.005021139, 0.015886981, 0.023891838, 0.01730104, -0.0028836173, -0.005671157, 0.0013208367, -0.022132855, 0.016785981, 0.0062005897, -0.0026816188, -0.012464413, -0.006708737, -0.00034648497, -0.0032648307, 0.028544193, 0.015086559, 0.015285079, -0.009603145, -0.02604458, -0.0023381996, 0.017425023, -0.018682547, -0.022293633, 0.010832269, 0.0073608733, 0.0021498173, -0.007993653, -0.019110227, -0.008306107, 0.014488906, 0.0024662232, 0.010584806, 0.007274229, -0.007302224, 0.006515679, 0.021979075, -0.009813477, 0.0046320306, -0.0023525811, -0.016267603, 0.004676267, 0.001016506, -0.028834127, 0.06532262, -0.0269186, -0.021002304, 0.011650335, -0.016566707, 0.015122176, 0.028290715, 0.017223563, 0.0017225897, 0.0016410036, 0.010867664, -0.034414772, 0.014862048, -0.017343054, 0.012925295, 0.026811508, 0.026105382, 0.0030136362, 0.011848407, -0.023998851, 0.0010411675, 0.012585692, -0.015885394, -0.010563712, -0.025464026, 0.01065224, 0.0022038354, -0.008207513, -0.0031661824, -0.0018260425, 0.0073524225, 0.00023253776, -0.013420198, 0.008561456, 0.004024076, -0.0048762, -0.047189478, 0.009752699, 0.009097542, -0.01620287, 0.005005801, 0.013284447, -0.0057034693, 0.020241348, -0.0015658141, -0.005629604, 0.038452208, 0.0017767092, 0.016153652, -0.027435962, -0.00885505, -0.009337972, -0.0123879295, -0.007409669, 0.007654842, -0.020487063, -0.006759179, 0.0068004807, -0.012806769, -0.0014450045, 0.017739665, -0.052057218, -0.009075918, -0.015546504, -0.034051586, -0.009408174, -0.03525886, 0.017297504, 0.005366938, 0.040750176, -0.008924789, -0.013360454, 0.005941842, 0.0005281554, 0.008161611, -0.014087478, 0.024576614, -0.02988011, 0.028333282, 0.0008108317, 0.016472816, -0.0013257295, 0.013289014, 0.02987674, -0.033964634, -0.0078040594, -0.058384854, -0.030485481, -0.0049751494, -0.010962114, 0.0078612855, -0.01605355, -0.004755092, -0.029815882, 0.010080103, 0.03746174, 0.008350627, 0.00016446855, 0.023900064, 0.026787525, 0.018198311, -0.015478139, -0.009686023, 0.0053251795, -0.030684398, 0.010561552, 0.018764995, 0.0025941508, 0.0037880568, 0.018382212, 0.032499313, -0.022535173, -0.006184922, 0.014853783, -0.0061957585, 0.02245327, -0.034115523, 0.015860096, 0.018026873, -0.025844999, 0.00910426, -0.023649763, -0.007942198, -0.01759555, -0.009082501, -0.044061106, -0.040628344, -0.003040648, 0.001907579, -0.0015864747, 0.016703255, 0.0042093364, 0.014512191, 0.013843374, -0.004136289, -0.0009857222, -0.0013301381, -0.025048956, -0.026112752, 0.030776737, 0.03539092, 0.026395261, 0.03604594, 0.0063188565, 0.009112203, 0.011740099, -0.0055234428, -0.015312333, -0.022591596, -0.002508833, -0.004455595, -0.0054481286, -0.0076762317, 0.015830364, -0.00570322, -0.008640654, 0.02075994, 0.007345971, -0.015975876, -0.042161733, -0.0019796651, 0.02113957, -0.0038249008, 0.0066122636, -0.026487809, 0.011351474, 0.0122165065, 0.014832848, -0.005892223, -0.005366825, 0.02983516, 3.1292526e-05, 0.01663861, -0.0066494104, -0.0027411473, -0.031086054, -0.039711848, -0.018960938, 0.014789814, -0.0075460547, 0.003416762, 0.012488535, -0.0039328765, 0.022964345, -0.02242104, -0.024368623, 0.024136359, 0.007018367, -0.013967002, -0.0052778567, 0.0019466891, -0.020640293, 0.010741721, 0.006660776, -0.016515587, -0.02013258, 0.0034595304, -0.028239587, 0.013142183, 0.019093782, -0.06673527, -0.016808495, 0.00011371059, 0.0020123497, -0.0018272824, -0.004756664, 0.045725577, -0.00475647, 0.003981928, 0.016251147, -0.0008539314, 0.003085419, -0.016436554, 0.0011481387, -0.034756407, -0.031117585, 0.014051712, -0.015386285, 0.03571605, 0.0038830626, -0.014253069, 0.0209293, 0.0052573006, 0.0033296724, -0.010825113, -0.0028738272, 0.04535523, -0.025727712, 0.011348293, 0.011542858, -0.0008556782, 0.0035140994, 0.016116953, 0.016756019, 0.026294043, 0.019952755, 0.021026693, 0.009701463, 0.022290364, 0.011202489, 0.0068326998, -0.01352902, -0.0029823477, -0.018085014, -0.021580314, 0.0024955105, -0.01955003, 0.019441482, 0.010717261, -0.0016105357, -0.00074884, 0.009368458, -0.013804111, 0.01614061, -0.0046492084, -0.009172017, -0.012747289, -0.010700841, -0.0127265295, 0.014226962, 0.0030438062, 0.0043860613, 0.003449163, 0.008374173, 0.0032452308, -0.0348249, -0.057852972, 0.0023638427, 0.036208022, 0.018662417, -0.031342648, -0.0091109015, -0.006837058, 0.020901589, 0.010830113, 0.012738244, 0.0041744076, -0.0059282435, 0.000915084, -0.011267487, -0.05974686, 0.023113087, -0.113629974, 0.0013480299, -0.014700764, -0.010767644, -0.0032820504, -0.008475695, -0.0038431187, 0.0051853615, -0.00760023, 0.030999111, -0.021818185, 0.010136419, -0.0003691295, -0.011233552, 0.0020780622, 0.00078395614, 0.028481562, 0.0056344136, -0.0046038036, -0.032736875, -0.010539378, -0.00039995855, 0.01953261, -0.008511082, 0.033763666, -0.00022992864, -0.004929299, -0.0064716446, 0.007906315, -0.012401617, 0.00601118, -0.14482097, -0.017519895, 0.018932529, 0.0027471355, -0.026757158, -0.01275844, 0.021402435, 0.0039883195, 0.025320536, 0.010471221, -0.009152002, -0.014170594, -0.04440511, -0.0059791356, 0.01898391, 0.093112566, -0.0037267173, -0.014579611, 0.011626861, -0.010926992, -0.024337735, -0.018449735, -0.004284842, 0.012771523, 0.004471987, 0.0050250627, 0.007867037, -0.017237408, -0.0072365873, 0.0161822, -0.0046699787, -0.007774966, 0.004034444, 0.001808876, 0.007875757, -0.024576781, -0.0029721062, -0.01883889, 0.03363301, 0.013684449, -0.014675457, 0.043716617, -0.02307416, -0.0038510556, -0.021920526, -0.023487836, 0.028315326, 0.0044339187, -0.0057778955, 0.009815317, -0.030604288, -0.07009173, 0.014990725, 0.0412951, 0.017344153, -0.0031967128, -0.0029585594, 0.024161821, -0.039741687, 0.02010915, 0.014548898, -0.015030736, 0.0047889054, -0.024734406, 0.004572615, -0.034335937, 0.015582273, -0.0037952042, -0.012330627, -0.0143488, -0.022531811, 0.03426502, -0.0074051935, -0.013252639, 0.0015049397, 0.005928672, -0.018202806, 0.030859929, 0.006111976, 0.02554967, 0.012261868, 0.035373364, -0.0012918364, 0.0051342696, 0.001177677, -0.0134151, 0.014209524, -0.006103085, -0.009733493, 0.00044992781, 0.0020334672, -0.017664304, -0.024610678, -0.018685116, 0.025152095, 0.002659317, 0.00042511383, 0.016435197, -0.014459919, -0.0077324845, -0.0014589634, -0.038552407, -0.0066169044, -0.0015046551, 0.012860121, -1.2950865e-05, 0.01021942, 0.0134329125, 0.009026775, -0.0013799102, 0.0077640167, -0.0052045234, 0.014554617, -0.006728662, 0.007871479, 0.012117103, 0.0074814884, -0.004337153, 0.0025435009, -0.025417982, 0.010795555, -0.00431305, -0.0016137225, 0.0040953564, 0.009984525, -0.0138309775, -0.0033674159, -0.010398802, -0.018084489, -0.034867167, 0.011573278, 0.0012257828, 0.0035425443, 0.0041129687, -0.019582635, 0.016577946, 0.012867648, 0.00684041, 0.007101336, -0.012827097, 0.0112086665, 0.0052375295, -0.0010503221, -0.0013607318, -0.010119309, 0.007988076, -0.004697619, -0.0016811369, 0.0063744006, -0.017087463, 0.011697529, -0.014382782, 0.011372715, 0.008913723, -0.0059553273, 0.0063874754, 0.014304321, 0.012084864, 0.010886496, -0.005164638, -0.0044401786, -0.019171117, 0.016594402, 0.018899038, -0.0034630268, -0.009158947, 0.0003766601, -0.0102089085, -0.0128907515, 0.01908415, 0.008005517, -0.012488917, -0.006211021, -0.014916084, 0.0076026944, -0.003131093, 0.0002458498, -0.0270924, 0.0058955145, 0.00874272, 0.0067085726, 0.009880491, 0.0039788317, 0.010144044, 0.0020904907, 0.02053625, -0.03794656, -0.00093371246, -0.004487801, -0.0052817822, -0.010536966, -0.022247594, 0.022767177, -0.018908445, -0.008410043, -0.012417777, -0.003971972, -0.0015160844, -0.0064443313, 0.0050011836, -0.0055014477, -0.015255742, 0.001795885, -0.0061890413, -0.0067272647, -0.010678654, 0.0008268854, -0.0041835187, 0.008995663, -0.0071406537, 0.019140469, 0.00058547134, 0.01782504, -0.0051223505, 0.007386656, 0.012723223, -0.0063442322, 0.0044337786, 0.007662624, -0.0034709775, 0.0023608275, -0.010367132, -0.0063961847, -0.005112694, 0.007413425, 0.021750359, -0.0059582717, -0.0022616165, -0.0051577347, -0.00105512, 0.013715998, 0.0027190393, 0.027175888, 0.013322953, 0.013715232, 0.014767481, -0.011339403, 0.0013708057, 0.0058742953, 0.00855566, 0.016848907, -0.0003404471, 0.0050445925, -0.0026148334, 7.030089e-05, -0.01692834, 0.0070828847, 0.009386617, -0.0008072539, 0.0041051395, -0.0056221983, 0.0077265264, 0.010216645, 0.016695358, -0.00082552497, -0.008804287, -0.00453674, 0.024277773, -0.0058198734, -0.027237149, -0.011173452, 0.0018642475, -0.007735267, -0.009923979, 0.0154872835, -0.011356368, -0.002945724, -0.020304559, 0.03268841, 0.0018810763, -0.0054914467, 0.0048269355, -0.0020284546, -0.010765656, -0.01832218, 0.00024351955, 0.00071737403, -0.0040844637, -0.0048093223, -0.011574277, 0.0038038185, 0.019240953, 0.0028802443, -0.00063870667, 0.015815431, 0.013179446, 0.014867811, 0.008898342, -0.0043335096, -0.034824606, -0.014556865, 0.005220546, -0.0059029446, 0.00036654537, 0.011405911, 0.0073147286, 0.0010695242, 0.007787394, -0.015452457, -0.004591559, 0.007443585, -0.00079960463, 0.023400964, -0.007338466, 0.011825925, 0.0013364071, -0.0067944364, -0.005353565, 0.022594765, -0.008024011, 0.07363147, 0.018625123, 0.0010409232, 0.016397469, 0.002438182, 0.0030177338, 0.009057342, -0.01999998, -0.006706756, -0.0011116336, -0.0017030542, 0.015277998, -0.00798931, 0.002045839, 0.00445432, 0.012475724, 0.0011488518, 0.0061566033, -0.010477477, 0.005609947, -0.00095093506, 0.004177604, 0.0019533397, -0.01714884, 0.006341486, -0.024006436, 0.009664242, 0.0048738164, 0.00076220825, -0.017128577, -0.0064099804, -0.005334583, 0.012841144, -0.0014838694, -0.024161244, 0.0008019765, -0.0009256654, -3.9983224e-05, 0.007486308, 0.0199553, -0.015106833, 0.0011205655, 0.007012143, -0.0031935282, -0.0064333705, 0.016190166, -0.008542821, -0.0092806, -0.010502992, -0.002557657, -0.0005838714, 0.021791164, -0.0023492838, 0.0002673608, 0.011330047, -0.0110073425, -0.003416168, -0.015130388, 0.008473159, -0.008285892, -0.0066258656, 0.0056520524, -0.017888159, -0.009482597, -0.0010380591, -0.0006132641, 0.0007625146, -0.015857793, 0.0023142903, -0.004737142, -0.00041373965, -0.008769808, -0.01282531, 0.004449499, 0.025211863, 0.00051665853, -0.009364921, -0.009291721, -0.01417674, 0.008325472, -0.0075137997, -0.0009333303, -0.009881275, 0.012849676, 0.003039312, -0.0017525204, 0.010676824, -0.0051257154, 0.018369125, 0.009340795, 0.0043463083, -0.009388329, 0.014936252, 0.024311446, -0.0054050493, 0.009878395, 0.054101646, 0.0015130383, -0.0028564183, -0.015090047, 0.023371292, -0.0052497834, 0.0105221635, 0.009704473, 0.0138611635, -0.015207479, 0.020196054, 0.00643885, -0.00051264954, -0.00768133, -0.005596101, 0.010018791, 0.018850928, -0.009239653, -0.013193352, -0.0025312235, 0.0077032996, 0.0014052107, -0.008411724, -0.0074260654, 0.0018487158, 0.010028658, -0.0030232673, 0.006817971, -0.020302435, -0.00047618462, -0.0018460281, 0.0027649677, -0.009373789, 0.014415281, 0.0027780065, -0.011938332, -0.003829508, -0.0024164051, -0.009761661, 0.008612603, 0.030634623, 0.02758093, -0.0069823847, 0.01339041, 0.00252788, -0.0066560633, -0.015183117, 0.012105104, 0.005617049, -0.012794646, 0.014374781, 0.0099311415, -0.0022451621, -0.0006357845, 0.0009297568, -0.013134083, 0.0039604604, -0.0127356425, -0.008765446, 0.009591447, 0.013031193, 0.020723376, -0.002060435, 0.009050069, -0.014220467, -0.002140177, 0.025092024, -0.013286964, -0.004018992, -0.017216908, 0.0073134373, 0.014653495, 0.011674016, 0.0041734045, 0.0031416523, 0.005572808, -0.0037114942, -0.00023179094, -0.00046594132, 0.010192269, -0.0009123064, -0.0131332595, -0.0039009005, 0.0061716787, -0.00065857254, 0.0068742894, -0.019923786, -0.02564261, -0.010401378, 0.0013870127, -0.0024807018, -0.0046468372, 0.017053185, -0.0038223262, -0.014072628, -0.011830509, 0.0014393411, 0.0019052597, -0.005982041, -0.004627462, 0.0074340687, 0.0034083077, 0.005136872, 0.004801403, -0.016728846, -0.02356776, 0.033980425, 0.0003400733, -0.0043418105, -0.016735794, -0.011931555, 0.01378671, 0.0035024292, 0.006101465, -0.012984331, -0.011484901, 0.003707457, 0.013970564, 0.0014730208, 0.008575216, 0.008662838, 0.015143661, -0.0023645195, 0.0012460743, -0.004465675, -0.017609702, -0.0140311085, 0.002975385, -0.008784129, -0.015080899, 0.0026453105, 0.024327192, 0.0053219744, -0.016521605, -0.010652617, -0.001918991, -0.013521698, -0.0012861115, 0.006953896, -0.0020582601, -0.009850636, -0.0064360593, -0.0016753066, 0.008511377, -0.008533263, 0.00069813157, -0.008711469, 0.005080423, -0.014986221, 0.00513994, -0.009318709, -0.000840826, -0.006018195, -0.0023424437, -0.0040843505, 0.013247303, 0.008387554, -0.0008504047, 0.0025479186, 0.007144107, 0.0051724864, -0.027904557, 0.005067158, -0.00053151237, 0.01096653, 0.010164689, -0.008510035, -0.004758207, -0.009458261, -0.009219498, 0.0075049317, 0.017704066, -0.0059468807, -0.009661022, 0.0021825803, -0.0115261795, -0.0044222553, 0.0071116583, -0.0034629542, 0.0033038075, -0.0077153225, 0.008884528, -0.001025278, -0.0024907116, 0.010363647, 0.009902106, -0.0009038642, -0.01024049, 0.008519451, 0.0014545287, -0.007198596, -0.015463807, 0.0024650332, 0.0038754013, 0.0098491125, -0.013838791, -0.0018494648, 0.006747737, 0.008379986, 0.00079987326, 0.009711572, 0.0044654296, -0.011645297, -0.021878783, 0.007967224, -0.012443432, -0.006767807, 0.008389833, 0.0070534367, -0.0047736596, 0.0101427585, 0.006456167, 0.01358008, -0.02522456, -0.0017243957, -0.014067273, 0.0046415487, 0.032047816, 0.015046322, 0.0039930907, -0.014448465, 0.010009093, -0.012182811, -0.0018199859, -0.018196156, 0.0010644479, -0.00631538, -0.002537185, 0.0029237415, -0.01093215, 0.0017075825, 9.645557e-05, -0.0030725298, 0.011424924, -0.0065597994, -9.2515984e-05, -0.020754833, 0.020835793, 0.018600656, -0.008612772, 0.024499824, -0.007163685, -0.01699932, -0.01662156, -0.0036214401, -0.0031048965, 0.004505021, -0.0025209996, -0.006437749, -0.020211486, 0.0069306893, -0.0069121458, 0.0012538483, -0.000490994, -0.00055124424, 0.0042724907, -0.0054512643, -0.007471626, 0.01248914, -0.0059317113, 0.0016803653, -0.0051513608, -0.0030476535, -0.01356601, -0.0063669686, -0.026156113, 0.031278886, 0.00817569, 0.007381838, -0.0026705824, -0.0069288723, -0.020675467, -0.0068018707, -0.004112599, 0.024913924, 0.0019307843, 0.0014338972, 0.0017326846, -0.019530024, 0.0014966091, 0.0017212601, -0.023535047, 0.024394324, 0.0021997925, 0.0034089545, -0.012819737, -0.009011748, 0.0004875348, 0.0053262413, 0.0073894695, 6.242759e-05, -0.0073325187, -0.014618244, 0.037872694, -0.0076868082, -0.0115749715, -0.0056160786, 0.010961146, -0.015460545, -0.008204242, -0.010845219, 0.04311232, -0.0026781952, -0.003602958, 0.010215161, 0.01402014, 0.0025434298, 0.009782971, 0.012778046, 0.008296127, -0.01762612, 0.0011464226, 0.022467826, 0.00032385028, 0.0103846295, -0.0036931485, 0.006709257, 0.0019395049, 0.0025738818, 0.0034634648, -0.007964423, -0.010712945, 0.0087271165, -0.009628764, -0.018991414, 0.020295545, 0.009182624, 0.004268256, -0.004256161, 0.022422943, -0.013900059, 0.0073167672, 0.015155506, 0.003054253, 0.013158698, 0.0031033764, -0.012308835, -0.009919073, -0.0025864746, 0.010877772, 0.014279195, -0.014189752, -0.0034650331, 0.02793408, -0.012322987, -0.004799326, -0.009119609, -0.003179314, -0.011162482, -0.010575431, 0.0143888425, 0.004633413, 0.01690719, 0.004397476, -0.005591659, 0.013722639, -0.011485873, -0.01763994, 0.0042084586, 5.4381553e-06, -0.002947976, 0.0002091506, 0.01487455, 0.008820398, 0.005927295, -0.0014844165, -0.084412016, 0.011782108, 0.00010583022, 0.012195634, 0.0076137776, -0.0033447172, -0.0055207573, -0.0111774495, -0.0091928, -0.003694376, -0.020499272, -0.013263572, -0.01735926, 0.011641435, -0.0025901864, 6.705081e-05, 0.0024000416, 0.0017827395, -0.018793, -0.012197888, -0.010173402, 0.0053189634, -0.0029223012, 0.010675636, -0.00048570908, 0.0034489522, -0.001589179, -0.008432223, 0.014109945, 0.013574812, -0.0067670005, 0.008079769, -0.012681122, -0.0025458303, 0.013937922, -0.0026664864, -0.00064466475, -0.0002620865, -0.14506067, 0.018779095, -0.011973002, -0.0011868412, 0.006980029, -0.015722545, 0.014573831, 0.008819054, 0.015747031, 0.009917013, -0.00506377, -0.0075050336, -0.00859232, -0.011045828, -0.00045733943, -0.0066248276, -0.014270483, 0.0064808116, -0.01456491, 0.0072475094, 0.017908685, 3.1274365e-06, 0.012439354, 0.008398723, 0.0030483801, -0.012243599, 0.007392522, 0.011717869, 0.012745417, -0.009411092, -0.0035529095, 0.0002648787, 0.0012246429, 0.007075902, -0.008592402, -0.009820888, -0.0070028407, 0.0013913859, -0.013253403, -0.010468309, -0.0017825629, -0.003610581, 0.017797206, -0.0014183742, -0.010211568, 0.00016184429, -0.009525758, 0.006729588, 0.013054023, -0.009831681, 4.3109932e-05, 0.0046009426, -0.0060849893, -0.015013223, 0.009322729, -0.0019962166, -0.0034494326, -0.015639866, 0.011534917, 0.003769673, 0.005177244, -0.01765236, 0.02807729, -0.0011104557, -0.0018075474, 0.010151775, -0.0002087343, 0.010530407, 0.012638979, 0.00487068, 0.018883333, 0.00837109, 0.005543968, 0.008652381, -0.007273221, -0.015027296, 0.027759077, -0.0009968715, 0.008680263, 0.017745342, -0.0066955853, -0.005404661, -0.0020134284, 0.014099482, 0.007639691, -0.003986234, -0.00021623269, 0.026448574, -0.009312482, -0.035161965, -0.018252421, 0.0111791445, 0.012799339, 0.0064185336, 0.0041657756, 0.01091521, 0.009673743, 0.0029138497, -0.0043756445, 0.017721308, 0.010941556, 0.0120142065, 0.013797088, 0.008682549, -0.019160433, -0.0210576, 0.010488089, -0.010529772, 0.021419635, -0.0019652522, -0.005782097, -0.0058966912, 0.0118475035, -0.02483395, -0.0050876583, 0.005002154, -0.02661219, 0.008104983, -0.0030370727, 0.01998118, 0.033478484, -0.002527533, -0.011711136, -0.028290195, 0.00086973835, 0.007819831, 0.013268718, 0.005275527, -0.0046395655, 0.0050640106, 0.0067296214, -0.011159672, 0.0065072216, 0.004070994, -0.008434043, -0.011403609, -0.0039177686, -0.009575212, -0.026630344, -0.0015609285, 0.013368747, 0.00091544096, -0.00092811935, 0.022209216, -0.014520514, 0.0042846077, -0.0027331694, -0.0118587185, -0.012137058, -0.0013441665, -0.0302276, 0.017031634, -0.023375323, 0.012468712, 0.017902393, -0.015611218, -0.0027083047, -0.012962493, -0.0086504035, -0.0044027152, -0.0045984923, 0.029540423, 0.008682474, -0.0024376423, -0.0048562195, 0.0034706662, -0.015833976, 0.0035312697, -0.015792495, 0.016613776, -0.0024323685, 0.008820821, 0.02684749, 0.0016866457, -0.028441515, -0.0076254085, -0.0051425365, -0.004445831, -0.00042195426, -0.004075821, -0.0011007386, 0.0036095676, -0.0072450778, -0.016413625, 0.003498356, 0.0048891664, 0.0057920576, 0.008031779, -0.012751042, 0.018651398, -0.04019816, -0.0033163303, 0.018371373, 0.003167426, -0.009725961, 0.014656607, -0.010142152, -0.0037246179, -0.019390045, 0.001593137, 0.025677843, -0.010540963, 0.019503182, -0.17165104, -0.008791891, -0.003499084, -0.004803895, -0.00020827494, 0.017544862, -0.020648459, 0.0028717467, 0.018653184, -0.008606128, -0.008916995, 0.007361312, -0.003122671, -0.006688269, 0.008326902, 0.041755207, 0.010198623, 0.018004958, -0.007632652, -0.01359732, -0.041070543, 0.020619215, -0.009312466, 0.038007114, 0.007403792, -0.021703543, 0.003611384, -0.014741643, 0.0025884502, 0.003525008, 0.010953692, 0.016731288, -0.009108724, 0.0063221566, 0.013682121, 0.0040687574, 0.0045493958, 0.0043633147, 0.008037868, -0.00055941124, -0.013574441, -0.013600578, 0.00025940913, 0.01979658, -0.0070211645, 0.005403886, -0.023691786, -0.00072770554, -0.018004164, -0.0029037942, 0.006608604, 0.02041465, -0.01147341, 0.0006354587, 0.009060328, -0.032417864, 0.024012469, 0.0061092707, 0.008984124, 0.0058711185, -0.0081646275, 0.010987403, -0.0019999242, 0.012550741, 0.01997034, -0.016228158, -0.01426724, 0.1348243, -0.039023727, 0.013399909, -0.0048427507, -0.006909745, 0.010008954, 0.009110264, 0.0055439505, -0.011463411, -0.02296018, 0.018011807, 0.013772866, 0.011999903, -0.016930066, -0.014457446, -0.006565786, -0.0061751846, -0.006085589, -0.017154317, -0.017715462, -0.019966537, -0.02374067, -0.026639767, -0.014893568, 0.006805368, -0.017400172, 0.021947982, 0.031220308, 0.00737551, 0.02183864, 0.007341834, -0.017350622, -0.0023190198, 0.00057198433, 0.0137785245, -0.011627936, -0.0007231803, -0.013324804, -0.013064848, -0.0013161865, 0.008142979, 0.000106426654, -0.015191081, -0.023878355, 0.011686283, -0.005371792, 6.906751e-05, -0.0046932586, -0.008129698, 0.0004554793, -0.02390199, 0.0051485673, -0.011113004, 0.012160633, 0.013677883, -0.0062744534, -0.030755162, 0.0060423575, 0.01692241, 0.022961373, 0.0027233793, 0.011833862, 0.0061636395, -0.0006836409, -0.0031744065, 0.005196722, 0.008555738, -0.01284084, 0.005537699, -0.102696516, 0.017518157, -0.03216626, -0.011964933, -0.013413915, -0.019442815, -0.007112035, -0.00014418931, -0.006677629, -0.007702515, -0.0055639534, 0.0017209654, -0.00081234763, -0.0071411617, 0.007055169, 0.012966763, -0.0035789276, 0.01965125, -0.00040194567, -0.025519274, 0.012612361, 0.0065934714, 0.00413249, -0.012349517, 0.006190149, 0.0022802947, 0.019721026, -0.0028175123, -0.0068692667, 0.004098332, 0.026764883, 0.008861279, -0.012669611, 0.0050923615, -0.019219607, 0.00015608319, -0.004352735, -0.0058628414, -0.022088915, -0.015168698, 0.013515714, -0.008876979, 0.01843952, -0.031306025, 0.008151705, -0.0025338386, 0.0052675284, 0.018132335, 0.004737476, -0.004719144, -0.006455027, -0.012576888, 0.024293398, -0.008476328, -0.018130755, 0.0023260117, 0.0030919372, -0.01622853, -0.01452093, 0.01837124, 0.023249647, -0.003623598, 0.013631714, 0.004733495, -0.0005519977, 0.005214228, 0.007436984, -0.019115359, 0.0190475, 0.0047565107, 0.0015037907, -0.029297387, 0.005798533, 0.008023212, 4.596251e-05, -0.0076847686, -0.012289669, 0.011128571, -0.021419873, 0.017153727, -0.01629267, -0.0027292257, 0.015730413, 0.022575647, 0.036730524, -0.02194023, 0.00563745, -0.017047565, -0.007447369, 0.010108824, 0.013771991, -0.014486074, 0.009321823, -0.01689481, -0.00490728, 0.020898396, -0.0023854817, -0.009753285, 0.016618937, -0.009227559, 0.005640266, -0.0014447701, -0.0018648653, 0.017031971, 0.015850635, -0.0027012415, -0.03302078, 0.008618397, -0.011396969, -0.0036141188, -0.017429488, -0.010381053, -0.02215377, 0.011066252, 0.0015965695, 0.026254397, 0.031049605, -0.01455598, 0.006188466, -0.02942655, 0.01996528, -0.003659619, -0.003534955, -0.011948183, 0.017460143, -0.0065753995, -0.005248064, 0.0014420369, 0.0063991635, -0.013546331, 0.00056037, 0.0014664729, -0.0055516935, 0.000280273, -0.004977951, -0.012777654, 0.023506783, 0.021800907, 0.025214955, -0.02849529, 0.0024807581, 0.0099998005, 0.00832546, 0.011077583, 0.0039004309, -0.034792572, 0.004988683, -0.021017734, 0.016410977, -0.0008348956, -0.0013684302, -0.001391314, -0.019353421, -0.00025396296, 0.006458678, -0.0130293025, -0.010270609, -0.0060732043, -0.017092414, -0.016837567, 0.00988416, 0.0049179266, 0.0028186264, -0.0122861685, 0.008350864, -0.017757254, -0.006399319, -0.0013657904, -0.0010333047, -0.03131629, -0.00783761, 0.012552956, 0.0068596136, -0.012678669, 0.0002093561, 0.023559589, -0.008294259, 0.025957597, 0.00340042, -0.062417075, 0.017937448, -0.0017645799, -0.022096537, -0.015036767, -0.0033182763, 0.0028509449, -0.015153799, 0.0043599457, 0.009902763, 0.027909964, 0.0060369754, -0.01439371, -0.016370516, 0.007278987, 0.003235055, -0.016872127, -0.00038654357, 0.014364884, -0.012747984, 0.021878798, 0.022157617, -0.0032876546, 0.009570451, 0.010103986, -0.0109004155, -0.014267462, -0.0045621535, -0.007207081, -0.015819939, 0.0005211803, 0.012663951, -0.031555824, -0.017774865, -0.00972364, 0.008038891, -0.013910115, -0.017529942, -0.013735354, -0.06339829, -0.0019201325, 0.011810139, -0.035152465, 0.0040681832, 0.010580401, 0.0075489637, -0.034426633, -0.0053184936, 0.010246878, 0.002993611, 0.00670996, -0.008474284, 0.004945205, -0.0042834827, 0.012161855, -0.0019746535, -0.0047336933, 0.010092768, -0.0002542526, 0.012354375, 0.009140983, -0.014219558, -0.0032731378, 0.0020208121, 0.01795964, 0.0005549477, -0.011214547, -0.007994773, -0.006915031, 0.038571313, 0.0036505617, -0.0076423776, 0.022688635, -0.019918535, -0.00950985, -0.008455686, 0.009078629, 0.010038603, 0.0091886185, 0.018693633, 0.0040089125, -0.011848725, -0.0029808164, 0.04209806, 0.002491495, -0.017274473, -0.017018422, -0.09189332, -0.008240434, 0.0086584715, -0.010821533, -0.03072194, 0.011134661, -0.0064619863, 0.025227284, -0.010363669, -0.018605495, -0.015338727, 0.006455716, -0.007844757, 0.012368772, 0.007821841, 0.00024506813, -0.020967701, 0.0017193725, 0.008065202, 0.00015668356, 0.012861728, -0.014951922, -0.016302017, 0.02185421, 0.008332213, -0.04091299, 0.013610101, 0.010942726, -0.010530709, 0.0029200388, 0.009756802, -0.018841079, -0.009331509, 0.00021467527, 0.009370796, 0.029130103, -0.02133854, 0.022922488, -0.00987553, 0.011829391, 0.0015043543, 0.004382594, 0.022858592, 0.016277479, 0.0052487575, -0.01963693, -0.005372874, 0.024544781, 0.005050891, -0.0038943323, -0.0008287099, -0.021961465, -0.00428275, -0.01491896, -0.0046779164, -0.0003948531, -0.012833753, -0.012218588, -0.008556182, 0.007607349, 0.012117015, -0.0075065866, -0.016064728, 0.01947148, 0.017017098, 0.0034288196, -0.039608855, -0.0023595162, -0.01749424, 0.01321775, -0.013415921, -0.010303628, 0.0027775732, -0.021891577, -0.020136138, -0.0067308364, 0.007066195, 0.02133561, -0.041545764, -0.009251667, 0.011368847, 0.008962335, -0.0018352015, 0.009023488, 0.008707179, -0.0045121596, -0.023077043, -0.017792424, 0.0029623124, 0.018760625, -0.005345854, -0.027862124, 0.0054880497, -0.0020276946, 0.021169135, -0.0022140804, -0.010970638, -0.019264817, -0.027578056, -0.025866792, -0.009639225, -0.0069923303, -0.025020465, -0.0008845077, -0.0074819727, 0.0037270987, -0.0027878631, 0.009894938, -0.0079086125, 0.012367166, 0.020284703, -0.004059731, -0.00626314, 0.0153956795, -0.028984586, -0.008093539, 0.0021748876, -0.011727429, 0.023292946, -0.012352396, -0.0037956052, -0.020314232, -0.03863752, -0.02479703, 0.007210958, 0.0037703058, 0.022411484, -0.011756542, -0.016752446, -0.011080414, -0.0058487873, 0.025501255, 0.0024155623, 0.0025143756, 0.020142218, -0.00065137004, -0.01318274, 0.0137505485, 0.005606368, 0.006420628, 0.006447972, 0.005195481, 0.00030402056, 0.005967427, 0.0066491747, 0.004243394, -0.006569387, -0.013945059, -0.022091605, -0.01795344, -0.009831519, 0.002442244, -0.0038443985, -0.015184472, -0.039863005, -0.012125451, 0.011098203, -0.026079535, 0.020413827, 0.0033732655, 0.03401494, 0.0109226275, -0.005020033, 0.0034267425, 0.009222578, -0.0006442782, -0.01799767, 0.010748432, 0.008092605, 0.005583411, -0.013460443, -0.013327974, -0.008904253, 0.007960175, 0.02471389, -0.028574083, -0.003272609, 0.0012371293, -0.0075372257, -0.004918247, 0.023195669, -0.022969715, -0.016038302, 0.014897449, -0.0021006742, -0.008851394, 0.017072137, -0.008346741, 0.02570169, 0.0060660667, 0.015690314, -0.031037562, -0.002833865, -0.027160244, 0.0013049616, 0.0014864964, -0.01302669, 0.012875471, -0.010573057, 0.005132506, 0.0012085476, -0.015816836, -0.01797823, -0.03502032, -0.010661285, 0.0382477, -0.0018895017, 0.016517654, -0.015736502, -0.0012388434, -0.008433321, 0.0076220124, -0.015506894, 0.012777288, -0.01061619, -0.020345284, 0.03707972, 0.0034587332, 0.023016745, 0.011424263, 0.0147407735, -0.018537266, 0.0020259693, 0.025806941, 0.0009210235, -0.021289125, -0.012243758, 0.0050220187, -2.6809337e-05, 0.011042669, -0.01474366, -0.0014937769, 0.012879785, 0.005170354, -0.008645041, 0.014010183, -0.021516073, -0.0015900952, 0.010689508, -0.008598621, 0.020192841, -0.02197543, -0.0010730084, 0.001895681, -0.0043538385, -0.024128664, -0.029126683, 0.009360284, 0.017658439, 0.0009242345, -0.030316968, 0.0007240667, -0.017661775, 0.00013946659, 0.02743709, 0.00029469957, -0.015354782, -0.0020891747, -0.0008944768, -0.0050595505, 0.013402864, -0.013948894, -0.00847452, 0.00976486, -0.027710183, -0.037207454, 0.01633783, 0.0035163825, -0.0154463025, -0.007773176, 0.007897505, -0.019599525, 0.0041472106, -0.0036860676, -0.01120041, 0.0136290705, -0.014856244, 0.023505917, -0.013872342, 0.026655506, 0.0045449957, 0.015052807, -0.00023003486, 0.0091376975, -0.00035944677, -0.023691107, 0.010420937, -0.0076919915, 0.014324175, -0.0013700282, 0.023273353, -0.005357655, 0.012282365, -0.007857346, -0.006353303, 0.000656193, 0.016211385, -0.0043146973, -0.009174588, -0.024799915, 0.02173596, -0.007568154, -0.014707294, -0.012944591, -0.0049413773, 3.0969033e-05, 0.007052254, 0.006154039, 0.0066500017, 0.013188386, 0.00044956792, 0.01652477, -0.0058597755, -0.005242201, -0.019175814, -0.0166131, -0.0044205426, -0.0057715755, -0.0046942635, -0.0010349924, 0.011631448, 0.00017089024, -0.004792425, 0.0014761289, 0.011923726, -0.006219573, 0.003151223, 0.012399261, 0.004635369, 0.011045679, 0.015126977, -0.009729609, 0.006713207, -0.007045107, 0.014178889, -0.015409902, 0.004774994, 0.010985665, 0.007126743, 0.0021654987, -0.0027630755, 0.026833294, 0.0086164065, -0.018899497, 0.0053841807, 0.013495788, -0.017552502, 0.0061964006, 0.01849998, -0.0183421, -0.0032433274, 0.010619782, -0.003979635, -0.0017492638, 0.010957586, 0.013639364, -0.00090220995, -0.0061446843, -0.018922672, -0.01512179, -0.025783034, 0.0033268617, -0.008766303, 0.00014165776, -0.016268147, 0.0047650035, -0.011067762, -0.013595758, -0.01914478, 0.018450273, 0.0028833647, -0.0021680137, -0.009400862, 0.007663976, 0.005679569, 0.010812974, -0.0028386812, 0.01258876, 0.00063073327, -0.010451758, -0.038141515, 0.0032831328, 0.019838534, -0.015944537, -0.0064699873, -0.0013866301, 0.018851178, 0.014524376, 0.0028619634, -0.008457401, -0.009536194, -0.012133829, 0.016538752, -0.0042327917, 0.0061129997, 0.010142408, -0.0141929, -0.0147648845, -0.00042006897, 0.029887794, 0.038110092, -0.015807843, -0.0027474156, -0.00528398, 0.026499245, -0.013957803, 0.010149796, 0.014580898, 0.025009109, -0.022051588, -0.025747268, -0.0005750092, 0.007110413, -0.0044400203, -0.01707412, 0.009696196, -0.0018387287, 0.011843138, 0.0039736247, -0.019051457, -0.006472459, 0.016092364, 0.01488362, 0.0046816934, -0.0040404014, 0.0102575, -0.016163606, 0.0064766705, 0.005826593, 0.025563024, 0.019139985, -0.015020298, -0.021181352, -0.016572949, 0.013442016, -0.009505236, -0.021435093, 0.001023454, 0.024393339, 0.022404905, 0.0033614447, -0.0014680511, 0.028965108, -0.007390165, 0.006703374, 0.025058003, 0.011529779, -0.01874835, 0.008387874, 0.010087068, 0.021544838, -0.0010500094, -0.015076259, -0.015221986, -0.00079841615, -0.010858898, -0.0130198775, -0.007067746, 0.016952537, 0.013113055, -0.020918287, -0.004775222, 0.011308944, -0.012721837, -0.03443005, -0.031834517, -0.009886112, -0.011243057, -0.033365823, -0.032290116, -0.02513639, 0.0064222217, -0.03757552, 0.013557431, -0.0007415824, 0.010580581, 0.0018136917, -0.01926923, 0.015099742, -0.024984244, 0.019564195, 0.011920203, -0.0045085223, 0.022843387, -0.008399957, -0.0072454726, 0.015843822, -0.011123339, -0.022165107, -0.0076602907, 0.007063479, -0.023722371, -0.011954403, -0.016931288, 0.0041742744, -0.0036852707, 0.012114094, -0.0073597417, -0.008811565, 0.010205462, -0.016471285, 0.00073666114, 0.010774875, -0.006358864, 0.0131737, -0.003136542, -0.009761344, 0.009962783, -0.0026538623, -0.019217169, 0.012100069, 0.007890386, 0.0074186176, -0.0045509436, 0.015117114, -0.002278747, -0.017116344, -0.005252133, -0.024536617, 0.0036741777, -0.017260125, -0.0032286993, 0.0165036, -0.014882062, -0.010361843, -0.0061688013, 0.024536734, 0.010021084, 0.010424106, 0.019949315, 0.0029842518, 0.023926893, -0.012870421, 0.0071094297, -0.001139687, -0.0037820213, 0.003229022, -0.013827733, -0.006814671, -0.0140151605, 0.0062483116, 0.016924892, -0.0060583423, 0.012486833, 0.037869398, 0.027051823, -0.023050742, 0.00830622, -0.02095595, 0.007859491, -0.004038388, -0.014762315, 0.022741321, -0.015999516, 0.009915659, -0.027026962, 0.0011147528, -0.00018357702, 0.016644368, 0.0022679912, -0.0078443615, -0.007370054, -0.0110106375, 0.013005936, -0.0023690653, 0.012678232, 0.02925953, -0.007617715, -0.016023865, 0.010606856, -0.011454762, 0.012094936, 0.022127543, -0.011195372, 0.0047232127, -0.013125834, 0.021539325, 0.010818322, -0.013109396, 0.013078645, 0.0002139812, -0.027527183, 0.0089194225, -0.0010458106, -0.017979972, 0.003627516, -0.015999854, 0.03256095, 0.0034667356, 0.007974931, -0.009131571, -0.014026595, 0.016553337, 0.008223388, -0.019588213, 0.009432056, -0.0062936638, 0.004119504, 0.014591163, 0.011682287, 0.02575493, -0.012462413, 0.014590794, -0.017640982, -0.008728737, 0.0014105316, 0.013880732, -0.0094787665, 0.02656557, -0.01337187, 0.028840479, 0.054901678, 0.0027688465, -0.012354694, 0.017194252, -0.017626747, -0.0013020198, 0.0039182124, 0.010246412, -0.009185517, 0.012691417, 0.017802684, 0.006086014, -0.019706963, -0.014174297, -0.0035782284, 0.011415931, -0.019762412, -0.015094273, -0.005785942, 0.0031345868, -0.0069498136, 0.017517673, 0.010962343, 0.013346228, -0.0042098006, -0.0118402615, -0.0071247816, 0.005233507, 0.0053695226, 0.0013602294, -0.013831616, 0.022884814, -0.0013456161, 0.012639023, -0.0013759753, -0.014662723, 0.0049942615, 0.01663871, -0.0014073247, -0.0049110805, -0.0020164798, 0.0088776415, -0.014195736, -0.0067655863, 0.011992755, -0.0035250536, -0.0127138505, 0.039203126, 0.030961605, 0.023367757, -0.010097375, 0.0062332875, 0.010436238, 0.011876264, -0.0062154005, 0.00462203, 0.0101032965, 0.015738763, -0.010842495, 0.027151529, -0.009854984, -0.0075871283, 0.01181489, 0.01997486, -0.0078726895, -0.0069580986, 0.004328705, 0.012215651, 0.0041682026, -0.027819978, 0.014302717, -0.004658602, -0.0009496798, -0.00643972, 0.0010582829, 0.17137152, 0.13478157, -0.011154156, -0.003384915, 0.012626274, 0.01796886, -0.026506862, 0.0047023054, -0.012866604, -0.008017606, -0.018110981, -6.395038e-07, 0.019108746, -0.0034866005, 0.0118203405, -0.005206999, 0.0078768125, -0.0010742722, 0.01719267, 0.004247621, -0.0010523526, 0.019910017, -0.015918478, 4.1133382e-05, -0.014757988, -0.000508687, -0.022584967, 0.008895613, 0.013625289, -0.006114676, -0.026044214, -0.0018545133, 0.0017268428, -0.018487547, 0.012909821, 0.013694475, -0.009556307, 0.021764863, -0.008065126, -0.006734742, 0.00034090262, -0.003792249, -0.003072479, 0.002971673, -0.0015024486, 0.0076202094, -4.3783017e-05, 0.011113242, 0.0051085395, 0.034142245, -0.0068618394, -0.0053842813, 0.0022143913, 0.012832888, -0.024934368, -0.029721333, 0.006469446, -0.0066972463, -0.004927091, 0.00842158, 0.022510624, -0.007473938, -0.016202386, 0.0023353861, -0.019729493, 0.040192775, 0.0033775775, -0.007994933, -0.0024255286, -0.016374601, -0.011142074, 0.0070865666, 0.0155348955, 0.0060086693, -0.012321919, 0.02110286, -0.00969538, -0.015249047, -0.022876391, -0.003641233, -0.01183041, 0.0027993736, 0.007955469, -0.00049653894, 0.0006356405, -0.004193975, -0.005775325, 0.0004966185, 0.10576644, 0.0047692675, 0.010766173, -0.008982789, -0.000830606, 0.008771789, -0.0020165702, 0.06630417, 0.0032417914, 0.01016654, 0.0009928425, -0.009389656, 0.0033723635, 0.009815365, -0.004227405, 0.014814208, 0.0090995915, 0.034026634, 0.022310393, -0.010731274, -0.02684175, -0.0111370515, 0.009610988, 0.004287844, 0.0043951585, -0.010140764, 0.0041865567, -0.0014003904, -0.0023074823, 0.0019698273, -0.093009785, 0.008793712, -0.017745197, -0.0055524353, -0.01086469, 0.04314088, -0.025912877, -0.015936632, -0.0059085316, -0.018543512, -0.00440469, 0.0043181707, -0.010504666, 0.0011504869, 0.010590596, 0.015965328, 0.0107076345, -0.036971282, 0.0042721895, 0.009863732, 0.011088226, -0.003790464, -0.02054827, 0.009055825, 0.0057473006, 0.01776865, -0.013707325, 0.0067600547, -0.00021581721, 0.010220323, -0.014354306, 0.010504138, -0.023568364, 0.011723252, 0.008699526, 0.015026397, 0.0041130534, 0.021448994, 0.006285623, 0.008709938, -0.0046903454, -0.019238569, -0.006210721, 0.00015218878, 0.04761781, 0.0066758906, -0.0016375335, -0.016492788, 0.009750401, -0.0051389704, -0.0046790172, -0.010284438, -0.0023211443, 0.0055699884, 0.014247109, -0.0021175304, 0.0116716735, -0.053968307, -0.02010453, 0.01734593, -0.00716928, 0.01924451, -0.0016330588, -0.0016606931, -0.015270807, -0.0073553743, -0.005400613, -0.018597428, -0.0065572425, -0.012601408, -0.012948824, 0.012482103, 0.010008507, 0.009465665, 0.013731604, 0.021829305, -0.034236867, -0.004211356, -0.0124812955, 0.018374149, 0.02331181, -0.015036725, 0.006800129, 0.10208391, 0.010388963, -0.0057914006, -0.00209457, 0.0030501653, 0.005464247, -0.020772183, -0.03715908, -0.005119361, 0.012330928, 0.00021682109, 0.012193584, -0.0043174718, -0.010477312, 0.01658446, -0.0041710697, 0.003628454, -0.003727971, 0.004382764, -0.016431145, 0.010941883, -0.009877583, -0.0013194672, -0.012257384, 0.012148292, 0.004976972, -0.018083833, -7.7266624e-05, -0.0048079477, -0.014072836, -0.00803623, -0.020404568, 0.010736843, 0.0003648913, -0.0021875752, -0.0070222127, 0.018759608, -0.006429288, 0.027521541, -0.0038404292, 0.0069976975, 0.009024731, 0.013978642, 0.021399885, -0.028588114, 0.1930104, -0.0028174717, -0.011080839, 0.004365632, -0.026003446, -0.005708865, -0.016298013, -0.00052494486, -0.031733952, -0.021138044, 0.031190323, -0.001789158, -0.0074871, 0.015009948, -0.0015507194, -0.0065877596, 0.0055021853, 0.011557066, -0.036588702, 0.0076883486, -0.003989456, -0.0076415846, -0.014809389, 0.008990562, 0.016790329, -0.014421791, 0.012243628, 0.00937204, 0.0041851155, 0.005661273, -0.0022902114, -0.009586055, 0.012600104, -0.0031423254, -0.02342192, 0.009299649, 0.0011513088, -0.009415095, 0.015818883, 0.006400822, 0.004287882, 0.013001176, -0.01908086, -0.0043926095, -0.009479928, -0.02303937, -0.01877827, -0.014071498, 0.006853402, -0.0042088595, 0.004939053, 0.0029245364, 0.007978793, 0.002504602, -0.016379474, 0.015055056, -0.02292296, 0.012901586, -0.0024543712, 0.0048683085, -0.00633907, -0.0036590833, -0.02622714, -0.009135261, -0.0063042976, -0.0039545945, -0.017625771]"
Rinden protesta nuevos integrantes del Poder Judicial del Estado en BC,https://oem.com.mx/lavozdelafrontera/img/25515533/1756695776/BASE_LANDSCAPE/1200/image.webp,no especificado,"Asi mismo, la reeleccion de Fragoso Lopez se dio a propuesta del magistrado Salvador Avelar, siendo electo por unanimidad, tambien rindieron protesta 148 juezas y jueces",https://oem.com.mx/lavozdelafrontera/local/rinden-protesta-nuevos-integrantes-del-poder-judicial-del-estado-25515525,"[0.014068301, -0.008238439, 0.018281389, -0.06396052, -0.030012392, 0.027917027, 0.014421453, 0.006359273, -0.0027212675, 0.027850838, -0.016725544, -0.0001462639, 0.0013621729, -0.031829774, 0.12429883, -0.0045768865, 0.016112078, 0.008986393, 0.005179523, -0.014500312, 0.0055943076, -0.03328794, -0.00090937084, -0.0036432254, -0.0107121775, 0.007465458, 0.004934482, 0.009959791, 0.040351808, -0.028065665, -0.0067603737, 0.012387373, 0.020971665, 0.01733387, 0.009474034, 0.013616915, 0.0031209271, 0.010035409, -0.0004636257, 0.037243873, -0.0103117125, 0.033965435, -0.014739936, -0.0032327601, 0.0033385085, 0.011299714, 0.014213924, -0.025391443, -0.008918833, -0.020297911, 0.014470852, -0.0033128767, -0.026355108, -0.1662426, -0.0061057433, 0.016225588, 0.004546742, 0.002880833, 0.005484073, 0.007146138, -0.00083332235, 0.02301697, -0.032533526, 0.0015752822, 0.017043142, 0.0036891107, 0.01779598, 0.02565589, -0.03502003, -0.016859956, -0.011270766, 0.0013789388, 0.015852531, -0.0057759755, -0.015015659, 0.011060543, 0.0074244705, 0.009419095, 8.903262e-05, 0.012782977, -0.00199192, 0.008139917, 0.0079012895, 0.006470616, -0.032154214, 0.021197598, 0.032116663, -0.00455982, 0.005820571, -0.017501647, -0.021770388, -0.016075812, -0.001576239, -0.001876826, -0.017992197, 0.0009129242, 0.018912453, 0.012296178, -0.0406456, -0.03409207, -0.02996135, -0.024402127, 0.015097877, 0.004587383, -0.013301963, -0.019255828, 0.008963784, -0.020144418, -0.006843548, 0.033561714, -0.00915945, -0.031304114, -0.022202473, -0.006910962, 0.0042713005, -0.1251937, -0.018388331, 0.023518942, -0.017375221, 0.004015705, -0.0013248014, 0.003494047, -0.005466416, 0.038588382, -0.017696595, -0.017966807, -0.011101517, 0.01632634, -0.011396916, -0.010577471, 0.013454171, -0.017886112, 0.015149513, -0.0034631225, -0.0019398084, 0.020586124, 0.024306586, -0.00446132, 0.034796815, 0.0061861235, -0.0072904495, -0.0062108487, 0.019026877, -0.005299591, -0.032635998, 0.025579825, 0.010572223, 0.006520296, 0.0050642793, 0.023870183, 0.014509427, -0.009696574, -0.03433363, 0.013026595, -0.009169032, -0.019568203, -0.011118233, -0.007821806, -0.02534703, 0.0059141503, 0.002723712, -0.008868934, 0.00922232, -0.00696997, 0.035483595, 0.026424134, -0.0058254334, 0.03459679, -0.006391204, -0.014794828, -0.01441253, 0.027442792, -0.016950857, 0.011891196, -0.019064033, 0.021975491, -0.01721746, -0.015575124, -0.003836034, -0.0036197521, 0.012181907, -0.022116382, 0.016066575, 0.000739072, 0.016883532, -0.008048695, -0.025752394, 0.0066396277, 0.016241476, -0.00962249, -0.039290175, 0.006767197, 0.036025286, -0.0015942312, -0.014003452, 0.0023711564, 0.009746189, -0.035915326, 0.004591104, 0.014622647, 0.03933009, 0.021919936, 0.0081602875, -0.04493819, -0.01591513, 0.01625554, -0.024828661, -0.010055616, 0.00069769233, 0.02824449, 0.0014207963, 0.016902238, -0.020009687, -0.018969573, 0.025451599, 0.0016717314, 0.014966695, -0.010544294, 0.0013634482, -0.0055851196, 0.0068104016, 2.8835379e-05, 0.00475506, 0.028181858, -0.012396408, -0.026943548, 0.026889786, 0.004511666, 0.020224083, 0.00053043803, 0.024061315, 0.01588491, 0.0025048626, 0.013697547, 0.03398461, -0.025580324, 0.020803466, -0.001695537, 0.01825943, 0.01477901, -0.023181187, 0.036101263, -0.00697848, 0.016035212, 0.026653444, 0.008379953, -0.03312838, -0.007810659, -0.00748451, 0.007095462, 0.017800888, 0.025479432, 0.0026195147, 0.013158163, -0.033190746, 0.025793608, 0.011406459, -0.020533651, -0.010364565, -0.0079238955, -0.023653971, -0.005278522, -0.009507552, -0.028298296, -0.018582173, 0.011384577, 0.009744834, -0.0019925658, -0.02870038, -0.010404671, 0.014483557, 0.018448142, 0.011343706, -0.006486855, -0.018365476, -0.025808955, -0.09175899, 0.017932594, -0.0020892853, 0.005431059, -0.015846062, -0.011188134, 0.025103485, 0.0014992119, 0.01097862, 0.01693972, 0.0044012154, 0.0020539744, -0.011716045, -0.02330433, -0.009641761, 0.008984155, 0.017785866, 0.0053196703, 0.013745385, -0.023954036, -0.00076615025, 0.0030481236, 0.00077597896, -0.016566543, 0.010583026, -0.029343, 0.0025396321, 0.022858562, 0.028360615, -0.03353583, 0.0038036592, -0.009673292, -0.01897921, 0.0030339328, 0.0027417613, -0.0031457026, 0.00043466748, -0.02318694, -0.0019533467, -0.009605149, 0.008985043, 0.008402217, -0.019153347, -0.0050454405, -0.0097125685, -0.0041006235, 0.007638758, -0.0071744546, -0.012533476, -0.002797534, -0.0022755181, -0.025778929, -0.0037992923, 0.0022847645, -0.01001759, 0.009570634, 0.0052528377, 0.00025222084, 0.003312536, -0.0060923654, -0.00023017586, -0.011116463, 0.017821388, 0.0069216224, 0.015526466, -0.0017856526, 0.010209585, 0.0038632394, -0.019616121, 0.06000769, -0.0023792395, -0.014326429, 0.014264534, -0.013212912, -0.0031502477, 0.03125638, 0.006111931, 0.0010856171, -0.02702897, 0.025404068, -0.018271523, 0.033249326, 0.002209093, 0.04102964, 0.013724501, 0.012371434, -0.0094423145, 0.009256269, -0.032674942, -0.018846437, -0.0042485157, -0.01264619, -0.013516233, -0.026495505, 0.0033427058, 0.013099778, -0.014617042, -0.006539799, 0.010640503, -0.0034130437, 0.0067576906, -0.014188276, 0.003114905, 0.00216083, -0.0038510992, -0.024653517, 0.00543175, 0.016047563, -0.003841653, -0.00479649, 0.009340022, -0.016882962, 0.0070131076, -0.00087504875, -0.007724996, 0.051401574, -0.0025499729, 0.0024566927, -0.020024808, -0.02661612, 0.006764577, -0.01151671, -0.020038754, 0.012710442, -0.013555657, -0.016964205, -0.0063356394, -0.024227448, 0.013473105, 0.018771684, -0.022629097, 0.020657737, -0.026175281, -0.011492046, 0.009179675, -0.019341223, 0.006465606, 0.011418888, 0.023649387, -0.01585771, -0.0038342748, 0.018459061, 7.398725e-05, 0.02323871, 0.007982578, 0.02398287, -0.009856188, 0.023618385, -0.016955229, 0.026597327, -0.006979442, -0.0008824058, 0.015256455, -0.017292973, 0.013303643, -0.02993021, -0.01193586, 0.00904825, -0.008350361, 0.006651902, -0.033929307, 0.009237043, -0.017491702, 0.003001964, 0.019901529, -0.005907072, -0.012320731, -0.001544452, 0.021825546, 0.021753212, -0.012010455, -0.0020861658, 0.022159642, -0.016545616, 0.019531192, 0.017913157, -0.019661527, 0.018226389, -0.006382945, 0.01406775, -0.01181946, -0.016620068, -0.0064547043, 0.015436901, 0.01595246, -0.035927147, 0.00046269555, 0.0019043434, -0.015270958, 0.02380478, -0.013009014, -0.0056472663, 0.0002906507, 0.03640379, -0.048133202, -0.007671341, 0.0007706122, 0.034220837, -0.003653146, -0.006572204, -0.015220613, 0.012056045, 0.020248896, -0.0131698605, 0.021441216, -0.020046355, 0.004411075, -0.01740853, 0.009978253, 0.022483973, 0.008272833, 0.028383046, 0.00994753, 0.014517762, -0.0031131832, -0.0032820022, -0.0033085328, -0.029494135, 0.0035926527, -0.005266154, 0.012443036, -0.0070048505, 0.0071719303, -0.011087969, 0.011135285, 0.010885614, 0.01174826, 0.0007241556, -0.038993314, 0.01782973, 0.0043401704, -0.005629297, 0.019284856, -0.015336344, 0.036236353, -0.009767275, 0.01794788, -0.004973877, -0.017393045, 0.017759928, -0.039399568, 0.008318903, 0.019227719, -0.012371381, -0.03026001, -0.032284737, -0.01807602, 0.028944973, -0.029677758, -0.031156681, -0.0042845816, 0.010167719, 0.015048333, -0.019358033, -0.010103757, -0.0013326054, -0.0010986212, 0.0040805493, -0.009946938, 0.004706025, -0.013854558, -0.00038786142, 0.021801088, -0.04293427, -0.002231353, 0.002603766, -0.028492965, 0.015530056, 0.011305098, -0.04594644, 0.010233507, -0.020680094, 8.108766e-05, -0.031114737, -0.028595556, 0.02638112, -0.013636753, -0.013563897, 0.013668731, -0.00899711, 0.011725384, 0.013401925, 0.0025558113, -0.024961611, -0.023660406, 0.009341681, 0.009435833, 0.028578987, 0.0069947424, -0.016244253, 0.021048233, -0.021294357, 0.012168655, 0.0004029161, 0.017081393, 0.02045762, -0.027370002, -0.020009952, 0.0065629794, -0.00918579, 0.0023395722, 0.0010986828, 0.012186711, 0.026554083, -0.006691388, -0.0029792497, -0.029011615, -0.00128798, -0.004855671, 0.019403683, -0.01115644, 2.2062866e-07, -0.026752574, -0.045458518, 0.016352547, -0.02104647, 0.028630974, 0.019889148, -0.037409376, -0.019858155, -0.0019512192, 0.0043524713, -0.000700991, -0.008203693, -0.018369887, -0.024262024, 0.003486003, -0.004785981, 0.015830055, -0.007926811, -0.017024903, 0.01540005, 0.011582773, -0.010670139, -0.012493812, -0.031794675, 0.004991696, -0.0019275281, 0.018647581, 0.009761982, -0.003913865, 0.0020081955, 0.010976319, 0.027130624, -0.025487762, -0.0029906062, -0.0040921676, 0.01211766, 0.004261074, -0.05620623, 0.044320162, -0.09591127, 0.0054784813, -0.036136735, 0.0021293692, -0.02443471, 0.018825004, -0.02223714, -0.002061398, 0.00018466073, 0.03549319, -0.0076951087, 0.02100821, 0.027367579, -0.03086552, -0.0040110075, -0.0060442253, 0.021971077, -0.006818115, 0.004209631, -0.030126661, -0.010424915, -0.019143496, -0.0005972921, 0.0047835438, -0.0037022769, 0.0054146163, -0.0025483256, -0.01686478, -0.009154044, -0.027373163, 0.026150841, -0.14392914, -0.021102797, 0.0036739637, -0.0065998808, -0.015093085, -0.0011905094, 0.00039723367, 0.022149969, -0.0046660798, 0.023696367, 0.02225253, 0.005272849, -0.034162313, -0.021868216, 0.03181288, 0.09688534, -0.0035215393, -0.01672819, 0.012167132, -0.011441886, -0.0154106, -0.00750685, 0.025262285, -0.024142126, -0.013092053, -0.0025466983, 0.025790978, -0.019339046, -0.022292165, -0.0026824377, 0.014265898, -0.025292812, 0.008715256, 0.016396008, 0.032281578, -0.017944647, -0.0060196724, -0.011526999, 0.00487107, -0.012282195, -0.01555418, 0.0039344286, 0.010834644, 0.005039627, -0.010313209, -0.0021656826, 0.020293957, -0.015264927, -0.0005786669, -0.0023441252, -0.03286646, -0.062519655, 0.014388022, 0.038949892, 0.005278149, 0.008475644, -0.0016897058, 0.025315624, -0.019491082, 0.0062412447, 0.011282532, -0.0076963245, 0.03229792, -0.0040760576, -0.0146833975, -0.029421903, 0.028959306, -0.009437519, -0.014198046, 0.00087080325, -0.023929015, -0.0005224354, -0.022988688, -0.020216936, -0.009665617, -0.0012559728, -0.022899894, 0.023814185, -0.0044154087, 0.025461435, -0.0069687353, 0.023283808, 0.010726474, -0.006987555, 0.0030737664, -0.02985479, 0.012827104, 0.0027253958, -0.002735532, 0.0035618173, -0.0033815799, -0.011643305, -0.0014877513, -0.019460347, 0.0042452994, 0.028510418, -0.010347897, -0.007454783, -0.010295731, -0.021821423, -0.010260402, -0.02529586, -0.003102588, 0.003501744, 0.011711795, 0.03630579, 0.012589373, -0.010667866, -0.009199893, 0.02754542, 0.018974122, -0.0009136591, 0.0016001613, 0.0048395568, -0.004895361, 0.024665993, 0.0030109878, -0.02215441, -0.0022660727, -0.011874497, 0.014443204, -0.011163386, -0.0020568387, 0.003490112, 0.013994803, 0.01217274, 0.0033406238, 0.012008314, -0.0073061027, -0.042079527, 0.013721766, -0.0066928635, 0.0027838123, 0.005038206, -0.0071565486, -0.0063311975, 0.010072437, -0.0035967275, -0.00083246344, -0.02060141, 0.008844924, -0.007864223, 0.007094776, 0.0044452506, 0.0014479232, 0.0017426591, -0.0006716474, 0.003981972, 0.0070332577, -0.015743721, 0.001823346, -0.033750284, 0.011920653, 0.015565198, -0.0017624868, -0.0011155892, 0.018662727, 0.006082841, -0.0016893003, -0.0038376509, -0.009240046, -0.010643626, 0.0010226275, 0.008825189, -0.010651589, -0.002070566, 0.0023747403, -0.0076970137, 0.008625286, 0.019979995, 0.011110413, -0.002118344, -0.01284592, -0.012980286, 0.0006855255, -0.021150012, 0.009293925, -0.01742252, -0.014233329, 0.006055277, 0.01319414, -0.006859089, 0.0068123383, -0.000685418, 0.011799493, 0.022915889, -0.020695666, 0.0010234842, 0.01012109, 0.017113324, -0.0056907493, -0.015583749, 0.025456814, -0.01581774, -0.009771674, 0.005758062, -0.017182754, -0.00682293, 0.0043106, -0.0076879994, -0.010981916, -0.00466601, 0.001927878, -0.011149089, -0.0011997898, -0.010513766, -0.0085307555, 0.0025065208, 0.01219246, -0.0016050743, 0.013742072, 0.014532105, 0.0024427946, -0.009338244, 0.014026341, 0.0058346065, 0.0011919424, 0.009378234, 0.003776462, 0.008893769, -0.0101145115, -0.011713403, -0.00060538144, 0.0057573817, 0.0044699674, 0.01167321, 0.013159325, 0.005121684, -0.0066776625, 0.0028468028, -0.00075348985, 0.0114640305, 0.024371015, 0.007499435, -0.009809006, 0.00012567604, -0.0021156648, -0.0053678676, 0.0038290399, -0.0005084067, 0.009969905, -0.009435388, 0.0062000407, -0.0012777311, -0.0016366893, 0.0075938636, 0.023970792, 0.004814463, -0.0058520706, 0.0037441547, -0.013927233, 0.01708205, 0.002675247, 0.021389693, -0.013081987, -0.007859225, -0.013119745, 0.022101624, -0.006086815, -0.012623791, 0.003858582, -0.019090857, -0.00389251, -0.003642214, -0.0030283907, -0.002837596, -0.016192276, 0.0046090754, 0.0064062276, 0.0026610177, 0.0015981566, -0.009759069, 0.015726559, -0.0106159095, -0.0049470677, 0.014256798, -0.0060203974, -0.0019017234, -0.0064793136, -0.0031271263, -0.0022335057, 0.013854188, 0.0040015546, 0.014680233, -0.0056948503, -0.0020442035, 0.019495754, 0.006116466, 0.0061643096, -0.015511627, -0.01963589, -0.00518503, -0.01843797, -0.0010192394, 0.009857727, 0.010192999, -0.004368387, -0.0140969455, -0.020957382, 0.0019442276, 0.01065436, -0.013151881, -0.0049740924, -0.014913986, -0.0013719485, -0.00026458607, -0.0036509063, -0.007699817, 0.012173808, -0.004342929, 0.079450265, 0.0152605325, 0.0029294686, 0.0033828344, -0.0056574144, 0.01373558, -0.0039053946, -0.016978044, 0.011125114, -0.012319379, -3.264767e-05, 0.015808087, 0.011869211, -0.02430169, -0.01526272, 0.016875949, 0.013646248, 0.006418535, -0.022078224, -0.004662871, -0.012991761, 0.0065565268, 0.007953317, -0.0049415464, 0.0021372368, -0.012827457, -0.0032629597, -0.013126864, -0.011112888, -0.023175383, 0.008974001, 0.01766439, 0.0060822065, -0.0065717557, -0.020888323, 0.00082639477, -0.0015477819, 0.007405263, 0.009064115, 0.02127549, -0.011590674, -0.0048978115, 0.008738936, -0.023553338, 0.0046886685, -0.008981982, 0.0026105396, -0.0016284997, -0.011867641, 0.008014465, 0.016035296, -0.0017348913, -0.012892378, -0.001022842, -0.00687168, -0.007070749, 0.00895876, -0.0067722425, 0.015056763, 0.0049302136, -4.0662293e-05, 0.009760704, -0.012267344, -0.003911446, -0.0039775437, 0.0013520909, -0.0019191506, -0.014561114, -0.0041725608, -0.00060439325, 0.004276065, -0.012055658, -0.01154812, 0.0025659648, 0.02805157, -0.01473562, 0.007886662, 0.001803693, 0.010548159, -0.003632848, 0.004578186, -0.0016890471, -0.0016615913, -0.0037205908, 0.000861436, 0.0013130854, 0.027311988, -0.0036497754, 0.018443685, 0.00514273, 0.012536744, -0.018808244, -0.012756346, 0.034491666, -0.0005362614, 0.02487383, 0.065580904, -0.005208489, 0.0052037467, 0.009783026, 0.0035097867, -0.0015738346, 0.0048934114, 0.008100001, 0.007355477, 0.0010974053, 0.031414084, -0.0015649941, 0.017619284, -0.006303267, -0.011672832, 0.013176239, 0.002622751, -0.017374132, -0.0011713094, -0.014326477, 0.017259898, -0.007288112, -0.006502243, 0.0018099978, -0.0064540394, 0.008273553, -0.003617992, -0.0053704856, -0.01619206, 0.0012353879, -0.006308554, 0.008189343, -0.0028681944, 0.004451189, -0.014252111, -0.009275936, -0.011900657, -0.0021081085, -0.017554525, 0.015970452, 0.0012160693, -0.00486417, 0.001774185, 0.015416863, -0.007319611, 0.00017230168, -0.026469678, 0.012238709, 0.010515704, 0.001474639, 0.020421496, 0.01113541, -0.002940033, 0.023786996, 0.0036502776, -0.023883304, -0.013102113, -0.0029594218, -0.014674244, 0.014640156, 0.008435586, 0.0037396802, -0.014699573, 0.02171261, 0.00059880276, -0.005089583, 0.008302696, -0.04364387, -0.01176025, 0.010189061, 0.008007487, 0.010719543, 0.00969269, -0.0148416, 0.0038177925, 0.008445667, -0.01110032, -0.006796267, -0.007156653, 0.006536114, -0.009985514, 0.0044526975, 0.012418168, 0.0048810933, -0.00459744, 0.012242129, -0.01721107, -0.017839838, -0.005141986, -0.018925086, 0.0059356024, 0.014246274, 0.0140441805, -0.009623977, -0.019652406, 0.00917229, 0.004889008, -0.0047767158, -0.0033047935, -0.003714878, -0.00050621957, -0.0018399212, -0.016266026, 0.010315187, -0.018739069, -0.013446413, 0.025432032, 0.016817259, -0.0034267814, -0.0070804437, 0.0020734111, -0.018609634, -0.004116759, 0.008166408, -0.0032643573, -0.013805294, -0.006685959, 0.00657156, 0.00039119145, 0.010923821, 0.0047909264, -0.0018347453, 0.014933157, -0.014584961, -0.006109453, -0.025262453, -0.016816534, 0.006868763, 0.009599589, -0.013593708, 0.01865105, 0.007568067, -0.014441872, -0.00402842, -0.0024034628, -0.0065295105, -0.010312599, -0.028665977, 0.014609803, -0.010944183, -0.014963304, -0.021765387, -0.0002586366, 0.012815961, 0.010303813, 0.006431526, -0.0038370078, -0.02493356, -0.0039584744, -0.014691004, -0.009478858, -0.0024222976, -0.008007174, 0.012483422, 0.0018174379, 0.0084131, 0.0057190577, 0.0019766574, 0.0024636185, 0.0033905245, 0.0068917912, -0.028901674, 0.015246002, -0.017380048, 0.021616045, -0.0012817683, -0.00996646, 0.0033901955, -0.012436567, -0.0029699712, 0.010858094, 0.0063039768, -0.0061306064, 0.020533416, -0.0051781354, -0.005965105, 0.008646236, 0.0003916954, 0.010763341, -0.0069895578, -0.0052284603, 0.0065786396, 0.008079771, -0.0022300605, 0.021840759, -0.0058895713, -0.02183454, -0.0029251464, 0.015692933, 0.009846208, 0.008191776, -0.00493942, 0.0074039213, 0.008547145, 0.0026282992, -0.019351298, 0.0045924215, 0.021546496, -0.008514951, -0.009722755, 0.011083522, 0.0026235306, -0.010234552, -0.009378946, 0.0037438427, 0.0026339078, -0.0087690735, 0.0101255495, 0.008590238, 0.011782115, 0.0035546257, 0.01621702, 0.0127486205, -0.038126793, 0.0063388296, -0.005256063, -0.009418643, 0.022386486, 0.010508471, 0.019826882, -0.012785066, 0.012094454, -0.005456992, 0.005094669, -0.005990129, 0.0047267866, -0.010375942, -0.0044078934, 0.0155318, -0.012425466, 0.0015369158, -0.0110059595, -0.014078629, 0.017884167, -0.0046814443, -0.019491835, -0.01695305, 0.011287186, 0.006954374, -0.008018478, 0.013447936, 0.0017555123, -0.01841579, -0.022524184, -0.008439797, -0.0075851628, 0.014411879, 0.014940325, 0.0011825847, -0.018083107, -0.002792681, -0.0041856794, -0.010599703, -0.006720542, -0.0055334265, 0.00071012595, -0.010937203, 0.0047759134, -0.0001716928, 0.01709718, 0.0007531149, -0.0101277195, 0.0009222631, -0.012448109, 0.0040253727, -0.023121959, 0.025382033, 0.015207991, 0.009248564, -0.002337321, -0.001837298, -0.01180221, 0.009477131, 0.0057511795, 0.013733759, 0.009026874, -0.0017899718, 0.0003389834, -0.010448602, 0.009498905, 0.011431266, -0.006378087, 0.013755852, -0.008105054, 0.0037774532, 0.004769774, 0.012745467, 0.014693306, -0.0035955969, 0.002527492, 0.00023660705, -0.004623141, -0.01448047, 0.023234932, 0.0016873458, 0.003305839, 0.014096105, -0.0009791869, -0.0061114742, 0.0011515944, 0.0039243614, 0.009628891, -0.013307646, 0.0048578535, 0.013500981, 0.004729396, 0.0011300908, 0.007572996, 0.007847036, 0.009112641, -0.020033887, -0.0016784569, 0.02168013, -0.014438007, 0.010499912, -0.0024811737, 0.015196475, -0.004304539, -0.009249564, 0.0057910155, -0.0052458933, 0.0034742893, 0.0062781004, -0.00032873312, -0.0016975251, 0.025297945, 0.0030239704, -0.011238367, 0.0011522643, 0.015333987, -0.011424638, -0.002489907, 0.0053784177, -0.0022999318, 0.0021768033, -0.0054681683, -0.018820802, 0.0062713553, 0.011278551, 0.0032853144, 0.010657962, -0.023316756, -0.012351159, 0.016859902, 0.005971361, -0.01560569, -0.012739245, -0.006683158, -0.0023173215, 0.0018450111, 0.008303987, 0.006345082, 0.010446299, 0.0055350396, 0.013824398, 0.007817965, -0.0030604212, 0.0053971596, 0.00044386653, -0.005069169, -0.0063641625, -0.0053056497, 0.01898888, 0.0043035145, 0.014115437, -0.004135892, -0.08222337, 0.0011397671, 0.0132081, 0.018470312, -0.003876609, 0.011532372, 0.014024091, -0.0042841095, -0.023021117, 0.0013466894, -0.026669186, -0.016394116, -0.013588523, 0.009087664, 0.0027343214, -0.0009250313, -0.012355082, -0.011084475, 0.0019345846, -0.003536831, 0.002209047, 0.029754283, 0.0027428241, 0.0011631798, -0.014989641, 0.00884945, -0.00028857333, -0.0032304993, 0.008260104, 0.016985526, -0.0039481376, -0.001296126, 0.011053483, 0.011379698, 0.03105206, 0.0020408165, -0.014516789, 0.018670209, -0.14556454, 0.023953583, -0.008430618, 0.0050559575, -0.01655871, -0.0031945626, 0.014011344, 0.008617668, 0.012636931, -0.0042815027, -0.007106044, -0.005395902, -0.0054033427, -0.0072789723, 0.0041839173, -0.0006591228, -0.011105473, -0.00037164934, -0.007307667, 0.0042639053, 0.015857596, 0.0009310752, 0.014076208, 0.016447343, -0.010028459, -0.00602552, 0.00022061147, 0.00669334, 0.0022965262, -0.0118984785, 0.005597964, -0.009706583, 0.009218961, -0.002704137, -0.01041263, 0.006534621, 0.0088828, 0.0022751468, -0.00063872716, -0.0068766847, -0.001751432, 0.013719339, -0.0014903209, 0.008132823, 0.004393219, -0.023126753, -0.0015585037, -0.00552963, 0.00079014734, 0.016321788, -0.004312699, 0.014092398, -0.01846881, 0.0018324926, -0.00018389488, 0.0027649188, -0.008027247, -0.013828092, 0.007406671, 0.0009774527, -0.014051015, -0.009755865, 0.016864737, -0.0055237, -0.004489101, 0.006533869, 0.0010498794, 0.013359415, 0.023173928, -0.011527345, 0.023766048, 0.02396584, 0.0026529364, -0.00055993587, 0.002304734, 0.0032348812, 0.011206517, -0.0027874135, 0.011449776, -0.00259908, 0.0109969145, -0.012592222, -0.021491226, -0.01964684, 0.01434876, -0.01854854, 0.005209228, 0.014170051, -0.00015255112, -0.023231111, 0.004143614, 0.0131588895, -0.0043366, 0.021213364, -0.020953858, -0.00030347204, -0.002257273, 0.0065510673, -0.022316683, 0.0037455885, 0.005328919, 0.009149658, 0.020251408, 0.010092567, -0.013043896, -0.010503851, 0.00942392, -0.00075165014, 0.01722204, -0.014507704, -0.012411621, -0.024871511, 0.024797559, -0.016267234, 0.021344595, -0.0023512647, -0.02617667, 0.0018359886, -0.017176514, 0.00065829145, 0.05277222, -0.007965571, -0.010222381, -0.035523895, -0.0077954913, -0.0049605537, 0.00061851816, 0.0022202514, 0.018056627, 0.011976822, 0.002726322, -0.024238482, 0.015562736, -0.0040963553, -0.025817828, -0.022437925, 0.024379091, -0.015217461, -0.023082789, -0.03536002, 0.0023866764, 0.012916135, -0.026869405, 0.016978081, -0.0037138304, 0.016852261, 0.01706334, 0.00013415405, -0.01902416, 0.00111567, -0.025935767, 0.01106788, -0.0074830796, -0.0036858087, 0.016704082, -0.01537707, -0.0037651162, -0.0021392475, -0.0114360135, -0.001909042, -0.0018714708, 0.029804014, 0.0028053755, -0.016385997, -0.00043594747, -0.006773549, -0.009728179, -0.0012698707, -0.013801529, 0.027723553, 0.0007286806, 0.0049344236, 0.019654226, -0.014725837, -0.010754434, -0.01270464, 0.0026175657, 0.0060001835, -0.021829635, 0.0010952258, -0.010724931, -4.6229047e-06, -0.0045744847, 0.011856622, 0.005521476, 0.0035978067, 0.016091289, -0.00810796, -0.0044671837, -0.0001801741, -0.0054303017, -0.0076847165, 0.0069737267, 0.01172647, -0.018596817, 0.01833594, 0.00997357, -0.016682222, -0.0010960838, 0.006778133, 0.019601101, -0.010775711, 0.025483374, -0.16973086, -0.0012324583, 0.011808876, -0.0022702524, 0.017399449, 0.013896119, -0.027763383, 0.012861319, 0.020393874, -0.0040392615, -0.004189119, 0.01385331, -0.005916045, -0.014480931, -0.004846393, 0.02813428, 0.0023357281, 0.003977959, -0.010941037, -0.003112264, -0.022935899, 0.016260037, -0.009819988, 0.04176046, 0.009451649, 0.004040135, 0.0046402286, -0.0073233, 0.005433864, -0.0046212845, 0.012286735, -0.003820504, -0.021174433, 0.010935173, 0.011186597, -0.0065900856, 0.0063454737, 0.021052154, -0.009646256, -0.00961639, -0.018190198, -0.009074509, -0.0011264666, 0.00840453, -0.0040363814, 0.01976255, -0.012910324, -0.025376407, -0.025450278, 0.0058152145, -0.019240558, 0.011443248, 0.00014183809, 0.026903167, 0.02199142, -0.030421145, -0.009628439, -0.0028294795, 0.0016258734, 0.014416407, -0.010499573, -0.0058511775, 0.0180825, 0.008177759, 0.02838791, 0.0071046944, 0.009025084, 0.14250126, -0.02189943, 0.008704841, -0.010142752, 0.0029624398, 0.008069545, 0.010179124, 0.0008908273, -0.014693702, -0.014609667, 0.022246702, 0.027617345, -0.00038407778, -0.034672156, -0.011205082, -0.0029252116, 0.008541169, 0.010351783, -0.005201002, -0.004982469, -0.012649703, -0.009485285, -0.014696581, -0.012820683, 0.013930898, -0.022436943, 0.0055281757, 0.016764494, 0.0039385753, 0.023010682, 0.013905669, -0.010401375, -0.0122590065, -0.011488686, 0.0070195016, -0.023954663, 0.0024746289, -0.02324358, -0.015231348, 0.0034743047, 0.00792481, 0.025114018, -0.0033542505, -0.01259098, 0.0206935, -0.00333412, 0.015867516, -0.010867099, 0.010604966, -0.003833853, -0.031462893, -0.023839328, -0.0060631973, -0.0069936444, 0.0059417314, -0.0069083907, -0.0047620283, 0.00090873707, 0.0015625481, 0.012411471, 0.009030835, 0.004357653, 0.0054598805, 0.021355834, 0.000971118, -0.011511491, -0.007522593, -0.015613842, 0.009458225, -0.10964863, 0.02036766, -0.02962137, -0.026533626, -0.0069703, -0.024231747, 0.0047269883, -0.0011434451, -0.015139595, 0.009645529, 0.0023422132, -0.01464052, 0.0027687063, 0.005515321, 0.0047978796, -0.0015424766, -0.016625298, 0.012603002, -0.018396828, -0.026268436, 0.0024588134, 0.0063458025, 0.0145447785, -0.010547527, 0.018152528, 0.0024868266, 0.019850511, -0.014728774, -0.01737997, -0.005541831, 0.0029391134, 0.00023031447, -0.012521028, -0.0047834134, -0.034064483, -0.0046491544, 0.0017582625, -0.010157362, -0.0019510585, -0.005475944, 0.012132314, -0.018719569, 0.0018280025, -0.01999423, 0.018510813, 0.015582709, 0.012957025, 0.01861413, 0.020620136, 0.005402853, 0.0015910686, -0.011195188, 0.0071286806, 0.007234566, -0.011404258, 0.00480016, 0.00011476398, -0.019380499, 0.0013029233, 0.0034200079, 0.01845517, -0.0018047815, 0.0069710156, -0.0086405715, 0.002740371, 0.011779094, 0.0192901, -0.01604082, 0.0281448, -0.0117075285, 0.0085710725, -0.021147698, 0.0046626134, 0.0016016801, 0.0019852621, -0.007004672, -0.008776429, -0.004607136, -0.023096457, 0.019477934, -0.016728353, -0.011525713, 0.002796787, -0.00048206648, 0.022966636, -0.014857934, 0.022806467, -0.019126378, -0.010317884, 0.00019332765, 0.007075489, -0.0032196888, 0.013342087, -0.004205074, 0.017126782, 0.032018352, 0.0038146144, 0.014810766, 0.01524015, -0.0044710427, 0.002288205, 0.004554896, 0.016009742, -0.01797162, 0.019488763, -0.019630611, -0.03431574, 0.00030809647, 0.007243171, 0.006216618, -0.012719002, -0.0020166736, -0.008547321, 0.006106267, -0.013422985, 0.00049137726, 0.037838727, -0.01056327, -0.0057723406, -0.023034321, 0.006505744, 0.010479114, 0.028447613, 0.0006039094, 0.007451129, 0.0065818876, 0.00179134, 0.0075477697, -0.0019531106, 0.010713303, -0.0156146195, -0.016796358, 0.0058629042, 0.003387461, 0.016475402, -0.00083866436, 0.018913848, 0.013671742, 0.012035461, -0.010121681, -0.010372684, 0.010827798, 0.019022465, 0.005444721, -0.0022310126, -0.012717091, -0.009334806, -0.01021691, 0.0064403606, -0.0007443012, 0.004241363, 0.007834327, -0.019600414, -0.0076382826, 0.023960039, -0.005887424, -0.0027397086, -0.018874083, 0.0014892474, 0.012599312, -0.012011077, 0.016428793, -0.0016231028, -0.015185316, 0.0035995853, -0.02573605, -0.0022566172, -0.012797674, -0.012648598, -0.02579278, -0.019336838, 0.010958304, -0.0007011887, -0.027080733, -0.013817968, -0.0024764794, -0.005889304, 0.035649057, 0.014866595, -0.06774098, 0.0040330407, -0.0082345875, -0.0028381278, -0.0057290467, -0.009145964, -0.0013313529, -0.01296681, 0.0026199438, 0.009655638, 0.023557326, -0.009634594, -0.023362057, -0.0048323795, 0.010961213, 0.005513072, 0.0014176553, -0.0015705279, 0.01408778, 0.003380532, 0.023238998, 0.009264852, 0.0108137075, -0.0043542464, 0.01350405, 0.0101100365, 0.0032380337, -0.00865778, 0.0011037722, -0.007278121, 0.0007731068, -0.00015562343, -0.00856791, -0.017165435, 0.0112366555, -0.00043203714, -0.009386822, -0.028483856, -0.014443117, -0.0478056, -0.007434905, -0.006710719, -0.04233904, 0.0039173514, 0.004613131, 0.01214478, -0.006340982, -0.012642922, 0.0035807777, -0.01837752, 0.036805753, -0.012101737, -0.01547377, 0.0045061256, 0.027464908, 0.0016177195, 0.0065271584, 0.012110522, 0.0088105565, -0.0114580365, 0.0011337951, -0.019874813, -0.0032503845, -0.00011955925, 0.016423484, 0.003034039, -0.011386466, -0.0012542285, 0.016532736, 0.0066802558, 0.006866206, -0.024556592, 0.027435122, -0.01569858, -0.0021661294, -0.0023127694, 0.010864519, -0.0027899726, -0.0034454213, 0.010963518, -0.0018777992, 0.03007833, 0.0046791784, 0.058042873, 0.025344111, -0.026729494, 0.0049080383, -0.09713286, -0.0051051523, 0.012621305, 0.0046045976, -0.0040176194, 0.030139001, 0.0020995052, 0.03733179, 0.0058642123, -0.0062484825, -0.0107975155, -0.00015195871, 0.02334434, 0.013550699, 0.010753022, 0.009680015, -0.013913807, 0.015765984, 0.009579007, 0.001359473, 0.015856322, -0.043311447, -0.0016411551, 0.019868327, 0.01621054, -0.048598006, 0.0033366561, 0.010701811, -0.0149443215, 0.0067665908, 0.010680235, -0.016115319, -0.014734637, 0.00048729996, 0.014328784, -0.00033270248, -0.031894185, -0.0031738838, -0.014438757, -0.014949946, 0.0069640335, 0.0056637535, 0.013035604, 0.033457603, 0.013059115, 0.0058168527, -0.0071449373, 0.010272107, -0.016461557, -0.0120854555, 0.0022321593, -0.0087640695, -0.012037716, -0.01812951, 0.007810027, 0.0036617026, -0.024843859, -0.0014864469, 0.0118083125, 0.0216851, -0.00653562, 0.0013602412, -0.013723969, -0.0021249373, -0.014835047, 0.0033812188, -0.010175657, -0.0034193743, -0.00029556002, 0.021761086, -0.002068846, 0.011773716, 0.006367111, -0.022223001, -0.006257014, -0.0049141655, 0.0039633405, 0.022241773, -0.023626992, -0.0063307607, 0.025155459, -0.006598633, 0.0119197415, 0.00017438333, -0.01250227, -0.022042813, -0.030174362, 0.011753587, 0.007510146, -0.002374416, -0.00087103766, -0.019374408, 0.004219154, 0.0006094036, -0.0031740475, 0.0029184222, 0.011972371, -0.019738378, -0.0157158, -0.014317817, -0.014770421, -0.0025901333, -0.03145831, 0.00558298, -0.0031807024, 0.016919447, -0.011911872, 0.010014533, -0.0033131312, 0.015534357, 0.022815043, -0.0070328796, 0.010985518, -0.006046332, -0.006744196, -0.012821984, -0.015103611, -0.016716352, 0.024921147, -0.00078846666, -0.012454799, 0.002626799, -0.030070372, -0.019449985, -0.016745185, 0.0140839415, 0.0118032, 0.003775425, -0.033073895, -0.014952226, -0.02451705, 0.026389575, 0.011772935, 0.013459919, 0.02792078, -0.018218495, -0.014653722, 0.013396868, -0.005067148, 0.012807041, 0.015321897, -0.0051012915, -0.009693273, 0.029108565, 0.022977352, 0.012226866, -0.02454288, -0.023133015, -0.036042407, -0.011270475, 0.0028148182, 0.013046907, -0.0126959, -0.0037080597, -0.014809044, -0.009661475, 0.005412701, -0.024745842, 0.009803859, 0.023225147, 0.016795078, -0.010707029, -0.010958273, -0.0010262027, -0.004466339, 0.00394177, -0.004669448, 0.0020067215, 0.012916639, 0.00010563457, 0.012760876, 0.0027863553, -0.0066225803, 0.0056889714, 0.027195225, -0.01845203, 0.0025901813, 0.024287894, 0.019693298, -0.020873815, -0.000296622, -0.005940639, -0.015659323, 0.02295211, -0.0006278128, -0.024152901, 0.00839172, -0.022743816, 0.014162068, -0.0046397825, 0.005826407, -0.04285638, -0.008063327, -0.009573037, -0.0019036328, 0.007809288, -0.031697117, 0.0009819014, 0.0100761, 0.03043591, 0.009481236, 0.016184032, -0.0047532804, -0.023135304, -0.0032119185, 0.016969375, -0.008175087, 0.018276608, -0.021210544, 0.022247592, -0.002092808, -0.015325228, -0.0021791325, 0.024847452, 0.01003883, -0.003972428, 0.03113069, 0.020449495, 0.007619544, 0.013774353, 0.022194728, -0.0010592438, -0.01664055, 0.018428145, 0.012095277, -0.014857628, -0.0017094875, 0.0033892095, -0.0038884247, 0.0068627833, -0.014866863, 0.013626482, 0.006790284, -0.01219676, -0.01818774, -0.009248774, -0.017874321, 0.02033769, 0.03294221, 0.017676827, 0.00029605321, -0.0009970738, 0.010067888, 0.01761404, -0.028223466, -0.012365325, -0.026429888, 0.0007529098, 0.0056419913, -0.005735666, -0.012845648, 0.010546012, 0.015376053, -0.004888737, 0.024124198, -0.008404418, -0.019563034, -0.01794435, -0.00078957947, 0.0015770512, 0.004921269, -0.0025288286, -0.012801535, 0.0022027155, -0.012248768, -0.03400848, 0.0023007283, -0.0032663096, -0.014676027, -0.0053798854, -0.0012123656, -0.021268984, -0.0038618196, 0.020269461, -0.012201497, 0.018833905, -0.012542977, 0.010678739, -0.0013511084, 0.01305425, 0.008158891, 0.0035689727, 0.009397509, 0.0048233327, 0.015574383, -0.0018437376, 0.023973418, -0.02443071, 0.012456913, -0.0018404574, 0.012614883, -0.005301228, -0.006309479, 0.0137565825, -0.00070652034, -0.0074674636, 0.016103769, 0.0035068698, -0.009572815, -0.014267477, 0.01905169, -0.013949252, -0.009779225, -0.018599406, 0.016986568, 0.01557355, 0.0073292726, 0.006305318, 0.022807013, 0.009914125, 0.009585035, 0.019168964, 0.008894848, -0.010595659, -0.034306444, 0.0006518524, 0.0064102714, 0.015967667, -0.00015288098, 0.00495613, -0.00034584905, -0.00312492, -0.0004945365, -0.0013199991, 0.0042675314, -0.01643823, -0.009422703, 0.021553515, -0.0033617876, 0.013979233, 0.016262567, 0.0030870924, -0.019124828, -0.005163528, -0.0116227195, -0.01825191, -0.015657445, -0.0015510711, 0.024938721, 0.0013179994, 0.0126141375, 0.016373629, -0.0053193523, -0.02096729, 0.018865665, 0.0060059, -0.0135628665, -0.0038648043, 0.01522917, -0.010090773, 0.011179868, 0.008783735, -0.008456287, 0.004183101, 0.005505803, 0.013609098, -0.0089205345, -0.013922443, 0.0026860938, -0.034611497, -0.012315909, 0.008361476, -0.0037422222, 0.0023039943, -0.0128702475, 0.012464889, -0.009589635, -0.017641123, -0.00015317736, 0.009536558, 0.003607927, 0.0094765015, 0.0029789682, -0.006573797, 0.006422928, 0.001356377, 0.014362814, 0.021586992, 0.008135487, -0.0034967852, -0.029558467, 0.020483652, 0.0032292304, -0.016501686, -0.008078387, 0.002078909, 0.0039977063, -0.0044569992, 0.009590148, 0.006024262, -0.012804921, 0.002233145, 0.017267004, 0.0040838686, -0.004739815, -0.009332996, 0.012523021, -0.01786779, -0.0032323324, 0.025408518, 0.01693937, 0.007699749, 0.013085598, -0.007944337, 0.0035267323, 0.010650024, 0.0020783846, 0.0025958295, 0.028143667, -0.012852323, -0.014746093, 0.0115713, 0.0048702904, 0.0043274635, -0.00085125776, -0.007315258, -0.0042634252, 0.03159406, -0.0043965126, -0.019380547, 0.0016059048, 0.041490488, 0.010184759, -0.0076555633, -0.004149768, 0.015598331, -0.018795207, 0.015080575, -0.0030241278, 0.016768042, -0.0078008263, -0.010350801, 0.0099908635, -0.0135425925, 0.008922489, -0.008996084, -0.027460262, 0.017087033, -0.0049680667, 0.0035722714, -0.0053360816, -0.0034874293, 0.004902164, -0.009651007, 0.006820772, 0.027846916, 0.0070816013, -0.006957029, 0.010667814, -0.0059858887, 0.007981803, 0.005418704, -0.008378571, -0.010291061, -0.007803634, -0.0073525626, 0.009160559, 0.007532705, 0.0143274795, -0.0076231016, -0.020535305, -0.010352147, 0.008505636, -0.0074611637, -0.012882938, -0.016853038, -0.005791067, -0.012309238, -0.008925108, 0.0045086374, -0.04074598, 0.0065061753, -0.033256114, -0.0161645, -0.01623876, -0.007997371, -0.009002716, -0.023321869, 0.020281153, -0.018985348, 0.027270483, -0.0014530991, 0.003558072, 0.02913162, -0.011669579, -0.0017018146, -0.00081940123, -0.024470868, -0.0052623115, 0.0030674038, 0.00494812, -0.015037657, 0.0005091571, -0.02078182, 0.021966228, 0.0048305057, 0.00565733, -0.0042740274, -0.0037146632, -0.0025274332, -0.0021895375, 0.02484763, 0.012310425, -0.0012123126, 0.020998338, -0.01877036, 0.0034922154, -0.0045690723, -0.029615719, -0.036098547, 0.011527761, 0.006948267, 0.0002078288, -0.0042132917, 0.012130163, -0.0275056, -0.009761997, -0.020501968, -0.014434307, 0.018904427, -0.011549673, -0.0003144374, -0.0017825206, 0.0013974025, -0.0059882216, 0.0051492895, -0.006943111, 0.022321986, -0.012365198, 0.00914777, 0.033976544, 0.01793427, -0.008756809, 0.0052529853, -0.0038132311, -0.02160132, -0.007889969, -0.024006661, 0.020793555, -0.034816384, 0.0019498438, 0.014438797, -0.009625397, -0.0024097345, 0.026826743, 0.028662343, -0.012750233, 0.0012281126, -0.011404881, 0.011093924, -0.0006511611, -0.008202172, 0.00855809, -0.0066948086, -0.015527824, -0.001234657, -0.0026831203, -0.008049323, -0.0003446782, 0.0013173573, -0.005349456, -0.004822552, -0.020643739, 0.0055358247, -0.0012738834, 0.010583398, 0.011918042, -0.015688306, -0.00861676, -0.005611742, -0.008549997, 0.0135824345, 0.015840426, -0.0109090945, -0.016732896, -0.024623124, 0.0031747222, 0.0014179106, 0.005509362, 0.017288795, -0.0060967472, -0.023572423, 0.0049472223, 0.0067181746, -0.0064529288, -0.010154769, -0.0192691, 0.026012687, 0.0073104715, 0.006733215, -0.006601277, -0.013965912, 0.011520747, 0.0029228067, -0.026336538, 0.0092196595, 0.0024764852, -0.0010341725, 0.01380703, -0.018988486, 0.029248323, -0.0018127639, 0.034161728, -0.012883773, -0.021351764, 0.01799301, -0.0068782377, -0.0017749631, 0.031231211, -0.017074626, -0.004879865, 0.052486174, -0.016479563, -0.03193132, 0.0061799223, -0.01695276, -0.0035461276, 0.0010746577, 0.016166791, 0.0016434464, -0.0030035423, 0.010712477, -0.0067597134, -0.013657874, -0.0037442152, -0.0033171931, 0.012506715, 0.002701774, -0.024091639, -0.016846767, -0.0095514795, -0.0031917123, 0.001687637, 0.007654965, 0.0038352539, -0.012126948, 0.005091866, -0.0170397, -8.663113e-05, -0.008448956, 0.003983347, -0.004443345, 0.007196488, 0.007942229, 0.016380426, 0.0131907575, -0.021964652, 0.015307678, 0.012978362, -0.012399206, 0.005314816, -0.0068554864, 0.008331795, -0.015548769, 0.018954108, 0.025633778, -0.0053656194, -0.004818686, 0.041713584, 0.018843822, 0.0015420171, -0.014642978, 0.01017435, 0.011585041, 0.013746197, 0.00053382467, 0.022375803, 0.0063762213, 0.02867507, -0.009783299, 0.025208896, -0.012638945, -0.0006535093, 0.010058487, 0.014482905, 0.023170145, -0.0149231935, 0.0068062036, 0.004900246, 0.007586483, -0.023379095, 0.011347187, 0.002376945, -0.012555709, -0.0011901888, -0.015727865, 0.16586702, 0.12606877, -0.006001873, 0.0070622433, 0.0070574526, 0.012264875, -0.018526599, -0.0005808468, 0.0073644486, 0.01188341, -0.0048523284, -0.011383989, 0.0073944028, -0.0115023125, -0.0088915005, 0.0064270226, 0.008841761, -0.004887863, 0.0013565257, 0.008872033, -0.0021921718, 0.018846404, 0.0076434207, -0.0019270886, -0.0035056183, -0.011826612, -0.00962091, 0.005122469, 0.0236918, 0.0032482664, -0.014535482, 0.0026926831, -0.0037878454, -0.020765655, 0.014005581, -0.0111994445, -0.012089342, 0.0033854065, -0.00023980527, 0.0011418933, -0.014844352, 0.013942932, 0.0017347151, 0.00210732, -0.004184879, 0.018734412, 0.0051789666, -0.018079646, -0.023939297, 0.038292687, -0.0022237417, -0.0023516982, -0.0072519025, 0.0051432294, -0.012658091, -0.0024850566, -0.0021814108, 0.009997333, 0.010417023, -0.0008909474, 0.003463529, -0.013142043, -0.01752787, -0.0051960396, 0.0036231854, 0.0421237, 0.0027438868, -0.0027874312, -0.022625793, -0.021959025, -0.023401171, -0.001361685, 0.01157141, -0.010911154, -0.02207599, 0.013229462, -0.0010793487, -0.009145321, -0.0052096727, -0.0027640788, 0.010079842, -0.0027662495, 0.014164134, 0.0016578697, 0.015778674, -0.0148938615, 0.0034682292, 0.017929818, 0.09991822, 0.0032167046, 0.004424035, -0.012487243, 0.002169598, 0.0069963443, -0.0020825888, 0.07146121, -0.0140066175, 0.009547782, -0.004217697, -0.017034227, -0.0037297574, 0.006930603, -0.0029743558, 0.010256732, -0.003801732, 0.05145953, 0.0037545082, 0.011791124, -0.029185046, -0.009617908, 0.009405074, -0.009461117, 0.01721667, 0.0034793958, 0.0032092237, 0.011443905, -0.008093225, 0.0062457295, -0.0863429, 0.0057659703, -0.020546429, -0.014303345, -0.007753377, 0.017663324, -0.018180817, -0.0012835397, 0.001972909, -0.008005245, -0.012027881, -0.010278329, 0.023457823, 0.004125824, 0.0051263133, 0.0075697177, 0.010300836, -0.024711628, 0.0005258971, 0.0038615386, -0.0007329177, 0.0089452155, 0.0020112763, 0.0025966617, 0.0024095653, 0.017877566, -0.025343403, -0.010278735, -0.0061806533, 0.015125241, 0.009163671, 0.0053012, -0.013274385, 0.011160097, -0.01426838, 0.0066884705, -0.0051612454, 0.0039122705, 0.013410733, 0.0012029541, -0.0026122527, -0.0027806105, -0.006435674, -0.008588731, 0.01764116, 0.0071550626, 0.0012615791, -0.019400505, 0.01221401, -0.0111172395, 0.00813599, -0.0111687165, 0.009391535, 0.010687817, 0.0027907975, 0.0019475591, 2.6532029e-05, -0.040724043, -0.026408277, 0.016027894, -0.005226146, 0.013381255, 0.0019063517, 0.032548618, -0.017737487, -0.0077133724, -0.0042348783, -0.013875335, 0.01365335, -0.0023484714, -0.02121176, 0.02374557, 0.001720811, -0.007986721, 0.00019226535, 0.009374061, -0.005563026, 0.009212475, -0.01861042, 0.019656816, 0.01398828, -0.011973351, -0.009421419, 0.10897571, 0.0065525146, 0.0034093533, 0.015174816, 0.0039196303, 0.0028323075, 0.0007583523, -0.015866084, 0.009118301, 0.017826295, -0.02381282, 0.005419881, -6.700754e-05, -0.011569647, 0.009087397, 0.0072556185, 0.00280339, 0.01978051, -0.0019268431, -0.014684408, -0.011053309, -0.0030516125, 0.0141516235, 0.0007022024, 8.0904814e-05, 0.0019353225, -0.010381984, -0.00077636575, -0.0012557905, -0.011771917, 0.002350657, -0.027702793, -0.000143938, -0.005675488, -0.0050733127, 0.0026206474, 0.023776727, 0.008687691, 0.029169958, -0.00058392814, -0.011385598, 0.01742976, 0.010540226, 0.0014827532, -0.028040193, 0.19965246, -0.009993521, -0.001282051, 0.0060608787, -0.006129781, 0.016556988, 0.0035894385, 0.008681417, -0.024613839, 0.0059811817, 0.04116718, -0.002716878, -0.006398058, 0.0038777723, -0.004277343, 0.014567221, -0.00285698, 0.017422186, -0.03615197, 0.0033222586, -0.0071296324, 0.0074059526, -0.018161032, -0.01799907, -0.011978575, -0.0024747779, 0.018010676, 0.01911703, 0.0026462723, -0.012080038, 0.00846794, -0.014283611, 0.0016080498, -0.01507589, -0.00041198285, -0.006447834, 0.0064781103, -0.011427964, 0.006617076, -0.007534979, -0.01821632, 0.014716207, -0.021043623, -0.01313503, -0.019737456, -0.012588317, -0.008616729, 0.00463419, 0.01364078, -0.0016771411, 0.0032112836, 0.006471788, -0.02085948, -0.00034153103, -0.015150283, 0.028732136, -0.008953803, -0.007608474, 0.006657652, -0.0053178393, -0.0144171035, 0.011602415, -0.0035899736, -0.00018515257, 0.018654885, -0.004025678, -0.007111566]"
"Claudio Banuelos, el joven juez de Aguascalientes que esta revolucionando la justicia penal",https://oem.com.mx/elsoldelcentro/img/25508389/1756656552/BASE_LANDSCAPE/1200/image.webp,no especificado,"Con solo 24 anos, el joven rindio protesta como Juez Penal dentro de la nueva conformacion del Poder Judicial en Aguascalientes ",https://oem.com.mx/elsoldelcentro/local/quien-es-claudio-azul-banuelos-el-juez-mas-joven-que-esta-revolucionando-el-poder-judicial-de-aguascalientes-25508403,"[-0.0041490537, -0.0029620642, 0.026820848, -0.09086356, -0.0044682026, 0.010323186, 0.025943564, 0.008549265, 0.0005978111, -0.015273541, -0.057279214, 0.018526495, -0.013598072, 0.013693679, 0.10745451, 0.004581217, 0.0033352694, -0.010126734, 0.009281002, -0.002607089, -0.0049666422, 0.00336395, -0.016618803, 0.0051685506, -0.029689934, -0.013768509, 0.019991778, -0.005172717, 0.010851808, -0.017385831, -0.021447713, 0.012563492, 0.014991554, 4.5484903e-05, 0.007399993, 0.0016513591, -0.0010600785, -0.0049552703, 0.019060183, 0.0010480332, -0.015813632, -0.00017174127, -0.008382676, -0.032484088, -0.01530313, 0.0055078124, 0.014959578, -0.023110015, 0.003385921, -0.002342311, -0.0064210803, -0.002868764, 0.0011164366, -0.1633854, -0.021585954, 0.00059418794, -0.0092579285, 0.02351063, 0.0045172595, -0.01346268, -0.007152676, 0.019885587, -0.036663413, 0.002330528, 0.020481974, -0.011202078, 0.0023804992, -0.0032450897, -0.03568002, -0.016125662, -0.00032192882, -0.009602069, 0.006592242, 0.010072653, 0.013107366, -0.008470776, -0.011685429, 0.026384508, -0.0077788257, 0.013316851, 0.007082982, 0.0037486388, -0.011700406, -0.0096543785, -0.007254251, 0.0006824683, 0.03688876, 0.013116648, 0.017366713, -0.003347105, -0.013985581, -0.016563168, -0.004218028, 0.017221091, -0.018814782, 0.013463588, 0.017869301, -0.014025069, -0.01744322, -0.039783932, -0.033697475, 0.001597434, 0.022703068, -0.008216678, 0.0103839515, 0.0053125108, 0.028665032, -0.014602549, -0.031218005, 0.046969008, -0.015864722, -0.009462122, -0.041702025, 0.0067800498, 0.0126807615, -0.123623416, 0.0016997588, 0.0123563865, 0.0011025453, -0.0039835814, 0.0003171854, 0.01251906, -0.0029577352, 0.028699597, -0.035690475, -0.0026424814, 0.0015292892, 0.011059243, -0.031885933, 0.018847505, -0.0034027183, -0.0042870184, -0.001999133, 0.009615483, 0.014084478, 0.028492087, 0.028179344, -0.022422783, 0.00132794, -0.0016028357, -0.011299765, -0.008579569, -0.009616043, 0.022772633, -0.021109778, -0.0044414983, 0.0034970364, -0.021336189, 0.019015849, 0.01189604, 0.003844591, -0.014047721, -0.016429683, 0.011871874, 0.012922641, -0.018483976, 0.0063528577, 0.0064544696, -0.012185458, 0.02501256, 0.025230585, -0.011628208, 0.009910141, 0.014666382, 0.008778105, 0.020880446, -0.026472906, 0.015389348, -0.000732644, -0.012255362, -0.0048252037, 0.0068981624, -0.017901532, 0.027735304, -0.019640695, 0.013511411, -0.020102195, 0.008189152, 0.017252788, -0.015034442, 0.01663481, -0.028188588, 0.01613191, 0.0042904275, 0.0035583875, -0.016031038, 0.009093302, 0.006777453, 0.0019848845, -0.0036367849, -0.042839117, 0.01983031, 0.0010999318, 0.010595037, -0.017876735, 0.012903627, 0.012294726, -0.042931337, 0.013076187, 0.012288008, 0.0057193986, -0.016934274, -0.0076299333, -0.013524746, -0.00058513216, 0.03508326, -0.049693104, -0.0007819991, -0.015340459, 0.016175665, -0.009715055, 0.021045543, 0.0029886437, -0.019027276, 0.007478291, 0.007321773, 0.022402843, -0.0020671266, -0.008112465, -0.033774495, -0.013794529, -0.016536247, -0.017124223, 0.045168143, -0.018299542, -0.020059142, 0.027932767, 0.0038117152, 0.0059043868, -0.014181482, 0.011397824, 0.025441391, -0.004991362, 0.021500861, 0.028589254, -0.01821756, -0.004810628, -0.00131204, -0.00010123086, 0.032231025, -0.00029933048, -0.008353858, -0.024766171, 0.015329232, 0.022415295, 0.0019688979, -0.028226297, -0.0026915297, -0.02176331, -0.0032913506, -0.004347293, 0.004841925, -0.007511371, 0.009102071, -0.008058655, 0.012906283, 0.007362679, 0.016184924, -0.020337472, -0.0030354136, 0.0037044624, -0.008016598, -0.009907966, -0.007476782, -0.01795918, -0.013853948, 0.008295828, 0.0023771795, -0.018044194, 0.008260771, 0.0025189256, 0.032663308, -0.0026994837, -0.009923237, -0.013886798, -0.013627197, -0.07492759, 0.007557384, 0.027829017, -0.037120447, -0.0024282748, 0.0021834222, 0.0033717542, 0.026430886, -0.01498661, 0.01780245, -0.0067321286, 0.0064603267, -0.015558405, -0.039742507, -0.006005216, 0.0018293327, -0.009833149, -0.0016009299, -0.0041434877, -0.009277057, -0.0028376423, 0.023296164, 0.03150524, -0.0077115064, -0.0012349555, -0.01670246, 0.020614587, 0.023333564, 0.026191173, -0.0182054, -0.0044894572, -0.030654179, -0.023211371, -0.00587193, -0.031180529, -0.012280828, 0.005535069, -0.0061207907, 0.0018832765, -0.004420762, 0.033938505, -0.00039809744, 0.022390628, -0.005707923, 0.019013558, -0.019939292, 0.031970255, 0.008324148, -0.004838895, -0.0014293597, -0.0036386952, -0.00067549356, 0.025370562, -0.011229548, -0.01423556, 0.010837296, -0.0039889086, 0.010182453, -0.011483565, 0.0013809869, 0.018469276, 0.008507758, 0.0113757625, 0.009722906, 0.0044463943, -0.024038838, 0.024693184, -0.004135664, -0.015389309, 0.037655286, 0.016093416, -0.015495122, 0.02677538, -0.011451493, -0.00914478, 0.0131209325, 0.0037015185, -0.0034597975, -0.012501673, -0.0020492948, -0.014472157, 0.011230468, -0.043471664, 0.0027893507, 0.018750444, 0.010118455, -0.0014004528, -0.005708546, -0.0016946957, 0.021945596, 0.0013830513, -0.037673175, -0.0071447026, -0.011268366, 0.0047108224, -0.0052230866, -0.017480703, 0.025284426, 0.008793794, 0.016927687, 0.005576465, -0.0058775335, -0.011239561, 0.005227984, 0.0016619352, -0.007070015, 0.007362265, -0.0040860665, -0.03249628, 0.00063809444, -0.004455065, -0.017005723, 0.001824724, -0.004983637, -0.0101358425, 0.011704531, -0.0052664704, 0.0107895825, -0.013097066, -0.0042733015, 0.008528135, -0.0045561306, -0.028466512, 0.025435336, -0.02609054, -0.039802022, 0.009841471, -0.0065151877, 0.010050044, 0.011589044, -0.030431543, 0.0035920942, 0.010924823, 0.0013461722, 0.01389629, 0.012236204, 0.0052372585, 0.0032637755, 0.020669278, 0.013592868, -0.006687552, 0.007477442, 0.0026707524, 0.007818311, -0.018679397, 0.017431147, -0.007625848, 0.0071472796, -0.0042110607, -0.0036252146, -0.004900563, -0.010755136, 0.023592908, -0.027553767, -0.019624688, -0.026572453, -0.0066111707, 0.017930757, -0.014143167, 1.32574505e-05, -0.0016239424, -0.024352245, -0.0065029445, -0.013929553, -0.0012501291, -0.008251121, 0.0017720001, 0.019768937, 0.051089846, 0.010514466, -0.009035032, -0.0097010415, -0.0059943423, -0.03521648, -0.0030220496, -0.015140507, 0.011785094, -0.008581511, 0.013139161, 0.018143201, 0.007572454, -0.028304275, 0.009509007, 0.0090966, 0.011188379, -0.0144588705, -0.0039093923, -0.015337277, 0.009278039, 0.000184027, -0.018563302, 0.0029726652, -0.018446269, 0.01486261, -0.010827539, -0.004329921, 0.017808668, 0.0017734746, -0.00881516, -0.008203658, 0.0043808543, -0.008158124, 0.0104251085, -0.012971399, 0.014902688, -0.0049750786, -0.022252984, -0.023467751, -0.004168517, 0.02220867, -0.007833611, 0.0108398665, 0.01229137, 0.0004631251, -0.002748791, 0.0022223091, -0.023174671, 0.0072866287, -0.013652944, -0.013680662, -0.032144304, -0.008520324, 0.009019975, 0.012398994, 0.0014704576, 0.0076555116, 0.016958285, 0.011207963, -0.052799422, -0.0029153794, 0.02042958, -0.0019961284, 0.037088342, 0.007853392, 0.022748526, -0.00034973834, 0.014281684, 0.014948939, -0.0035050446, 0.005629023, -0.027429221, 0.018474245, -0.0144597115, -0.0011180921, -0.013548803, 0.0082911905, -0.005837163, 0.0075664995, -0.028389785, 0.0077408375, 0.04951457, 0.016100924, 0.03855326, -0.041326765, -0.013715156, 0.015780289, 6.0169983e-05, -0.012188138, 0.018531796, -0.024357826, -0.0016802079, -0.014473936, -0.01163938, -0.02872487, -0.022627655, -0.0215868, -0.057238247, 0.01297137, 0.012411433, -0.08298603, -0.0020670744, 0.006183236, -0.00981865, -0.020345146, 0.0020926376, 0.04633142, -0.012256467, 0.006023762, 0.020990176, -0.021705, 0.009533892, 0.018081043, 0.014490267, -0.008397048, -0.017085684, 0.027009716, 0.0016765391, 0.016047519, -0.019353187, 0.011313872, -0.0028576383, -0.009177573, -0.0025904824, -0.0044294405, 0.006523544, 0.04557571, -0.036685344, 0.002988985, 0.016202934, -0.025267381, 0.021908976, -0.0055123474, 0.021114381, 0.0067467443, -0.01909008, 0.006404974, 0.008602523, -0.008322513, 0.03100301, 0.006944318, 0.025720822, -0.008126501, -0.010587713, -0.029150391, 0.012121434, 0.006398707, 0.017311782, 0.003765554, -0.016920792, -0.018166225, 0.0013390355, -0.006831319, 0.010286088, -0.022855848, 0.015140723, 0.00052505155, -0.0026823196, 0.014362684, 0.00056455814, -0.014036684, -0.028733814, 0.0030275066, 0.023113966, -0.01395343, -0.0059743263, -0.03563616, -0.0122888, 0.046666835, 0.0063465894, -0.01180929, -0.0057012695, 0.018421294, 0.04515518, 0.02705852, -0.0101803765, -0.010277183, 0.0092295995, 0.0022776027, -0.0016346668, -0.02424598, 0.03481208, -0.092362225, 0.020187851, 0.00698123, 0.028111544, -0.011657106, 0.009149452, -0.008592784, 0.00081545475, -0.01897383, 0.008312569, 0.023832083, 0.015974741, 0.017719455, -0.016404191, 0.01483659, 0.018618865, 0.016197916, -0.0093713375, -0.0071407394, -0.035445374, -0.017275326, -0.048713785, -0.020786023, -0.0012559892, -0.01438349, -0.0018996003, 0.008753304, -0.0068345, 0.012770379, -0.018347975, -0.028060513, -0.14899682, -0.03450695, -0.009482379, -0.021719761, 0.0031315763, 0.022245973, 0.0043511675, 0.004051709, -7.908156e-05, 0.023126595, -0.008359644, -0.0035888827, -0.014848891, 0.010867702, 0.0041744965, 0.121182986, 0.024132907, -0.004317609, 0.019544503, 0.022711946, 0.0029599469, -0.0063243257, -0.011217341, -0.0047162445, 0.018239738, 0.013795987, -0.009921253, -0.020243432, -0.0077923783, 0.004358686, 0.021095186, 0.01816853, -0.009973775, 0.0099151265, 0.024158353, 0.012186325, 0.016742207, -0.012151955, 0.01796525, 0.009116065, -0.00077343703, 0.017681023, -0.0041628233, 0.02448229, -0.02312525, -0.017018937, 0.0081961565, 0.014058015, 0.00097524177, 0.04064384, -0.043463755, -0.090776965, 0.0037224528, 0.03561516, -0.00943086, -0.00638616, -0.016709166, 0.022362765, 0.019915361, 0.005886588, 0.021673517, -0.0038725466, 0.01244641, -0.022476599, -0.015673343, -0.027866319, 0.018799474, -0.018529577, -0.016497487, 0.005433097, 0.0077098515, 0.009380356, -0.021708567, -0.0621382, 0.009247527, 0.00092649873, -0.02002272, 0.011525492, -0.011372592, -0.00813001, 0.01691594, 0.026744975, 0.01317101, 0.0023975826, 0.007752647, -0.0067598056, 0.0032808718, 0.002724754, 0.0012123564, 0.014716043, 0.011236955, -0.013614185, -0.017845748, -0.016167136, 0.0070178485, 0.014209919, 0.02326714, -0.008870418, -0.031439237, 0.00686378, 0.024247516, -0.02564816, -0.004648131, 0.0019704143, -0.017271444, -0.002438055, 0.014074173, 0.0020248159, 0.012397665, 0.0106855, 0.005014229, 0.0035562147, -0.0009544761, -0.013666786, 0.006839262, -0.0015008115, 0.000119702665, -0.0036419313, 0.005754403, -0.005431786, 0.003393605, 0.008796776, -0.02457234, -0.0010138733, -0.008838248, 0.004511401, -0.008366124, 0.0023944334, -0.0046377834, -0.03473236, 0.0029167465, 0.0063566705, 0.0046670055, -0.02637505, -0.024934314, -0.003864329, 0.0077001574, -0.009745009, 0.0018557722, -0.014034036, 0.01992217, -0.0016831711, 0.015556893, 0.0039762943, 0.021076832, 0.003897715, -0.008419989, 0.0121449325, 0.0018596528, -0.0016407974, -0.0047169924, -0.012077138, 0.0075624264, 0.018076086, 0.0005452846, 0.0145156225, 0.013545883, -0.0027124612, -0.0025561282, -0.012203016, -0.0050725183, -0.010891587, 0.017602755, 0.00806625, 0.012626811, 0.00060535135, 0.022030046, -0.009787182, -0.014507104, 0.005981711, 0.010684082, -0.0030550822, -0.0034250522, -0.002385502, 0.0057292096, -0.0073221144, 0.009692643, -0.012060738, -0.0104682455, 0.01891483, 0.0014283113, 0.017745676, -0.00085279724, 0.010492474, 0.016362373, 0.016517714, -0.023353223, 0.0027922231, -0.009575327, 0.004678683, 0.0123898545, -0.019730788, 0.023829322, -0.028814288, 0.003121308, -0.009005414, -0.015386858, -0.004374756, 0.007967807, 0.013181842, 0.0042945486, -0.012068787, -0.0056396895, -0.008863488, -0.0069611813, -0.012471374, -0.0066705663, -0.0030867711, 0.01366459, -0.004939933, 0.018214982, -0.011350167, 0.009889777, 0.022781834, -0.018949803, -0.0026157121, -0.0043558525, 0.009590528, 0.0068594012, 0.0031437608, -0.019728031, -0.009630196, -0.0072383536, -0.0039123287, -0.009247834, 0.009795337, -0.013960675, 0.01019148, -0.0047306195, 0.006912158, -0.0032661008, 0.0043601138, 0.0048249173, -0.00071081833, -0.027431834, -0.002644112, 0.005576659, -0.0020600099, 0.0046675703, -0.00062654726, 0.0034746558, -0.004020226, -0.00847331, -0.0030487585, 0.012075059, 0.00629489, 0.0007638999, -0.011046297, -0.01096425, 0.000517434, -0.01915198, 0.0034675763, 0.0121947415, -0.004847567, -0.013118657, -0.009112822, -0.005171052, 0.024663836, 0.0062635723, -0.0057375473, 0.00075692235, -0.0070203994, 0.0036436445, 0.01422067, 0.009102266, 0.0063760825, -0.011559101, -0.0076629478, -0.0015035322, -0.011962259, -0.010528759, 0.007520559, -0.0016178804, 0.002531162, -0.014265068, 0.017386531, -0.0026687444, -0.014036076, 6.2870924e-05, -0.0018135597, 0.008627784, 0.008397427, -0.010576847, -0.00540859, -0.0018747044, 0.012203713, -0.010681465, -0.00065926515, 0.0025179402, -0.02910334, -0.013169111, 0.0009433536, 0.0101908455, 0.008615731, 0.0040755053, -5.5326767e-05, 0.004147492, -0.008158196, -0.02135701, -0.0046462948, 0.009517277, 0.0019853916, 0.0057597123, 0.0074942973, -0.0058994293, 0.0008481912, -0.004049773, -0.011353255, 0.023240598, 0.015998531, 0.083041504, 0.013427754, -0.009722851, 0.008977396, -0.002858668, 0.007825665, -0.011593352, -0.010441049, 2.122839e-05, 0.0011994602, -0.007830151, 0.0022672813, -0.0071163718, 0.0031202447, -0.012349439, 0.0071731713, -0.0031291074, -0.001089364, -0.013396206, -0.0063498, 0.007424908, -0.007188242, -0.0012896848, 0.0058531193, 0.0035520892, -0.031216096, -0.019337233, -0.00090081425, -0.00046021384, -0.0009952403, -0.005353049, 0.016272712, 0.0097375205, -0.017252045, -0.0074415123, -0.00072474295, -0.017498204, 0.0125349695, -0.003749529, 0.014528859, -0.0077968454, 0.007757956, -0.009541088, -0.0075805965, 0.010803201, 0.005745671, -0.005014408, -0.01468364, 0.003957682, 0.0041667423, 0.012379042, 0.0066252016, -0.0022062259, 0.00062314933, -0.010941819, 0.002548588, 0.0059996992, -0.0030648299, 0.01865084, -0.006574077, 0.0036420063, 0.015634092, 0.011330898, 0.011012195, -0.0025684163, -0.0065046228, -0.0014302974, -0.00016910005, -0.018990997, -0.0022593015, -0.00731272, -0.006883595, 0.00089778926, 0.012871971, 0.033325743, -0.022983389, -0.008082493, -0.0025655318, 0.02122762, 0.013406909, 0.019934608, -0.004497299, -0.020153247, 0.009410198, 0.00060472277, -0.02062357, -0.012414617, -0.003030101, 0.016180763, 0.016972579, 0.021163195, -0.004518523, -0.0012412267, 0.010533818, -0.0022471466, -0.0023658806, 0.048842166, -0.0033732508, -0.0018156006, -0.0044522495, 0.015280235, -0.0042222287, 0.0030644473, 0.0031238936, 0.00669851, -0.01667398, 0.0050292243, -0.019302336, 0.017442714, -0.011991782, 0.0050965785, 0.00929312, 0.008258473, -0.008204303, 0.013209316, -0.0051257918, 0.007490582, -0.0025332512, -0.0053852582, -0.012045393, 0.0077234665, -0.008030241, -0.027584175, -0.00049107504, -0.0010471503, 0.0030974136, 0.005839174, -0.0038595935, -0.0050228303, 0.0034473366, -0.011174959, -0.023318373, -0.01299459, 0.008306521, -0.013710514, 0.018064965, 0.027444813, 0.0037598116, 0.0053652, 0.015495046, -0.018254587, -0.020165252, -0.012222275, 0.0260279, 0.019767303, -0.010944829, 0.0055160006, -0.0051267124, 0.008595319, -0.009736974, -0.010635267, -0.012706406, -0.007929028, 0.011253019, -0.015070237, 0.0014013413, 0.010436892, 0.014363337, -0.023608673, 0.010835467, 0.0007818822, 0.0002564102, 0.0017653122, -0.005330248, -0.013947522, -0.0037281578, 0.019394878, 0.01615032, 0.0024211023, 0.0016039129, 0.002881637, 0.0040359236, -0.00058783346, -0.0063165193, -0.017943319, 0.014277114, -0.005904379, -0.014398957, 0.013424317, 0.009416291, 0.006634816, 0.026077272, -0.015357401, -0.012252589, -0.010507687, -0.011048586, 0.0012234647, -0.003878273, 0.0036707004, -0.0059039313, 0.0032812776, -0.00613221, 0.001055066, -0.004244479, 0.0002584918, -0.0053367764, 0.0014127949, 0.011592565, -0.0065608216, 0.0033548183, -0.008728321, -0.006923876, 0.007667922, 0.014296409, 0.0042760572, 0.004659688, 0.0050575295, -0.007984103, -0.0024090514, 0.004835826, -0.008530322, -0.038738143, 0.0008337964, 0.009004264, -0.009636857, 0.012835235, 0.012270354, -0.0023542535, -0.0043619378, -0.018602483, -0.0057175294, -0.010994986, -0.0186612, -0.00010909885, 0.00525168, 0.005286599, 0.012575256, 0.006399645, 0.0024395583, -0.00553346, -0.014566962, -0.0038301202, -0.0148547115, -0.010430741, -0.001993946, -0.005617152, 0.0002499113, -0.023078745, 0.009615556, 0.02023568, -0.00039966602, 0.0122474795, -0.0056800623, -0.008343876, 0.00055643637, -0.006395658, -0.022413451, 0.0100921355, -0.008900567, 0.002845113, 0.021753652, -0.0014875624, 0.0012791465, -0.014609742, -0.018966861, 0.0021214318, -0.0027159683, -0.046616305, -0.006038157, -0.00469229, 0.026232928, 0.01754911, -0.018113688, -0.011347241, -0.0050229863, -0.006014475, -0.0070012426, 0.0005676241, -0.0057660965, 0.0061309393, -0.00913955, -0.015271265, -0.012630251, -0.0002011486, -0.01566631, -0.00090276566, -0.0040701684, 0.00018709703, 0.0073591657, -0.00057176023, 0.010288645, 0.0026387204, -0.0025603531, -0.006198871, 0.0040028654, 0.0031244492, 0.004562115, -0.01631934, -0.008060843, 0.01429521, 0.024272513, -0.0021495672, 0.010066711, -0.008876753, -0.014797607, -0.006448037, -0.013322809, -0.0047857864, -0.013780955, -0.014521359, 0.023012022, -0.0004919664, -0.008587339, 0.015745034, 0.014663286, 0.00047449346, -0.0060042064, 0.00029365558, 0.011384621, -0.025755491, -0.0103175, -0.002267236, 0.009438279, 0.030430067, 0.019142903, 0.0025306141, -0.0042248415, 0.012834779, 0.0015076724, -0.00032420908, -0.008635216, 0.0023168393, -0.004036802, -0.0034495601, -0.016760584, -0.0034493133, 0.0013897084, 0.012158857, -0.0009953402, 0.02542034, -0.011648026, 0.0033507417, -0.018335812, 0.011175676, 0.010545355, 0.0043004993, 0.028076556, -0.007973236, -0.0050385376, -0.012815045, 0.0014228987, 0.005342119, 0.014994804, -0.005097381, 0.004254418, -0.015123367, 0.00088780234, -0.009238961, 0.007657773, 0.0021478927, -0.008409445, -0.0034670355, 0.023804784, -0.0011960148, 0.0051235706, 0.013739086, 0.025033182, -0.0037875483, 0.017948668, -0.0036786564, 0.010040997, -0.0052444674, 0.027100159, 0.024919776, 0.021044722, -0.0035835754, 0.008518603, -0.021604596, 0.016300777, -0.002930665, 0.0062386044, 0.004983701, 0.017001426, 0.0004837288, -0.022968162, -0.007340667, 0.0030256188, -0.016462527, 0.017287467, -0.008531531, 0.0028736086, 0.01629631, -0.015490269, 0.013712183, 0.0009359404, 0.0133245, -0.009022117, -0.00019114789, 0.0065111234, 0.017746808, 0.00072901935, -0.0033655935, -0.0027136384, 0.0070050023, -0.0043948945, 0.00015788546, -0.014272394, 0.02505065, 0.013042869, 0.0011114636, 0.01606035, 0.0030909362, -0.027648738, 0.009458564, 0.028994884, 0.008733109, -0.009273806, 0.0016033901, -0.005263537, -0.0058895666, -0.008029301, -0.00013728306, 0.013149536, 0.00809285, 0.0014585977, 0.012359412, -0.003951427, 0.01356989, -0.0012229779, 0.0064490344, -0.0055205924, 0.02355585, 0.0009591489, -0.0038020813, 0.0031913677, -0.00015542499, -0.0065196324, -0.0050987606, 0.01551697, 0.012889355, -0.0016505087, -0.0038100677, -0.0077241235, -0.009241717, 0.012963544, 0.013987481, 0.019425033, -0.008068643, 0.01769638, 0.02352803, 8.3805884e-05, -0.0013780427, -0.01642365, 0.004095439, -0.016406424, 0.0039347773, 0.0027898035, 0.0053545856, -0.00013731014, 0.016514618, -0.0009238182, 0.008641071, 0.006196681, -0.00921013, 0.007009684, 0.012155397, -0.00081390364, -0.008708634, -0.0030638168, -0.008781506, -0.016764065, -0.0033949036, -0.08785858, 0.004917112, -0.024411237, 0.009316957, 0.0028192655, 0.005596815, 0.00843776, -0.016990446, -0.012526202, -0.012318434, -0.015320596, -0.0065639317, 0.00097432197, -0.011242824, 0.015279934, -0.00505883, -0.00072031893, -0.008056563, 0.023253258, -0.013384261, 0.0060063936, 0.017771825, 0.0065645087, 0.0023107657, -0.017107595, 0.0013016417, -0.018103195, -0.012033633, 0.011682491, 0.013071882, 0.005662783, -0.0016795839, 0.011406984, 0.024276255, 0.016362136, 0.004720531, -0.00858509, -0.0019043928, -0.13739705, -0.005988378, -0.005280333, -0.007849209, -0.013239195, -0.00050389906, 0.03168976, 0.021048523, 0.004578834, -0.016353384, -0.018503845, -0.009230217, -0.011870596, 0.0014361679, 0.021661984, 0.011223062, -0.011083921, 0.0010345847, 0.011313805, 0.007940649, 0.010129145, 0.008740056, 0.0035370677, 0.006865248, -0.0033208465, -0.018908935, 0.014317749, 0.004036574, 0.010746044, -0.008616864, 0.003612584, -0.0017879086, 0.004882416, -0.001167034, -0.002668875, 0.02848189, 0.013550405, 0.015357852, -0.007660453, -0.005972141, 0.007822065, 0.003856032, -0.000106032894, -0.008895344, 0.010927456, -0.009206841, -0.0013539133, 0.0053005763, 0.015108157, -0.019451767, -0.00061041786, 0.012446852, 0.00080219767, -0.0034086106, -0.0046821227, -0.003881633, -0.0071363733, -0.00018057821, 0.0032807556, 0.013025205, -0.0053020306, -0.012992544, 0.0078585, -0.0006324322, 0.0026570684, 0.015918095, 0.0015239667, -0.005498572, 0.008619574, 0.0037672045, 0.023454985, 0.016499374, 0.015664257, 0.012182276, -0.011797041, -0.015143255, 0.016985288, 0.0010807071, -0.0036359678, -0.011055545, -0.009509592, 0.009491276, -0.0077699767, 0.0020431902, -0.0060168426, -0.009342577, 0.0046128347, 0.028004346, 0.0038634206, -0.04090994, 0.007537317, -0.004239086, 0.038435567, 0.0068565826, -0.004155523, -0.023550825, 0.0057963664, -0.016867174, -0.019230222, -0.007262531, 0.005333991, 0.011855748, 0.011791993, -0.008833522, -0.011761401, 0.0024678768, 0.012446933, -0.02662637, -0.0046201125, -0.013087477, -0.001854657, 0.0017199256, -0.0041806553, -7.219474e-05, -0.025503805, 0.008358734, -0.0050052335, 0.00095962157, -0.01958974, -0.0045941547, 0.021092642, 0.007392292, -0.011397042, -0.0122261755, -0.021531427, -0.0057770666, 0.019095525, 0.007882413, -0.004174887, 0.012394588, -0.0018850118, -0.024929116, -0.0006432546, -0.020800758, 0.0014698968, -0.020704588, 0.009314494, -0.025308853, -0.027593391, -0.006678492, 0.0058279973, 0.0022998494, -0.01885243, 0.008563348, 0.0016760603, -0.0028147933, 0.011239893, -0.014815525, -0.020756006, 0.011023651, -0.019658685, 0.019006604, 0.00022510122, -0.0025312335, -0.009720398, 0.004563202, 0.010038606, 0.0013648499, -0.002933684, -0.0014167601, 0.0003098258, 0.016432552, 0.00073648855, -0.010560773, 0.006860197, 0.0016108071, -0.00012646966, -0.019928252, 0.019187275, 0.03928843, -0.0075806174, 0.03421191, 0.028356578, 0.011785163, -0.0051679495, -0.005611484, 0.013855376, 0.015945565, -0.008224969, -0.0027486712, 0.012051362, 0.010454641, -0.023623334, 0.0014611011, 0.012657983, 0.009772128, 0.008734688, 0.011530513, -0.009592947, 0.0059605804, -0.0007457981, -0.025381802, -0.030853838, 0.014973806, -0.01300959, 0.0014613322, -0.005177844, 0.01160797, -0.0031474694, 0.03037678, 0.015561086, 0.01123582, 0.01422477, -0.1605433, -0.0016106553, 0.01635917, 0.0062550697, 0.0030988755, 0.0041260645, -0.0042261723, -0.008339939, 0.018764395, -0.0068154717, -0.008639165, 0.0069589224, 0.0138181755, -0.018951908, -0.013196636, 0.008212917, 0.021834243, 0.026424747, 0.008713922, -0.0022617236, -0.026284982, 0.0051646847, 0.0058413735, 0.03213295, 0.03329163, -0.0059744488, 0.001025633, -0.0014268178, -0.018632028, -0.0023509518, -0.009740686, -0.0053179837, -0.013521591, 0.0043970807, 0.0068457923, -0.0010503859, -0.0019444929, 0.004326317, 0.015654659, 0.007447754, 0.013350237, -0.008032895, -0.0058745546, 0.0017786536, -0.017034464, -0.0059003485, -0.020451847, -0.009277017, 0.0014432664, 0.0032796713, -0.017427815, 0.004257093, -0.002686826, 0.0022494278, -0.009449218, -0.025890043, 0.0071988245, 0.007873658, 0.010894486, 0.0024115453, -0.0028753867, -0.0018948095, 0.011633658, 0.0035781008, 0.008884863, -0.02037627, -0.008897345, 0.1464026, -0.008773864, 0.0046400893, -0.0030503578, -0.002049522, 0.02769702, 0.0026658564, 0.0073388964, -0.0093257995, -0.012521329, 0.004989706, 0.0012389448, -0.0023949617, -0.00053070905, -0.012855201, -0.003941776, -0.0044787447, 0.00078295113, -0.013321823, -0.0063351295, -0.015248904, -0.010956832, -0.035557378, -0.022319071, 0.014351455, -0.012770484, 0.015863758, 0.027063264, 0.013830972, 0.014679656, 0.015973186, -0.02152577, -0.0065329894, 0.0283273, 0.016040772, -0.009131794, 0.005809721, -0.008049694, -0.015385913, 0.021785244, 0.0009444653, 0.0025222588, -0.0053150845, -0.011516167, 0.018457294, 0.0102998335, 0.01714177, -0.008853365, -0.004407807, 0.0035423895, -0.04655659, 0.0002887968, -0.006348762, -0.020796431, -0.0017608157, -0.003838308, -0.0030481478, 0.0050288853, 0.012841797, 0.010714383, -0.008991814, 0.010836854, -0.022320142, -0.0075442693, 0.011037855, 0.006781863, 0.014067004, -0.02373984, 0.0053047338, -0.11439271, 0.01167951, -0.021591472, -0.012782404, -0.014447125, -0.020082176, -0.0067561595, 0.007620488, 0.013579687, 0.011346483, -0.021848429, 0.00087550125, -0.007688907, -0.00036842717, 0.00017447652, 0.01482512, 0.02079674, 0.00716069, 0.008515941, 0.0047750776, 0.010084239, 0.0051382123, 0.009805499, -0.0024175653, 0.010948181, 0.019801453, 0.01571313, -0.0033011881, -0.004845666, 0.028193785, 0.003577982, 0.004449076, -0.023662, 0.007308224, -0.02012113, -0.0067906296, -0.027097775, -0.0064429203, -0.024419, -0.01776356, -0.00026605377, 0.0011773884, 0.012706258, -0.020087816, -0.010797022, -0.00078911183, 0.013541804, 0.0027293104, -0.0062177987, -0.00075701065, 0.0013870795, -0.0107544055, 0.0026610952, -0.0017703549, 0.008258136, 0.021620266, -0.0041294657, 0.014795695, 0.01359111, 0.0129507445, -0.0060556997, -0.0010712295, 0.021912148, -0.018954087, -0.016229693, 0.008753134, -0.0016086198, 0.0038092365, 0.016439019, -0.010246538, 0.0031446107, -0.019056609, -0.010944201, 0.014617576, 0.01124449, -0.021533674, -0.0006963633, 0.01009654, -0.015556906, 0.013376803, -0.012652655, -0.0017607885, 0.022719774, -0.0077636708, 0.02814781, -0.0016441664, 0.022072727, -0.015968049, -0.0090368455, 0.014136718, 0.015106569, -0.010230125, -0.00044861995, -0.0012001015, 0.0046784803, 0.012433536, 0.011825365, 0.0118089495, 0.016955217, 0.0054585347, 0.0253036, -0.0039877538, -0.0001418872, 0.009838807, 0.031623654, -0.00765835, -0.017875005, 0.013823642, -0.0096317725, -0.012851235, -0.012661051, -0.0048807347, -0.004376478, -0.012625973, -0.018332899, -0.000853415, 0.003594198, -0.013420404, -0.0024087282, -0.029260473, 0.00932048, 0.010234766, 0.0057033035, -0.0006654273, 0.0011439488, -0.009617452, -0.0010122873, -0.00713657, 0.0047061476, -0.017557686, 0.019244453, -0.018555328, -0.008297716, -0.0038238717, 0.012935443, -0.015431821, 0.008549984, 0.014187588, 0.017938897, 0.018843109, -0.003921243, 0.019284207, 0.0072901994, 0.012700738, 0.004000092, -0.03295796, -0.0027292345, -0.01567654, 0.0075167897, -0.011794487, 0.0127058355, 0.019773606, -0.007219004, -0.019428732, 0.012092345, -0.008076598, -0.00571791, -0.008107178, -0.01286569, -0.0072135343, -0.028824022, 0.0074049463, 0.014704427, -0.017263198, 0.018035028, -0.0053021344, -0.0073387614, 0.016531324, 0.016562464, -0.025566366, 0.0132669695, -0.010297416, 0.012707538, -0.0060706455, 0.0033211492, 0.005261488, -0.0089257, 0.006145561, 0.01197201, -0.0613793, 0.009868822, 0.0017119269, -0.0074999216, -0.005981576, 0.014155039, -0.002586774, -0.020647198, 0.00049093517, -0.0015073705, 0.00075592526, -0.003953979, -0.009600392, 0.0071110185, -0.014787635, -0.0017491095, -0.012264078, -0.0018742519, 0.01923432, -0.0016131413, 0.017868994, -0.0013346853, -0.0066699097, -0.001606117, -0.016284075, -0.0056363326, -0.010451288, -0.00023667657, 0.006475091, -0.011963023, 0.0003812764, 0.023993384, -0.008863662, -5.211094e-05, 0.009100818, 0.014961925, 0.0097677065, -0.01675366, -0.0013404276, -0.036369756, -0.010436464, 0.002301135, -0.06833764, 0.009057956, 0.01164582, -0.0027078588, -0.008793167, -0.002648838, 0.03109606, 0.0026154984, 0.014585947, -0.021436127, 0.010457287, 0.01145959, 0.014386171, -0.0072657275, 0.00013973434, 0.004159728, 0.0067266333, -0.0071257185, -0.016181873, -0.013173191, -0.0066840868, -0.025807219, 0.0155265685, 0.028619673, 0.0032887375, 0.009364672, -0.0006552501, 0.04564088, 0.015153467, -0.00749184, 2.3144756e-05, -0.0027369615, 0.0074095814, -0.014473746, 0.011491977, -0.0063056266, 0.010441459, 0.022007233, 0.023226932, 0.01795172, 0.009462425, 0.0196344, 0.036457956, -0.0013554103, -0.00056884915, -0.10102008, 0.005147416, 0.0051547154, 0.0015473037, -0.0010975908, 0.049874328, 0.0029511722, 0.050740343, -0.0036398666, -0.0022189661, 0.0020012045, 0.014321965, 0.00665481, -0.0043368936, 0.016034728, -0.0009767668, -0.024623483, 0.012933794, 0.008100486, 0.0027543076, 0.016098773, -0.016871788, 0.0011936777, 0.0062768804, 0.012610762, -0.0648351, 0.003901091, -0.005994473, -0.009366385, 0.005157109, 0.0056661414, -0.019882532, -0.0010535932, 0.0013114151, 0.026656402, 0.0043190247, -0.007906084, -0.01389541, 0.011434244, -0.013594613, -0.016575987, 0.012912922, -0.008090394, 0.011035647, -0.0098423315, -0.014979414, -0.026238695, 0.01604441, 0.002274271, -0.008300966, -0.0014512651, -0.0123165045, -0.021015275, -0.01699608, 0.0125081595, 0.016934391, -0.005934948, -0.022339609, 0.009925325, 0.04264999, 0.00070371415, 0.01559654, -0.021411475, -0.0072601233, -0.0014165842, 0.0068844073, -0.0109614795, -0.012927904, -0.016623018, 0.0071888, -0.003553092, 0.012449193, 0.0084412955, 0.006754689, -0.0022504944, -0.00066957367, -0.002162429, 0.021031115, -0.048027903, 0.010953834, 0.02237103, -0.0011559854, 0.017241985, 0.010716218, 0.0064936723, 0.0052555907, -0.007830032, -0.011444219, -0.00691888, 0.003268572, 0.012700755, -0.018524723, -0.0005004791, 0.019421013, -0.003844385, -0.002904856, 0.004861493, 0.014049358, 0.00779012, -0.010087576, -0.0061696656, 0.00366659, -0.019984141, -0.010586411, -0.0003004378, 0.018950121, -0.002325056, -0.0100105535, 0.005362415, 0.034483876, 0.009157888, -0.004428875, -0.0013430654, -0.010880938, -0.0051740864, -0.0039535044, 0.00027793404, 0.00033268137, 0.01892307, -0.03242161, 0.0046304655, -0.012771007, -0.034131233, -0.0017003053, -0.0049961214, 0.012004446, 0.017736936, 0.021542085, -0.003689796, -0.010184253, -0.013497001, 0.023287168, -0.011373506, 0.010003282, 0.022101868, -0.0015852492, -0.013537786, 0.009142087, 0.001127717, 0.012591158, 0.02469667, -0.0015076299, 0.019431436, 0.0014507909, 0.012328864, 0.016424036, -0.0076662484, 0.001111511, -0.013719116, -0.017869454, -0.0178647, -0.011516327, 0.011660989, -0.0034567318, -0.023746794, -0.026807604, -0.01662073, -0.020186376, 0.023861783, 0.0046963105, 0.018552367, 0.006937549, -0.0050183423, -0.008818351, 0.007893985, 0.0054240604, -0.0047143293, 0.0031193397, 0.024181256, 0.007924645, 0.02907334, -0.0016134958, -0.014446593, -0.011680692, 0.037078597, -0.028715119, -0.010189858, 0.0053976807, -0.009698317, -0.033959452, 0.010696221, -0.031005837, -0.0134884715, 0.022546107, 0.009151377, -0.02772687, 0.015208573, -0.00874246, 0.009619573, -0.0009701129, -0.0017725315, -0.016874718, 0.0023502351, -0.025804684, -0.010909795, 0.0069776326, -0.026020171, 0.015738951, -0.002802484, 0.014388922, 0.019685607, 0.017228495, -0.007479663, -0.023951419, 0.00017178281, 0.011564486, -0.0010240326, 0.027019791, -0.0029372035, -0.007917337, -0.015504989, -0.00072426925, -0.0028851817, 0.022013923, -0.0102502, -0.014952828, 0.030044183, 0.012055634, 0.033403598, 0.027970705, 0.022301499, -0.002595237, 0.002639336, 0.022319179, 0.011291977, 0.0075441576, -0.0050900476, 0.01877744, 0.01258464, -0.016174065, 0.0037433507, 0.015692253, 0.011428918, 0.002476894, -0.019270957, -0.0042498307, -0.023984766, -0.005174909, 0.009976877, 0.010435012, 0.0057382635, 0.008382595, 0.02228936, 0.011423903, -0.014388084, -0.013431646, -0.006791205, -0.0053346967, 0.014828294, 0.006888071, -0.0068698563, -0.011750302, 0.0010982107, -0.014719248, 0.025514614, -0.0022822823, 0.0014917447, -0.009931578, 0.016084203, -0.018290663, 0.013222178, 0.003208621, -0.00283156, 0.009869571, -0.011689823, -0.01874996, 0.014449031, 0.00716564, -0.0018723848, -0.008142507, 0.024128605, -0.02382732, -0.0075002844, -0.006115257, -0.0076695564, -0.006477508, -0.00039919696, 0.006653976, 0.009577065, 0.017080596, 0.016057977, -0.00046347937, -0.0016519061, 0.010779452, 0.0028809623, -0.0072313435, -0.0013557533, -0.020569095, -0.0137818605, -0.015860526, 0.014583119, 0.0011807428, -0.015966376, 0.005295528, -0.014741971, -0.006636145, -0.011672799, 0.014596428, 0.016995775, -0.024191186, 0.013343905, -0.01464241, -0.017975893, -0.016629463, 0.007989153, 0.00075074326, 0.045821432, 0.016994685, 0.0055979844, -0.0047085737, -0.0058976137, 0.0022007697, -0.020701956, -0.004889102, -0.014757815, -0.026831647, 0.008948488, 0.00806166, -0.021208212, 0.005602325, -0.0012082943, -0.0052862223, 0.02958885, 0.013713705, -0.0068802405, -0.0018492375, -0.002078391, -0.0091072265, 0.0051207445, -0.0064319, 0.002948868, 0.0030285353, -0.010694849, -0.01108925, 0.017986318, 0.00013207483, 0.0153688, -0.0031705885, 0.0097154975, 0.025099773, 0.00878465, 0.021152146, 0.010913062, -0.003407926, 0.005616886, 0.0029617401, -0.012965024, -0.015912184, 0.031422995, -0.010124878, -0.012846048, 0.013226888, -0.013219157, 0.0075426144, 0.021651994, 0.01492288, -0.0084628565, 0.007612434, 0.0015805512, 0.0114558535, -0.00034288806, 0.00359729, -0.023211136, 0.0010706503, -0.0020997666, -0.0017716547, -0.015761599, -0.029439868, -0.0017320905, 0.009287906, 0.005013442, -0.008667653, 0.001895792, 0.00996436, 0.0023299574, 0.015352653, -0.0023180174, -0.0036988866, -0.012156241, -0.02580688, -0.0071930764, 0.033301085, 0.0057842596, -0.0026363574, 0.012938641, 0.0095805945, 0.018366903, -0.0015645663, -0.0036702217, 0.0069988, -0.0021763344, 0.006543682, 0.006319593, -0.014771725, -0.010481959, 0.006458069, 0.0014597179, -0.016428718, -0.0053576627, 0.014471989, 0.016282832, -0.0043088766, 0.009176659, -0.003970555, -0.0038902678, 0.0014376768, 0.007902068, -0.0069161025, 0.019885663, -0.017134974, -0.0047549987, 0.012637675, 0.013665173, -0.0047427616, -0.0025885054, 0.00903281, 0.0045861625, 0.024740389, -0.0010677299, -0.016824938, -0.0052451515, 0.016243285, -0.023672538, 0.0058507235, -0.012197165, -0.005951776, 0.0035313587, 0.008065647, -0.01218761, 0.008635726, -0.0033090138, -0.0041415757, -0.010664293, 0.0042756596, 0.0087891435, 0.030949432, -0.012506053, -0.005552071, 0.028370196, 0.016266286, -0.01115701, 0.0022099628, 0.008475921, -0.00056579936, 0.0028327003, 0.0075625465, -0.010067846, 0.007203678, -0.0007621612, -0.010912695, -0.0030815878, -0.009329096, -0.010137602, -0.000595431, -0.009039165, 0.0035808696, -0.009866283, 0.0068823625, 0.032367907, -0.03413685, 0.012937366, -0.024711708, 0.02340945, 0.0021503558, -0.0038907027, -0.030429382, -0.010306258, -0.038268227, 0.016056234, 0.0017255358, -0.0165721, 0.015649136, -0.010698697, -0.020534609, -0.019295473, 0.001306709, 0.009775084, -0.016141353, 0.014329044, -0.004255544, 0.016364282, -0.014844366, 0.0029939457, 0.028721768, 0.0053158393, 0.0018357035, -0.0068402737, -0.030688325, 0.0035221686, -0.006864025, 0.011349155, -0.022888388, -0.012780048, -0.027292013, 0.016836507, 0.0029291767, 0.012555912, 0.0044934982, -0.0019586794, -0.0068056886, 0.0012990902, -0.0027363284, -0.00465135, -0.007921337, 0.0058045527, -0.008473815, 0.0037039034, 0.001111672, -0.036784805, -0.015986692, -0.024931356, -0.0027505846, 0.005458349, -0.011606899, -0.0058589196, -0.004563508, 0.0034135517, 0.005880521, 0.0018498128, 0.013574875, -0.008810888, -0.013017066, -0.018055232, -0.01200163, 0.0019911637, 0.017607138, -0.010589613, 0.03192328, -0.004383563, 0.016617997, 0.002770782, 0.01179398, -0.013841614, 0.0144556435, -0.006355439, -0.0050696586, -0.011397084, -0.01436746, -0.0045820903, -0.0061713224, 0.0032840164, 0.00070379797, -0.004487359, 0.0022502898, 0.033355597, 0.019959169, -0.009251517, -0.0051927604, -0.024105148, 0.02291585, 0.014874034, 0.009723833, 0.00602334, -0.029136911, -0.0023481094, -0.0016480181, 0.008883795, -0.0016131956, -0.017185425, 0.004409778, 0.0026859578, -0.017092688, -0.0061206818, 0.023682237, -0.021021703, -0.001692254, 0.007150843, 0.005858791, -0.0056558494, 0.0013399227, -0.010853646, 0.0066524264, 0.020192223, 0.0038807313, -0.0037550915, -0.03192989, 0.005154317, 0.025872545, 0.0032951592, 0.008388949, -0.0024838853, -0.007923908, 0.0006120399, -0.018206501, -0.0025283296, -0.02228566, -0.018309401, 0.01946478, 0.0052848626, 0.018492555, -0.00161877, -0.009240984, 0.012782095, -0.0014981269, -0.0020997098, -0.007809736, -0.00021009156, -0.0018433218, 0.0044596596, -0.01706933, 0.028469192, -0.020672843, 0.008536621, -0.005451374, -0.018391315, -0.007939015, -0.0033157628, 0.015105509, 0.009451931, -0.020030472, -0.0013891237, 0.040644392, -0.03114306, -0.01401314, 0.013275691, -0.007835581, 0.0035575493, -0.00026228224, 0.014127662, 0.0021823542, 0.0045935116, -0.003651304, -0.0031758542, -0.012848031, 0.0045497864, 0.008111015, -0.0044268067, 0.0059242654, 0.001266577, -0.002188879, -0.0062799556, 0.015150445, 0.006046801, 0.0062798895, 0.002298547, -0.0060476386, -0.009125755, -0.010281045, 0.024577962, 3.5455523e-05, 0.0082108155, -0.010473051, -0.0013068898, 0.02026537, 0.007311758, 0.008038512, 0.001071865, 0.010408964, 0.018260852, 0.0069881864, -0.010813192, -0.023846885, 0.02100683, -0.018820435, 0.004051472, 0.025480783, 0.012306883, -0.01730018, 0.022596158, 0.025610564, 0.0022461112, 0.013245992, -0.0059965053, 0.012836776, 0.02566778, 0.018115228, -0.020428706, 0.007755601, 0.00687221, -0.00850252, 0.027023293, -0.021065375, 0.009305202, 0.030394604, -0.002425592, -0.026465094, -0.012290097, -0.0029450792, 0.030292682, 0.00748973, -0.008842545, -0.0013889305, -0.011307266, -0.011046736, -0.005359142, -0.013107342, 0.16855675, 0.1295056, -0.0053588348, 0.018622875, 0.009937584, -0.0049192486, -0.008560071, -0.007725447, -0.008137699, 0.012059603, -0.0004615974, -0.0039668703, 0.025497697, -0.009872072, 0.021336805, 0.012519692, 0.013149634, 0.0025671255, 0.0013984352, 0.010249919, -0.023640806, 0.02702626, -0.012325171, -0.010125363, 0.020078322, 0.009044688, -0.0016194815, 0.011941413, 0.004980684, 0.01885516, -0.014174038, 0.010358883, -0.011554588, 0.003837904, -0.0045679254, -0.001140567, -0.027340634, 0.0020436018, -0.006187396, -0.009334487, -0.014683074, -0.0072825067, 0.015271516, 0.0025527228, -0.013844272, 0.008797368, 0.009820933, 0.023440827, -0.0052646706, 0.015612928, -0.008346881, -0.005195933, 0.0030498323, 0.017830893, 0.004146717, -0.011286237, 0.008926668, 0.017056955, -0.00404217, 0.013359104, 0.029729264, -0.0042459117, -0.027379349, -0.0044195857, -0.021731092, 0.02910358, -0.007228752, 0.019771703, -0.013787181, -0.021590695, -0.021427743, 0.019716674, -0.0027577102, 0.014499134, -0.008986711, 0.0035697394, -0.0022338275, -0.0023814207, -0.0023470337, -0.013670229, 0.012863078, 0.023835383, 0.004238343, -0.0036632363, 0.003389389, 0.008664849, -0.013238292, -0.0019950867, 0.10641332, 0.014624452, -0.005036735, -0.024124011, -0.003458569, 0.027303897, 0.003074363, 0.049967676, -0.0040108534, -0.0056795436, -0.022873368, -0.0061626933, -0.010389738, -0.004763296, -0.028097784, -0.010556247, 0.006946552, 0.0712043, 0.0034393566, 0.0054076416, -0.033914573, 0.013103347, 0.02034435, 0.0021020265, 0.0017310097, 0.009369011, -0.018338606, 0.0018900967, -0.015223677, 0.025595592, -0.09147439, 0.015344765, 0.0014558539, 0.019822406, -0.0047077476, 0.030437926, 0.01060628, -0.01243626, -0.008651996, -0.02178618, -0.014173582, 0.002682637, 0.010814617, -0.013172425, 0.014483618, 0.042865463, 0.021177689, 0.0007702049, 0.00821883, 0.009300848, -0.0020125995, 0.010861767, -0.005781138, -0.0055216104, 0.011822529, 0.033262983, 0.00020919717, -0.0026048315, 0.0013518771, 0.019337343, -0.01769815, 0.0064984956, -0.023266986, 0.0021499286, -0.005983218, -0.0019779732, 0.008073631, 0.014764861, 0.006841495, -0.0049631684, -0.004018803, -0.020591522, -0.010107938, -0.030545373, 0.028154658, 0.009948014, -0.019255284, -0.000902265, -0.013552612, -0.012648703, 0.032925725, -0.008908388, 0.018083675, -0.0046428284, -0.01392205, 0.004205298, 0.0003365397, -0.003370304, -0.0066152303, 0.007223026, 0.0012980863, -0.0041431575, 0.0077937953, -0.0034061556, 0.00019915425, -0.021470128, 0.01784691, -0.01576647, -0.0059478465, -0.016089026, -0.021142904, 0.015214146, 0.022910897, -0.0046937163, 0.0014262573, -0.0055258246, -0.020430773, -0.009847073, -0.020542707, 0.005537543, 0.014007248, -0.019906282, -0.01723662, 0.10785274, -0.010168167, -0.01959769, 0.008929295, -0.015771365, -0.012763215, -0.00025052959, -0.011332224, -0.008966585, -0.002527673, -0.013262584, 0.023664365, 0.019442616, -0.0124995345, 0.007308637, -0.017228357, -0.008485016, 0.01100738, 0.0061214995, -0.012265083, 0.0114111, -0.004483419, 0.02165112, -0.02070786, -0.010319346, -0.023575043, -0.002911569, -0.015973398, -0.007041211, -0.005159717, -0.0128818145, -0.019018129, -0.0032248918, -0.004286499, 0.0038792354, -0.011922554, 0.018809991, -0.009194158, 0.01713147, 0.002590146, -0.018537696, 0.011069131, 0.016882295, -0.00043777455, -0.03534855, 0.19776614, 0.003910769, -0.0017343388, -0.0063832696, 0.0056659942, -0.021425948, -0.0052684895, 0.022802034, -0.016662573, 0.00990126, 0.037905555, 0.011293562, -0.009025852, 0.025234662, -0.0064927684, -0.001008746, 0.0013950717, 0.00356848, -0.01582273, -0.008511007, -0.017524717, 0.0010516366, -0.039292526, 0.020244759, -0.00087179, -0.0072548008, 0.015905637, 0.008048307, 0.0056410297, 0.0037725149, 0.0026751906, -0.009013283, 0.01712282, -0.0014572497, -0.031409502, -0.016535172, 0.002120912, 0.0060015502, 0.009359004, -0.01657365, 0.0017488593, 0.022780819, -0.023949575, -0.0042821523, -0.01243353, -0.018533058, -0.010593417, 0.0067951633, 0.008079457, -0.01588036, 0.006697752, 0.003853729, -0.020717598, 0.004625476, 0.0069120377, -0.0037820248, 0.008017893, -0.011455674, 0.0062073437, 0.008518959, -0.012142718, -0.0078358175, -0.024900027, 0.00549112, 0.0040292144, -0.020305164, -0.018652607]"
"Corte, aun entre ambulantes a un dia de la investidura de magistrados",https://oem.com.mx/elsoldemexico/img/25512140/1756669704/BASE_LANDSCAPE/1200/image.webp,no especificado,Afuera de la Suprema Corte de Justicia de la Nacion continuan los puestos ambulantes que ofrecen utiles para el ciclo escolar que inicia manana,https://oem.com.mx/elsoldemexico/mexico/scjn-aun-entre-ambulantes-a-un-dia-de-la-investidura-de-magistrados-25511809,"[-0.009207214, -0.013835065, -0.0044112653, -0.06505183, -0.020885732, 0.011684092, 0.01377746, 0.042149525, -0.025360938, 0.008556318, -0.026139777, -0.007684394, -0.003388826, -0.020714456, 0.106999405, -0.0064935493, -0.005417879, -0.011794113, 0.024333198, -0.015325965, 0.012711396, 0.007516096, -0.014400094, -0.029309101, 0.009066909, 0.03721013, 0.019132929, 0.0035417974, 0.033867933, -0.013074376, -0.015295575, 0.028755372, 0.020497212, 0.007828046, 0.037250698, -0.0016745545, 0.0043801293, -0.028618412, 0.02191576, -0.004063711, 0.014560026, 0.021805922, -0.028011013, -0.0034282005, -0.0107017215, 0.00672231, 0.012445883, -0.047918897, -0.0002574068, 0.015845051, 0.01126455, -0.019099262, 0.0062278896, -0.17384209, -0.024490291, -0.008134503, 0.008622854, 0.022268103, -0.0026227648, 0.003451099, -0.019315854, 0.009897692, -0.0076156263, -0.04462983, -0.0067013605, -0.011250349, -0.008167155, -0.01603481, -0.03802327, -0.020787781, 0.011838209, -0.015770242, 0.008042647, 0.01920521, 0.017955506, 0.011427268, -0.005484058, 0.017333347, -0.018268984, 0.023796618, -0.012421936, -0.04006341, -0.009344068, -0.030865414, -0.008318008, 0.01751805, 0.0032603967, 0.00020817958, 0.0061340816, -0.0050350768, -0.05440221, -0.0040984475, -0.019506637, -0.029239886, -0.015083021, -0.0055467905, 0.0154310195, 0.0046106433, -0.010432897, -0.013090028, -0.021137595, -0.031579934, -0.01067132, 0.0068181, 0.04392408, -0.026710732, 0.024663009, -0.0072661065, -0.0009432271, -0.0061011664, -0.0023931647, -0.00088467717, 0.008801465, 0.016000228, 0.00069212477, -0.11067352, -0.009284444, 0.013877964, -0.039529163, -0.02004679, 0.0039242497, 0.02242149, 0.025352472, 0.015091576, -0.032924503, -0.0026678722, 0.016616654, 0.011045058, -0.031840213, 0.0058262446, -0.014080553, 0.0022378564, 0.029998519, 0.011009242, -0.02186605, 0.010451889, 0.00092004857, -0.010368004, 0.0036938803, -0.0016410233, -0.0069031483, -0.003745711, 0.028617484, -0.009196647, -0.007430673, -0.012914778, -0.0129178595, -0.0067235767, -0.0020492526, 0.0031974174, 0.026172929, -0.0051133083, -0.02016498, -0.017128117, -0.011985426, -0.019297862, 0.007066454, -0.01628392, -0.011145165, 0.013876905, 0.0040816935, -0.01950431, -0.009462954, 0.0035855921, -0.02001822, 0.028220715, -0.006143087, -0.007926207, 0.0059479815, 0.005216088, 0.015772142, 0.026007636, 0.017289964, -0.020758966, -0.0071657454, 0.010055184, -0.016689032, 0.018383117, -0.008351972, 0.039668053, -0.0064616036, -0.026617253, 0.017397262, 0.031571794, 0.03479355, -0.022195462, -0.008397269, -0.001089703, 0.006544909, 0.0066943495, -0.015950644, 0.01099625, -0.013313179, -0.017439483, 0.010924991, 0.004631419, -0.0070101423, -0.0058172, 0.016878663, 0.0059937397, 0.025059594, 0.019111907, 0.007284831, -0.024636237, -0.004309342, 0.0005133297, -0.012820895, 0.0036606945, -0.010600233, -0.004651544, 7.052961e-05, 0.010301954, -0.0075474656, -0.006577872, 0.027593318, -0.010727079, -0.018530376, -0.009317081, -0.015438727, -0.023887832, 0.014168361, 0.0015411322, 0.0067568915, 0.018508041, 0.0076738545, -0.00399301, 0.022780614, 0.0025273063, -0.005634246, -0.013920889, 0.03361412, -0.0019816284, 0.008329071, 0.013158664, -0.009310397, -0.0014737145, 0.0011740532, 0.008664097, 0.016368885, 0.008781456, -0.0081192795, 0.0076426244, -0.007467277, 0.0039752335, 0.035323545, 0.010446212, -0.012662938, 0.0044054575, -0.0051245536, 0.011010809, 0.018125374, 0.05406248, 0.02083898, 0.011832066, -0.039286945, 0.014662601, 0.011525916, 0.017338274, -0.0065360065, -0.03470007, -0.026608579, 0.012713351, 0.01999517, 0.0160753, 0.0010910124, 0.019613089, -0.002559402, -0.005669067, -0.010395041, 0.0025580442, -0.0038158298, 0.018858412, 0.0027752065, -0.0065236334, 0.00052280823, 0.021418648, -0.094298095, 0.011171044, 0.010646659, -0.00716716, -0.007915972, -0.011783828, -0.01799621, 0.034608044, -0.012955802, -0.0015304949, 0.011686844, -0.013943041, -0.011935648, 0.009614936, 0.00033909007, 0.00814776, 0.008471823, 0.0005798482, 0.004047074, -0.020957636, 0.0048658065, -0.0009274205, -0.000612875, 0.007465142, 0.0017732013, -0.0006149127, -0.00076354435, 0.051038466, 0.002842845, -0.0019472418, 0.0009914839, -0.031357855, -0.006559318, 0.004881764, -0.019050624, 0.026277933, -0.007114911, 0.013558655, -0.010332555, -0.008038737, 0.0004310451, 0.01195062, -0.0029765652, 0.01708792, -0.019262413, -0.007995281, -0.0013710037, -0.003067179, -0.018159306, 0.014603306, -0.011610357, 0.021214252, 0.0072041806, -0.007881745, -0.02378428, 0.0061505977, -0.01848777, 0.00040614037, 0.008834926, 0.0073849834, -0.0040876325, 0.00024003393, -0.010803925, -0.010439455, -0.0298516, 0.0023840365, 0.01014507, 0.017875664, -0.0031283959, 0.043662738, -0.04176651, -0.022529168, -0.009408817, -0.032066252, 0.018186677, -0.014133627, 0.010255954, -0.00032154244, -0.007232879, 0.046987444, -0.0009460253, -0.0035504915, -0.008729211, 0.021975446, 0.020812541, 0.013256823, -0.0032488473, -0.020629127, -0.0048059295, -0.016055137, 0.020024672, -0.028542833, -0.014123288, -0.013297371, -0.009820979, 0.031026881, -0.018818092, 0.015768832, 0.009151657, 0.0026907509, 0.008329981, 0.007316019, -0.0046639, 0.015116159, -0.0052573867, -0.025401093, 0.014629004, 0.004693983, -0.022753894, 0.0025166327, -0.011491187, -0.017837435, -0.03425393, 0.01339157, -0.015640715, 0.028360961, -0.01695519, -0.033130337, 0.0054120654, -0.011737246, 0.022358801, -0.02068704, -0.015831443, 0.017592628, -0.0003416426, 0.004478697, -0.010604206, -0.011598699, 0.004696942, 0.01439899, -0.015561062, -0.019534335, -0.022664871, -0.015456643, 0.0024581635, -0.011933168, -0.008842571, 0.033575043, 0.02455245, -0.024341172, -0.013388117, 0.0085305795, -0.0020031026, 0.01532334, 0.02229367, 0.020524304, -0.0089914845, 0.031748865, -0.022760846, -0.00015457273, 0.0145607805, -0.014839306, -0.0016316171, -0.023746304, -0.008564857, -0.026147712, -0.027114596, 0.017060086, -0.0039015987, -0.0054594963, -0.032460842, -0.013560584, -0.027606573, 0.0012609384, 0.015099417, 0.033216815, 0.0011710346, 0.0022008757, 0.02386511, 0.016022151, -0.0052311933, -0.0021623075, 0.026564298, 0.0091739595, 0.01676007, -0.003725929, 0.016587108, -0.0066740685, 0.0068115527, 0.0143960845, -0.009539912, -0.03556472, 0.007559313, 0.018097874, 0.012990362, -0.02558187, -0.0056209047, 0.03927219, -0.009330058, 0.007933992, -0.00684366, -0.01429934, 0.017928753, 0.005887757, -0.02153827, -0.0072798356, 0.0022784576, 0.026619252, -0.014737087, 0.014114756, 0.008646942, 0.0013676402, 0.0019306724, -0.01310839, 0.017252136, -0.013986258, -0.014722486, -0.03205468, 0.004486584, 0.025829395, -0.0021198245, 0.036614303, 0.009779232, 0.0066036503, 0.018042687, 0.0046794717, 0.0035676444, -0.03130539, 0.0018600766, -0.018368611, 0.017038567, -0.005644469, -0.0070604747, -0.01478372, 0.00877146, 0.006855043, 0.0050492366, -0.013217877, -0.0007859835, -0.0035946555, 0.00084813335, 0.016651852, 0.0053868154, 0.00074389554, 0.011199295, -0.004025554, -0.012116779, -0.001987995, -0.0037138702, 0.020137904, 0.0042314744, 0.0054533607, -0.0022922265, 0.026991732, -0.02331574, -0.016397519, 0.00550755, -0.0030289146, -0.019996716, 0.0078300815, -0.002488681, -0.025289308, 0.010195707, -0.01323643, -0.0052722413, 0.0126890065, -0.013960947, -0.004431179, -0.024943402, -0.012011649, 0.008210733, 0.024221245, -0.0155207645, -0.007476263, -0.0061915047, -0.018940616, -0.020818654, -0.0028818294, 0.007364962, -0.09028014, 0.020955002, 0.010600908, -0.006485188, -0.031633355, -0.00742082, 0.036490712, -0.014732261, 0.0017346542, 0.011541596, -0.021940323, 0.013054504, -0.007498427, 0.019890193, 9.2443086e-05, -0.029757563, 0.004227141, 0.014676061, 0.0005151852, -0.0016018484, -0.0016620483, 0.024247296, 0.0043840767, 0.0039856774, -0.01345926, 0.003935895, 0.033895515, 0.017798878, -0.007728625, 0.0008698255, 0.049925882, 0.017939482, 0.01944001, -0.0005090974, 0.00024630004, 0.005137691, 0.009541, 0.009529947, -0.007192175, 0.051199142, 0.0086370595, -0.0036084403, -0.0047604376, -0.012249357, -0.001339267, -0.003750148, 0.021718793, 0.000937688, 0.032217514, 0.0012505377, -0.008669292, -0.014416452, -0.019205188, 0.009383276, -0.023156619, -0.01105381, -0.03014925, 0.017574692, -0.0036628281, -0.00036000172, -0.0010949589, 0.02153567, 0.008353822, 0.02241692, -0.0027700942, -0.007628568, -0.020213291, 0.004249933, 0.019751223, 0.009081794, 0.0038396623, -0.009603766, -0.004816833, 0.004255882, -0.006456173, 0.02508444, 0.0043694233, -0.0055053, 0.01631445, -0.013304278, -0.01919515, 0.04734422, -0.10888256, 0.005639161, -0.020258162, -0.012037735, -0.0017261261, -0.00571586, -0.032541286, -0.0147571005, -0.0028456557, 0.023659037, -0.026506944, -0.002157138, 0.0118911965, -0.0186155, -0.003606428, -0.021582007, 0.041449025, -0.02059846, 0.008925516, -0.062265694, -0.02659306, -0.0021688784, 0.0027473606, -0.02159346, -0.0031609333, 0.025260625, 0.027472146, -0.011268058, 0.0236056, -0.037363403, -0.0048589935, -0.12843698, 0.009987574, 0.014312279, 0.00060017454, 0.019267492, -0.0059021767, 0.015185211, 0.013056502, 0.001103154, 0.0031670593, -0.0066726897, -0.012210792, 0.0051929518, -0.025021777, 0.060295973, 0.11171433, 0.0015157929, 0.009831712, 0.020194983, 0.013733882, -0.004754003, 0.0001515318, 0.010723557, 0.01927311, -0.00572133, -0.0005568581, -0.007274006, -0.013548369, -0.008707021, 0.010433004, 0.010569687, 0.00778759, 0.009883713, 0.027741568, 0.018685678, -0.018357882, 0.0051221456, -0.027076883, -0.031422812, -0.024981601, -0.0010222817, 0.03180888, -0.019115493, 0.013917661, -0.0075677955, -0.028513128, 0.015082311, 0.012014899, -0.010717005, 0.011508163, -0.02100964, -0.07582588, 0.021200214, 0.045019317, 0.014413033, -0.0031373824, -0.007451527, 0.009278179, -0.018299883, 0.02134972, -0.0015327682, -0.018542465, -0.00038466873, 0.0028862916, -0.026988966, -0.033897903, 0.0059763948, 0.0025851706, -0.026694259, -0.016232327, -0.008107375, -0.003967866, -0.025861643, -0.025724472, -0.02818171, 0.009957735, -0.013413199, -0.0094103385, -0.012379103, 0.039184302, 0.03267109, 0.038874805, 0.0021650258, 0.0021469553, -0.002557651, -0.014819447, 0.0047551254, -0.02350754, 0.00027284608, -0.003913981, 0.011757662, -0.008573774, 0.015065044, -0.015455913, 0.046111997, -0.009776181, 0.011358389, 0.034256805, -0.025230758, -0.013897335, 0.009209229, -0.015870798, 0.016584307, -0.019119307, 0.007919756, 0.018578686, 0.0032072035, -0.010301569, 0.008879605, -0.02113667, 0.0040147244, 0.009405536, -0.00015012217, -0.005144998, 0.0014653577, 0.02554555, 0.013240986, 0.012060739, 0.017489696, -0.018887175, 0.0114279445, -0.0013021913, -0.010809557, 0.0044615087, 0.016739735, -0.017356075, -0.0056968075, -0.009865793, -0.004921835, -0.047522154, 0.018304462, 0.0037785124, 0.017870395, -0.003945662, -0.007071014, 0.007347794, 0.002312353, 0.0076751155, -0.0046551, 0.0026277583, 0.029042354, -0.00016204215, 0.006038207, 0.0070588975, 0.003117639, -0.0109236175, 0.011492128, 0.0026327684, 2.7756405e-05, -0.012043934, 0.012955434, -0.012356071, -0.00836477, 0.01889116, -0.008392342, -0.004123083, 0.011055575, 0.001681626, -0.0003766074, 0.006157641, -0.007836861, -0.018456379, 1.6967615e-05, 0.016519943, 0.01353378, 0.012736237, 0.003629908, -0.019331522, -0.00070393656, 0.017700741, 0.0041233026, -0.00016000905, -0.01217143, -0.004153257, -0.009235938, 0.004758467, 0.0028452433, -0.0023330057, -0.0012468904, 0.022121765, 0.027692582, 0.019844992, 6.6522075e-06, 0.0030031246, 0.027454885, 0.020475578, 0.014082828, -0.0076819262, 0.0008517427, -0.016493987, -0.010096139, -0.01662429, 0.03408148, -0.012086337, -0.009225478, 0.013491935, 0.00897721, 0.0059284084, -0.011477379, 0.013116665, -0.022552187, -0.019552892, -0.001155419, 0.008003779, -0.009693401, -0.004999641, -0.010696076, 0.007430701, 0.026211143, 0.015549946, 0.019077474, 0.005347871, 0.0069799307, -0.009972575, 2.4707706e-06, -0.00881094, -0.012785166, 0.003016153, 0.009692773, -0.008730797, -0.02093307, -0.0026238977, -0.008447451, -0.002203622, 0.0071793776, 0.032410394, 0.019242855, 0.017636366, 0.022846706, 0.0018973897, 0.0056595285, 0.014008994, 0.014206809, 0.003276016, 0.008470099, -0.00038319614, -0.0017508303, 0.009648243, -0.0013493435, -0.010716194, 0.0067987214, -0.0038450565, -0.00745029, 0.0066129165, 0.0047838893, 0.005975308, 0.0034544365, 0.025797594, -0.0046312707, -0.0022175757, -0.011811388, 0.015351351, 0.008141681, 0.005000581, -0.002992355, 0.0023471348, -0.0053958492, 0.037016306, -0.0047816136, -0.0030507804, -0.00802375, 0.0031836377, -3.2084823e-05, -0.0036676843, 0.0055286335, -0.010095245, -0.0017412363, -0.01859015, 0.011367841, 0.010523686, -0.0074107973, -0.0038207173, 0.010413063, 0.0024361236, -0.007902166, 0.015218666, -0.0036008952, -0.005686586, 0.0038548594, -0.011224365, 0.032170605, 0.025989972, -0.004919406, -0.0017591121, 0.007863333, -0.0016247161, 0.00046195096, 0.013366237, 0.018128144, -0.03072685, -0.008179454, 0.008016235, 0.006317885, 0.00035714314, 0.011120759, 0.0190766, 0.008767151, -0.019044936, -0.009598345, -0.006833824, -0.0011890896, 0.010148495, 0.007877818, -0.019343743, 0.013860594, -0.006606185, -0.0082082115, -0.014225231, 0.01403629, 0.012895873, 0.08130362, -0.015069259, 0.00780948, 0.018078404, -0.0034602694, -0.01544511, 0.009072362, -0.026857473, 0.003090534, -0.0039595244, -0.01990787, 0.010162826, 0.0010790637, -0.006284578, 0.007881425, 0.0093418965, -0.011771056, 0.013343964, -0.0051462306, 0.0018911734, 0.008555219, -0.0013586419, -0.0037528, -0.009462006, 0.009209187, -0.023267152, -0.0069128578, 0.0019781059, 0.011858867, -0.010775701, 0.0013645057, 0.007629489, 0.016044833, 0.0227343, -0.0077252686, -0.011095081, 0.0020562594, 0.009144919, 0.028017584, 0.011740663, 0.0035479348, -0.020478202, 0.0061778044, -0.012925016, 0.013427649, -0.0067958715, -0.020153955, 0.0031709077, -0.0027005505, -0.009307326, 0.0060404553, 0.0076304954, -0.0037215801, 0.011264199, 0.0040921224, -0.003007168, 0.0009986191, -0.0020792263, 0.00074305845, -0.015028126, 0.0064760903, 0.025916094, 0.002511407, 0.003006039, 0.009900031, -0.01196845, -0.0041318294, -0.010860084, -0.009441839, -0.010931399, 0.0135181025, 0.0020534336, -0.00055284466, -0.018201493, 0.034407385, -0.001702111, -0.008170224, -0.014469807, -0.021386487, -0.007813666, 0.013744597, 0.0030176828, -0.010336952, -0.0035283957, -0.004154783, 0.0035885388, 0.004671255, 0.0039388356, 8.111519e-06, 0.0024361745, 0.008633969, 0.0020082232, -0.0038654387, 0.012387295, -0.015347591, 0.0096860835, 0.07926014, 0.0081371, -0.011288842, -0.0039574997, -0.0006381044, -0.01207749, -0.007705721, 0.0019355366, 0.014066788, -0.016702576, 0.009553988, 0.006391146, -0.0014385573, -0.004734817, -0.0049701147, -0.0054707923, 0.0014617619, -0.013456201, 0.0144356545, 0.0026521122, 0.005185515, 0.0013936581, 0.004427108, -0.011981071, -0.004695083, 0.0018229263, -0.00027602084, 0.014416813, -0.026389066, 0.008137176, -0.0005941665, -0.0012185557, -0.017656699, 0.015020461, -0.0027833702, 0.0072365776, -0.016935697, -0.0035747376, -0.022148173, 0.0064119687, 0.013528854, 0.011140573, 0.014761911, -0.0036894195, 0.009744642, -0.02127135, -0.0026785033, 0.0024164612, -0.006105044, 0.010766892, 0.008437416, -0.0017959786, -0.0026831636, -0.0017157523, -0.0040372987, -0.012818765, -0.011939586, -0.0030795152, -0.008628663, 0.0051894244, 0.009966317, 0.015511241, -0.0042865025, 0.015031427, -0.016563596, 0.010927995, 0.009029786, -0.0072781392, 0.0028275577, -0.0094792, 0.013532829, 0.009010644, -0.007088441, -0.0015571672, -0.00086975266, -0.013707606, 0.0062072757, 0.008008689, -0.007807273, 0.007954765, -0.005771257, -0.012844054, -0.0022186772, 0.0050614523, -0.010484199, -0.0027541844, -0.021375023, -0.017530015, -0.0091325855, 0.0021790748, 0.0028552795, 0.006126997, 0.009497448, -0.023346314, -0.021671062, 0.007412599, -0.018744096, 0.010606938, -0.0006818226, -0.0052539925, -0.006767949, 0.033697743, -0.016852684, 0.011176923, 0.011739853, -0.0012359698, 0.02061568, -0.0034930718, -0.0006009124, -0.009008892, -0.007858095, 0.022566324, 0.0004428507, 0.0017788147, 0.0025442916, -0.00463929, -0.0076498645, 0.0035078607, 0.010038471, 0.018036334, 0.008045588, 0.009043156, 0.0035791702, -0.01733609, -0.01056022, -0.0040194564, -0.021275457, 0.007087029, -0.0028249647, -0.0045035556, 0.009620969, 0.0060897805, 0.010527768, -0.010505413, 0.008927851, 0.019761533, -0.027287511, 0.002341482, -0.0146296695, -0.011396921, -0.0027974679, -0.005499025, 0.002101587, 0.008585925, -0.0029123924, 0.0063946634, 0.004588903, -0.00082064053, -0.009967311, -0.008527942, -0.015198165, 0.013097164, -0.01055276, -0.009171461, -0.015196886, 0.0030745668, -0.0022783559, 0.007454886, 0.008185691, 0.0049449527, -0.005159031, -0.03549221, 0.0072319666, -0.00096205977, 0.008959291, 0.02312564, 0.0057814405, -0.0019869024, 0.008912866, -0.0016202803, 0.0053668837, 0.009939528, 0.009417015, -0.014383002, 0.0074746218, 0.015063573, 0.001748632, -0.0037933118, -0.004992852, -0.009039558, 0.019460244, -0.005037928, 0.004983914, -0.005762982, 0.020347593, 0.0029847077, -0.010439819, -0.017100085, 0.0063168076, -0.0026420567, -0.022055527, 0.0017663408, -0.0007137094, -0.001953772, 0.025384637, 0.0025974263, 0.0123869125, 0.004707383, -0.006638104, 0.0030529166, 0.0009947991, -0.0012077997, -0.015160014, -0.006033568, 0.0037944585, 0.021455, 0.005075757, -0.005446733, -0.01220104, 0.01669409, -0.00046998155, 0.0040098038, 0.013392036, -0.016188884, 0.014198226, -0.009286333, 0.0013418016, 0.035469268, 0.008849259, 0.009532456, 0.0063727037, 0.0017533859, -0.0074580614, 0.0039333166, 0.0076885773, -0.027021587, 0.011927773, 0.004633357, -0.009659408, -0.001599849, 0.005968671, -0.0031371445, 0.0058197966, 0.008326492, -0.016593635, -0.00018131686, 0.0008345226, 0.010719069, 0.01322807, -0.0077802236, 0.015069509, -0.0011579103, -0.006946812, -0.01921985, -0.02421691, -0.009391923, 0.0063435207, -0.0093477145, -0.016615378, -0.023302097, -0.00029591695, -0.0015551508, 0.015240024, -0.0024031892, -0.006655364, -0.016119633, 0.0055807405, -0.0008162576, -0.010682976, -0.0009577464, 0.021756828, -0.00084167795, 0.0012830728, 0.0014096294, 0.008536603, -0.0026258663, 0.009638963, 0.005476709, 0.0087933345, -0.005255217, 0.0017180485, -0.024244234, -0.0014347052, -0.0023314166, 0.023670318, 0.0054929196, 0.009637829, 0.004101614, -0.017195659, 0.004418027, 0.008070078, -0.0012199458, 0.0112752635, -0.0070130057, -0.013288418, -0.00022204554, -0.014891027, 0.002359737, 0.0025751512, -0.013452914, -0.00056236685, -0.005073376, 0.0007618099, 0.029959235, -0.009325786, -0.016065925, 0.011844051, 0.0060947947, -0.0194137, 0.005134568, -0.0033043874, 0.0111013595, -0.0034806756, -0.00188444, 0.005916004, 0.008774363, -0.020879392, 0.007868375, 0.0071045714, 0.01368605, -0.0031087939, -0.005320423, 0.0025512513, 0.007663196, -0.00045236872, 0.019315217, 0.0033790767, 0.0011716693, 0.0060321796, 0.003972812, -0.014304507, -0.008888771, 0.0019989302, 0.007846577, -0.0018145759, -0.0019678192, 0.0037857126, 0.018661616, 0.0036625632, 0.006995069, -0.0043853875, -0.005731771, 0.02537572, -0.0023852587, 0.018320741, -0.0011477687, -0.009166824, 0.0042529376, 0.029689305, 0.0073241047, -0.008086212, 0.00033400222, -0.0066626626, 0.011612364, -0.012205554, 0.0028429015, -0.019262757, 0.009677767, -0.016534895, 0.00071080873, -0.0075994693, 0.015074601, -0.00018236329, 0.0017820594, 0.002005811, 0.0078006317, -0.005447804, -0.00749079, 0.001961769, 0.00978435, -0.011995306, -0.014556646, -0.0029805698, -0.00054086774, -0.0034566794, -0.002963496, -0.085562825, 0.0038269805, -0.016657941, 0.0059828027, 0.009092373, 0.0014675214, 0.009822694, -0.023738634, -0.024143048, 0.005787449, -0.0014132394, -0.0036859843, -0.007142424, 0.0073363837, 0.0067044673, -0.0024671294, 0.0056794644, -0.00089720025, 0.0155611485, -0.0008154654, -0.0014504599, 0.014805614, -0.009086909, -0.004566245, -0.01747139, -0.0034378197, -0.001450221, 0.003900487, 0.0064159525, 0.008391122, 0.008951959, 0.009127238, 0.004342838, 0.0131628895, 0.011202731, 0.0186867, 8.230589e-05, -0.0013406603, -0.13136916, -0.004140958, -0.00425648, 0.0013487109, 0.0028359774, 0.0064002476, 0.0022921837, -0.004777321, 0.0039360593, -0.0057775374, -9.862682e-05, -0.0055231, 5.1330942e-05, -0.005100796, 0.009005883, 0.0059585664, -0.013160163, -0.008952092, -0.008360723, 0.0040718545, 0.00069687807, -0.0071633095, 0.010942904, 0.007778263, -0.014236393, 0.0009479372, 0.0029990028, 0.013087828, -0.0020052604, 0.008126963, -0.0132535845, 0.010005875, 0.014576862, -0.0028358505, 0.008813913, -0.014255225, 0.0031609957, -0.013732516, 0.0010249765, -0.0010711955, 0.0010203852, -0.010151053, 0.004600544, 0.0038173844, -0.0013244365, 0.0044761137, -2.2275233e-05, -0.0038188987, 0.00405196, -0.0053407913, 0.0061427373, 0.019276569, 0.011958761, -0.00873167, 0.021243818, 0.0050191097, -0.00645792, -0.017447239, 0.017375972, -0.0019177092, -0.012744564, -0.004262888, 0.010332144, 0.0067841806, 0.010116237, 0.0054835575, -0.008531891, 0.011380838, 0.025875363, 0.011933584, 0.012727616, -0.0013086996, -0.014967739, 0.030284861, -0.0014620813, 0.0076625156, -0.00908296, -0.0019331529, -0.00022549219, 0.008322985, -0.014947888, -0.012366751, -0.014047512, 0.023990316, 0.009595308, -0.016772043, 0.0068664104, 0.0001510748, 0.0036877485, -0.060672395, -0.01463824, -0.0046217465, 0.027152091, 0.0099462345, 0.012679667, 0.0018114599, 0.013954987, 0.0018445178, -0.0024390314, 0.011548254, -0.022443263, -0.0004921105, -0.0005549459, 0.021228302, 0.0065913065, -0.019539839, -0.0065165125, -0.026533922, 0.00085329363, -0.032595593, -0.0053800154, 0.00021866751, 0.024864834, 0.010776074, -0.00095672545, -0.0035802466, -0.00093667704, -0.0078683, -0.014601583, -0.0064442432, -0.0010133927, 0.0018909051, 0.0063260086, 0.006015438, 0.007327264, -0.011326215, 0.020344527, -0.00802834, -0.009410752, -0.008566113, 0.016574347, -0.02846809, -0.0064323023, -0.0015758234, -0.00051756797, 0.010331548, 0.014195136, -0.020081406, -0.008241468, -0.0060898233, 0.011659479, -0.0015428409, 0.0024724891, 0.010465701, -0.016501276, 0.008743452, 0.01155109, 0.015524301, -0.0053747054, 0.001517608, -0.020754848, -0.015930355, -0.003470217, 0.0012290821, 0.0002461905, -0.0033179496, -0.0023503818, -0.00604385, -0.009439282, 0.006653879, 0.007225902, 0.036884133, 0.007437547, 0.020891383, 0.012403089, -0.015032887, -0.00249609, 0.0074454555, 0.0013254302, 0.006977137, 0.0037838956, 0.011225206, 0.019728426, -0.019389506, -0.009406361, -0.022288386, 0.008765077, 0.0020625272, -0.010004488, 0.017334826, -0.0011482348, -0.0056858715, 0.0113441115, -0.0072536226, -0.00062698644, -0.014307834, 0.00972676, -0.007219743, 0.0013976453, 0.015177744, -0.019055968, 0.012036468, 0.019825462, -0.0043061553, 0.008086877, 0.0059031635, 0.011232442, -0.004480416, -0.020343965, 0.0132349795, 0.010811616, -0.0119767105, 0.01122606, -0.16122204, -0.017983355, -0.011553783, 0.001454512, 0.00953969, 0.007644035, -0.019520469, -0.003928617, 0.020307304, -0.04508704, -0.010454815, 0.026130138, -0.009028773, -0.016615301, 0.0013540806, 0.0054472857, 0.005126037, -0.009126054, -0.00053058116, 0.0015157171, -0.028928433, 0.0037738176, -0.019021824, 0.015596371, 0.025826046, -0.0064848573, 0.018694095, -0.022828626, 0.0004472326, 0.003359542, 0.019323593, 0.007246557, -0.0113642635, 0.015579813, 0.0011929761, -0.0014852799, 0.013344159, 0.014496745, 0.017251674, 0.010203706, -0.009664485, 0.011225353, 0.00074106106, 0.0100743035, -0.010013439, 0.0059404336, -0.019771852, -0.01650953, -0.01810411, 0.007784037, -0.004773563, -0.014576267, 0.008676177, -0.017844813, 0.0155698145, -0.01205416, 0.019538479, 0.016116768, 0.019261533, 0.013404814, -0.034114372, 0.0046984656, 0.010681719, 0.0016344636, 0.01577877, -0.00025629476, 0.0015086724, 0.14597683, -0.014778986, 0.012838397, -0.0054347953, -0.00220599, 0.022934783, 0.012880538, 0.026208742, 0.004537166, 0.0017907625, 0.010876753, 0.029391702, -0.020069014, -0.02173746, -0.0035245724, 0.006458301, 0.008723518, 0.010284088, -0.024179524, -0.01795148, -0.015051127, -0.0007349397, -0.013585333, -0.008671361, 0.010007509, -0.008359583, 0.0072471974, 0.007531256, 0.015093381, 0.0030938042, 0.01728559, -0.0047890996, -0.005944258, 0.0063338946, -0.007839743, 0.00083228014, -0.00029285206, 0.011190871, -0.0043574907, -0.0024974165, -0.0014987472, 0.0016584153, -0.00722748, -0.020981224, 0.0088848965, -0.01208514, -0.0009354128, -0.023819324, 0.013882775, -0.005102698, -0.012395671, 0.0002037901, 0.00141839, -0.018030323, 0.009380989, -0.022806808, -0.015828041, 0.0030694513, 0.00311047, 0.015546411, 0.022782842, 0.020749245, -0.01016422, 0.021574061, 0.0066541224, -0.008470578, -0.02544153, -0.009198693, -0.019322501, -0.11352237, -0.0054176627, -0.019185778, -0.009411306, 0.0028767285, -0.010600073, -0.012513424, 0.013144227, 0.012854666, -0.004498146, 0.009384342, 0.0076366975, -0.0066643334, 0.008039373, -0.000890778, 0.014580214, 0.008160206, 0.002863942, 0.032913383, -0.0016646831, 0.010950433, 0.029387515, -0.010037171, -0.008678162, 0.002051356, -0.0058011143, 0.010866855, -0.00886386, 0.0077171484, 0.015270333, 0.0027216827, -0.006345749, -0.030910164, -0.006545137, -0.02134167, 0.005715463, -0.010063192, 0.0121954335, -0.019454794, -0.022913385, 0.0075685787, -0.01903538, 0.002872288, -0.0144982925, 0.015875546, -0.0005427729, -0.00046052024, 0.023549203, 0.0126438895, -0.015254221, -0.00921838, 0.0016620033, -0.010517365, -0.0049453536, -0.014113439, 0.010554368, 0.016623529, -0.013832545, 0.0064639114, 0.0019916855, 0.0088676065, -0.00052806555, 0.02625592, 0.009745245, 0.0119989645, -0.019323802, -0.003822333, -0.017499821, 0.026436022, 0.016921725, 0.0031133047, -0.02280718, -0.0016638793, 0.004185965, -0.014351519, 0.0032126512, -0.024481244, 0.0016589831, -0.017133318, 0.026075408, -0.014615794, 0.010594465, 0.0037675605, 0.00824374, 0.02154218, -0.009677075, 0.029506203, -0.00064297207, 0.0017050207, 0.008040926, 0.014233029, 0.0044927737, 0.005425924, -0.005860568, 0.013520087, 0.008335422, -0.01198371, 0.0019711044, 0.014357853, -0.007571141, -0.00674, -0.009034789, 0.011471294, 0.0027766393, -0.014813228, -0.006796882, -0.034983855, -0.0070039034, 0.011710137, 0.016104352, -0.021008933, 0.010005302, 0.0029691507, 0.009222617, 0.0031534424, 0.016658343, 0.013085597, -0.018785927, -0.0020022786, -0.0061421143, 0.015246535, -0.0009289276, -0.0060032858, 0.008989868, 0.009341355, 0.01113109, -0.027527582, -0.006878864, 0.0022629437, -0.013415872, 0.008350635, -0.00021734863, -0.011369917, 0.021624377, 0.0090167355, -0.015915439, 0.03724255, -0.0043441234, 0.03446197, 0.002836802, 0.012194733, 0.029808268, 0.007550088, 0.021183088, -0.0025830867, -0.01588654, -0.0047742366, -0.016220942, 0.0036178848, 0.002901988, -0.011715691, 0.011064044, -0.0011618139, -0.018647715, -0.0100823445, 0.0074462546, 0.00051509496, 0.024441918, -0.0034632578, -0.018683014, -0.012791027, -0.008215473, 0.014631109, -0.024332022, 0.0025702873, -0.018058868, 0.0006877416, 0.021854002, -0.034887776, -0.02267022, 0.002014322, -0.009807105, 0.025778893, -0.031949483, -0.005958379, 0.009405213, 0.013858383, 0.013283137, -0.001938229, -0.06197112, 0.017525623, 0.0004439986, 0.00041967665, 0.0020259407, 0.0035748915, 0.010252499, 0.009390672, -0.01940216, 0.004821846, 0.027271489, -0.008371895, -0.011373121, -0.023491764, 0.0069582826, 0.010183504, 0.0040117083, 0.017941335, 0.018488377, 0.00991541, 0.007149032, 0.007979416, -0.0033304528, -0.01178186, -0.0065120617, 0.0006879714, -0.0052791857, -0.0012455182, -0.0065634665, 0.009928621, -0.0041268375, 0.013040305, -0.013714141, -0.0087970495, 0.017793009, 0.012044177, 0.0041585634, -0.008966094, -0.0104728555, -0.0809316, 0.0015617519, 0.010441576, -0.059195433, 0.0076546418, 0.021617789, 0.0053886455, -0.00947325, -0.0072591566, 0.007645467, -0.004644136, 0.02601782, -0.003262343, 0.02166829, -0.014497934, 0.0066889883, -0.0069398154, 0.021358475, -0.012294477, -0.0017479904, -0.007674543, -0.0044545042, -0.023762824, 0.0136679495, -0.014696627, -0.0012304664, 0.01207865, -0.005761047, 0.021590902, -0.009468825, 0.022475887, 0.016360315, -0.033044565, 0.018460367, -0.0046060886, -0.00025268417, -0.021653747, 0.0018561645, 0.010784581, -0.014022424, -0.00092258543, 0.00894628, 0.0010279634, -0.027478872, 0.07268873, 0.016471889, -0.038731344, -0.0007932005, -0.09582928, 0.0069820774, -0.008363507, -0.0026124092, 0.0008511051, 0.0093369, -5.6040017e-06, 0.046568934, -0.00776981, 0.023282433, -0.015099655, 0.00786307, -0.014054923, 0.01203899, 0.012195657, -0.011531499, -0.006873022, 0.01842811, 0.016216757, -0.01220001, 0.048257217, -0.008445027, -0.030302245, 0.010586013, 0.017654339, -0.057387263, -0.0053391973, -0.002090702, 0.00062133686, 0.002038314, 0.009902351, -0.03319688, -0.0045278342, -0.014153202, 0.006531635, -0.010433923, -0.023984833, 0.0019616822, 0.008428612, 0.010291303, 0.017837312, 0.01510538, -0.0040999446, 0.0090899225, 0.015683847, 0.0020643882, 0.01554926, 0.031329293, -0.017138885, -0.008357557, -0.0041833357, -0.034532424, -0.0043126624, 0.007827483, 0.008642235, 0.0088486755, -0.018305607, -0.019033553, -0.004799339, 0.0075588045, 0.002085667, -0.0028140459, -0.0070371632, -0.010973296, 0.0016504403, -0.0023470353, -0.031749573, 0.0020260727, -0.008352675, 0.010673378, 0.023917543, 5.1299285e-06, 0.02355819, -0.0021842371, -0.012040863, -0.018888885, 0.002014848, 0.024917716, -0.018786859, -0.00440291, 0.013139686, 0.010460774, 0.0003983382, -0.004904339, -0.014373636, -0.0023774093, 0.002363359, -0.005063848, 0.02818136, 0.0119872, -0.013393149, -0.017597916, -0.002617717, 0.004800517, 0.027948042, 0.0067705014, -0.0065211053, 0.0220982, 0.0060406486, -0.011369555, -0.0026068932, -0.011172478, -0.028288592, -0.015518441, -0.0013910738, 0.0055889264, 0.009915613, 0.008002137, -0.0022030873, 0.007680534, 0.028833317, 0.009553117, -0.0068624574, 0.0011765588, -0.027848635, -0.002378365, 0.0075955857, -0.004053461, 0.016825877, 0.0014415669, -0.0198407, -0.008708996, -0.03017745, -0.011038338, 0.014183732, -0.0021599217, 0.007062884, 0.0038848533, -0.0032201612, -0.012463468, -0.01747606, 0.0139097655, 0.0032409965, 0.009646991, 0.022926519, -0.0008140786, -0.015657954, 0.0018960423, 0.0040290486, -0.0021202727, -0.008842819, -0.003901922, -0.002558888, 0.005644627, 0.014849975, -0.0017906355, -0.00680774, -0.003564152, -0.025042426, -0.013180073, 0.010979041, -5.8772323e-05, 0.008661865, -0.0014172652, -0.018159078, 0.0146800885, 0.0037540365, -0.012095943, 0.020072123, -0.0018232121, 0.014995883, 0.011680305, 0.00025186955, 0.007128785, -0.012132202, -0.0027834822, -0.006060203, 0.00050984474, 0.008896959, -0.0069806967, 0.018844718, -0.012902914, 0.0032765165, 2.410321e-05, 0.021494191, -0.028788738, 0.013437305, -0.0034405838, 0.0131518915, -0.011485595, 0.0148173, -0.00063293957, -0.033395737, 0.021654073, 0.014319593, -0.0035440857, 0.0048737144, -0.012044941, 0.00016972168, 0.018691167, 0.0051408266, -0.01069387, 0.00029529832, -0.005543192, -0.009384556, 0.023242572, -0.016807444, 0.0013388445, -0.006660147, -0.0066210316, 0.020928493, -0.011431739, -0.036097158, -0.009692871, 0.0036144482, -0.0010454175, -0.017419888, 0.00932132, 0.0035197637, 0.019364338, 0.0088572325, -0.0056816195, 0.011439141, -0.01166914, 0.0019715107, -0.00030290798, 0.015335542, -0.005248446, 0.016563056, 0.006685339, 0.016489016, -0.003443006, 0.023627833, 0.024535673, 0.018049875, -0.032965556, -0.022753745, 0.014350659, 0.0010628442, -0.0038592978, -0.012558617, 0.0047444566, -0.0066547594, -0.0155345425, -0.0069973646, 0.015346739, -0.024923194, -0.00060241396, -0.011439511, 0.0051154415, 0.013089572, -0.00024663197, 0.009301223, -0.016535033, -0.010015297, -0.019371185, -0.020147568, -0.00038649945, -0.010343142, -0.0016245425, 0.0009239019, -0.016129002, -0.001986128, 0.004050051, 0.0071146395, 0.01042711, 0.0037119687, -0.004424025, 0.0024298136, 0.0029601508, 0.007906807, 0.013238053, -0.0056402036, -0.0113451285, -0.0060319416, -0.0071495413, -0.013736528, 0.007525137, -0.007967867, -0.018836543, 0.017615864, -0.006946101, -0.018745324, -0.009173063, -0.007898013, 0.006976455, -0.002651248, -0.00557502, -0.007411227, 0.0286538, 0.007212841, -0.0011200968, 0.023568721, 0.0022518253, 0.015074504, -0.0066418345, 0.018163772, -0.00097453804, 0.013424861, -0.03389045, 0.008058691, -0.007204582, -0.0044783894, -0.015662631, -0.015107428, -0.00089090626, 0.0037826074, -0.0027455075, -0.014974079, -0.024504311, 0.0111476835, -0.01573056, 0.004639906, -0.009052184, 0.0046233623, 0.011957478, 0.025843553, -0.013540269, -0.0075483155, -0.010477895, 0.023266738, 0.02155125, -0.0025428112, -0.00793646, -0.019708857, -0.040891495, 0.0021266183, -0.016286956, 0.0006987597, 0.02173193, -0.0005979227, 0.011756318, 0.0069013685, 0.016078906, 0.011305564, 0.0058320537, 0.018762505, 0.012493871, 0.023068516, 0.0043340526, 0.023639467, 0.007966103, 0.0010474756, -0.008833622, 0.0167537, -0.025929095, 0.0004637051, 0.0066877054, 0.02004404, -0.008885665, 0.0080820955, 0.016618356, 0.008207491, -0.012420701, 0.022119233, -0.0048845788, 0.008696526, -0.006365013, 0.0091075925, -0.003790726, -0.014888176, -0.0015512744, 0.008957684, 0.0011574896, 0.021275187, 0.012466721, 0.009632234, -0.017334688, 0.009061829, 0.006879223, -0.006092369, -0.005484223, -0.026111873, -0.0094035, -0.005197031, -0.0067688543, -0.0055054757, -0.024522109, 0.004216004, 0.004686318, -0.0073384535, 0.0067004384, -0.010415669, 0.020359602, 0.015559736, 0.010479344, 0.006036706, 0.011414723, -0.003416512, 0.006978271, -0.02487278, 0.02406909, 0.009273091, 0.018191203, 0.0024200568, 0.010352226, 0.016226664, 0.012994842, 0.020171387, -0.0016084834, -0.017603096, 0.015723154, -0.010537732, 0.015214068, -0.006562902, 0.008608983, -0.00024878807, -0.015706483, -0.0041650734, 0.014633509, 0.010490454, 0.004049287, 0.0053252173, -0.0053512417, 0.0048527634, 0.004208221, 0.016063718, 0.017934809, 0.027154462, -0.023531824, -0.020781923, -0.0012675878, 0.017234301, 0.018327264, -0.031069385, 0.0009136317, -0.012914907, 0.003221226, 0.0007203464, -0.013978078, -0.00992122, 0.023096967, 0.004978362, -0.004386288, -0.021511784, 0.012266287, -0.0065587712, -0.000990353, -0.00011066696, 0.009734889, -0.00086151605, 0.0061208173, 0.023973865, -0.008146713, 0.017864969, -0.0009760806, -0.015067435, 0.013808586, 0.0070835687, 0.007633855, 0.0027763343, 0.005123499, 0.010603243, -0.019988064, 0.0183727, 0.014977287, -8.1740036e-05, 0.003939932, 0.015766852, 0.0026346361, 0.009080225, 0.0024888923, -0.014486853, -0.012755441, 0.008914876, -0.008619263, -0.0081641525, -0.0022845082, 0.0026290992, -0.004616402, -0.00047884922, 0.01105128, -0.0037806467, -0.015187472, -0.012184989, -0.017243873, -0.018811582, -0.00027756958, -0.0047284598, -0.0053889193, -0.045203272, 0.0058265296, -0.03573725, -0.0008222039, -0.031220973, 0.005409134, 0.01203806, -0.00809606, 0.03422251, -0.029583957, 0.016550098, 8.983033e-05, -0.004323739, 0.026501367, 0.029995117, 0.0019223596, -0.0045032515, -0.009964852, 0.013922261, 0.01800686, 0.0040112273, 0.0006113903, 0.007613036, -0.015203824, -0.0023832931, -0.00790338, -0.011471656, -0.0024807372, -0.014831395, 0.0034683263, -0.0018443512, 0.002253209, 0.0050561563, -0.01669248, -0.0029953655, -0.008752943, -0.0023331174, 0.013313769, -0.008035892, -0.033954937, -0.029469786, -0.005706311, -0.00422809, -0.0056443485, -0.0034910035, -0.008209847, -0.003444894, 0.017078089, -0.024624819, -0.0007954108, -0.0065272404, 0.008767664, -0.009207334, -0.011025357, 0.015788972, 0.0059924824, 0.006083095, 0.011042608, 0.030268755, -0.007844837, 0.00761198, 0.0149467895, -0.00030298805, 3.753667e-05, 0.0070933653, 0.022303902, -0.007276473, -0.019305719, 0.025524026, 0.007695511, -0.0038145618, 0.0017776729, 0.004939617, 0.01691477, 0.0028565926, 0.030959506, -0.025259249, -0.004726663, -0.02035185, 0.0012759711, -0.014631241, 0.0030880691, 0.012684807, -0.0037837022, -0.02203869, -0.0051367953, 0.0045098406, -0.005013337, 0.018731425, -0.018602172, -0.025337998, 0.012110793, -0.0134560075, 0.020633731, 0.011408258, 0.02252732, -0.0037303222, -0.010073563, 0.006181647, 0.000609848, -0.013953497, 0.016865665, 0.019752784, 6.274846e-05, 0.0059594046, -0.019278057, 0.019318938, 0.0072829304, -0.0016432917, 0.00928975, 0.010496874, -0.00028585963, -0.014201144, -0.004210187, -0.0018228629, 0.007396542, -0.02438276, 0.015863571, -0.00403504, -0.010673575, -0.007623274, -0.025536599, -0.005660514, 0.017004428, -0.027480073, -0.0031675166, -0.012907171, -0.0027982593, 0.022832429, -0.0035330725, 0.026553702, -0.0060305945, 0.01061065, 0.0006427678, -0.0009953981, -0.0012808208, 0.009186707, -0.008228812, 0.011592102, -0.027939577, 0.024434254, 0.050733738, -0.0009923821, -0.005843107, 0.015452731, -0.01293831, 0.0058435006, -0.002802677, 0.024638986, -0.008328708, 0.017465942, -0.0073708706, 0.002370618, -0.0068287337, -0.017146286, 0.008650042, 0.00015872967, 0.005610987, -0.04341234, -0.03458783, 0.009218426, 0.010913033, 0.0033226933, 0.01086921, -0.0042635105, 0.0006666442, -0.0059914333, 0.0006540921, 0.011371065, 0.0037540246, -0.012165982, -0.014261156, 0.02324468, -0.0053490098, 0.010537298, -0.012142015, 0.013470874, -0.005917061, 0.0022602114, 0.0017076402, 0.0011828301, -0.002739676, -0.023007954, -0.01733021, 0.011084962, 0.019270916, 0.00250665, -0.006790267, 0.019975025, -0.00847894, 0.012153888, -0.014986984, 0.006872396, 0.012683392, -0.00028208716, 0.00463681, -0.010707621, 0.008585323, 0.01104736, -0.018306803, 0.041560233, -0.013065306, -0.0072117783, 0.0070916796, 0.015274967, 0.016730929, -0.011750925, 0.012368411, -0.0055922605, 0.00020599381, -0.024805466, 0.033146303, 0.0006512497, 0.006030437, -0.0051758853, -0.03342786, 0.16472569, 0.11942718, 0.010419213, -0.013398932, 0.0031424514, 0.021539973, -0.027253238, -0.0039802627, -0.0027958888, -0.007919563, -0.036501475, 0.022725997, -0.00019976376, -0.014322197, -0.0029121665, 0.0020434726, 0.008470612, -0.006189757, -0.012581112, 0.0073378445, 0.0011738952, 0.023358556, -0.028082954, 0.005768082, -0.023587093, 0.0115883015, 0.00046595468, 0.0048101335, 0.007837964, -0.021135898, -0.031545844, -0.0048304657, -0.006971989, 0.0021800564, 0.013337784, 0.02535373, -0.012332644, 0.006347964, -0.0043810797, 0.0009382286, 0.0061617037, -0.01492393, 0.0060501634, 0.0089675635, -0.011266516, 0.018412052, 0.016356073, 0.013854541, 0.002848108, -0.007876655, 0.014965634, -0.000117154756, 0.007883741, 0.01553111, -0.0025956847, -0.0027286105, 0.01832658, -0.008899305, 0.019693973, 0.010101159, 0.01999988, 0.0034286126, -0.002616878, 0.020099886, 0.00041581722, 0.018760338, 0.003229177, -0.0016152187, -0.021145524, -0.030272942, -0.003210946, 0.021697257, -0.0023281088, 0.029273503, -0.0035664379, 0.022773061, 0.004965391, -0.009623329, -0.003838495, -0.010061179, 0.0066121803, 0.009737575, 0.011677038, -0.00302347, 0.0034292433, 0.00067713676, -0.0044034785, 0.0039805104, 0.11644317, 0.0030055577, 0.011900162, -0.026932525, 0.008554662, 0.0047241948, 0.010096635, 0.06400723, 0.023524905, 0.012062278, 0.023688348, -0.010526952, 0.020927398, -0.025328605, -0.0060211048, 0.026026204, 0.013857341, 0.05530686, 0.015864443, -0.00999605, 0.0057745837, -0.012171504, 0.0007874395, 0.00018062606, 0.015087737, 0.010421164, 0.011372812, -0.0028875272, 0.0018817262, 0.004847204, -0.09663184, -0.011220178, 0.0026403693, -0.007473767, -0.016412167, 0.023595722, -0.023991868, 0.0023596499, -0.011204326, -0.032536034, -0.0014401837, -0.019016631, 0.010257323, -0.018023722, -0.013839352, 0.030310608, 0.009972975, -0.014433178, -0.015049985, -0.0076042246, 0.025709568, 0.005876836, -0.012028872, 0.01411212, -0.0036902523, 0.007710982, -0.022738172, 0.0042049624, -0.020483224, 0.004516599, -0.03195268, 0.00025295225, -0.005326616, 0.00917431, 0.00094818865, 0.019603234, -0.019514738, 0.014379112, -0.008277865, 0.0024345769, 0.012611749, -0.015447852, -0.0062491084, -0.0056990515, -0.0028548834, 0.0056133643, -0.012752264, -0.010480913, 0.018897567, 0.0018456904, 0.015028299, 0.0032604604, 0.0041269273, -0.008209947, -0.0009626831, 0.010806906, 0.030232549, -0.0066058636, 0.011469424, 0.015926719, -0.006507918, 0.013187192, 0.008729806, 0.011987703, -0.018067874, -0.007047768, 0.0013942209, 0.004792956, -0.01912558, 0.001742583, -0.019996101, 0.0022009208, 0.0238286, -0.0037461843, -0.00012937302, -0.0005388964, -0.028259289, -0.024484418, 0.0129473675, 0.02181253, 0.008292422, -0.0029973781, 0.0059115267, 0.11310616, 0.017916901, 0.015602025, -0.01893462, 0.0056194086, -0.009539233, 0.009272191, -0.034342848, 0.0191271, -0.019968469, -0.0026547392, -0.021733124, 0.0045977575, -0.016181266, 0.020452034, -0.015820198, 0.02392137, 0.0030614452, 0.0072247265, -0.0010963595, 0.00015655882, -0.022285823, 0.015598754, 0.009956357, 0.007234368, 0.009232497, -0.013043306, -0.0062088156, -0.0035552399, 0.0029425987, 0.013487257, -0.022089481, 0.009307928, 0.008943973, 0.011990264, -0.0044771493, 0.010350705, -0.014763807, 0.011516547, -0.0039630327, -0.016121943, 0.008191129, 0.0077541913, 0.00017511401, -0.029320791, 0.18851164, -0.0063610724, -0.018319454, -0.016960781, -0.01071427, -0.0010767077, 0.005668906, 0.0008131768, -0.020209184, 0.009668319, 0.035421792, 0.00037593476, 0.010631644, 0.0017214094, 0.002627865, -0.00829239, 0.020633591, 0.012571336, -0.015252235, -0.025052564, 0.0067611937, -0.0038878398, -0.01844261, -0.015610431, 0.0033694203, -0.009678203, 0.028339185, 0.002662147, 0.0017961941, -0.0033830747, 0.006440876, -0.0006609962, 0.0047672223, -0.013016891, 0.017495427, 0.009113101, 0.0014780045, -0.00019729971, 0.014254383, -0.026277555, -0.010511352, 0.0057482147, 0.0073425975, 0.0035576667, -0.008703074, 0.0025765537, -0.009132164, 0.01933749, 0.016359668, -0.00082172325, -0.026655266, 0.019324029, -0.0027028401, -0.012249496, -0.002425877, 0.020819416, 0.0019585306, 0.0037176241, 0.0060164263, -0.0042226524, 0.0021721472, -0.009991427, -0.019554315, -0.0053460062, -0.001257971, 0.0019538268, -0.017077722]"
Alistan sedes para 1 de septiembre: Dia del Informe Presidencial y toma de protesta judicial,https://oem.com.mx/elsoldemexico/img/25474907/1756491075/BASE_LANDSCAPE/1200/image.webp,no especificado,"La presidenta Claudia Sheinbaum entregara su Primer Informe de Gobierno y, en paralelo, rendiran protesta los 881 nuevos integrantes del Poder Judicial, incluidos nueve ministros de la Suprema Corte",https://oem.com.mx/elsoldemexico/mexico/el-1-de-septiembre-sera-un-dia-historico-para-mexico-informe-presidencial-y-toma-de-protesta-judicial-25436339,"[-0.013743634, -0.016699998, 0.01668441, -0.05783667, -0.022226527, -0.016108317, 0.009972043, 0.0011802766, -0.035937145, 0.0018618084, -0.02806193, -0.026481012, 0.007237729, 0.00032357837, 0.13706575, -0.007757112, -0.0044669546, 0.0017484823, 0.025739767, 0.004994257, -0.0007918414, 0.0037592219, -0.009599185, -0.0013067359, 0.0013227373, 0.011391081, 0.0017203833, 0.002971924, 0.035282206, -0.011533051, -0.013763619, 0.03969256, -0.002873026, 0.009668255, 0.025188752, -0.0053677815, -0.017651828, -0.014939693, 0.01005933, 0.0165706, 0.015292467, 0.018794997, -0.009689789, -0.0041393656, 0.01091488, 0.009191982, 0.01856875, -0.048641186, -0.0051775677, -0.005518449, 0.0035194012, -0.02340474, -0.021543177, -0.16881922, -0.015930748, -0.0053420574, -0.016890535, 0.024362331, -0.009782873, -0.01159773, -0.026033157, 0.023413518, -0.014035592, -0.0384302, 0.004774586, -0.0057429234, 0.009161136, -0.0002515016, -0.019461239, -0.015566691, 0.004617594, -0.0016547525, 0.004475709, 0.026211048, 0.007288713, 0.0073903278, -0.0055869576, 0.014982584, -0.010495232, 0.018510113, 0.004682661, -0.018774623, 0.022283664, -0.021798452, -0.013938305, -0.012182281, 0.016252218, -0.002077248, 0.006715415, -0.0025888544, -0.02990449, 0.01653055, -0.022336537, -0.027569965, -0.005919069, 0.011033422, 0.008799418, -0.010158122, 0.015372612, -0.015903316, -0.02078495, -0.0065441644, -0.01309585, -0.003133342, 0.027918683, -0.020002076, 0.01248983, -0.014742299, -0.020536195, 0.00039598253, -0.010994374, -0.0119205965, 0.014141426, 0.0048377295, -0.00038538562, -0.11905618, -0.02604887, 0.021856546, -0.011628221, 0.0102672735, 0.006234035, -0.024630573, 0.01592617, 0.020651719, -0.008472966, -0.02008524, -0.0026361712, 0.013417173, -0.013359984, 0.0022691844, -0.016822882, 0.002870141, 0.00803967, 0.0018805844, -0.006249508, 0.011626078, -0.0056326324, -0.03301199, 0.0036605152, -0.024336264, 0.0030789722, -0.01882665, -0.0057206, -2.1180673e-05, -0.011603533, -0.024909262, -0.013086596, 0.002898553, -0.004805029, 0.000249073, 0.0060906685, -0.006823836, -0.012799147, -0.02005743, -0.0019115458, 0.0035304509, 0.0097866235, -0.019546568, -0.007490276, 0.030901797, 0.010412442, 0.0006511416, -0.01088014, 0.022043332, -0.00022134121, 0.05060623, -0.018757867, 0.03291769, 0.0018930082, 0.010965392, 0.026603209, 0.009851331, -0.0049391915, 0.012714446, -0.01449288, 0.015131553, 0.00093940046, -0.014818822, 0.0034437703, 0.027722813, 0.022743862, 0.003978809, 0.009310002, 0.02526189, 0.027447913, -0.01274345, -0.011919863, -0.011289362, -0.004391514, 0.011190321, -0.018693779, 0.008923112, 0.006739106, 0.0042508137, 0.016084613, -0.008505143, 0.010865513, -0.033197064, 0.028202564, 0.038785636, 0.023864608, -0.0020271416, 0.01932497, -0.012701067, -0.022403514, 0.014886409, -0.013421502, 0.012406348, -0.0040896474, -0.009003717, -0.0041902396, 0.01360167, 0.001520889, -0.020024104, 0.01470349, -0.0043206136, -0.0035698907, 0.033313032, 0.012452083, -0.0025516544, -0.010928078, 0.0057406137, -0.0068671606, 0.025750946, -0.024254097, 0.0010974047, 0.025163846, 0.00071336236, 0.016431017, 0.0019996758, 0.025677776, -0.0047722654, -0.02012877, 0.0092921555, 0.0029179282, -0.0072603207, -0.006093392, -0.0065737884, -0.003463906, 0.026633713, -0.009596343, 0.012633103, 0.0067457436, 0.0025254807, 0.016402239, 0.0008218025, -0.00969759, 0.019228177, -0.020189367, 0.013238617, 0.020441748, 0.028769763, -0.012680063, 0.004110672, -0.031746715, 0.011650519, 0.016123027, 0.01205991, -0.039358247, -0.0015286517, 0.005678627, 0.011812633, -0.0024998384, 0.0013884598, -0.02532532, 0.041550603, 0.019102944, 0.009070466, -0.041821234, -0.009879181, 0.016608547, 0.024899878, -0.009117922, -0.028532855, 0.013776234, -0.026214136, -0.07856952, 0.03239887, 0.021339018, -0.018016541, -0.0036856632, 0.0063301856, 0.0032743113, -0.005924202, 0.011983991, 0.003748556, -0.0010473176, -0.0027051824, -0.011316759, -0.02410705, -0.011348165, -0.0029801098, 0.014453873, -0.0013180319, 0.014422858, -0.032909494, -0.0036415583, 0.018804433, 0.012896143, -0.014953348, 0.03360195, 0.008037458, -0.0048167785, 0.03843751, 0.017735137, -0.017577082, 0.013202819, -0.013114945, 0.010481466, -0.0010178009, -0.015873369, -0.0022563855, -0.0012216073, 0.014144981, -0.012632813, -0.003512171, 0.021036817, 0.004518551, -0.0017198004, -0.001279851, -0.01285661, -0.014270285, -0.004148665, -0.016874986, -0.01675197, 0.007913325, -0.0006402749, -0.0041978024, 0.0061195083, -0.004121086, -0.02379333, 0.014045677, -0.022794202, 0.0108462665, 0.005050218, -0.00026329735, -0.020209325, 0.005515238, 0.01696119, 0.016322613, -0.008621596, -0.00044772224, 0.012901085, 0.0037260847, -0.0026290435, 0.057321183, -0.0096047, -0.0142626185, -0.002690938, -0.024260283, 0.026995031, 0.016456338, -0.0061382595, -0.013516182, 0.0024175725, 0.029202592, -0.01582673, 0.006774952, 0.0010004003, 0.023972454, 0.00031168223, 0.0030067582, -0.018441267, 0.0018853872, -0.024637459, -0.031534877, 0.030201096, -0.009004584, -0.02858221, 0.0011352522, 0.013910906, 0.02574232, -0.0056495294, 0.0045751003, 0.01032233, 0.015081032, 0.01718432, -0.0064946963, 0.005728824, 0.013740192, 0.002165556, -0.017572658, 0.020134404, 0.018916745, 0.008333543, -0.012613599, 0.010418324, 0.0069770506, 0.0034540058, 0.02650669, -0.01045522, 0.04625705, 0.0022562367, 0.0036322617, -0.027832683, -0.0055718883, 0.015322052, -0.009406102, -0.02185454, -0.01629286, -0.0049101044, -0.006796095, -0.008306028, -0.021396928, 0.026152996, 0.0095781395, -0.023421274, 0.0043553635, 0.010733957, -0.01152173, 0.017043326, 0.0023475483, -0.01637291, 0.0098631065, 0.018448146, -0.0011703852, 0.0073262025, 0.005763423, 0.032234915, 0.04170553, 0.025771108, 0.03864309, 0.0056502735, 0.018231718, -0.011686474, 0.006169413, -0.008793975, -0.0004183363, 0.02856718, -0.022667596, -0.008452708, -0.03467462, -0.050917655, -0.0037360734, -0.046621595, 0.018057754, -0.016168887, -0.037693106, -0.016338047, 0.0047279317, 0.030602017, 0.01620183, 0.0005010775, 0.007330761, 0.016671143, 0.024933916, -0.0069669546, -0.016201295, 0.029567085, -0.0070012044, 0.028378291, -0.0103252325, 0.0018106791, 0.030949553, 0.0015161989, 0.02649467, 0.004287913, -0.0083815055, 0.015492843, 0.012165673, 0.044825304, 0.00020571571, -0.010851921, 0.0035473532, -0.024705708, 0.014258095, -0.016638115, -0.022997107, 0.0121990545, -0.0056067687, -0.02882132, 0.008064649, -0.00089296064, 0.00043459696, 0.012114525, 0.0014742559, 0.003002218, 0.0043966006, -0.004804992, -0.007740932, 0.0041289898, -0.024824843, -0.014806375, -0.03344771, -0.0038446018, 0.004672273, 0.025749808, 0.041889176, -0.005377877, 0.024089381, 0.0046498594, 0.0049177804, 0.005886452, -0.03291744, -0.0013917246, -0.007906047, 0.017760057, 0.018294385, -0.01828753, -0.010213963, -0.018189095, 0.014136922, 0.012768189, -0.0064333784, -0.02480083, 0.010913949, -0.014190451, 0.0017538228, 0.0032405409, -0.02306115, 0.006118419, -0.014051086, 0.006412339, 0.0052690688, 0.005509768, 0.0014942685, -0.011489772, 0.010620713, 0.020445444, -0.008104899, -0.038371507, -0.021246947, -0.029288579, 0.011147993, -0.016550077, -0.011628165, 0.01418039, -0.037016276, 0.015928248, 0.006490123, -0.015191358, 0.0009920052, -0.0004203989, -0.0032090074, -0.00079426734, 0.008215747, -0.015208089, 0.026930595, 0.0024681508, -0.021065326, -0.0006633125, -0.00391874, -0.038848493, 0.018681023, 0.018866776, -0.07456834, -0.0056058667, 0.0024029335, -0.010398378, -0.04688548, -0.014367984, 0.038205624, 0.0015533759, 0.017790651, 0.025338802, -0.031240316, 0.0063707116, 0.01001225, 0.028985787, 0.0013957468, -0.00796626, -0.0007846699, 0.0048583625, 0.008736754, 0.009533064, 0.010846762, -0.0030016066, 0.029532677, -0.008981701, -0.011735595, 0.021177404, 0.0180581, -0.013796335, -0.00041857272, 0.017402355, 0.022079658, -0.00064814533, 0.016747605, 0.037438236, 0.017101988, -0.0123625025, -0.0024573791, 0.0055433926, -0.0044909585, 0.035304178, 0.009542148, 0.010901336, -0.0026460993, -0.019776832, -0.023175668, -0.0051423255, 0.002067768, 0.004833391, 0.010927719, 0.01740683, 0.0052328757, -0.011127049, -0.008604997, 0.0053323368, -0.004453185, -0.026052447, -0.026655875, 0.015189895, 0.008427212, 0.014141078, -0.03134934, 0.0119404225, 0.0055149724, 0.030501235, -0.011381023, -0.015356392, -0.019222913, 0.001715636, 0.023623945, 0.015546058, -0.01286403, -0.027245298, -0.008469186, -0.0024142938, 0.014400281, 0.020326229, 0.001683718, 0.013118092, 0.00077558524, -0.019205501, -0.015272499, 0.05281023, -0.10639512, 0.019124562, -0.006134686, -0.010814932, 0.005484496, 0.019035557, -0.017701121, -0.02162647, -0.01092992, 0.015594043, -0.026217792, -0.011526314, 0.033067126, -0.0027182365, -0.02885015, -0.015063049, 0.013812711, -0.022067185, -0.006244221, -0.04245612, -0.02065975, -0.01739355, 0.0035779749, 0.008545813, -0.0046498724, -0.010762329, 0.00076529256, -0.005600298, -0.00027911374, -0.04089648, -0.010511769, -0.1416081, -0.005711712, 0.016382132, -0.006718035, 0.00046782204, 0.0020837353, 0.0007052931, -0.008223204, 0.0066600814, -0.0013620657, 0.0056888014, -0.031744525, -0.0309829, 0.0030473475, 0.05855731, 0.09651541, 0.0064729177, -0.0069276593, 0.027162729, -0.005825763, 0.0064167567, -0.018614179, 0.015404832, -0.013170115, 0.029116983, -0.0047294, 0.016725872, -0.020954996, -0.017985761, 0.026800789, 0.008057272, -0.009191458, -0.015870102, 0.02488839, -0.00062181056, -0.010720505, -0.003158583, -0.017208058, -0.0053976513, 0.009471201, 0.008823988, 0.020942371, -0.00054886285, 0.018085945, -0.009001216, -0.0051503824, 0.02467076, 0.018497296, -0.013176581, 0.01701358, -0.022070825, -0.06962476, -0.0013649608, 0.029530967, 0.022472182, -2.2854081e-05, -0.019293258, 0.033335056, -0.02609355, 0.014100251, 0.010058289, -0.01404814, 0.011804502, -0.018958898, -0.014889338, -0.014746126, 0.029044872, -0.007673901, -0.021710766, -0.014439183, -0.022035357, 0.008817901, -0.05341964, -0.02471346, -0.027942952, 0.032670997, -0.009560647, -0.0038343281, 0.0066074217, 0.011268085, 0.011969606, 0.04064183, 0.014303228, 0.017529296, -0.018008452, 0.00093883974, 0.025322918, 0.00856242, -0.014354706, 0.0073409453, -0.010372114, 0.0071548033, 0.00075907895, -0.008975188, 0.029030155, 0.02894211, 0.014948912, 0.0053365813, -0.020132333, -0.025416013, 0.015207453, -0.029920124, -0.002874982, -0.011555129, 0.00018981419, 0.0026095354, 0.002565755, -0.0031928937, 0.019975398, 0.0033858633, -0.00026377614, -0.0008893043, -0.0077896765, -0.005229799, 0.0015151226, 0.02839609, 0.020548176, -0.008323904, -0.008607355, -0.011417072, 0.01135029, 0.0074707116, -0.01421442, 0.0033283443, -0.0045591607, -0.006530324, -0.0021809118, 0.010376106, -0.0071502896, -0.046521712, 0.025783973, -0.0076741087, -0.0025857198, -0.014287385, -0.011289272, 0.0009713971, 0.019512363, 0.008735782, 0.006713611, -0.014606838, 0.012664396, -0.0036951804, 0.010628874, -0.005389875, -0.0060976846, -0.022086132, 0.0026478295, 0.0045073326, -0.0019083013, -0.012353122, -0.001548715, -0.0036394678, 0.013080917, 0.01594695, -0.014840138, 0.0032716978, 0.016241595, 0.0037871343, 0.001913847, -0.0011381822, -0.0096875755, -0.023139844, 0.005717831, 0.017595675, 0.017173097, 0.00961081, -0.0011945552, -0.019287668, 0.0055697677, 0.009714818, -0.007109067, -0.009925385, -0.015885472, -0.0017453707, -0.0063703684, -0.005373012, 0.005817098, -0.0064704116, 0.023938384, 0.0087008085, -0.0014402177, 0.009914803, 0.004408562, 0.011620861, 0.0050961794, 0.01318064, 0.016052125, -0.0016762925, 0.0072888075, 0.007668566, -0.0015825302, -0.021819727, 0.021586291, -0.03553876, -0.015469207, 0.0055142236, -0.008614206, 0.002443185, -0.015730536, 0.002231092, 0.0076920614, -0.021868523, -0.006668386, -0.00460867, -0.0069344062, -0.014716842, -0.0045545436, 0.019327626, 0.012063387, 0.0042405925, 0.018937184, -0.0026931316, 0.010696547, -0.011246852, -0.0012910266, 0.004802159, -0.0023952206, 0.007951011, -0.0073561785, 0.003271685, -0.0041442676, -0.010477589, 0.00630507, -0.010971402, 0.008290742, 0.008540588, 0.007200151, 0.013925768, 0.008687587, 0.012496254, 0.0142546175, 0.021500997, 0.011043426, -0.012253149, 0.0014504544, 0.0025997248, -0.0054922136, 0.019582426, -0.0057033803, 0.0062206634, -0.024429461, 0.0062590013, -0.012568672, -0.0054003154, 0.0021793002, 0.016281174, 0.016088113, 0.013406386, -0.0026005516, 0.0013615136, -0.00921326, 0.011722809, 0.0064907903, 0.011086185, -0.0012965281, -0.0033703372, -0.016521577, 0.024201008, 0.005891202, -0.02271957, -0.018026346, -0.0011676119, 0.007180598, -0.007519689, 0.003515479, -0.0021905024, -0.016202107, -0.021383563, 0.0011341118, 0.006300431, -0.00748214, -0.00032988892, 0.006467597, 0.0029599397, -0.00303008, -0.0025019394, -0.008641868, -0.0047153863, 0.0023495771, -0.01625555, 0.0069614886, 0.012062919, -0.01869576, 0.01539335, -0.0013962374, -0.0010926281, 0.0030001148, 0.0020757793, -0.0040323962, -0.036068957, -0.019023163, 0.008209699, 0.01011946, 0.0013279062, 0.010116182, 0.017198198, 0.0021020556, 0.004331028, -0.014655785, -0.0050615687, 0.007139981, 0.009823106, 0.00097477954, -0.025008865, 0.012995095, 0.00011098576, -0.0005493175, -0.0050941277, 0.014631314, 0.008816143, 0.08006883, 0.005508202, -4.5875146e-05, 0.0025825754, -0.0046166694, 0.0008303442, 0.001294451, -0.012702139, 0.002705097, 0.0056333183, -0.013686631, 0.023017384, -0.0048656673, -0.009581371, -0.0064517176, 0.021151636, -0.0053666723, 0.005723353, -0.0011877463, -0.002727124, -0.0029148494, 0.0016207505, -0.0017555085, -0.009004684, -0.0043406533, -0.013533998, 0.00523211, 0.0069396035, 0.0051260567, -0.021478394, 0.0014618598, 0.007066834, 0.010354062, -0.0014648591, -0.0028314593, -0.019414987, 0.0049169883, 0.00650252, 0.018483197, 0.0132924, -0.0026004787, -0.012178359, 0.012025949, -0.010694799, -0.0029194679, -0.0077765626, -0.0053794123, -0.018109009, -0.0030547688, -0.0025271974, -0.003415193, 0.01971058, -0.012517133, -0.008750756, -0.011020554, -0.0048303464, 0.010690172, 0.006780583, 0.01840658, -0.01637135, 0.0038361235, 0.026599621, -0.024919432, 0.0051790797, 0.006794077, -0.011512895, 0.008287309, 0.0034939912, -0.00015830084, -0.008758845, -0.0003713092, 0.0065184697, 0.007890491, -0.0093408795, 0.012042317, -0.004422815, 0.00050929055, -0.018742101, -0.011185276, -0.0050368723, 0.01705281, -0.0004995376, -0.021327632, 0.001581899, -0.011618549, 0.0053437254, 0.010377544, -0.00948642, 0.024823133, -0.00035261057, 0.002541473, -0.013303515, -0.012943668, 0.00842663, -0.007761686, 0.009547462, 0.060778115, -0.0017043202, -0.023590783, -0.004699588, 0.014700572, -0.0036702843, 0.0050738086, 0.016732255, 0.009548644, -0.0068918234, 0.0075451685, -0.011527808, 0.010510271, 0.0013421287, -0.0034081682, 0.008477773, -0.0037991484, -0.005253131, -0.0031806568, -0.005720448, 0.008199519, -0.0010667947, -0.007094231, -0.010790778, -0.01187746, -0.012441517, -0.0070155575, 0.009238592, -0.018154722, 0.016666964, 0.002753345, -0.0101126805, -0.0057817227, 0.01562492, -0.020143617, 0.0053506442, -0.0024040972, -0.010168563, 0.0003346349, 0.021563092, 0.012156814, 0.014787861, 0.008613881, 0.0019238562, 0.01656266, -0.004730184, -0.018130511, 0.01947709, -0.00060695497, -0.0059322226, 0.0031463585, 0.004177412, -0.0022587655, -0.008761903, -0.010113342, -0.017373405, -0.021415664, -0.0012257786, -0.026793716, -0.011543938, 0.02073357, 0.018994432, 0.007384142, 0.015296635, -0.0050235405, 0.0028999478, -0.0091467155, -0.019226568, -0.0027139615, 0.014230053, 0.015484425, 0.0105588315, 0.010632181, 0.0016851159, 0.022413287, 0.0062275967, 0.010075227, -0.0066657783, -0.009471206, 0.00042941247, -0.007908717, 0.0014234568, -0.0033597297, 0.0060581993, -0.007568305, 0.0042780987, -0.021170005, -0.025407407, -0.0042592008, 0.0037209196, -0.0025745162, 0.0026945476, 0.006220711, -0.031325284, 0.0013083395, -0.006366376, -0.0071840426, 0.0037668236, -0.00025826003, -0.0067452686, 0.012355075, 0.013671864, -0.002626133, 0.0033733123, -0.010993022, -0.0032112054, 0.017901244, -0.020244947, -0.0072029363, -0.0034198784, -0.016027858, 0.01324349, -0.013604501, -0.0061353245, -0.004405117, -0.010548672, 0.002351433, -0.0013643209, 0.0007108711, 0.017606199, 0.01574617, 0.0027980811, 0.020431435, -0.017577432, -0.016482968, -0.015382106, -0.031290982, 0.003290466, 0.0019324061, 0.004885054, 0.0051419577, 0.012107589, -0.0025650377, 0.002182998, -0.0087821, 0.0021610658, -0.009545802, -0.010401039, -0.0019740039, 0.0020147767, -0.006849728, 0.005689686, 0.00958752, -0.009217357, -0.0071823904, 0.004052331, 0.0019417502, -0.0031645645, -0.0162115, -0.008906566, -0.021667661, -0.0038876804, -0.0016711996, -0.00082302425, -0.00073429436, -0.0011400526, -0.013554763, -0.0030724609, 0.011500573, 0.013822576, 0.0066559496, -0.036382675, 0.009743458, -0.01081311, 0.0035160843, 0.0055276644, -0.0110745765, 0.004785065, -0.012988794, -0.011143266, 0.0006273774, 0.0046641524, 0.007850445, 0.010190036, 0.01840112, -0.00034525152, -0.0029182446, 0.003452816, -0.019605303, -0.0020413639, -0.00048329693, -0.00474, 0.0036832276, -0.0016026273, 0.010044268, 0.012049866, -0.0037478697, -0.00699961, -0.0026867236, 0.005576715, -0.0007766487, -0.012350305, -0.016188294, 0.009055901, 0.020475682, -0.014220882, 0.0113470545, 0.0023279916, 0.0018831718, -6.0782514e-07, 0.005372043, -0.011219857, -0.0036626165, -0.004580406, 0.0073816106, 0.0117674805, 0.01308842, 0.009711818, -0.0140035255, 0.0014301093, -0.0076721604, 0.0252763, 0.022621466, -0.0201332, 0.003313701, 0.013100271, -0.016578842, 0.01983415, 0.002207192, 0.0014445996, 0.010647727, 0.016020712, -0.016943363, -0.00024900536, -0.014319679, -0.007880549, -0.0022675844, 0.016238086, -0.012204038, -0.011349355, -0.019823926, -0.0014054391, -0.00087176973, 0.0105399, -0.016005684, -0.0070499126, -0.0101867365, 0.008630417, -0.00032601092, -0.02054507, 0.018246679, -0.0031782065, -0.013280056, -0.01797246, 0.0076686945, -0.0047577326, 0.015516273, -0.008171558, -0.0072695455, -0.029244114, 0.005434846, -0.004130755, -0.001305453, -0.005706011, -0.0013367147, -0.008474666, 0.0016343335, -0.011013409, 0.0020801176, 0.009700053, 0.004642479, 0.007934209, -0.0017016333, 0.0015933315, 0.021015389, -0.002142353, 0.0018904586, 0.018416258, 0.0003254945, -0.006188605, 0.0034455834, -0.034056086, 0.016095208, 0.006030115, 0.0019479529, 0.0027994663, 0.011639472, -0.006375873, -0.012933511, 0.003880996, 0.008153479, -0.013212787, 0.010511969, 0.0015739778, -0.0061514643, 0.0045022545, 0.0048636044, -0.0086555565, 0.00086011866, 0.008413434, -0.0033846109, -0.007852996, 0.00015936355, 0.036192264, -0.011512365, -0.014606523, -0.004698798, 0.0016216495, 0.0019537082, -0.005003676, -0.0056554275, 0.026813043, 0.0018487198, -0.0059956117, 0.016162721, 0.001914605, -0.0063833483, -0.0026692068, -0.003483393, 0.004650639, -0.007737672, -0.014569437, -0.012121021, -0.0038726185, 0.006853201, -0.0022454478, 0.008100879, 0.002664404, 0.00063161313, 0.00646178, -0.0063108914, 0.0034261683, 0.0075456863, 0.009801129, -0.00042424467, 0.0031966546, 0.014792562, 0.011265715, -0.0033154283, 0.017705316, -0.0074182446, -0.014014993, 0.013136444, 0.0030486193, 0.013580651, 0.0049860002, -0.008167399, 0.012802409, -0.007910417, 0.0013980381, -0.0068120356, -0.008551667, -0.004980597, 0.0011596736, -0.006461352, 0.0005814623, -0.016248336, -0.006274927, -0.008809147, -0.005964414, 0.012619008, 0.011831219, 0.0072663664, 0.0050732153, 0.007897648, 0.026090467, 0.0009480147, 0.0012312267, 0.015641117, 0.020917341, -0.011669931, -0.0149261085, -0.0007439796, 0.0054628407, -0.010726252, -0.00612273, -0.09162589, -0.0067785718, 0.008228308, 0.0029191752, -0.0008700533, -0.007898281, 0.013130233, -0.029255925, -0.015997102, 0.0020826336, -0.006619266, -0.0070866374, -0.015672397, 0.004930228, 0.00350813, -0.0025164087, 0.00073649694, -0.014351834, 0.0021455742, -0.006032453, -0.024237953, 0.015498814, -0.007272281, -0.000941546, -0.019330688, -0.005411747, -0.00695542, -0.009947095, 0.016453493, 0.007385789, 0.004926518, -0.004720227, 0.006811827, 0.016398372, 0.024664374, 0.00029979227, 0.0015151134, 0.023889346, -0.13794342, 0.012843782, -0.005185083, 0.006402351, -0.019499524, -0.0011497841, 0.011617045, 0.011033875, -0.002333539, -0.011435194, 0.0046711653, 0.005101825, -0.017878275, -0.004872944, 0.011564881, -0.0062579657, -0.017350819, 0.00067333854, -0.014845559, 0.0142426025, -0.005781515, -0.014471047, -0.0036541512, 0.0036304255, -0.005038306, -0.009297137, -0.00710496, 0.022019517, -0.0066035436, 0.00042503423, -0.0053339982, -0.008003788, 0.0026157268, 0.013288019, 0.0023049384, -0.0070478395, 0.022516025, 0.009174662, 0.0062972996, 0.0046096607, -0.0009832624, 0.0038103443, 0.013941423, 0.0052659726, 0.008536379, -0.008398892, -0.011945507, 0.008979162, 0.009107787, -0.0041499557, 0.014063807, 0.0042051664, 0.0041744425, -0.021738367, 0.011751384, 0.006543787, -0.014493517, -0.014586373, 0.012969601, 0.015471081, -0.0007545136, -0.0033974266, 0.008243721, 0.02030275, 0.0015186319, 0.012618796, -0.01270073, 0.007746654, 0.018560138, -0.003726878, 0.0110449465, 0.009518963, 0.0066632894, 0.005129592, -0.004136331, 0.0073117046, 0.006453583, -0.001752841, 0.009468811, -0.0018666177, 0.008046977, -0.0038317363, -0.008317518, 0.016529268, 0.008229746, 0.008756011, 0.027831292, 0.008427552, 0.000962261, -0.053295538, -0.0055354275, 0.008913253, 0.0125029385, 0.017666373, 0.005854327, -0.0008621359, 0.02146657, 0.0016609328, -0.0019879395, 0.008539533, -0.013119385, 0.006456056, 0.0124318255, -0.00044047998, 0.006735451, -0.006371466, -0.0072799088, -0.008056696, 0.02866877, -0.02545342, -0.016698316, 0.0073832143, 0.010869524, -0.0014886374, 0.013546046, -0.010613647, 0.0155916, -0.0045429063, -0.005703082, -0.0038637393, 0.03916046, 0.0020023366, -0.0067453594, -0.003399573, 0.0035574334, -0.0023644916, 0.011497432, -0.0037133675, -0.0098227, 0.0022470444, 0.001614206, -0.0050889957, -0.00070410443, -0.022502728, -0.00090661075, -0.009461071, 0.00037284262, -0.017605977, -0.0050370824, -0.008154598, 0.010603363, -0.0014518909, 0.018021973, 0.027517688, 0.00054439215, 0.0015604505, -0.00025289395, -0.010093939, -0.024001911, -0.013433049, -0.03474611, -0.0057267123, -0.025453119, 0.006215775, -0.0022503876, 0.020178044, -0.00033545832, -0.019194052, -0.0010165424, 0.016521925, 0.0052420427, 0.0075034113, 0.0094490275, 0.012133051, -0.008043353, -0.007937674, -0.0006415841, -0.01038404, -0.006867563, 0.016711367, -0.000121069126, 0.0032920623, 0.0031177255, -0.02747342, 0.003707271, -0.017781666, -0.0004979438, 0.007224907, -0.016628657, 0.005565255, 0.0035102328, 0.0048677907, 0.024085425, 0.0061388146, 0.0023827548, -0.0089923125, -0.019232836, -0.02839537, -0.0035548466, 0.0116075, -0.010436636, -0.007088319, 0.017651802, 0.008895789, 0.0025953942, 0.014848, -0.019006524, 0.0035204894, -0.018013453, 0.0068441257, 0.033079837, -0.004027497, 0.012806575, -0.16684814, -0.018765856, -0.009194969, -0.012205022, -0.009944793, 0.0030685065, -0.00502781, 0.004447318, 0.01469209, -0.025738874, 0.0054557114, 0.0103072785, 0.009982207, 0.006819228, -0.005404333, 0.009305564, 0.013148085, 0.009076821, -0.012133228, 0.0020405327, -0.0028111537, -0.0052366313, -0.014457866, 0.026733648, 0.024848796, -0.015696036, 0.007560759, -0.009445406, -0.0028255484, 0.008162933, 0.0025759109, 0.005180361, -0.011941053, -0.0033262186, 0.007761063, 0.00089426234, 0.0067766546, 0.01727515, -0.0037966087, -0.00054774527, -0.0024806205, -0.00473055, -0.00166399, 0.006579501, -0.013012286, -0.0012897734, -0.02367351, -0.031576447, -0.029409537, 0.00089866354, -0.007095715, -0.005275382, -0.0017730116, 0.00072183774, 0.0015110299, -0.010789291, 0.008737605, 0.009790505, 0.025310965, -0.014542106, -0.014403811, -0.014309288, 0.017108044, 0.027843093, 0.013640026, -0.008452406, -0.009138338, 0.13607761, -0.022359122, 0.014778042, -0.0027716549, -0.005083573, 0.0124811195, 0.016996888, 0.0006076625, 0.005181689, -0.003243958, 0.009528207, -0.004663502, -0.003386331, -0.008227775, -0.018570922, -0.010539912, -0.01435291, -0.004353607, -0.008979265, -0.0047053793, -0.017936913, -0.0072995643, -0.0025439307, -0.005899801, 0.019594133, -0.021356752, 0.016872287, 0.028610898, 0.0069407537, -0.003872445, -0.0066679455, -0.0035104353, -0.0043670093, -0.0008984642, -0.009244535, -0.0020789197, 0.0063662822, -0.012563778, -0.024139455, 0.013856712, 0.0056270612, 0.011931594, -0.012198358, -0.01756161, 0.022202415, -0.009538584, -0.013485165, -0.013391897, 0.006359067, 0.009403467, -0.014124265, -0.016151208, -0.014324375, -0.0133237075, 0.0037390434, -0.020653328, -0.0048967907, -0.0024475409, 0.013566728, 0.011327219, 0.00026034063, 0.008666291, -0.009153641, 0.022471553, -0.008138382, 0.00083167414, -0.008357059, -0.008395091, -0.008781583, -0.1100306, 0.019858012, -0.021833437, -0.023275977, -0.015174483, -0.015729418, -0.013242841, 0.0007814634, 0.012827865, -0.023302224, -0.0032595757, -0.0020371631, -0.0021122794, 0.009025628, 0.0025205307, -0.012241371, 0.0190804, 0.00426025, 0.020527594, -0.02050925, 0.009414933, 0.00922878, 0.00705108, -0.00180543, 0.005627878, 0.013455002, 0.014028744, 0.0033989963, 0.002899619, 0.020897215, 0.0032500515, 0.0065390356, -0.008442775, 0.007787204, -0.01903418, 0.011373806, -0.012381982, -0.005855525, -0.025555031, -0.011107436, 0.018103426, -0.01901871, 0.012443008, -0.026388874, 0.015093995, 0.007361811, -0.0067434967, 0.017695026, 0.014202635, -0.00095916743, -0.006683487, 0.010923433, 0.006483088, -0.024687758, 0.00666206, 0.023428982, -0.00515114, -0.019289378, -0.0047052414, 0.01674429, -0.0076410826, 0.012992816, 0.030425506, -0.008632169, -0.0057955184, 0.0050840736, 0.02465851, -0.021368967, 0.019421022, 0.002521716, 0.002983226, -0.021772305, -0.012070409, -0.010424359, -0.0069862143, -0.014962834, -0.011563498, 0.0028181567, -0.027229652, -0.003925015, -0.0037506965, 0.015383505, -0.008030874, -0.00052411156, 0.04101421, -0.012405742, 0.0023758125, 0.004643335, 0.008723945, 0.010667587, 0.01265839, 0.0024372684, 0.0005380897, -0.014347023, 0.024329549, 0.007362871, -0.0007027317, 0.009094949, 0.01080748, -0.010182819, 0.002805858, -0.019438468, 0.022229103, 0.010906996, 0.0041264095, -0.00727334, -0.031715654, -0.0067563015, 0.013722413, -0.015457147, 0.0013439215, 0.002015107, -0.019829625, 0.004709881, 0.008386118, 0.009897437, 0.003291073, 0.00275644, 0.006013676, -0.029020362, -0.0021570963, 0.0038360404, 0.01070691, -0.0017363251, 0.0041330457, -0.012023834, -0.0014146717, 0.0018547779, -0.00958349, 0.009337328, 0.004333209, -0.025795331, 0.0010939774, 0.009575783, 0.0114064785, -0.012144002, 0.02544032, 0.022718906, 0.032556888, -0.004180146, 0.019679299, 0.01014476, 0.008856555, 0.01211016, 0.010193534, -0.009904134, -0.016768381, -0.015902614, 0.014914202, -0.0052313902, -0.016768321, 0.0019974904, 0.0016957186, -0.013663281, 0.0032672435, 0.008190611, -0.0028905026, 0.0019009316, -0.00031317785, -0.024941893, 0.0027773047, 0.008658568, -0.011136341, -0.0066861445, 0.0083203195, -0.010043127, 0.011394831, 0.010922787, -0.021753691, -0.03911226, -0.0034486582, -0.01631664, -0.009948256, -0.008869869, -0.011079137, 0.025230216, -0.006598682, 0.011243785, -0.0077366102, -0.071080886, 0.02529617, -0.0035966064, -0.0065684905, -0.012400255, 0.0025444652, 0.0012463022, 0.009396057, -0.009765243, 0.0017356313, 0.03674348, -0.018285485, -0.016518734, -0.015849458, 0.0034783871, 0.025827046, -0.009303177, -0.0010348487, 0.014551051, 0.029298693, 0.0153944325, 0.016065938, -0.011209429, 0.0052604116, 3.3286793e-05, 0.0006823879, -0.0074407286, -0.004076573, -0.0065805246, 0.004666341, -0.009635035, -0.008853048, -0.013297878, 0.0014120959, 0.009601541, 0.005190838, -0.0014572408, 0.00083653943, -0.007390246, -0.051877853, 0.0023230035, -0.005504392, -0.045355, 0.0016132882, 0.02609635, 0.009904725, -0.005950959, -0.010364682, 0.020219255, 0.0022133149, 0.010643195, -0.010325159, 0.0122591965, 0.00249288, 0.016844658, -0.006049731, 0.011191497, 0.006311179, -0.0006221682, -0.0038064073, 0.00086523173, -0.01908321, 0.006291951, 0.003165079, -0.0006336025, 0.004925842, -0.0049743233, 0.0063895565, 0.017815735, 0.03486555, 0.005043535, -0.008309205, 0.022148225, -0.00920512, -0.011981182, -0.0068240017, 0.017196706, -0.0070292056, -0.0040723193, 0.01446238, -0.013839798, 0.014152582, -0.003630992, 0.061860647, 0.02996149, -0.014475687, 0.019500447, -0.09800677, -0.017352935, -0.0091556115, -0.0107323425, -0.017910158, 0.0050909156, -0.0056193317, 0.043677334, -0.011301477, 0.0130429845, -0.017640991, -0.016791584, 0.01205794, -0.010200484, -0.0028810564, -0.0047128103, -0.008999169, 0.00858173, -0.002276623, -0.0041430746, 0.03550382, -0.01634316, -0.018445311, 0.02768416, 0.01580811, -0.033034876, -0.0030178379, 0.0041173548, -0.02101232, -0.004331603, 0.008860697, -0.011524708, -0.00058086636, -0.012853568, 0.024282822, 0.023974681, -0.04135917, -0.000375718, -0.0015039815, 0.02494819, 0.008647316, 0.010376171, 0.007988796, 0.027700733, -0.0035558366, -0.02534025, -0.011840687, 0.007898002, -0.0054065324, -0.0029027918, 0.0037094653, -0.028354833, -0.014888926, -0.009134289, 0.022139736, 0.009227171, -0.013149642, -0.006067236, 0.0026740013, 0.012313801, -0.0037630417, -0.0048983754, -0.024257436, -0.009356959, 0.01611523, 0.0017356131, -0.011931781, -0.0026971411, -0.017159332, 0.010658676, 0.017056787, 0.010414046, 0.012494294, 0.0016912103, -0.011737158, -0.00031236743, 0.004855074, 0.007357926, -0.04035558, -0.019985322, 0.0345431, 0.002298172, 0.0019120943, -0.002851403, 0.0033883306, -0.00017927046, -0.020429347, -0.010535891, 0.017273292, 0.01096532, 0.007322025, -0.033519316, 0.0072892755, 0.0024277912, 0.018818246, -0.018748324, 0.004474343, 0.014831357, -0.009139462, -0.0018936205, -0.01672026, -0.0003397648, -0.017891604, -0.019644693, 0.0010663369, -0.0042621656, 0.00585777, -0.0012689038, -0.020113748, 7.943544e-05, 0.019168938, 0.0132656675, 0.013133696, -0.004597215, -0.013038499, 0.008578149, 0.00741145, 0.0025295287, 0.021502826, -0.022629555, -0.014481285, -0.007919099, -0.029408727, -0.0211749, 0.018111315, 0.0058890553, 0.010414296, 0.009575723, -0.014473511, -0.010905891, -0.011877675, 0.002437619, 0.002580841, 0.010011136, 0.007142186, -0.005317836, -0.003651147, 0.022654355, -0.012304552, 0.015926732, 0.0073650186, 0.006442251, 0.017738583, 0.0186834, 0.005965482, -0.004700653, -0.003476829, -0.01561011, -0.035577502, -0.018046273, 0.0116447825, 0.0010418948, 0.004568043, -0.007100852, -0.016730657, -0.0070078676, -0.0013614737, -0.0070131924, 0.023067372, 0.0034225392, 0.013029983, -0.002650964, 0.0034934059, 0.021300722, 0.013304296, -0.011901909, -0.012406092, -0.003910594, 0.011596311, -0.0024970141, -0.0035069683, -0.014339929, -0.008245073, -0.0099716205, 0.013722393, -0.017096188, -0.002333289, -0.009829414, -0.00504974, -0.017567068, 0.015744971, 0.007347906, -0.016678179, 0.01747673, 0.01641949, -0.017751617, 0.0067542815, -0.0097431475, 0.0019470354, 0.0057293903, 0.0017493382, -0.030671414, 0.027340038, 0.00022139518, 0.000539838, 0.016348949, -0.026620101, 0.016119322, 0.0046979366, 0.024362573, -0.0050907135, -0.030248567, -0.012455235, -0.0064776787, 0.0065388097, 0.0002500974, -0.012019126, 0.0075020953, 0.005882753, 0.0010066837, -0.004468058, -0.012472548, -0.0073094023, 0.019401008, -0.016863767, 0.016575623, 0.016201695, 0.010337081, 0.011594675, 0.020809846, 0.024551738, 0.0032772615, 0.02733645, 0.014642153, 0.020968547, -0.011558046, -0.022845415, 0.026821185, 0.0047020414, 0.011117663, -0.0027428719, -0.013106232, -0.007912362, 0.0037612603, -0.021613093, 0.01982901, -0.014726553, 0.018865263, 0.018563688, 0.017421462, 0.025137184, 0.0038449317, 0.03884467, -0.0011729762, -0.021768952, -0.02569876, -0.020267658, 0.008974613, -0.001299572, 0.008058892, -0.0052676145, -0.013393878, -0.0069270562, -0.0021121453, 0.028187284, 0.0027200251, -0.0014966076, 0.008115567, 0.0058187516, -0.006431052, -0.008457498, -0.0006389475, -0.0060086553, 0.004208289, -0.004827343, 0.0043888437, -0.010175767, 0.014080654, -0.0067754653, -0.023386326, 0.02351931, -0.018961005, -0.03783411, -0.019028373, -0.0042635086, 0.017288228, 0.007324966, 0.0011448486, -0.0034014715, 0.011598403, 0.033586066, 0.0063217054, 0.023355702, 0.001073471, 0.010942954, -0.011430742, 0.023646941, -0.016863564, 0.022024825, -0.017911466, 0.0043819435, 0.0021823866, 0.004691508, -0.012910495, -0.010569198, -0.029382871, -0.0024445483, -0.0063540754, -0.011187425, -0.0057542357, 0.038027503, -0.0045124358, 0.007898285, 0.0031710675, 0.0019410427, 0.03174952, 0.015047177, -0.007580798, -0.00015398166, 0.013720313, 0.026381062, 0.0140253, -0.008594954, 8.615822e-05, -0.025356222, -0.02290646, -0.012710404, -0.006604606, 0.015896251, 0.0023763648, -0.004468259, 0.015762502, -0.0075321216, -0.017970445, 0.023979386, 0.017662078, 0.0085642645, 0.018390398, 0.014072466, -0.005761882, -0.012912329, -0.0020229958, -0.015061163, -0.020460743, 0.0070122797, -0.025973044, 0.012830683, -0.0037738213, 0.014107287, -0.014304686, 0.017125325, 0.018585285, 0.020608703, -0.01043873, 0.014843803, -0.012759002, -0.0023599954, -0.010804806, 0.028753387, 0.034181524, -0.0012102834, 0.018512864, -0.004534301, 0.02886364, 0.018761916, 0.0011071983, -0.01371529, -0.016838264, 0.006312621, -0.0077948263, -0.011608418, -0.0124811055, -0.0010666068, 0.008083934, -0.025321208, 0.0066799805, -0.009238579, -0.003908839, -0.01395363, 0.01918286, -0.0121033, -0.0037782483, 0.01055883, 0.008999847, 0.00997613, 0.0034729932, -0.0044872193, -0.0016730749, -0.008544737, -0.02082848, -0.032621384, 0.018308833, 0.00012603753, 0.019540174, -0.010956331, -0.0032051348, 0.021400308, 0.0070749857, 0.010343917, 0.0032290437, 0.0015330485, 0.008824599, 0.0104449885, 0.014282239, 0.008956891, -0.0071839984, -0.0047121537, -0.009227575, 0.001854896, 0.010484598, 0.0045749177, 0.00019698142, -0.00637762, -0.004516497, -0.0070518246, -0.00022459193, 0.016662335, -0.020455943, 0.015449353, -0.005850196, -0.015661687, 0.016976312, 0.013014188, -0.007931319, -0.00040558277, -0.010333893, -0.010410676, 0.00649564, -0.0010074016, -0.010632961, -0.012556615, 0.01084081, -0.009349819, 0.0063604075, -0.009418617, 0.0103150215, -0.008361057, 3.8688304e-05, -0.001744822, 0.0033193547, -0.0058389697, -0.006654877, 0.027060773, -0.016712744, 0.021494297, -0.003541301, -0.018238828, 0.017532388, 0.007222202, 0.010908045, 0.001858992, 0.00667642, 0.014751998, -0.013762943, -0.007908117, 0.021314677, 0.015862828, -0.0051069544, 0.022297377, -0.0033330065, 0.010445946, 0.012440517, -0.015188025, 0.0027397003, 0.003342356, -0.0014234675, -0.0068008704, 0.008895179, 0.019739985, -0.02019368, 0.011956486, -0.0026530537, 0.009285234, -0.027320037, -0.013099166, -0.021708863, 0.00012767783, -0.022582073, -0.006798439, 0.00026896677, -0.03739811, -0.0022174655, -0.037711486, -0.007245844, -0.019649917, 0.008618391, -0.0033765363, -0.010882159, 0.022082185, -0.010465946, 0.02832813, -0.0022290691, 0.009050964, 0.013773144, 0.0062703704, -0.02061006, -0.011611318, -0.018011155, 0.015673326, 0.009731002, 0.00826983, -0.011432041, 0.005428905, -0.03347172, 0.0129796015, 0.007318548, -1.5125814e-05, -0.01030098, -0.014577109, -0.011514319, 0.0085824095, -0.0012375372, -0.0019740888, -0.015053102, -5.7643345e-05, -0.005179318, 0.012562155, 0.0021182357, -0.012423867, -0.043892633, -0.032998, 0.011160648, 0.005872969, -0.009609873, -0.008208655, -0.016233513, -0.005590529, -0.003656639, -0.014130883, 0.022850383, -0.021418996, -0.014385505, 0.0033657474, -0.028399851, -0.0033157226, 0.0011428081, -0.0072404966, 0.009723125, 0.01862607, -0.012231, 0.02159473, 0.023713768, -0.006587181, 0.008596798, -0.0026151969, 0.0007223752, -0.015185952, -0.012033244, 0.014994002, 0.0007218846, -0.0064592417, 0.017581776, -0.00905644, 0.015320626, 0.016582888, 0.038762677, -0.007402933, 0.00571063, -0.0070789894, -0.0017584983, -0.01125928, -0.004949286, 0.01960387, -0.028931478, 0.0031780906, -0.0039984537, -0.005078614, -0.007623377, 7.293326e-05, -0.0145032825, -0.00828554, 0.0043304684, -0.031513594, 0.036258575, -0.009134198, 0.0062052463, -0.0003838155, 0.00038346605, 0.0033945942, 0.0022058864, -0.014055441, 0.008548339, 0.028004928, -0.0050315214, -0.008135246, -0.012500474, 0.00955613, -0.0030497247, 0.015199604, 0.030722704, -0.009864879, -0.016795041, -0.012208077, 0.006811835, 0.008016885, -0.009537106, -0.020282917, 0.022467714, 0.01627356, -0.004242177, -0.00425392, -0.008999948, -0.0076840976, -0.00077198044, -0.011287616, 0.023716038, -0.01419353, -0.011971448, 0.013823658, -0.016229602, 0.033276677, 0.0018093, 0.009186405, -0.020542901, -0.030115332, -0.0017957019, 0.0017717787, -0.0042389836, 0.020901373, -0.020253744, 0.022236062, 0.06187199, -0.015041256, -0.016892942, 0.0052731456, -0.017991712, -0.016816124, -0.002905941, 0.029343827, -0.01875262, 0.0015823895, 0.010411723, -0.013681163, -0.010854263, -0.0046029603, 0.009456633, 0.0020453753, -0.009175076, -0.010737081, -0.03883301, 0.007452086, 0.010691691, 0.014382223, 0.009279437, 0.0004995693, 0.008737457, -0.00935528, -0.019777112, -0.01230353, 0.0052632554, -0.011165529, -0.037609935, 0.015765812, 0.023552751, 0.01834594, 0.014666126, -0.005545938, -0.0059384843, -0.0118738795, 0.018806787, 0.008792959, -0.006454659, 0.010242702, -0.0033271082, 0.015878147, 0.03185109, 0.007843667, -0.015219387, 0.020899074, 0.029597238, 0.008891824, -0.009917493, 0.021565069, -0.007925556, 0.013170492, -0.019007545, 0.006526194, -0.0055061774, 0.024414398, -0.0048011583, 0.010128735, -0.006893238, -0.011660827, 0.001668194, 0.023127722, 0.028689679, -0.005966358, 0.004088639, 0.010287521, 0.013705424, -0.0310496, 0.0208918, -0.0035731504, -0.015260034, 0.006149793, -0.024639707, 0.17584752, 0.13772109, -0.0068044374, -0.01055668, 0.015456176, 0.0016481557, -0.0234307, 0.009548547, -0.014302813, -0.011016239, -0.0318421, 0.01183346, 0.008181175, -0.006617836, 0.004566608, 0.0032202275, 0.0110862125, 0.0022044631, 0.0019951733, 0.005585979, -0.015002095, 0.01909177, -0.032498125, -0.017705992, -0.012821096, 0.0027182791, -0.012522986, -0.0013340643, 0.006619981, -0.01540293, -0.02976854, -3.8316375e-05, -0.010428556, -0.015808575, 0.020147618, 0.0057221847, -0.009994203, 0.030997427, -0.0076214545, -0.014284869, -0.005335322, 0.002742842, 0.005831859, 0.0053944266, 0.010653317, 0.020862617, 0.020006943, 0.003818568, 0.008663274, 0.005614684, -0.0027287554, 0.007780644, 0.010919734, 0.01196966, -0.008566466, 0.0032518026, 0.00065183005, 0.003275188, 0.006339021, 0.012917886, 0.02876723, -0.008930347, -0.0031327277, 0.0018998671, 0.0001933539, 0.032811914, 0.011805244, -0.0010900619, -0.023978781, -0.024655756, 0.004203663, 0.01369719, -0.009149791, 0.0208756, -0.005937066, 0.0038773667, 0.011430912, 0.003263561, 0.0068194126, -0.013515138, 0.00010448142, -0.002296746, -0.001298245, -0.016533857, 0.018563624, -0.016780188, -0.007547896, -0.01080881, 0.1128297, 0.018164689, 0.0078011844, -0.018049885, -0.0013247451, 0.007437609, 0.0040981625, 0.05386212, 0.0060003735, 0.005893734, 0.023967387, -0.0032016814, 0.010096252, -0.02649563, 2.1135329e-05, -0.023954649, 0.003077165, 0.040465485, 0.014360453, -0.0013914265, -0.027867207, -0.01981225, 0.00083595427, -0.010924161, 0.021798091, 0.0039468477, -0.005515509, -0.007954876, -0.001924445, -0.00041241513, -0.09715385, -0.004506753, 0.0084500555, -0.015838161, 0.014536278, 0.026100915, -0.01042237, 0.005297108, -0.004201601, -0.0026376531, 0.0067827976, -0.008524482, 0.023904275, -0.007169602, 0.0032073944, 0.017617282, 0.016276384, -0.03440864, 0.024563322, -0.0004921656, -0.0036667462, 0.0004380764, -0.0058024875, 0.013498247, 0.009463126, 0.006762056, -0.014267304, -0.011021615, 0.005021318, -0.00034277883, -0.005525313, 0.0146264555, -0.007589339, 0.00093777094, -0.025298513, 0.007282674, 0.0020004534, 0.020213304, -0.0032415881, -0.010730739, -0.013925209, 0.0019319721, -0.012483078, -0.017876253, 0.0065469923, 0.0046658334, -0.002029508, -0.0061258906, -0.001955669, 0.0028634612, 0.0009033867, -0.016854424, 0.014473621, -0.024205782, 0.0072290357, 0.003680707, 0.0057553276, -0.0058208047, -0.0046485527, 0.03072491, 0.0048417123, -7.6586686e-05, -0.00020538301, -0.00011231486, -0.023918899, -0.018665913, -0.01681482, 0.013705639, -0.011684058, -0.0079174675, -0.012208158, 0.012698326, 0.03217856, 0.014137837, 0.0012646685, -0.00021302706, -0.026939662, -0.012166145, -0.023272201, 0.029735774, 0.00872976, 0.0031731783, -0.013594869, 0.09825019, 0.011250957, 0.0039148596, 0.012863333, -0.0052509573, 0.0008267106, -0.011553123, -0.017065313, 0.02644013, 0.0023546529, -0.01756794, -0.0025301147, -0.005746287, -0.015934221, 0.01620934, -0.0122944, 0.0126929395, -0.0027694302, 0.006327036, 0.005198829, 0.0017427272, -0.024014127, 0.031149138, -0.01154876, -0.00047784162, 0.01011024, -0.00651985, -0.013368258, 0.010692344, -0.014544348, 0.0032434068, 0.013279339, 0.0022009963, 0.020001987, -0.0016788606, 0.0048587713, -0.0010935807, -0.018615294, 0.010101042, 0.0024820701, -0.010137682, 0.016213115, -0.0142183555, 0.005436875, -0.028819576, 0.19204958, -0.001059412, -0.0029309373, 0.002257704, 0.005566248, 0.0023526188, 0.0108747, -0.0032215929, -0.021061474, 0.008120473, 0.031610966, -0.0045798267, 0.001948903, -0.005161511, 0.0029209226, 0.0030969998, 0.001889423, 0.0055735544, -0.009447954, -0.021328105, -0.006691754, 0.008750716, -0.042544324, -0.007945647, 0.019369649, -0.011106918, 0.030593878, 0.011155282, 0.008340106, -0.015581532, 0.0070536365, -0.004547457, 0.0067916214, 0.0014259578, -0.0038623693, 0.01502276, -0.007787316, 0.009595615, -0.000119571334, 0.0046814545, 0.00073625514, 0.034489673, -0.0028885563, 0.0098000355, -0.018012844, -0.0077906847, -0.011519765, 0.015381721, 0.009145816, -0.012708206, -0.0125531955, 0.014669822, 0.014499268, -0.017084287, -0.026927827, 0.017109351, -0.0012166532, 0.00821533, 0.0041135037, 0.0002663136, -0.0107696615, -0.0054513616, -0.0044896333, -0.009965775, 0.017355654, 0.006876084, -0.023087922]"
Nueva Corte pretende realizar audiencias publicas donde participen ciudadanos ,https://oem.com.mx/elsoldemexico/img/25310936/1755702746/BASE_LANDSCAPE/1200/image.webp,no especificado,Los ministros y ministras revisaron proyectos de acuerdos generales para conformar un marco juridico que les permita impartir justicia pronta  ,https://oem.com.mx/elsoldemexico/mexico/nueva-corte-pretende-realizar-audiencias-publicas-donde-participen-ciudadanos-25311055,"[-0.016573217, -0.02063007, 0.027761519, -0.04994512, -0.009406669, -0.0035786366, 0.0142568955, 0.02188884, -0.008033294, 0.0011723188, -0.034814913, -0.010804561, -0.010038898, -0.011173951, 0.12050836, 0.025236625, -0.013786346, -0.00092854095, 0.015794573, -0.009787219, 0.015118861, -0.014546376, -0.004832305, -0.0033957816, 0.0147530995, 0.011888416, -0.005005022, -0.009693517, 0.031191844, -0.009113369, -0.026406446, 0.020864403, 0.023499532, 0.012906994, 0.0077717244, 0.0382766, 0.013221549, -0.022441724, -0.017094906, 0.012504561, 0.028540839, -0.0014618414, -0.030093122, 0.0114519335, 0.004038617, -0.008541023, 0.0015864951, -0.039378617, -0.0031698225, 0.009654787, 0.0021284646, -0.020682732, 0.020292649, -0.15977068, -0.018185558, -0.012294424, 0.00515111, -0.01799881, 0.011700113, 0.0030422113, -0.023556834, 0.02478589, -0.030286413, -0.033460993, -0.0069578756, -0.013131265, -0.00607027, -0.0074319276, -0.008259205, 0.0015675925, -0.01065715, -0.009331731, -0.0027910476, 0.008001171, -0.006464769, -0.002609094, -0.004942743, 0.007058756, -0.028092893, 0.0009133988, -0.0068518203, -0.027995985, 0.00091889396, -0.0049624187, 0.0025377711, 0.0108827315, 0.021985926, -0.0165945, -0.002525139, 0.012640874, -0.019349601, -0.0019814442, -0.012219216, -0.003096628, -0.004811147, 0.008387196, -0.0047254143, -0.016232772, -0.01829743, -0.011961065, -0.019211192, -0.025705421, 0.012197485, 0.020601094, 0.03688757, -0.03551949, 0.024561977, -0.012993425, -0.048640624, 0.01604167, 0.0009972878, -0.0100381235, -0.019005833, 0.0077736764, 0.004694579, -0.13326746, -0.026318664, 0.0149482675, -0.025491832, 0.0074543683, -0.014343713, 0.010494646, 0.017271213, 0.048411842, -0.007848294, -0.019372528, 0.018841164, 0.013096473, -0.044961646, 0.031010674, -0.0032513393, 0.0039015755, 0.00046357847, 0.021003205, -0.016371414, 0.0006577126, 0.029039348, -0.015325907, -0.008029607, -0.013007078, -0.009828043, 0.019051932, 0.0056680124, 0.009995922, -0.020478398, 0.019040938, -0.00890696, 0.0055724457, 0.0013934316, -0.0053444197, 0.0033269478, 0.0009137137, 0.015297819, -0.017806113, -0.0024822403, -0.04141961, -0.0054852506, -0.010777818, 0.021421896, 0.00415004, 0.031938497, -0.0011134857, -0.012401124, 0.02571829, 0.0019350076, 0.040468387, -0.026438016, 0.002893215, 0.01910106, 0.036711268, 0.013228359, -0.010623051, 0.008229002, 0.0012676745, 0.014661758, 0.028148958, -0.009382039, 0.0042966465, -0.021096064, 0.012393703, -0.004172047, -0.0065888837, 0.0016214448, 0.045802478, 0.046133842, 0.0060482402, 0.0032145511, -0.019314315, -0.0049952194, 0.008713662, -0.017666297, 0.013467804, 0.021580763, -0.02418913, 0.008279471, -0.0076322015, -0.025184477, -0.02690496, 0.014580284, 0.017884454, 0.032622326, 0.03030089, 0.00019597379, -0.023267496, 0.0010922637, 0.0032151258, -0.0005234714, 0.000924663, 0.009623335, 0.0069676265, 0.013462675, -0.001060246, -0.018526886, -0.012187483, 0.005642134, -0.013625142, -0.0069109076, 0.014757593, -0.027055098, -0.014473018, 0.009940663, 0.017625727, -0.0038951016, 0.00870724, 0.003465564, -0.0053781485, 0.04564659, -0.018199328, 0.008759993, 0.0015630785, 0.015721804, 0.018393798, -0.008655566, 0.011379653, 0.0131671345, -0.028528193, 0.03130934, 0.0050617717, 0.030437872, -0.004709059, -0.022748977, -0.004237943, -0.0040514152, -0.0018421422, 0.029742267, 0.0018406914, -0.005870327, 0.015959514, 0.00074246386, 0.009668903, 0.0043458324, 0.012135325, -0.011537562, -0.0046594394, -0.03366147, 0.011007838, -0.0077181063, 0.002336974, -0.023348512, -0.020269526, -0.027285945, -0.0061235544, -0.0039653643, 0.009910125, -0.010248598, 0.020517299, -0.005369572, -0.023902277, -0.018866291, -0.009828868, 0.020031702, 0.025823599, 0.030620497, -0.008920855, 0.019813193, -0.053629782, -0.0955387, 0.010460554, 0.0123446155, 0.0010480578, -0.00999433, -0.0004470808, 0.014508923, 0.022564473, 0.0033257774, 0.014418147, 0.011083986, -0.013772102, 0.005344554, -0.01972917, 0.021148674, 0.024383713, 0.015567793, -0.023328567, 0.0056052106, -0.024418237, 0.0107102925, 0.011748476, 0.028907524, -0.0003047205, 0.034500867, -0.00049451087, 0.007587599, 0.030775106, 0.011726556, -0.011856307, -0.001223799, -0.016609168, -0.009023626, 0.0006470091, -0.0062703295, 0.014855919, -0.0079067815, 0.003823998, 0.006092825, -0.004794506, -0.0033093516, 0.0029892912, -0.008812126, 0.0051353965, -0.022853965, -0.020986013, 0.016715672, 0.003977386, -0.005850969, -0.00030948862, -0.0016753927, -0.0039999313, 0.010621837, -0.004077309, -0.013946136, 0.018266866, 0.02034608, -0.004350642, 0.010450128, -0.021831, -0.004242754, 0.001204452, 0.0077627962, 0.008842487, -0.010921607, 0.01943948, 0.008821396, -0.01961395, -0.020771455, 0.031668678, 0.0008300296, -0.002943293, 0.0033122892, -0.029726535, 0.01648265, -0.0048395297, 0.0028330593, -0.0001456654, -0.01680597, 0.042397156, -0.00074106845, -0.01768165, -0.027698047, 0.015467182, 0.007490956, -0.0052668, -0.033156864, -0.002952827, -0.018379243, 0.001547068, 0.014741194, 1.8690542e-05, -0.011425377, 0.008788778, 0.0048601297, 0.010877212, -0.02268532, 0.0066337306, 0.0048143542, 0.018904319, 0.004370555, -0.014244481, 0.0004328828, 0.0042033666, 0.003951952, -0.009684958, -0.0015327581, 0.0154267615, -0.0018535416, -0.013354876, -0.011616647, -0.00075589604, -0.012355648, -0.01849376, -0.039629772, 0.0329389, 0.0028241533, 0.0015294619, -0.01703789, -0.009884557, -0.007748317, -0.0028089755, -0.022793414, 0.015516425, -0.0037842467, -0.013648847, -0.00042577143, 0.023551, 0.030155264, 0.0012846792, -0.04125236, -0.02458794, 0.005489102, -0.02817547, -0.010398476, -0.009075911, 0.018718679, 0.016120458, 0.016157348, -0.019771326, -0.012834855, 0.015351562, -0.0019902026, 0.021651743, 0.0017263629, 0.02184415, -0.025815468, 0.0116416905, 0.008353394, -0.00025000365, -0.01036324, -0.011652535, 0.019376006, -0.004214639, 0.006696271, -0.030655015, -0.019065525, 0.0094417725, 0.0041929516, -0.0233981, -0.0076512014, -0.020547073, 0.015973527, 0.011779065, -0.0038772782, -0.01464647, 0.021670612, 0.0074029104, 0.024386093, -0.002887094, -0.007042438, -0.014325715, -0.004942532, 0.0040082997, 0.002314805, -0.014497494, -0.0039146463, -0.0026122278, 0.013708519, 0.021144157, -0.021073816, -0.01138255, 0.004001276, 0.024346527, 0.032993257, -0.025411718, 0.015753176, 0.0114301285, -0.0072337743, 0.0003902444, -0.007176658, -0.009257201, 0.0023966252, -0.002978155, -0.013044068, 0.0013496238, 0.01495877, 0.023378065, -0.0048897075, -0.015889147, -0.0133251315, 0.008613533, 0.022039775, -0.009366046, 0.01472436, -0.024452625, -0.03346544, 0.017848995, -0.0060063065, -0.0065064738, 6.7896417e-06, 0.02108897, -0.001936869, 0.009374433, 0.026736835, -0.00040430916, -0.010382529, -0.017685136, -0.029816633, -0.019017126, 0.0010194865, -0.018056965, -0.013936801, -0.019745082, -0.0007650082, 0.029114706, -0.0102245165, -0.032491993, -0.018587792, 0.0057935338, 0.010895522, 0.026973577, 0.00340457, -0.016590815, 0.0207412, -0.0022561902, 0.035565753, -0.026755007, -0.0053522782, 0.023054022, 0.005128869, 0.020555958, 0.021012982, 0.008506477, -0.014522636, -0.0031849127, 0.014787908, 0.025337832, -0.02976062, -0.015908794, -0.0068055424, -0.004308522, 0.027009336, -0.0014735636, -0.03380111, 0.029550612, -0.028841821, -0.018106071, 0.0035568336, -0.021736315, -0.036204495, 0.021357918, 0.0066327895, -0.030243218, 0.005538115, -0.017262833, -0.040385626, 0.020189783, 0.023378272, -0.084922254, 0.010663807, -0.011597615, -0.015188715, -0.01834538, -0.02646057, 0.009906919, -0.0028867074, -0.0037985533, 0.024091339, -0.019670751, 0.005435203, 0.010775362, 0.0068755015, -0.01690438, -0.0066604824, -0.002719712, -0.008973089, -0.0040771305, -0.022139428, 0.008630165, 0.03210126, 0.024205377, 0.0047418247, -0.017462848, 0.0045904806, 0.033130758, -0.0027954604, -0.015897455, -0.006802126, -0.015654193, -0.014383543, 0.035127863, 0.020497598, 0.013702271, 0.027533289, 0.018678242, -0.0070705297, -0.004154567, 0.011099578, 0.013200597, -0.009227238, -0.02332669, -0.008025116, -0.011157375, -0.008313949, 0.013324371, 0.011216885, 0.012677888, -0.001418637, -0.0010627777, -0.026597317, 0.0024015754, 0.008820695, -0.023211129, -0.011296215, -0.017100574, 0.025161488, 0.008002339, 0.017569367, 0.012213737, -0.002803928, 0.010136774, -0.005885002, 0.01588204, -0.043503094, -0.005207205, 0.0036981606, 0.0032548232, -0.020717138, -0.024565265, -0.010712571, -0.009510654, 0.0060832226, -0.0038519972, 0.011550601, -0.0045269644, 0.005345486, 0.009627223, -0.0057271933, -0.025939468, 0.044357408, -0.122257724, 0.0010954943, 0.0033079176, -0.0061415546, -0.006501067, -0.005292717, -0.02143412, -0.0109683955, -0.014600564, 0.018723657, -0.040114127, 0.010502358, 0.00892182, -0.006895833, -0.03267975, -0.006388101, 0.024714608, 0.000442507, 0.005470631, -0.025302019, -0.03714282, 0.0008864896, 0.02245051, -0.027110849, -0.003768387, 0.013265079, -0.019925429, -0.01442147, 0.012819825, -0.039388947, 0.012027549, -0.14090504, -0.024461014, -0.0043068114, -6.152841e-05, 0.011492056, 0.0057017417, 0.00054097245, -0.022606326, 0.0060628145, 0.0069412924, 0.00029221756, -0.017263561, -0.038634554, -0.01747301, 0.049406487, 0.07479918, -0.0018040626, -0.0027816636, 0.025278341, -0.0028459718, 0.005184594, 0.011008721, -0.0023860664, 0.00045577917, -0.009748591, -0.003386828, 0.010197434, -0.020626193, 0.003053426, 0.029235622, -0.0039187702, 0.0011731782, -0.010837872, 0.03621441, 0.017133567, 0.008963415, -0.011410497, -0.03957801, -0.024317253, 0.016751973, 0.008904411, 0.016451452, -0.0016276637, 0.0052484013, -0.0345976, -0.034740187, 0.015280052, 0.022824207, -0.011247595, -0.004178149, -0.0031847605, -0.059853792, 0.021401135, 0.036859613, 0.02115989, 0.01840282, -0.0032141195, 0.023818566, 0.0039005345, 0.0057911975, 0.0041374997, -0.005625562, 0.003949724, -0.016143268, -0.020984497, -0.015467658, 0.010133027, 0.01251252, -0.017842771, 0.014208002, -0.0011956228, -0.001129149, -0.027451495, -0.012900267, -0.005602152, 0.01320503, -0.0061710966, 0.0032636004, -0.0057739806, 0.0085678855, 0.040705882, 0.02261562, 0.027411899, 0.00585556, -0.021478247, -0.016938707, 0.012991671, 0.0021476448, -0.009409729, 0.018702077, 0.022214947, -0.0071043884, 9.987745e-05, -0.0009272592, 0.024460247, 0.01050384, 0.031164251, 0.005072193, -0.016266957, 0.0033875876, 0.0036051068, -0.031235706, 0.002790056, -0.011019809, -0.008664861, 0.021976225, 0.0020404086, 0.00612908, 0.025016949, -0.011353274, 0.0022377018, 0.0149263805, -0.005548442, -0.012035335, -0.0004187708, 0.014783903, 0.007838345, 0.0031596504, -0.014510293, -0.014716441, 0.005816931, -0.0025386554, -0.0145633565, 0.0044341404, 0.0060046106, -0.014383614, -0.002172614, -0.005949194, -0.027384488, -0.0414082, 0.007084574, -0.012362296, 0.0044218474, -0.0055518397, -0.0008711636, 4.4102773e-05, -0.0072833584, -0.0086860815, -0.006358041, -0.0115864435, 0.015269096, -0.0011278065, 0.012722345, -0.013450283, -0.012220121, -0.004142255, -0.0012445088, -0.0005988869, 0.0036245259, -0.024031598, -0.002744604, 0.00010814332, -0.006291749, 0.023357483, -0.0014591559, -0.0049313363, 0.011777337, 0.015160028, -0.00015654466, -0.00988319, 0.01376185, -0.0065578786, -0.0010093637, 0.02751234, 0.0005015624, 0.0008497355, 0.007920084, -0.03176149, -0.004324954, 0.0082609, -0.0039067757, 0.0019493876, -0.0008342677, -0.005544746, 0.0017058027, 0.0034157156, 0.011996169, 0.0038434814, 0.0040231664, 0.013189001, 0.01714052, 0.0100107705, 0.0096713435, 0.0054626353, 0.014255022, 0.0037981109, -0.0049969913, 0.0128880665, -0.03245154, -0.0061957655, 0.005985945, -0.0013561351, 0.023340788, -0.024493782, 0.0071698683, -0.0045634154, 0.008925153, -0.0075288797, -0.004262359, 0.021429688, -0.003347409, -0.015384419, 0.0010667063, 0.005659332, -0.017774815, -0.014558957, -0.0139271505, 0.00814922, 0.027376482, -0.00041525162, 0.008648883, -0.016340828, 0.016315317, -0.0065698624, -0.0073826597, -0.00021960196, -0.0077956878, 0.009070052, 0.0055310596, 0.016707134, -0.007960997, 0.013005202, -0.0041924696, -0.019885909, -0.005184739, 0.009634833, -0.0019927819, 0.0021355823, -0.011947677, -0.010335303, -0.0055780304, 0.009901384, 0.025347741, 0.0014265593, 0.0011225741, -0.0039829845, 0.013977006, 0.010420207, 0.002239802, -0.008600817, -0.013934315, -0.0163212, 0.0056575574, 0.0028824883, -0.014227581, 0.01368313, 0.00061175745, 0.010661438, -0.011147987, 0.00856268, -0.002017249, 0.0018734308, 0.011955584, 0.0069597824, 0.004338445, -0.00952199, -0.023648605, 0.017752122, -0.005233171, -0.011996393, -0.02009323, -0.00015020366, 0.001478447, -0.0069406964, -0.00074328826, 0.00010148109, 0.013895998, -0.013858206, -0.011181782, 0.0055810637, 0.0032038484, 0.010520915, 0.003440746, 0.0021792522, -0.008778047, 0.013195818, -0.013069998, -0.023709325, 0.0005788275, -0.021656884, 0.003670442, 0.018042242, 0.0019944205, -0.022334477, 0.014671163, -0.0009091038, 0.020887103, 0.014587106, 0.013636376, -0.023802552, -0.020435557, 0.0044629127, -0.0037881893, 0.014985843, 0.0030385628, 0.0026391458, 0.010286999, -0.01564841, -0.020842087, -0.017595258, -0.0031923302, -0.0050994703, 0.00577291, -0.024630424, 0.020487482, -0.0028466943, -0.0002526872, -0.0073342463, 0.011867318, -0.002377572, 0.0839163, -0.0012489217, 0.021173347, 0.021973934, -0.0137537755, 0.011713227, 0.00031420033, -0.00782095, 0.015962467, -0.0018889535, 0.0023002226, 0.020932147, -0.015546238, -0.018748213, 0.012126243, 0.022743503, -0.011603247, 0.006693763, -0.00048454475, -0.0031649692, -0.007973294, -0.0046332274, 0.012330803, -0.009213278, 0.012409014, -0.025847554, -0.0020100067, -0.0083002, -0.0007059984, -0.0103935115, 0.0032697418, -0.01503215, -0.0086555835, -0.00813704, -0.033118367, -0.007731582, -0.008129585, -0.0120621845, 0.008533473, 0.017096628, -0.005011068, -0.0023275353, -0.0025833338, -0.0089033125, 0.013222805, 0.0043733004, -0.025395516, -0.012704553, 0.012717279, 0.011412371, -0.0038755646, 0.003592271, -0.0017642224, -0.0051086415, -0.008167292, 0.012783425, 0.0020401578, 0.0026717393, 0.019577347, -0.008074177, -0.0026835995, 0.021187058, 0.011790183, 0.007831194, -0.00717495, -0.0043765362, 0.0070045753, 0.0052447575, -0.009313868, 0.0073486567, -0.008178038, -0.008391172, -0.003752251, -0.00454927, 0.029802874, -0.0023179413, -0.0027710337, -0.022346165, -0.003930158, -0.014228174, 0.014413973, 0.015228047, -0.00889751, 0.001725489, 0.00314787, 0.019009676, 0.011047646, -0.019423662, 0.015829874, 0.00068390626, 0.030101592, -0.016163897, -0.0036838523, 0.011641841, -0.018534536, 0.0058850166, 0.07042233, 0.0040107747, -0.013375085, -0.011724603, -0.0020956048, -0.021089796, 0.0017286567, 0.012289081, 0.017881237, -0.02871783, 0.010606347, 0.0018731573, 0.005354209, 0.00097214326, -0.007865009, -0.010847494, 0.010393532, -0.008364453, 0.001168609, 0.00010713595, 0.015209072, -0.0050749667, 0.0062657846, 0.0051166597, -0.0042040967, -0.0077413223, -0.009008381, 0.009201738, -0.010243989, 0.005390319, 0.0019877038, 0.015216661, -0.014516472, 0.019122321, -0.007753506, -0.00028419055, 0.007726172, 0.007388863, -0.01713013, 0.0029457402, 0.024656782, 0.014697047, 0.0034044248, 0.0040242784, -0.0061406046, -0.0063018003, -0.021527652, 0.0047881966, -0.00017261638, 0.007362032, 0.018714601, -0.0010981186, 0.012316565, -0.007583004, -0.015643599, -0.017283132, -0.003807968, -0.014572549, -0.00788322, -0.002303899, 0.014334619, 0.014287788, 0.012022671, 0.0049353293, -0.011486179, 0.007121754, 0.01485686, -0.00458732, -0.00070800225, 0.0051013497, 0.020039426, 0.0045700655, -0.00289501, 0.012191367, 0.0030573353, -0.0035439942, -0.0028971813, -0.010207946, -0.004143915, -0.005275164, -0.004100483, -0.007444403, -0.0005820891, 0.018001702, -0.0056731957, -0.007483487, -0.0017017124, -0.024221577, -0.0026304158, -0.003941296, 0.014923823, -0.0064053894, 0.004132306, -0.022522489, -0.011261473, -0.021266967, -0.0022721214, -0.007817587, -0.005759355, 0.0024695208, 0.0073243286, 0.024738433, -0.0071403505, 0.0050487695, -0.007310563, -0.0055888966, 0.015107331, -0.0037265648, 0.0022521906, -0.0051169954, -0.00020118595, -0.0015982814, 0.0037527136, 0.0025173638, -0.017453618, -0.015626743, -0.002261119, 0.0068960255, 0.010240633, 0.011073872, -0.006196159, -0.001487083, 0.0072908374, -0.02316308, 0.005068978, -0.008281198, -0.01985787, 0.0069941864, -0.0015975046, 0.0042765792, -0.002507388, 0.019061731, -0.0012112063, -0.008600114, -0.005192828, 0.016951133, -0.013351896, -0.0037929374, -0.006858691, -0.0017271681, 0.014790301, -0.00061668013, -0.020097895, 0.009637297, 0.0011310672, 0.01007529, -0.008227404, -0.015757633, -0.0059927804, 0.0004141301, -0.005741713, -0.005206126, -0.010719969, 0.008871549, -0.009736409, -0.0038587751, -0.004487551, -0.004460692, 0.0014120551, 0.0033653004, 0.0050789644, -0.042983837, 0.013733486, -0.009659592, 0.017641867, 0.004756, -0.002026669, 0.0064146067, 0.020203553, 0.00033051497, -0.0010781593, 0.0019562207, 0.013873045, 0.0035660656, -0.0084694745, -0.020071642, 0.0029571785, -0.0076342523, 0.0041885143, -0.003743721, 0.00957848, -0.009848737, 0.011212408, 0.0034413256, 0.017993594, 0.012003093, 0.0071019777, -0.010495919, 0.0047919713, -0.0021051485, -0.003885442, 0.0002366374, -0.0059494567, -0.0035567177, 0.026349436, 0.012577331, 0.011947356, 0.0025594917, -0.0045294114, -0.014642558, -0.002230748, 0.0045759776, -0.0018044193, 0.004439849, -0.0030244694, 0.0050551174, -0.023377014, 0.011996076, -0.013328135, -0.010231122, 0.0053088623, 8.610179e-05, 0.0038159792, -0.0107004335, 0.014730852, 0.0023448812, -0.010444301, 0.017835008, 0.011383618, -0.0027961738, 0.0072987224, 0.00789549, 0.003329096, 0.0020744086, 0.0025207722, -0.0266657, -0.0018217067, 0.011035218, 0.0047899694, -0.0056360294, -0.0027117755, -0.0022228467, -0.0076020523, -0.0013718776, -0.023803607, -0.001320432, -0.021777453, 0.012653113, 0.006996764, -0.001476706, 0.019440318, -0.022980958, -0.004877061, -0.008231826, -0.019333731, 0.0031454924, 0.009969126, -0.0029183493, -0.014068265, -0.02335574, -0.0144415395, 0.0008243761, 0.0003881627, -0.0039065005, -0.008909729, 0.00019855064, 0.004351905, -0.0069022058, 0.0024592408, 0.007092267, 0.031802237, -0.0015139381, 0.004777603, 0.006872431, 0.006644646, -0.013610837, 0.012063119, 0.010274869, -6.770106e-05, -0.0039661485, -0.0027843511, -0.034393873, 0.014193216, -0.006701724, 0.013278585, -0.0008457378, 0.016695842, -0.008342601, -0.011027977, 0.003668528, 0.015428098, -0.020072713, 0.026998255, -0.0022181328, -0.012283989, 0.023581753, 0.0023807895, -0.015593059, 0.0050571905, -0.0036093995, -0.0033026447, -0.002279672, 0.007438477, 0.029287813, -0.0123975165, -0.0154341115, 0.011791717, 0.00012198965, -0.018157434, -0.018038942, -0.0038430544, 0.004747801, 0.010435928, 0.0019453741, 0.013207835, -0.005325058, 0.0025903434, -0.0008856412, 0.011286224, 0.013454948, -0.002308303, -0.00045870393, 0.003286086, -0.0036421726, -0.00073196716, 0.010131185, 0.01791857, -0.007410369, 0.015690941, -0.00036935223, -0.01164653, -0.007953808, 0.010126444, -0.0024443988, 0.015717236, 0.011373725, 0.02285905, -3.538027e-05, 0.0079758875, 0.0044753123, -0.014316378, -0.007569712, 0.009845763, -0.003906048, 0.0111506535, 0.016992267, -0.016595557, -0.010326769, 0.030434078, -0.0026196248, 0.0009533222, -0.012573319, -0.003812744, 0.020331992, 0.0060438886, -0.006149208, -0.0019887807, 0.003539851, -0.0053514643, -0.0037985905, 0.0018889209, 0.013417841, -0.008820615, -0.0019437503, 0.011920776, -0.010663629, -0.0025944307, 0.01677099, -0.016496988, 0.026481709, -0.013187348, -0.009398085, -0.00017659558, 0.0018840447, -0.0016822423, -0.0076510254, -0.082855545, -0.012308601, -0.020137412, 0.020417182, 0.0064528063, -0.020524865, 0.008299729, -0.01680716, -0.00046621234, -8.542432e-05, 0.0024420086, 0.0073340316, -0.0024604576, -0.0044976845, 0.004941998, 0.018437808, 0.014296716, -0.010233545, 0.009543403, -0.0038574324, -0.011081497, 0.014760516, -0.0055780667, -0.006320407, -0.013253368, 0.013756602, -0.013490855, -0.0026374713, 0.0068083256, 0.027107172, 0.008347425, -0.0032508809, -0.0060558156, -0.00074100675, 0.026131317, 0.0028407834, -0.0017083118, 0.017350651, -0.13448744, 0.0024446484, -0.00010690466, -0.00019091723, 0.0015952138, -0.013941347, 0.010079088, 0.01742434, 0.008670187, -0.02355615, 0.0053338446, -0.001138467, 0.00021492424, -0.009455721, 0.0065746834, 0.0027690146, 0.0076907654, -0.001271295, -0.004123911, 0.014581424, -0.005995055, 0.004924078, 0.0020544513, -0.009748307, -0.01359021, -0.00974612, -0.0020657496, 0.027917782, 0.0048819697, -0.016680876, -0.022906354, -0.012073968, 0.013790243, 0.0019279171, 0.00017743697, -0.0057295472, -0.00075732265, 0.008053463, -0.008873682, 0.0027563225, -0.00630007, -0.008923721, 0.010325965, 0.01027866, -0.0029896274, 0.004215593, 0.009743833, 0.011233631, 0.012782202, -0.0063127815, -0.000817789, 0.0078080073, 0.0070896735, -0.03888197, -0.006450199, 0.00049516105, -0.014559823, -0.0016907966, 0.015805013, 0.01562919, -0.007873866, 0.0032708005, 0.010779153, 0.0021466606, 0.0106157325, 0.0040438967, 0.01289163, -0.008364353, 0.023270598, -0.012385567, -0.0049484093, 0.009011909, 0.009439707, 0.017118929, -0.0054564527, 0.001686589, 0.018056788, 0.0011117733, -0.008484301, 0.002190074, -0.017388627, -0.017397754, 0.0046484475, 0.010815728, 0.0030074902, -0.031460937, 0.004296267, -0.013504815, -0.0031752533, -0.06014676, -0.005517533, 0.008232334, 0.0057545193, 0.005495191, 0.007572852, 0.00091244245, 0.017947251, 0.014716949, -0.016239202, 0.0060790824, -0.0055237277, 0.02226232, 0.019336283, 0.0028836788, -0.015240339, -0.012913937, -0.000876687, -0.033299595, 0.0058458545, -0.0069525484, -0.009877721, -0.005129498, 0.02131255, 0.017239226, -0.0042172964, -0.007238097, -0.020364609, 0.0068218797, -0.029662205, -0.011389281, 0.028599204, -0.017494092, 0.004003272, 0.0006943433, -0.002437434, 0.002809387, 0.0073030493, -0.020605786, -0.0126735205, 0.008996364, 0.008649139, 0.0055205873, 0.0007860118, -0.011700265, 0.005916158, -0.013585706, 0.00216919, -0.015694289, -0.014590891, -0.018654246, 0.0043829638, 0.004200412, -0.006903493, 0.014134015, 0.0070873927, -0.011602575, 0.0037638496, -0.0025052184, -0.010125526, 0.009121217, -0.02051942, 0.0074424236, 0.00875067, -0.005439982, 0.0061992514, 0.015065315, -0.019888602, -0.0031736633, -0.013753156, 0.019151608, -0.0014185868, 0.021830177, -0.010157809, 0.02048829, 0.0031465045, -0.009017262, -0.0023187713, -0.018559122, 0.0034792558, 0.014602976, 0.017490372, -0.0012038779, 0.007934459, -0.0044916864, -0.013825631, -0.020758651, -0.0011266205, -0.008232466, -0.018682422, -0.014755251, 0.0114838565, -0.006621639, 0.001851989, -0.008415588, -0.018820407, -0.015281275, -0.0016132077, -0.008022098, 7.747816e-05, 0.0040221787, 0.0026423882, -0.008727387, -0.01072852, 0.009364616, -0.015682338, 0.0075601214, -0.010571212, -0.009912834, -0.023654979, -0.016761582, 0.009768265, -0.010751896, 0.007906711, -0.16275488, -0.009244285, 0.0072996668, -0.002526041, -0.011809549, 0.010665422, -0.010450201, -0.001746722, 0.02414592, -0.01744801, -0.014664611, 0.02932596, 0.018473111, -0.0055867406, -0.011924422, 0.020875745, 0.016331542, 0.018067997, 0.005346579, 0.0030535462, -0.003914029, 0.003232767, -0.013822232, 0.023707263, 0.017459601, -0.027099872, 0.012985304, -0.0026451233, -0.0135514345, 0.007878675, 0.013443053, 0.000365988, -0.0057164994, 0.0068859076, 0.0049069254, -0.001527191, -0.00378517, 0.015148694, 0.0066610654, 0.0110323345, -0.010614814, -0.017320028, 0.000624961, 0.006501858, -0.013662768, 0.02694333, 0.00041693647, -0.0035147513, -0.009961112, 0.019326638, -0.0094898315, -0.018511456, -0.013611813, -0.012307137, -0.0032071143, -0.008342904, 0.0102692675, -0.00082914287, -0.0047999425, -0.008656187, -0.015083804, -0.009079866, 0.023767846, -0.0018288752, 0.010276495, -0.01609482, 0.017919028, 0.141787, -0.016281659, 0.023618987, -0.002912353, -0.012906748, 0.01757935, 0.018084846, 0.005838036, -0.00086515764, 0.012711692, 0.022218019, 0.030549392, -0.00042404173, -0.0062647234, -0.02010506, -0.01478024, -0.002910376, 0.006700919, -0.021860296, 0.001222617, -8.120458e-05, -0.008319431, -0.016348721, -0.011287717, -0.0058715562, 0.013747314, 0.013537709, 0.013365013, 0.013967583, -0.007293367, 0.012741322, 0.0069335275, -0.0009497161, 0.010529512, -0.0017535578, -0.010670607, 0.012624858, 0.016301375, -0.009221384, 0.009361158, -0.008527735, 0.0039622216, -0.0045214156, -0.014036396, 0.011689476, -0.0062171817, -0.006585425, -0.008873579, -0.0014239949, -0.008087939, -0.017838944, -0.00706873, -0.011971123, -0.015787909, 0.009065154, -0.010017802, -0.008597953, -0.007878838, 0.012218547, -0.0019325076, -0.0013780285, 0.012847122, -0.023763694, 0.026337521, -0.012729736, 0.0081429565, -0.004887966, -0.008311464, -0.0187676, -0.111093566, 0.018355245, -0.0072752167, -0.0075500538, -0.021154037, -0.015448142, 0.023279434, 0.0059549175, -0.0023270282, -0.011557735, 0.00032583263, 0.014794594, 0.01567225, 0.004461698, -0.007165055, -0.001058296, -0.004100452, 0.021417873, 0.0058880993, 0.0034637526, 0.017933495, 0.020443922, 0.013106699, -0.013061092, 0.01387517, 0.012350683, 0.011548836, -0.0032874485, -0.012356262, 0.018586123, 0.017091278, 0.027681198, -0.017797347, -0.0062601753, -0.021573724, 0.016581466, 0.0029930307, -0.0051536364, -0.03075881, -0.001594005, 0.008862027, -0.014636542, 0.015080553, -0.010294903, 0.017574616, -0.0046385136, -0.01500556, 0.0057853144, -0.013095245, -0.028294139, -0.0024071818, -0.020402294, 0.0058745854, -0.0054711155, -0.011050174, 0.01505249, 0.0044907946, -0.020227946, 0.0105902385, 0.0076764585, 0.0024350684, 0.005577466, 0.016216284, -0.004511391, -0.013270973, -0.011241016, 0.009452814, -0.016621174, 0.028384836, -0.0062256423, -0.0018632762, -0.012725076, 0.0073581315, 0.01238905, 0.008067541, -0.005338309, -0.014096791, 0.01387641, -0.022557119, 0.00450888, 0.012909678, 0.03546014, 0.006680197, 0.022896735, 0.033079505, -0.03094844, 0.01636601, -0.015032185, -0.009368482, 0.0020409364, 0.00974673, -0.008331845, -0.00873621, -0.01661755, 0.003271524, 0.019509073, -0.008258379, 0.0019094987, 0.031986885, 0.0006091359, -0.0039791814, 0.0018452947, -0.00500575, -0.014448854, 0.007804971, -0.010271216, -0.01699836, -0.00019456857, 0.009667328, -0.014998786, -0.010670417, 0.00241005, -0.0066066096, 0.012097018, 0.0056629004, -0.00021336749, -0.0073407707, 0.0018553756, -0.003818447, -0.019344527, 0.01052982, -0.020385837, 0.015694732, -0.009029342, 0.0022266158, -0.0037857958, -0.016589584, -0.0023476144, 0.003616714, -0.0032902248, -0.0031758593, 0.010948005, -0.00078884145, 0.0059235515, 0.02299198, -0.012320791, 0.035131518, 0.019415172, 0.048736982, -0.0002244692, -0.011979172, 0.032573555, 0.006436742, 0.0036636514, -0.005047435, -0.010770853, -0.01174174, -0.0114302235, -0.0024153783, -0.0070488895, 0.021765463, 0.0030623113, 0.012657557, 0.002754412, -0.0008492036, 0.010227063, 0.00066084304, 0.015722167, -0.010140755, -0.030008314, -0.0039418116, 0.0067706034, -0.0013016807, -0.010648654, -0.010272039, -0.010961306, 0.01641005, 0.0042202626, -0.013369775, -0.023246037, 0.011623872, 0.01350048, 0.015204577, -0.030886285, -0.030646056, 0.004162344, -0.0016181106, 0.011645538, 0.00077033485, -0.06861477, 0.0032011273, -0.00581473, 0.010240368, 0.0019722306, 0.017037246, 0.017971603, 0.0010692021, -0.02208608, 0.0039258455, 0.016744442, -0.005402838, -0.030702475, 0.0032449693, -0.0011792026, 0.012182051, 0.0028013117, 0.015215645, 0.031925976, 0.0076745003, 0.020290269, 0.022972524, -0.006574598, -0.008428299, -0.014687167, -0.0019314353, -0.002740202, 0.009096695, 0.0052771997, 0.008319194, -0.00010249695, 0.019947864, -0.0008526141, 0.006835999, 0.013716488, -0.0017019125, 0.019471891, -0.010246559, -0.0033314133, -0.05988193, 0.019876786, 0.00017175544, -0.05709091, 0.009012876, 0.01587823, -0.0038190633, -0.001427709, -0.012373488, -0.004447816, -0.006884213, 0.039847184, -0.008482755, 0.010444519, -0.007559179, 0.01306383, 0.008965655, -0.0009476195, 0.019731537, 0.0091367, -0.0095108505, -0.0014136424, -0.02209564, -0.0006303182, -0.0033633888, 0.01332707, 0.009326129, 0.0069427947, 0.016874798, -0.0014515034, 0.022497417, 0.0054067373, -0.0061533703, 0.02168549, -0.025487948, -0.010059158, -0.0072372444, -0.0039013086, -0.0059755547, 0.0075679515, 0.026349708, 0.0022687772, 0.012370549, -0.01784058, 0.03310965, 0.013549108, -0.0035795236, -0.010159346, -0.09085659, 0.00054368575, -0.002399342, 0.003677611, -0.023719745, 0.017855573, -0.0030675111, 0.055267, 0.0062955758, 0.023449827, -0.01445596, 0.005455936, -0.008003225, 0.010811104, 0.009764271, 0.008006715, -0.026781239, 0.008405257, 0.023628222, 0.0018891522, 0.023373388, -0.00442503, -0.007894955, 0.030468797, 0.009268236, -0.047484804, -0.011140892, 0.000519006, -0.02634527, -0.021606531, 0.008473461, 0.008830116, -0.008545217, -0.011288625, 0.018213365, 0.01904811, -0.024703342, -0.006334207, 0.016105343, -0.0043105325, 0.017086323, 0.003239575, 0.011923214, 0.011115037, 0.0143604, -0.0022732122, 0.008392878, 0.019349985, -0.015194019, -0.0037229236, -0.014968213, -0.04010842, 0.0046304683, 0.0042097825, 0.014181007, 0.017347135, -0.0120308, -0.008045961, 0.009747693, 0.0021686929, -0.008089549, 0.022221886, -0.009782774, -0.004692249, 0.0061951694, 0.007991536, -0.010597944, 0.0004680538, -0.019308208, 0.001429398, 0.005178473, -0.00466677, -0.0017563432, -0.010999181, -0.002214065, -0.007688216, -0.0053438, 0.01177362, -0.030051265, -0.005749859, 0.034046035, -0.0027258846, -0.0078034825, -0.0018078081, 0.010549931, -0.013938584, 0.0002868583, -0.030561341, 0.017349483, 0.025008755, 0.005986946, -0.016123757, -0.018287202, 0.009403443, 0.007028224, -0.007256178, 0.0064729336, 0.012655623, 0.01690055, -0.021789888, -0.021269359, -0.0029323893, -0.017670522, -0.0022791969, 0.001000831, -0.0113163665, 0.018503958, 0.0063887974, 0.0022530481, 0.019950023, 0.027755702, 0.0006326027, 0.014410213, 0.0016955071, -0.012414365, 0.023107048, -0.006304062, -0.0017931347, 0.018435922, -0.0034434078, -0.021641182, 0.008121452, -0.022648916, 8.004958e-05, 0.03380256, 0.014576502, 0.001272252, -0.0022144616, -0.024904436, -0.003399241, -0.024368864, 0.03240393, -0.008506038, 0.020444484, 0.009981524, -0.019205054, -0.024832133, 0.0011609255, -0.012637231, -0.0061573517, 0.023154102, -0.010687804, -0.0098605, 0.006050199, 0.0100958375, -0.015470955, -0.022613069, 0.0074592633, -0.025191523, -0.020166231, -0.003406964, 0.01511924, 0.003277332, -0.0075313896, -0.03184897, 0.015882635, 0.011058251, -0.008949623, 0.002697401, -0.0057043997, 0.023478722, 0.0018331344, 0.003414229, -0.010472673, -0.0020328555, -0.00019730885, -0.011144324, -0.017690701, 0.037965328, -0.011150689, 0.006507827, -0.01889735, -0.0141448295, -0.00091985206, 0.008451259, -0.018703012, 0.012499395, 0.0016578488, -0.007036132, -0.019638302, 0.0065417206, -0.012136974, -0.028477183, 0.010963978, 0.0082182335, -0.017488666, -0.0007022472, -0.0020599526, -0.0012540662, 0.0057245595, 0.018876867, -0.013530038, 0.0049065887, 0.021530017, -0.009784881, -0.003367619, -0.034772675, -0.00271469, -0.006855872, 0.0138596725, 0.017181909, 0.001271313, -0.004414101, -0.034004275, -0.0089231655, 0.010025935, -0.004378974, -0.011244159, -0.013304447, -0.0059843617, -0.0071723615, 0.009221794, -0.0056489063, 0.0015054203, 0.005382741, -0.0009048703, 0.014231149, 0.009577161, 0.011866313, 0.013292346, 0.033675946, -0.0211044, 0.021140032, -0.0011347226, 0.02201149, -0.011466754, -0.015522477, 0.01046306, -0.010591216, 0.00091110275, -0.006158239, 0.0066966456, -0.00751829, -0.009335028, 0.0064313514, 0.008900754, -0.01529086, 0.02046459, 0.0061685145, 0.009101514, 0.010344155, -0.015841737, 0.027260259, -0.0056999843, -0.011374767, 0.009783733, 0.0026630322, 0.028273376, 0.010427599, 0.007545428, 0.005044906, 0.0008150604, -0.0035859845, -0.0040852926, 0.01568476, 0.0009282099, 0.001129802, -0.019023431, -0.0063755456, -0.011701253, -0.010578917, 0.0033584964, -0.004969506, 0.0040536677, -0.011629213, -0.013377465, 0.0018998521, 0.015009104, -0.004932556, -0.025338743, 0.02233605, -0.02644368, -0.026042134, -0.0026389717, 0.00084732566, 0.023766948, 0.018741518, 0.010435769, -0.03860022, 0.027862472, 0.0174234, -0.016603496, 0.021239597, -0.009407585, 0.028728828, -0.008159742, 0.017876234, 0.012705222, 0.0022729067, 0.0027761147, 0.011693566, 0.00029905612, 0.03216747, -0.00539873, -0.011815297, -0.016647242, 0.01710025, 0.001622311, -0.016559742, 0.010354621, -0.001322141, -0.005192354, 0.004481727, 0.00050547667, -0.015617074, 0.026565982, 0.027016632, -0.0328898, -0.0013741049, -0.0007877935, 0.014037495, 0.002843216, -0.0077195032, -0.008135607, -0.025441488, -0.031182874, 0.02005065, 0.013878089, -0.0139919855, 0.01668526, -0.012147645, 0.0066808127, 0.038798414, 0.007920138, 0.0010597081, 0.005798874, 0.009457051, -0.007895257, -0.0054986547, 0.009110985, -0.013270325, 0.0030851732, -0.0253174, -0.019803915, 0.0051212795, -0.009651599, -0.00057216256, 0.016394004, 0.003759571, -0.0054863663, 0.003828972, 0.01833665, 0.009780001, -0.03766208, 8.148657e-05, 0.00447295, -0.021323742, -0.007404932, 0.009700607, -0.010260815, 0.00071750587, 0.008197065, 2.8307615e-05, -0.0057052188, 0.016298395, 0.004646494, -0.010324443, -0.02526774, -0.006241646, 0.016340544, -0.012246277, -0.020483969, -0.023584442, -0.031355534, -0.0070612933, -0.0054919403, 0.00049232855, -0.009700077, -0.014724531, 0.0035680693, -0.006958893, 0.014374263, 0.004821228, 0.013365372, 0.019042682, 0.014524827, 0.004960228, 0.00352243, -0.010755918, -0.019085802, -0.011555433, 0.014093799, 0.024580916, 0.0022100792, -0.014090759, 0.0029287187, -0.000514014, 0.009214962, 0.010966759, 0.002347485, -0.012329813, -0.023780506, 0.024496298, -0.009859166, 0.0012625469, -0.0049849977, 0.0059122914, -0.02295075, 0.001411975, 0.040821545, 0.0072747925, -0.0077084955, -0.0019407816, 0.0014435266, 0.013067863, -0.008034993, -0.0051379297, -0.013205892, 0.017467026, 0.017160757, -0.013540192, 0.010380261, -0.0018180388, 0.013256577, -0.03429207, 0.015235722, -0.007632844, 0.02190969, -0.01755454, -0.02904763, -0.020602982, 0.017747208, 0.00691308, 0.006152031, -0.01799189, 0.017396322, 0.004430387, -0.0031650586, 0.00014686066, -0.008532393, 0.008848345, -0.01266354, -0.0022420061, -0.011279418, 0.0018184867, -0.011792548, -0.017625447, 0.014010839, -0.0027047892, 0.020707091, -0.0039062211, 0.0029079162, 0.005962004, -0.0027982665, 0.024408963, 0.016739367, -0.009165925, 0.0063369423, 0.019526266, -0.0042629205, -0.006506007, -0.0033479545, -0.004577856, 0.010194121, -0.015305971, -0.029691927, -0.011980152, -0.015142629, 0.01436188, -0.00010014688, -0.00795282, -0.0027055764, 0.021270623, -0.01487572, -0.019214323, -0.016700715, -0.0013898759, -0.02043412, -0.017063608, -0.0058998875, -0.03256089, -0.0009327515, -0.036372095, -0.002431215, -0.009398831, -0.009177398, -0.007887697, -0.026218137, 0.032847308, -0.030096555, -0.00412739, 0.006671633, 0.007225114, 0.0020371021, 0.014876045, 0.010764606, -0.017611068, -0.012324271, -0.00032346678, -0.012776157, -0.005050148, -0.007228557, 0.003839485, -0.020294467, 0.016794497, -0.017574292, -0.0007661373, 0.004729927, -0.014458689, -0.013882274, -0.002544846, -0.009780775, 0.030307194, -0.016035121, 0.012333886, -0.010175239, 0.02295536, 0.0145404795, -0.008862307, -0.034427606, -0.019847088, -0.021889566, 0.0057566827, -0.02341915, 0.008579865, -0.02100012, -0.0192286, -0.004198071, -0.0038689787, -0.009059764, 0.010477403, 0.0042795297, -0.01713861, 0.015970325, 0.0065791416, 0.011907053, -0.013665896, 0.030346008, 0.009675873, 0.006333092, 0.01536711, 0.0025931362, -0.012744622, -0.0060281516, 0.004989915, 0.009016613, 0.014091905, -0.018870035, 0.0020583263, -0.010022603, -0.008414336, 0.0067423494, 0.0073646563, 0.0060723345, -0.0020563155, 0.020980295, -0.0013516069, 0.013372363, -0.01220836, -0.0025859317, -0.0137450155, -0.0033353795, 0.013233357, -0.008120296, 0.009115263, -0.028751388, 0.016208593, -0.008522307, 0.01516855, -0.012571123, -0.0012185335, -0.011847855, -0.0143582495, 0.024278581, -0.018210668, -0.010408175, 0.00043390293, -0.0026646613, 0.0026976299, 0.007656826, -0.019427352, -0.018332807, 0.022640651, 0.0058642407, -0.0028720675, -0.0038899742, 0.012718719, -0.011080656, 0.016729223, 0.04309311, -0.007123559, -0.005193411, -0.029160883, 0.0008375805, 0.011558765, -0.0034269996, 0.0028817144, 0.006534898, 0.0029547303, 0.0006060931, -0.004422269, -0.0050448957, 0.008650495, -0.012104716, -0.016709086, -0.0037793699, 0.00469205, -0.022505194, 0.021140067, -0.0091356505, 0.018416844, -0.008880889, -0.017328091, -0.0062378068, 0.00043224738, -0.0042428756, 0.015235351, -0.01562982, 0.016347893, -0.008530558, 0.037476614, 0.048968602, 0.0068137445, -0.0035618749, 0.0030530556, -0.019153664, -0.0072534555, -0.010862868, 0.015853778, 0.0062580206, -0.006194824, 0.014532935, 0.0069856606, -0.010385982, -0.010074926, 0.014207005, 0.0061839577, 0.018825034, -0.036303703, -0.017594552, -0.009119863, 0.008429203, -0.016159628, 0.014646518, -0.008723868, 0.0025315585, -0.00061275496, -0.016398262, -0.0012023853, -0.0046275435, 0.00897917, -0.015289322, 0.014045645, 0.004078632, 0.016803192, -0.00022805759, 0.00016159315, 0.011906642, -0.0009416935, -0.005482812, 0.008644938, -0.022124391, -0.013493547, -0.0066268677, -0.0070785964, 0.01104409, 0.0092870295, 0.0038432232, 0.037267942, 0.036411744, 0.0047089774, -0.011265109, 0.005626218, -0.014219243, 0.010041972, -0.030495048, -0.013132378, -0.014594188, -0.001878537, -0.014163393, 0.03244, -0.022348825, 0.011516858, 0.01474661, 0.016779581, 0.028822402, -0.008713777, 0.0029393951, -0.01572774, -0.0074193156, -0.025989264, 0.034350816, 0.007076466, 0.0030325032, 0.004032012, -0.008307105, 0.16867869, 0.13324688, 0.0036339397, 0.0032599447, 0.021092497, 0.011102375, -0.026715985, -0.006437153, -0.0029862926, 0.005114504, -0.021467762, 0.004267669, -0.0050691357, -0.016566692, 0.006817386, 0.016307225, 0.0022633162, 0.001566924, -0.01692011, 0.0028950989, -4.8871048e-06, 0.012555238, -0.032946676, -0.012974656, -0.01364274, -0.012830712, -0.009030986, 0.016678093, 0.018892366, -0.00742632, -0.003986316, -0.0063565145, 0.011768303, -0.019359648, 0.008412605, 0.0040219184, -0.020259997, 0.023545349, -0.014040049, -0.0023474812, 0.017205257, -0.011158712, 0.017396105, 0.00017543668, -0.006057963, 0.02237037, 0.003142837, 0.0053450214, 0.0011433212, 0.0042941673, -0.012674568, -0.0063707307, -0.0025149144, 0.016229581, -0.024275148, -0.009252995, 0.002804323, -0.0051347157, 0.003209526, 0.014286066, 0.020201037, 0.003772195, -0.016699955, 0.003428175, 0.0035618304, 0.0036466494, -0.0003851124, -0.0027513509, -0.0055671018, -0.024527904, -0.0043202103, 0.02528067, 0.016828446, 0.022908222, -0.010414258, 0.011036661, 0.008103482, -0.020508133, -0.0050075427, 0.0075397077, 0.0017350542, 0.013177962, 0.0058991597, -0.0012662337, 0.001076573, -0.017507073, 0.009621101, 0.02076824, 0.115190476, 0.011253414, 0.001527887, -0.014650054, 0.004713126, -0.0016786044, 0.015110574, 0.06669782, 0.0164306, -0.0013402771, 0.017720725, -0.008013135, 0.0060194847, -0.018846337, 0.003132682, 0.024022397, 0.010506891, 0.06222664, 0.0036874996, 0.015113436, -0.036780078, -0.0014866312, 0.018266153, -0.008684236, 0.0060647274, -0.0033078236, -0.0084307445, -0.016541392, -0.004760855, -0.016007619, -0.09121168, -0.005286634, -0.014202513, -0.0071510565, 0.002444793, 0.037600506, 0.0029495212, 0.0030656217, -0.0066965483, -0.015888117, -0.0045690117, 0.0003735686, 0.010791354, 0.0051039928, -0.0021241712, 5.3873584e-05, 0.0066193407, -0.024802363, 0.0038904392, -0.0122097, -0.009970407, -0.0074241348, 7.346294e-05, 0.01306996, 0.026642486, 0.006584475, -0.004827774, -0.011655213, 0.0012633606, -0.003601137, -0.008226758, 0.02019442, -0.0064338394, 0.01945741, -0.0054983404, -0.009809166, -0.018563202, 0.008237113, 0.0023735773, -0.0038662408, -0.0021473991, -0.01093708, -0.015840635, -0.004622524, -0.0071863113, 0.00158616, -0.02132552, -0.004835428, -0.007841627, -0.009109196, 0.010762375, -0.020491526, 0.011784573, -0.011713399, 0.014198306, 0.0053038974, 0.022704076, -0.0051419814, -0.0013318362, 0.005260805, 0.0013770023, 0.006456459, 0.015370956, 0.012559555, -0.018509114, -0.015545122, -0.0039925533, -0.027347852, -0.009202152, -0.01379113, -0.0040964773, 0.018102508, 0.03357024, -0.01171737, 0.0059703104, 0.0018106096, 0.006784128, -0.005735713, -0.02465282, 0.02941407, 0.008705267, -0.011837482, -0.0131618995, 0.100639746, 0.01985654, -0.016024388, -0.0061820284, 0.0062525766, -0.005887248, -0.0029558467, -0.029803133, 0.008243818, -0.0023640627, -0.005419973, 0.01824604, 0.009269468, -0.016524531, 0.0061385315, -0.0020374681, 0.02358785, 0.018155307, -0.023329021, -0.019333486, 0.009497858, -0.015638378, 0.020799201, 0.009333422, -0.005984433, -0.0040156464, -0.0063957726, -0.02016852, 0.0011743006, 0.0062435023, 0.0075498926, -0.012031102, 0.002605526, -0.0045971433, 0.023665125, -0.0019365204, 0.0048595862, -0.0031853688, 0.0200568, 0.0013002463, -0.010124225, -0.0001767855, 0.015606716, -0.008914778, -0.053442407, 0.18143493, -0.020757172, -0.002699482, -0.0043040817, -0.0010548307, -0.0119063845, -0.0027815711, -0.0127345035, -0.011681861, 0.014006525, 0.04263428, 0.0037892966, -0.00088873436, 0.016225297, -0.011572659, 0.0005099305, 0.01844587, 0.016447043, -0.014022091, -0.0030618226, -0.008974089, 0.005260641, -0.027246447, -0.02678325, 0.01499055, -0.006409362, 0.013803328, 0.012348051, 0.015148869, 0.0037286456, 0.015828373, 0.00027047365, 0.011768512, -0.029464507, 0.02835596, 0.010257081, -0.001060252, 0.011521726, -0.0023174041, 0.0032944488, 0.022564972, 0.019870771, -0.00101434, -0.00071107567, -0.02595378, -0.0006389867, -0.022244459, 0.0032489714, 0.0040659946, -0.013817013, -0.01168875, -0.004872938, -0.0074805655, -0.017657781, -0.005340018, -0.0060046325, -0.0019055034, 0.006097002, 0.0071160714, 0.011254634, -0.013450983, -0.015835015, -0.016676582, -0.0026762804, -0.023009075, -0.00352748, -0.0077830884]"
Dan prorroga de 15 dias a transicion en tribunales con jueces temporales,https://oem.com.mx/elsoldemexico/img/25450132/1756380170/BASE_LANDSCAPE/1200/image.webp,no especificado,"En el acuerdo, plantean declarar como dias inhabiles, pero laborales, los primeros 15 dias de septiembre en aquellos tribunales que queden vacantes",https://oem.com.mx/elsoldemexico/mexico/cjf-prorroga-15-dias-transicion-a-nuevos-jueces-y-magistrados-en-tribunales-vacantes-25449764,"[0.012454688, -0.0020988078, -0.018494235, -0.061919343, -0.022524279, 0.015834438, 0.02423309, 0.0012947815, -0.0035151478, 6.302747e-05, -0.042504553, -0.03009934, -0.020443078, -0.0034630338, 0.11662623, 0.028877532, 0.0066850916, 0.0025588165, 0.016597548, -0.026944147, 0.011999778, -0.020372128, -0.022577394, -0.009303565, -0.0033489245, 0.003733418, 0.024717698, 0.011018789, 0.041205313, -0.026616694, -0.0013810913, 0.034450255, 0.026172906, 0.025664495, 0.0046932106, -0.001624661, 0.007258032, -0.007850314, -0.01660907, 0.0047837077, 0.011875867, 0.031649675, 0.0015386313, 0.009054761, 0.019617163, -0.009084103, -0.0014875983, -0.037518248, -0.019157415, 0.019386454, 0.00056832604, -0.010732763, -0.001907324, -0.16231005, -0.005584976, -0.018312873, -0.0005996594, 0.023067096, 0.00994752, -0.0015744669, -0.031883292, 0.031255964, -0.022269338, -0.02744686, 0.0060609034, -0.022767298, -0.0063952347, 0.024455022, -0.045387316, 0.0033412874, 0.02065831, -0.028708754, 0.0015003064, 0.01140423, 0.020972582, -0.02754842, -0.008570498, 0.021807542, -0.022238767, -0.009661718, -0.008322144, -0.03828398, 0.017695203, -0.0007028505, -0.010841108, -0.00633618, 0.0144511, 0.010614542, -0.0035361224, 0.0012784122, -0.024043176, 0.0126716215, -0.023826513, -0.022633402, -0.013246783, 0.002096908, 0.008662562, -0.004887645, -0.02206253, -0.028601337, -0.0072082537, -0.02028084, 0.0012083303, 0.005623104, 0.030595815, -0.025376055, 0.017698534, 0.012937234, 0.004656277, 0.011392986, 0.0067736176, 0.005856236, -0.017518537, 0.026900977, 0.007995164, -0.11997896, 0.00027574936, 0.010050821, -0.050308485, -0.0151782865, 0.02633392, 0.007217554, 0.022752555, 0.016193159, -0.005489487, -0.043972816, 0.040471565, 0.004279494, -0.027163047, 0.0023056786, -0.0077938116, 0.00071923534, 0.016965702, 0.020529263, -0.01106148, 0.012081573, -5.7902453e-05, -0.013804642, 0.0117836185, 0.0010078849, -0.012620292, 0.020259364, 0.0075166896, -0.01583159, -0.042862896, 0.024715107, 0.010577934, -0.021755949, -0.005289491, -0.01007461, -0.009288123, 0.004426466, -0.031861566, -0.0098638, -0.019485617, -0.019934528, -0.004914519, -0.0017180166, -0.019492127, 0.0025684074, -0.00965089, 0.009702954, -0.0017054403, 0.018096544, -0.03233768, 0.014503454, -0.008643661, 0.028628439, 0.0003980663, 0.010941171, 0.013466462, -0.0012551468, -0.01812092, -0.009612314, -0.01773604, 8.054925e-06, 0.007641077, -0.0050642677, -0.0035208783, -0.0017888957, -0.013192812, -0.017026816, -0.002792138, 0.01315702, 0.023875339, 0.0082075475, -0.004949049, -0.021575259, -0.012085106, 0.02304863, -0.02520417, -0.013003974, 0.0023049044, -0.031028166, 0.011509862, 0.004801376, 0.03565766, 0.012449605, 0.012187693, 0.01773389, 0.0051963045, 0.03361523, -0.011438886, -0.01644397, -0.012011573, -0.0046426365, 0.004981817, -0.0112061845, 0.010218608, -0.00090370903, 0.0063071484, 0.011933828, -0.02772249, -0.017520295, 0.005319503, -0.019202577, 0.002721953, -0.016182706, -0.005124439, -0.021354947, 0.0077837138, 0.01145272, 0.007244927, 0.011491305, 0.009103547, -0.01250975, 0.02767532, -0.003409442, 0.0059484704, 0.007221045, 0.0028553212, 0.0029469186, -0.024214275, 0.022254745, 0.023907833, 9.436843e-05, 0.03030702, 0.01599767, 0.013251839, 0.008812294, -0.013441863, 0.01105852, 0.005150378, 0.015499367, 0.043416835, -0.002622323, 0.007744441, 0.011151233, -0.0043764305, 0.024579285, 0.03682756, 0.057453256, 0.007066537, -0.0069508543, -0.040069398, 0.017316451, 0.0048972005, 0.011091289, -0.015378921, 0.0034957032, -0.018928261, -0.005769768, -0.011064325, -0.0070420494, -0.011655392, 0.012569191, 0.01742131, 0.024439039, -0.0178022, -0.026049448, 0.026638476, 0.0044014817, 0.013186749, -0.039176665, 0.0011749867, -0.0231563, -0.08176101, 0.024829948, 0.011146376, -0.0036709756, -0.023162058, -0.011798902, 0.004615321, 0.009284919, -0.0053810617, 0.011674734, -0.010437656, -0.013109037, -0.018063897, -0.012069566, 0.009409577, -0.0033497552, 0.016346283, -0.02129195, 0.020380039, -0.020555766, 0.013815951, -0.021756977, -0.0037330065, 0.0113611445, 0.005426273, -0.0066849366, -0.0026361009, 0.05788774, 0.0017097722, -0.013001967, -0.012962927, -0.0021688386, -0.007029541, 0.0010057284, 0.01972379, 0.01509859, -0.01605767, -0.020830227, -0.015545777, 0.0017951473, 0.0096946815, 0.025910936, -0.0067428867, -0.0010391283, -0.020555554, 0.0042595956, -0.0036130662, -0.023926692, 0.025738025, 0.004241238, 0.00603568, -0.000536391, -0.0064409594, 0.0021389385, -0.023021944, -0.005544185, 0.007696708, 0.018853402, 0.019021343, 0.0018852776, -0.009672788, -0.0060631926, -0.005293668, -0.009335282, 0.02234449, -0.029837675, 0.0038515902, -0.006451015, -0.0077444855, 0.05139974, -0.009378184, -0.005944349, -0.011774824, -0.03708074, 0.010950723, 0.016417384, 0.015260449, 0.012065057, -0.0032163737, 0.021305649, 0.0030944166, -0.0149061335, -0.021315107, 0.023718877, -0.0116693005, 0.0105790645, -0.015771236, 0.009300602, -0.011885622, -0.023649173, 0.0021672712, 0.003113307, -0.021441208, -0.033666547, 0.0020826007, 0.022735061, -0.044539046, 0.010717415, 0.0045667887, 0.0139467865, -0.011200556, -0.012375205, 0.0122325625, 0.019053506, -0.011438245, -0.010761772, 0.014968392, 0.020168865, -0.017111052, 0.00020103564, -0.005896351, -0.0041735684, 0.024447743, 0.015449895, 0.011286487, 0.02224056, 0.012305778, -0.0078367265, -0.00577499, -0.007707834, 0.02596913, -0.0007256016, -0.019916406, -0.0027174216, 0.010854224, -0.009979914, -0.0068512214, 0.008863292, 0.0014249324, 0.034999575, -0.024635687, -0.023357162, -0.0018261689, -0.03878202, 0.007964162, 0.01438533, 0.013541911, 0.0033836279, 0.04100023, -0.014121721, -0.00037198543, 0.011652841, 0.04283229, 0.024115577, 0.017054316, 0.036310945, -0.019373503, 0.019348731, 0.009639323, -0.013429702, 0.021621536, -0.00817145, 0.016419556, -0.0046440843, 0.0058898353, -0.0301071, -0.0040817, 0.014216779, -0.003183145, -0.006438263, -0.015217923, -0.0102140205, -0.008601875, -0.008452032, 0.0119544165, 0.019924276, -0.02573079, -0.01783164, 0.018460792, -0.012687602, -0.014144091, -0.020377705, -0.008486858, 0.0037574766, 0.048381273, 0.0043414966, 0.007836403, -0.009967198, -0.011747677, 0.0137991505, -0.009013292, -0.022346469, 0.0219191, 0.017268047, -0.003284288, -0.029751375, -0.0009850817, 0.033834696, -0.018523639, 0.014364984, -0.011819709, -0.03171849, 0.0041865837, 0.007338718, 0.024373572, -0.026417388, -0.015440577, 0.017427363, 0.008656947, 0.00039868048, 0.005658116, 0.0013732538, 0.021061571, 0.0042221225, 0.0071271313, -0.020264411, -0.029026657, -0.023583159, 0.0014095512, 0.035022877, -0.014183822, 0.029205892, 0.005485174, 0.003096332, 0.019089377, 0.015961962, -0.00051760423, -0.0012280827, -0.008135975, 0.00544235, 0.01268433, -0.007635717, -0.013663708, -0.007872381, -0.019547755, 0.010891167, 0.018039754, -0.007973299, -0.025665415, -0.004064699, -0.0058523347, 0.014518525, -0.0032177188, -0.02508204, -0.0060913316, 0.0021229105, -0.00081423373, 0.012719624, -0.006325126, 0.005641146, -0.024217859, 0.012889811, 0.0091217365, -0.015381266, 0.0075795474, 0.0037798502, 0.007685146, -0.0041040666, -0.04255846, -0.01007584, -0.005938603, -0.012474442, 0.0006866986, -0.004160194, -0.025415422, 0.032008234, -0.019640075, -0.004197693, -0.011457164, -0.030284207, -0.039076056, 0.02380266, 0.018512934, 0.021298155, -0.020637607, 0.007206583, -0.021402553, 0.020097554, 0.021666003, -0.093142666, -0.0054417304, 0.012313443, 0.005382552, -0.016405368, 0.005714883, 0.018610282, -0.020863298, 0.017951403, 0.034150783, -0.016747609, -0.0038737748, 0.014951815, 0.0022768204, -0.03210108, -0.030321022, 0.010152341, -0.015158586, 0.021977112, 0.012261788, 0.011151099, -0.0016819021, 0.01238659, 0.0136082135, 0.003638204, 0.0077680694, -0.00512469, 0.0001261914, 0.014519706, -0.025529888, -0.015316995, 0.03211122, 0.02483509, 0.008242768, 0.030013064, 0.009606882, -0.003862167, -0.0061093676, 0.010403425, 0.020735405, 0.0049871835, -0.009403003, -0.015992315, -0.013501379, -0.025044806, -0.015520169, -0.0055720196, 0.021026671, 0.011533205, 0.005256199, -0.02491741, -0.015159798, -0.016042542, 0.018253507, 0.0021277352, 0.008330425, -0.016475797, 0.009354588, -0.021355549, 0.008670044, -0.015031249, -0.004919296, -5.151771e-05, 0.009953932, 0.003757468, -0.030366082, -0.024810543, -0.0041098087, 0.023264794, 0.035585247, -0.015823338, -0.047372248, -0.009086537, 0.029731179, 0.015765589, -0.013931162, -0.012917895, -0.00894428, 0.0015822459, -0.006147341, -0.017482582, 0.027672164, -0.09776693, 0.0134059815, 0.0045092427, -0.023796532, 0.008626728, 0.007853265, -0.017260399, -0.013436081, 0.015187216, 0.032549206, -0.011044272, 0.0018199454, 0.004468707, -0.013234905, -0.008032115, 0.01262673, 0.021717254, -0.009221446, 0.03060412, -0.03599832, -0.0025042696, 0.00713311, 0.0061858688, -0.012130373, 0.00710584, 0.007934534, -0.01262167, -0.0021462427, 0.027868874, -0.017023752, -0.0081174, -0.15388627, -0.013020374, -0.012096546, -0.0110494625, -0.0018382596, 0.014067715, 0.033019137, -0.023261808, 0.0363429, 0.005053977, -0.01498338, -0.01520192, -0.027140412, 0.032062586, 0.021219924, 0.09116384, 0.02678535, -0.009726388, 0.017064435, 0.01569008, -0.01984721, -0.0102123935, 0.016505465, 0.012146947, 0.005378068, 0.005433932, 0.011747736, -0.008639091, -0.0006825151, 0.0071515273, -0.0026509678, -0.010409874, 0.035918966, 0.023292897, 0.001923807, 0.021262433, -0.007960856, -0.00020497703, 0.0072786887, -0.0091758, 0.008642305, 0.020134011, -0.011477968, 0.009476198, -0.002185771, -0.036614314, 0.000997024, 0.017271204, -0.025521846, -5.2662865e-05, -0.025134781, -0.06018391, 0.017149633, 0.026377298, -0.008262423, 0.00043841443, 0.008031006, 0.025014423, 0.017426386, -0.009792315, 0.007992269, 0.014859759, 0.029101392, -0.006172679, -0.031631548, -0.018821409, 0.009519114, 0.006701767, -0.018419662, 0.004857616, -0.019375036, 0.031528525, -0.019933589, -0.0106059825, -0.022436948, 0.018570215, -0.01016423, 0.015281991, -0.021641457, 0.0031330201, 0.012452754, 0.038013984, 0.011978097, -0.006368393, -0.0054642144, -0.0072483695, 0.017475637, -0.009218536, -0.004264943, -0.0026249294, 0.013945391, -0.014777849, 0.0030512176, 0.003949782, 0.020140775, -0.0025346058, -0.013621768, 0.017923784, -0.01902117, 0.01653785, 0.009179289, -0.0038842275, -0.0071816808, -0.017863989, 0.022630438, 0.0037651702, 0.030522637, -0.018276347, 0.015313342, 0.0021210664, 0.000976607, 0.0041613444, -0.0045865136, -0.0016402345, 0.02254228, 0.014220977, 0.006985415, -0.017914185, -0.016862953, -0.01847685, 0.0025081986, -0.0021769577, -0.00574484, -0.0021548544, 0.008036255, 0.0057491893, 0.004790256, -0.017698165, -0.015634634, -0.04051276, 0.008095099, -0.009783695, 0.007065198, 0.0015453296, -0.012527441, 0.00635428, 0.0005556209, -0.0073732585, -0.012021311, 0.0006145099, 0.018946383, -0.002511114, 0.0039544143, 0.0030205867, -0.017122218, 0.0066524353, -0.009162693, 0.0016123815, -0.0031226834, -0.0137147615, -9.657753e-05, -0.013297128, 0.013215058, 0.0022242526, 0.0127964895, 0.011031775, 0.0107924305, -0.011212342, -0.00684946, -0.0026061104, -0.0020457255, -0.016135123, 0.010187822, 0.022847366, -0.012876424, -0.008163476, -0.0042297156, -0.025602933, -0.0067352485, 0.0122923665, 0.008894789, 0.0028118095, 0.0023014457, 0.003469838, -0.0031483623, 0.0012268244, -0.006189339, 0.0072459746, -0.023149338, 0.0033698932, 0.016635507, 0.005949097, -0.013840455, -0.004541152, 0.017949568, 0.008770834, 0.0022157887, -0.005062776, -0.0080264965, -0.02762182, 0.0118600065, 0.004173942, 0.013981514, -0.013128839, -0.00059172435, -0.003355269, 0.013037212, -0.011072184, -0.018860416, -0.0045179944, -0.0031253754, -0.0097622825, -0.0011990631, -0.010691587, -0.013138664, -0.02312036, -7.0915085e-05, -0.00033819175, -0.0007336435, -0.00053070724, 0.01563186, -0.008157087, -0.0015089912, -0.0130845, -0.0007637019, -0.00221992, -0.0024342982, -0.0009174056, 0.0011207116, -0.01555969, -0.002643075, -0.004969836, -0.008361101, -0.004578335, 0.011369894, 0.0022098378, 0.011735706, -0.0008842319, -0.011286963, 0.012813492, -0.003340511, 0.0066908225, 0.010734593, 0.008051601, -0.0041143754, 0.00668775, -0.005902817, 0.009044173, 0.01033406, -0.011011569, -0.015099293, 0.0029127891, 0.015601949, 0.0044915066, 0.0007486278, 0.000957217, 0.0046137394, 0.008261601, -0.014278014, -0.0021497482, -0.0029867324, -0.0057485877, 0.023958156, 0.017990664, 0.00045927046, -0.008524895, -0.0056032706, 0.00226909, 0.0054240697, -0.008086525, -0.004025985, -0.004869044, -0.0046801, -0.006132149, 0.003462639, 0.0014983836, -0.011209284, -0.0032340703, -0.0017121333, 0.016783783, -0.0038423892, 0.007416619, 0.009908579, -0.0011980848, -0.0009964005, 0.008230304, -0.0116814375, -0.014167459, 0.01413028, -0.0259347, 0.0069031245, 0.009778348, -0.0040513254, -0.020762626, -0.002066124, 0.0006508749, 0.012773476, 0.0060905977, -6.343941e-05, -0.01355258, -0.011758649, 0.00431813, -0.018877847, -0.001449603, 0.005388628, 0.004410579, 0.013733783, 0.0026092138, -0.021353366, -0.00814092, 0.008633935, -0.011763725, -0.004497978, -0.0027049726, 0.00996065, 1.8029566e-05, 0.008069724, 0.002061049, 0.017222073, 0.0056125033, 0.08319706, -0.0018908104, -0.0041326126, 0.016756, -0.0036911787, 0.015597773, 0.014224909, -0.015987528, 0.01135201, 0.0022150888, 0.004992076, 0.015394368, -0.014235528, -0.0056943935, 0.019422404, 0.0047877035, 0.007793396, 0.01881477, 0.003837648, 0.007125698, 0.008503922, -0.0028280772, 0.0033808579, -0.015897954, -0.00011767086, -0.016724259, 0.0070031034, 0.004578247, -0.01754062, 0.002282686, -0.004978502, -0.0028772342, -0.0018406024, 1.2605977e-05, -0.015060249, -0.021508276, -0.015953468, 0.0018340236, 0.009650983, 0.010521902, 0.0026239252, -0.0029335362, 0.002806699, -0.017810097, 0.005461367, -0.0067972513, -0.03810177, -0.005442253, 0.008282172, -0.004083317, -0.00021809783, -0.0023365552, 0.00053996564, -0.013656938, -0.00725759, -0.005855865, 0.0010366853, 0.0039602155, 0.012119253, -0.0068015684, 0.0065530566, 0.02349547, -0.01485301, 0.004801587, 0.004041298, -0.010064824, 0.0065565538, -0.009717362, -0.008319156, -0.016973445, 0.009450904, -0.004822042, -0.0015880802, -0.004718141, 0.035191447, -0.0066652354, 0.00704213, -0.0068278555, -0.0022898135, -0.013892141, -0.0027148447, -0.001079019, 0.0010549059, 0.013779498, 0.011511253, -0.0023333528, 0.0041554016, -0.008024128, 0.009555392, 0.013906617, 0.014904268, -0.019522518, -0.0057651075, 0.014154007, -0.0145593425, 0.01459895, 0.06961472, 0.019674763, -0.0021045902, -0.009295928, 0.014047587, -0.030657873, 0.0049974937, 0.0047466503, 0.01618281, -0.014156252, 0.01763869, 0.008940851, -0.00035241526, 0.0054075527, -0.0026391642, 0.00087943213, 0.020708052, -0.0030497664, -0.0084778, 0.00064309005, 0.01425454, -0.004598586, -0.006545846, -0.008640837, -0.009993696, 0.010019471, -0.012034988, 0.010997218, -0.013177902, 0.005967834, 0.001221091, 0.0044396613, -0.004216875, 0.014584247, -0.012038294, -0.0003394205, -0.024297493, -0.003001871, -0.0068828776, 0.0060852123, 0.018303463, 0.013558161, 0.010258916, 0.006484116, -0.014397276, -0.0009078676, 0.0017723985, 0.0026174292, 0.008710406, 0.002280706, 0.009935899, 0.00094387744, 0.01646695, 0.0005884796, -0.0019853031, -0.014703134, 0.0063946173, -0.01901178, -0.0036379192, 0.0051687513, 0.010021799, 0.00282154, 0.008825259, -0.0062361388, -0.02066303, 0.0015300253, 0.005109825, -0.005299164, -0.009624387, 0.013855412, 0.019556088, 0.019135073, -0.011341141, 0.006403574, -0.0027589477, 0.014248783, 0.011819838, -0.008781258, -0.0052268044, 0.0076227076, -0.01399262, -0.018133339, 0.002760809, 0.023805412, -0.012068889, 0.00047375943, -0.019373497, -0.019031603, -0.009460193, -0.002245718, -0.016872162, -0.017856179, 0.008065604, -0.024942998, -0.011288831, -0.020865306, -0.00700936, -0.013064783, -6.595608e-05, 0.015435421, 0.009641861, 0.012805673, -0.0047936332, 0.027959296, -0.015031068, -0.011349981, 0.0056046257, 0.00082792813, 0.0026527455, -0.010684805, -0.0006345146, -0.0032239815, 0.0062431027, 0.004009022, -0.0046065394, -0.019886231, 0.0022997553, -0.003772083, 0.015799494, 0.011191103, 0.0074680788, -0.0034097082, 0.018398548, -0.0045471825, -0.0022890773, -0.004556821, -0.029762719, 0.0047345133, -0.00977427, 0.0039043496, 0.0057564285, -0.008806728, 0.0059507005, -0.0071736383, -0.011805084, 0.009985784, -0.0055648545, -0.0055655814, 0.0043420116, 0.0037648987, -0.009499987, 0.007739059, 0.0032699287, -0.013674781, 0.0140650645, 0.013597096, -0.01621725, -0.007965202, -0.021384038, 0.0071573043, -0.012917855, 0.010343173, -0.0047705737, 0.00020308828, 0.009368324, 0.00083896646, 0.0039155744, 0.0006451415, 0.010488557, 0.00059746846, -0.001360341, -0.03716114, 0.01760511, -0.003371008, 0.009976759, 0.0130083505, 0.0012722398, -0.000985809, 0.00473398, 0.005927611, -0.0025551808, 0.015736537, 0.001971302, -0.003258972, -0.002288389, -0.017102182, -0.0056762914, 0.010816808, 0.0068500917, 0.003221472, 0.0056862873, -0.012575441, 0.01349333, 0.004604965, 0.006284479, 0.0036246541, -0.00259842, -0.009572629, 0.0073328405, 0.0074629304, 0.010705179, 0.0047181174, -0.016925275, 0.0053177336, 0.03343126, 0.004800748, 0.00635426, 0.017486427, -0.01165965, -0.0074498826, 0.0053145876, 0.010307179, 0.0057744044, -0.0058077853, 0.013453725, 0.0029189845, -0.005704213, 0.0067668604, 0.010865528, 0.0037139854, 0.0034786332, 0.00922684, 0.010816383, -0.0058873384, -0.006962218, -0.015149988, -0.0054756003, 0.03651784, -0.0052171694, 0.0009524445, -0.00045566907, 0.016005717, 0.010182988, -0.004649924, 0.006730616, -0.029647535, -0.012572981, 0.013512183, -0.013917496, -0.0033800406, 0.0072186897, -0.008956248, -0.012545198, 0.00840216, -0.017695494, 0.00041289363, -0.024410285, 0.013145062, 0.009711583, -0.025227226, 0.024073437, -0.009641539, 0.006508796, -0.01259582, -0.017447032, -0.00482114, 0.0094045885, 0.007952935, -0.012729644, -0.029143723, -0.003949049, 0.014147626, 0.0067337574, 0.003686504, -0.015768055, 0.00923406, 0.0005509932, -0.013931627, 0.0071029225, 0.007849684, 0.012410715, 0.0035852843, 0.0023686078, -0.00221094, -0.00022060858, -0.018049713, 0.02534012, -0.0063815573, -0.0004103128, 0.004272014, 0.0007455989, -0.021410586, 0.0026887606, -0.014449349, 0.013749541, -0.0014168568, -0.0066965465, -0.006642222, -0.018387517, 0.008205581, 0.012135175, -0.007700586, 0.02949845, 0.009450024, -0.0046166247, 0.003722515, 0.0052080196, 0.01059696, -0.0058747074, -0.009715135, -0.009993698, 0.0060259374, 0.006534672, 0.04125476, -0.012774699, -0.0007882457, 0.002829676, 0.00015606906, -0.023298886, -0.0008939592, -0.00066492805, 0.025298238, 0.00670223, -0.0023958785, 0.007868573, 0.0029159328, -0.0004513897, -0.00989091, 0.007252773, 0.0067756986, -0.01053414, 0.005658427, 0.006783823, 0.022038832, -0.005645781, -0.0014219977, -0.011054019, 0.0074397135, 0.017733553, 0.001482446, -0.0067767925, -0.006535906, 0.0034528782, -0.0024599342, 0.010527554, 0.020229828, -0.0029014898, 1.6870506e-05, -0.013559365, 0.004626747, 0.0027921053, 0.0032780257, 0.015017161, -0.0076075085, 0.011703003, 0.009578004, -0.020491717, 0.006630934, 0.020150596, 0.016357247, 0.006919318, -0.0035704535, 0.008636501, 0.016549485, -0.020058682, -0.026723476, -0.0030593537, 0.008536257, -0.001652574, 0.00146192, -0.00097322895, 0.0043349536, 0.001894466, -0.0038369233, -0.003883496, 0.00086228584, -0.0053263716, -0.004619159, -0.009626079, 0.015501325, -0.009726027, 0.0053663263, 0.00805781, 0.00501095, -0.0026584088, -0.013807778, -0.08585684, 0.003936731, -0.003015876, 0.01439091, 0.0070679137, -0.0065012136, 0.003776118, -0.0073181563, -0.00069108716, 0.0046975003, -0.004884153, -3.6957164e-05, -0.008524192, -0.025897183, -0.0009073055, 0.0080066845, 0.0038051603, -0.008552398, 0.0026614664, 0.0105635775, -0.008346802, 0.008254028, -0.016497852, 0.000803991, -0.00041065336, 0.0031650614, -0.0046083033, -0.0031866187, 0.007869065, 0.0073511666, -0.00429864, -0.010113384, -0.0030814707, -0.0004965595, 0.01379486, -0.0024301808, 0.0015456981, 0.013233945, -0.1386804, 0.014934105, -0.0057753143, -0.0054162256, 0.004406101, -0.0040615294, 0.012867851, -0.0032254823, -0.0038819923, 0.01738066, -0.0052562836, -0.007058058, -0.00028096457, -0.013776168, 0.004536471, -0.009832902, 0.015119917, -0.0145036755, 0.009253269, 0.008413374, 0.0025237575, 0.0005080833, 0.01266627, 0.003427143, 0.0017685349, -0.01622715, 3.8705948e-05, 0.010319563, 0.008584981, -0.00869935, -0.0073698475, 0.016816584, 0.0021017778, 0.0013914828, -0.0011464403, -0.0009929488, -0.002549605, -0.0042517083, 0.004954366, 0.023967298, -0.0021617832, 0.021165058, 0.0019935844, -0.010935301, -0.005439135, -0.0060918746, -0.0057819183, -0.013330728, -0.0018167408, 0.0043438165, 0.0008562394, 0.013536318, -0.0080488995, -0.0074309846, 0.017861506, -0.004662254, -0.0074524675, -0.009937197, 0.0026443878, 0.003497919, -0.0024834005, 0.012640425, 0.00027471638, 0.007992072, 0.0033292577, 0.018500287, 0.0014574406, -0.0010327023, 0.011289933, -0.007201766, 0.012605352, 0.022353971, -0.0062418957, 0.021482239, -0.020279692, -0.006130542, 0.018002242, -0.005179207, 0.013462131, 0.011463889, 0.0009540628, -0.0045745615, -0.026322603, 0.015883757, 0.0065371436, -0.02028161, -0.0040467153, 0.012523212, 0.0046341913, -0.057142667, 0.0070865867, 0.013314542, 0.010620318, -0.0009853874, 0.00043608944, 0.028273338, -0.024425032, 0.0004152655, -0.0015230493, 0.011371584, 0.012527966, 0.0134616885, -0.005174625, -0.004655513, -0.017168295, -0.003924022, 0.012940098, -0.0042507034, 0.009326179, -0.0019541858, -0.0023105624, -0.009433958, 0.0086065745, 0.008449864, -0.0055646785, 0.007555346, 0.0059348615, 0.0031484738, -0.023617988, -0.010389944, 0.0152726425, -0.030482965, -0.0005368781, -0.00762462, 0.015872352, 0.0038143375, 0.0007283977, -0.0026573993, 0.002394952, -0.0109571535, -0.01045236, 0.0024032404, 0.002295689, 0.011184255, 0.010223204, -0.0053410428, 0.0025911601, 0.006975782, -0.010863967, -0.012715652, 0.017474636, 0.0062522977, 0.0040514492, 0.018698482, -0.018212056, -0.0038908492, 0.0019938496, -0.0006159548, -0.0063143233, -0.014526901, -0.034295436, 0.006999613, 4.9815084e-05, -0.0065352647, 0.036421727, -0.0028063941, -0.0017032179, -0.02104372, -0.01956861, 0.0029064717, 0.0071896235, 0.022177517, 0.018846396, -0.0022905732, -0.0015516317, -0.011393079, 0.0069320854, 0.011766618, 0.017567791, 0.011237349, 0.016610255, 0.014414777, 0.024392413, -0.01740861, -0.018393153, -0.011213244, 0.014837924, -0.00770097, -0.02731812, 0.015924638, -0.0036551093, 0.011887033, -0.002397731, 0.0032627801, -0.009966415, 0.009236523, -0.010176638, 0.0019813583, 0.0050408044, 0.016519712, -0.019789958, -0.014287657, 0.02065217, -0.001370917, -0.0059904843, 0.013837712, -0.023828924, -0.010104225, -0.011179142, -0.011981483, 0.005673949, 0.0026343972, 0.020647371, -0.16737646, -0.021600442, -0.020088961, -0.010594709, -0.010843559, -0.0028489174, -0.015111153, -0.013286761, 0.036623877, -0.02259367, -0.0016502974, 0.01726792, 0.0036628386, 0.010432938, 0.0019233592, 0.029317675, 0.007975161, 0.018915983, -0.003979888, -0.0029913338, -0.03463637, 0.0037591772, -0.014460773, 0.021212548, 0.0122904675, -0.023084443, 0.012418071, 0.00906686, 0.0008951862, 0.02325861, 0.016547011, 0.016531905, -0.011407923, 0.02043485, 0.018727416, 0.010181209, 0.007970956, -0.011779106, -0.019705052, 0.0025242062, -0.01678556, -0.001459324, -0.015070567, 0.005185333, -0.0037147182, 0.009217904, -0.0072823246, -0.010677723, -0.011689165, 0.010532166, 0.0044142017, -0.021394081, -0.0029318966, -0.0018004228, 0.0045150607, -0.007963457, 0.013861777, 0.012493194, -0.010217669, -0.0067098406, -0.015215672, -0.009134811, 0.016222911, 0.0021823503, -0.0024432682, 0.012717957, -0.0018828186, 0.14736342, -0.0068047545, 0.00096329226, -0.002961529, -0.03228078, 0.025944844, 0.0031152505, -0.0061015137, -0.018678635, -0.023604708, 0.003353981, 0.0070261196, 0.006660693, -0.022753753, 0.0027399976, -0.00699325, -0.00184973, -0.0022264493, -0.015153514, 0.012653038, -0.004863734, -0.006491264, 0.0021550264, -0.021712359, -0.016954016, -0.006057575, -0.0072488897, 0.005670731, 0.014650423, 0.017789561, 0.005001776, -0.0016552393, -0.0051338957, 0.009834761, -0.0025064384, -0.013771759, 0.004329313, 0.0048075393, 0.00014403483, -0.007234769, -0.014166212, -0.0147290025, -0.005363238, -0.02913147, 0.020975258, 0.019029386, -0.014634981, -0.0077868435, -0.00063090987, 0.006733412, -0.02697885, 0.004678035, -0.0008449406, -0.011604722, -0.00504869, -0.022601916, -0.013816632, -0.004205692, 0.011737789, -0.0050655534, 0.011151455, 0.024300149, -0.0105985245, -0.003958928, -0.01210485, -0.012070701, 0.0012044882, -0.014759475, -0.0065431916, -0.107877396, 0.0049926224, -0.020073539, 0.005644607, -0.01524535, -0.026693817, -0.0050141593, -0.006109271, 0.01011388, -0.011770945, 0.0065466957, -0.00010431628, 0.018729279, 0.008516706, -0.019756922, 0.021559663, 0.017790796, 0.003119423, -0.009240683, -0.02030801, 0.010711283, 0.013779949, 0.0069230297, -0.018030614, -4.363084e-05, 0.0030578803, 0.0025235438, -0.0093778325, -0.004348258, 0.0140838185, 0.010323073, -0.01437614, -0.018545158, 0.006540429, -0.012617173, 0.010995926, -0.019580433, 0.0028904567, -0.015728466, 0.009611913, 0.0034348553, -0.0155077, 0.004017269, -0.026031066, 0.007750771, -0.0010431665, -0.03122045, 0.009444836, -0.0015688218, -0.022671957, -0.009370096, 0.008352207, -0.0015970987, -0.003046058, 0.00981148, -0.0098707555, 0.0044729654, -0.0218282, 0.009611554, 0.0009650761, 0.013091763, -0.0005807627, 0.007660591, 0.0027533981, 0.022867948, -0.019198686, 0.0047541177, -0.0035124226, 0.0068343943, -0.034128286, -0.011133508, -0.022814663, -0.0024180056, -0.0057120277, 0.013801462, 0.0020146812, -0.008146423, -0.013735694, -0.0015303167, 0.0025726222, -0.011538487, 0.0053527793, 0.0044441423, 0.0020432894, 0.03482134, -0.023689585, -0.0010833279, -0.0029940875, -0.009284183, 0.007938597, 0.008115104, -0.0061121476, 0.0072024385, -0.010739391, 0.0028934996, 0.01568056, -0.01911821, 0.006684396, 0.012475166, -0.0016433739, 0.016860701, -0.018172866, -0.0036163707, -0.0040650293, 0.007947856, -0.022937365, -0.010069526, -0.019498084, 0.011957288, 0.005779713, -0.012838554, -0.008065227, -0.0118610095, 0.0002550628, -0.0021084042, 0.010364086, -0.006901327, 0.0073173516, -0.0028317624, -0.031026507, 0.0067246947, 0.012346543, -0.0020591326, -0.0013274761, -0.008230561, -0.002118845, -0.007823392, -0.010074913, 0.011442739, -0.0027240452, -0.01801707, 0.00014115387, -0.00088264415, 0.011391066, 0.017350147, -0.017943759, 0.015475259, 0.028293705, 0.022498107, -0.008470463, 1.2763744e-05, 0.027305596, 0.0006190229, -0.0004232573, -0.007581746, -0.024022914, -0.008579497, -0.025184492, -0.0023414507, 0.010101514, 0.0023717477, -0.00530248, 0.007478598, -0.009864408, -0.010107384, 0.0075630527, -0.006529852, -0.009793366, -0.005305001, -0.025112646, 0.005283845, -0.021932783, 0.0032985434, -0.00020393709, 0.009709257, -0.045688897, 0.014119967, -0.008122762, -0.026844576, -0.024824513, 0.008772862, -0.013571751, -0.018642854, -0.016678032, -0.009742962, 0.01329676, -0.02199296, 0.0063164034, 0.0105774235, -0.083398126, 0.019130368, 0.005074345, -0.0111515615, -0.010964293, -0.0088998, 0.0007838394, 0.008207256, -0.008806076, 0.004419191, 0.0081435945, -0.011063993, -0.011715167, -0.008401913, -0.009567046, 0.0114770895, -0.013572132, 0.0012058505, 0.023921553, -0.002205128, 0.013270806, 0.011284733, -0.016675634, -0.008216819, 0.020159217, 0.0031442759, 0.0033957188, 0.008961614, 0.014001287, 0.023895137, 0.0017356403, -0.005926464, -0.009544601, -0.0140195815, 0.013174876, -0.0071667177, -0.0021004463, -0.011452685, -0.00032811097, -0.06810553, 0.018278742, 0.0005284388, -0.069143966, -0.003703729, 0.017575024, 0.016971393, -0.01999241, 0.0019990238, -0.001182421, -0.025690041, 0.015842486, -0.0015305904, 0.007917682, 0.018296387, 0.016452974, -0.023364406, -0.0059582293, -0.004773243, 0.019288111, 0.002280596, -0.0064977054, -0.013486497, 0.0116447415, 0.013771265, -0.00058606546, 0.014057826, -0.0022590037, -0.019559164, -0.009354088, 0.011723929, 0.013237373, -0.023949211, 0.033342816, -0.02030816, -0.006891015, -0.00629366, 0.0055514886, 0.013553773, 0.007953561, 0.007157208, -0.006592229, 0.018299326, -0.0131256655, 0.062617, 0.012906094, -0.023513434, 0.0020310448, -0.08154091, -0.0014258085, 0.022912549, 0.0041194735, -0.017223712, 0.0028262779, 0.010990276, 0.043122582, -0.019170616, -0.00078127877, -0.012239198, -0.017500602, -0.008292601, -0.022673525, 0.00022768103, -0.015541148, -0.020991707, -0.0007115965, 0.016013417, 0.0067592566, 0.031683587, -0.010325995, -0.0082692355, 0.012739845, 0.0055799847, -0.0349675, -0.012925054, -0.0038608226, -0.021132367, -0.008102955, 0.02357282, -0.0071709133, -0.010424517, -0.0009362464, 0.021522086, 0.014232651, -0.009762843, -0.0018587703, -0.019210713, -0.0077835433, 0.0052180234, -0.0067222845, -0.010727594, 0.01740474, 0.015775723, -0.017590003, 0.008998396, 0.017414546, -0.0304785, 0.015976531, -0.0061303554, -0.036963884, -0.012663912, -0.0066381167, 0.018114831, -0.008083555, -0.01212848, 0.014300596, -0.0019570412, 0.017043298, -0.007838265, -0.015783465, -0.027631221, 0.0046835626, 0.0070225536, 0.001913255, -0.005375411, 0.014373943, 0.0055278223, 0.020300198, 0.01410294, -0.0012048766, 0.018056627, -0.0050116084, -0.0061271074, 0.0067903567, 0.0061126486, -0.014939269, -0.03082943, -0.008774617, -0.002321618, -0.0042601908, -0.0059737563, -0.001290401, 0.01445979, -0.009040679, 0.0016528155, -0.013492846, 0.018324308, -0.0038397345, -9.138995e-06, -0.017323969, -0.006881052, 0.005696564, 0.028878158, 0.0015309047, 0.010663883, -0.0028000206, -8.346155e-05, -0.015599241, -0.012327476, -0.0030840044, -0.026764933, -0.009593497, 0.0011184735, -0.015742363, 0.009641643, 0.009889306, -0.003496584, -0.008506894, 0.010589708, -0.0159885, 0.00924214, 0.019842258, -0.010862781, 0.012124019, -0.009237353, 0.006946325, 0.014526132, -0.010166367, -0.018666651, -0.0007000111, -0.030031422, -0.024992395, 0.011113436, 0.014081088, -0.020541616, 0.00057793094, -0.005144217, -0.008662634, -0.00044404992, 0.01664981, -0.02009994, 0.0011200971, 0.023544684, -0.005042896, -0.024036027, 0.008740233, 0.008155552, 0.0010761503, 0.012170276, -0.01098759, -0.013050044, 0.013306455, 0.02309577, -0.013357815, -0.011021801, 0.0064945905, -0.025999328, -0.014072489, -0.007856979, 0.0053231707, -0.00828961, 0.00057677575, -0.040096816, -0.018401098, -0.012035195, -0.013010543, -0.00041584866, 0.0036222343, 0.032915283, 0.013663377, -0.008654407, 0.003571264, 0.0026214933, 0.009560328, -0.016990315, -0.00284083, 0.014179597, -0.013875705, 0.017401014, -0.004855948, -0.011424885, 0.007331367, 0.0062580463, -0.0029375579, -0.008854226, 0.0088595655, 0.019284196, 0.00036460615, -0.00015913598, -0.023077097, -0.0030792423, 0.0010658286, 0.0074264775, -0.017277962, 0.020440063, 0.0073869675, 0.01073999, 0.010918102, 0.004803368, 0.005397496, -0.0014042053, 0.014252943, -0.008932051, -0.020340692, -0.028976627, -0.0012383568, -0.013521672, 0.011009312, 0.009889131, -0.008271189, -0.009059345, -0.025976269, -0.0073193396, 0.006592319, -0.016264819, 0.005667127, -0.021609291, 0.001583516, -0.021414688, -0.020477088, 0.00438748, -0.005780251, -0.007352087, -0.0034944164, 0.01986194, 0.0048103244, 0.0016706334, 0.014015492, 0.02006725, 0.00016878145, 0.005575791, 0.018190492, 0.010144292, -0.006668815, -0.009878616, 0.025027705, -0.0023268848, -0.0072475877, -0.009660892, -0.0033133803, 0.0020948753, -0.0047544506, -0.012927792, 0.016725972, -0.015776444, 0.013072077, 0.021933012, 0.019009024, 0.0036371746, -0.0072048404, -0.0010049423, -0.007572671, -0.013182045, -0.01876979, -0.024091132, 0.019515248, -0.00055587763, -0.010305264, -0.023984501, 0.018708685, -0.013309729, 0.013455676, 0.0036969748, -0.0015289944, 0.0009658853, 0.0037437873, 0.018091695, 0.003921099, -0.0071360613, -0.016724082, -0.023220338, 0.0240374, -0.02023587, -0.008563484, -0.001320389, 0.016193653, -0.013492537, -0.012940401, 0.008693883, -0.010217927, -0.011508934, -0.018917637, 0.0035784813, 0.025103183, -0.0050137383, 0.0090519255, -0.0106008, 0.016057938, 0.007041649, 0.006866629, 0.0073511875, -0.00022778299, 0.02260162, -0.0061626597, 0.012974152, -0.006664259, 0.021601338, -0.010138952, 0.011399803, 0.0010842341, 0.01714333, -0.016689206, -0.01933403, -0.0006174589, -0.0066268034, 0.0042971238, -0.006374885, 0.015082462, 0.014692027, -0.0037580898, -0.019072132, -0.007310562, 0.0075327046, 0.018184913, 0.010191747, -0.011905927, 0.017954068, 2.7751985e-05, 0.005438432, 0.0097355945, 0.010013827, 0.010272635, 0.008481772, -0.022140466, 0.014119034, 0.008791866, -0.016960835, 0.008476412, -0.02347929, 0.025501776, -0.0048654326, -0.007546146, -0.005734882, -0.0077698217, -0.005130513, -8.094358e-05, 0.0168991, 0.002945839, 0.013712218, -0.023652451, -0.0149441, -0.017728403, 0.021785967, -0.01648372, 0.00138423, -0.0072522187, -0.010900648, 0.0017977053, -0.0066688186, 0.0131173525, 0.02226586, -0.015071653, -0.0058680964, 0.0026600244, 0.0016105617, -0.017532699, 0.02289006, -0.011731227, -0.023824727, -0.007654267, -0.004964617, 0.008832516, 0.005810335, 0.021329524, 0.005256174, -0.01899102, 0.01870866, -0.00011998194, 0.00026592257, 0.0135416435, -0.0013031017, -0.015406776, -0.034898303, 0.005145323, -0.02165953, -0.014585653, 0.002745952, 0.008185441, 0.015725931, 0.008942972, -0.0006268465, -0.012305914, 0.01862726, 0.02861845, -0.00013329257, 0.015976105, -0.005980732, -0.0028296113, -0.007829642, 0.018426051, 0.019126605, -0.021460585, -0.0261367, 0.007426068, 0.013885293, 0.01535702, 0.0057940963, 0.0013935893, -0.017641777, 0.0016680504, 0.008843384, -0.0064484375, -0.020540254, -0.0027064357, -0.011095714, -0.020204639, -0.0047230935, 0.0113195265, 0.006199428, 0.00045275252, 0.0055772215, 0.0012212794, -0.00046659837, -0.009000402, 0.006615276, 0.003354816, 0.020964429, 0.0033601753, -0.0030168723, -0.0020377496, 0.0073617664, -0.002379391, -0.030381992, 0.012951373, -0.007382734, 0.01706547, 0.013955677, -0.020806113, -0.01595674, 0.01767858, 0.00971758, -0.007864091, -0.0034630073, 0.0060541704, -0.011061763, 0.0008738893, 0.003418003, 0.0103272535, 0.007612557, -0.010867788, 0.011561201, 0.0004087327, 0.018421225, -0.010543477, -0.015014388, 0.019199835, 0.020680213, 0.011940913, 0.0040370836, 0.0064341296, 0.019938102, -0.00068369677, -0.0052741324, -0.007858411, -0.0029120205, 0.010464708, 0.026184943, 0.0026408837, 0.025509577, -0.0057134526, -0.0075456817, 0.0030348797, 0.009423203, -0.0049027, -0.008072075, -0.004475497, 0.019514203, -0.009800761, -0.017322272, -0.005344191, -0.0027774968, -0.01182821, -0.035918612, -0.0024706735, -0.021123271, -0.0055573145, -0.02949402, 0.0013134665, -0.044680737, -0.0046539493, -0.03956286, 0.014852017, -0.013157111, 0.0030327945, -0.00014462437, -0.013478947, 0.021204285, -0.042998273, 0.014995255, -0.0034360678, 0.021276075, 0.018618297, 0.0035305012, 0.003981434, -0.005013443, -0.010854136, -0.00030401026, 0.0011088462, 0.0030183773, -0.0092070475, 0.015314704, -0.0030214256, -0.020070031, -0.012694835, -0.0040026745, 0.013498915, 0.012320976, 0.005398184, 0.012641571, 0.004629106, 0.0026859627, -0.009027471, 0.022036279, 0.0075282627, 0.011222713, 0.014295182, -0.015122973, -0.018667312, -0.004564689, -0.006036357, 0.016514916, -0.023221716, 0.01341308, -0.015961692, -0.009221773, 0.006120663, -0.03392962, 0.0004122807, -0.005037509, -0.0043408377, -0.009306328, -0.0049704267, -0.002848779, -0.013632666, -0.008194696, 0.00028652942, 0.011198219, 0.0032723946, 0.011080974, 0.0047593256, 0.004779519, -0.0064057284, 0.011188326, 0.025398497, -0.018015515, -0.009969512, -0.00120045, -0.004916767, 0.0004804194, 0.009144602, 0.01301165, 0.012574065, 0.027057674, 0.028663574, -0.03514061, 0.022177225, -0.01892592, 0.020618994, -0.0057202126, 0.0009962854, 0.0076449346, 0.0035551267, -0.011427323, -0.0073704445, 0.005865682, -0.030715281, 0.023264991, -0.009173405, 0.005891197, 0.0008954491, -0.030118674, 0.02267667, -0.011594514, 0.023974765, 0.017855644, 0.0037048983, -0.0018391534, -0.015021409, -0.0027607158, -0.008986165, 0.016201615, -0.015743664, -0.018071584, -0.01264497, 0.014649508, 0.0062425113, 0.029567618, 0.028897276, -0.0014213031, -0.017514192, -0.027067455, 0.0056504207, -0.011471687, 0.007228396, -0.006905424, 0.047903106, -0.00020159256, 0.00668286, 0.005479418, -0.014074174, 0.022998942, -0.014010563, 0.006249033, -0.032137502, 0.005707363, -0.009280091, 0.02750174, -0.01872219, 0.009687689, -0.025544157, 0.022351153, -0.038490377, -0.016952189, -0.019673279, 0.029738506, -0.0082637295, 0.014888774, -0.013593053, 0.014176077, 0.047537778, -0.004384749, -0.0063838735, 0.021576446, 0.0102851195, -0.009314609, -0.0064704795, 0.025263516, 0.012940443, 0.021026041, -0.01612912, -0.004281763, -0.022344226, -0.00833801, 0.017562356, 0.010650824, 0.01813151, -0.02702416, -0.023375496, -0.0050987806, 0.007158662, 0.002547735, 0.014156995, -0.0065247705, 0.011006084, 0.020812323, 0.015234979, 0.016976567, -0.00135863, 0.0064397003, -0.00063364505, 0.023143986, 0.014828104, -0.0043941583, -0.0016071502, 0.005416872, 0.0067488244, 0.01882091, -0.0032532928, 0.022622013, -0.022697754, -0.005951188, -0.033651892, -0.02029176, 0.0064414525, -0.007516396, -0.021778474, 0.034822553, 0.023154497, -0.014195787, -0.015126658, -0.0050577316, 0.0034006885, -0.01802821, -0.01055824, -0.0123235, -0.007597318, 0.022079648, -0.011084739, 0.03019493, -0.033786297, -0.0002833741, 0.014217595, 0.02840412, 0.032394703, -0.015542698, 0.009503144, -0.004118621, -0.007805738, -0.0084712505, 0.030322699, -0.008864128, -0.008241802, 0.006586035, -0.0042870375, 0.17278427, 0.13005076, 0.019657511, -0.021765351, 0.0038655063, 0.012656305, -0.0050662532, -0.0011044102, 0.010550185, 0.005022563, -0.020619813, -0.0064070374, 0.0031098651, -0.013015932, -0.0030085617, 0.0023782083, -0.0146028185, 0.014879166, -0.006021759, 0.01043171, -0.01629965, 0.016161023, -0.01377531, 0.008468486, -0.009082192, 0.020990483, -0.0034723063, 0.002467193, 0.0148279155, -0.0056349305, -0.015051482, -0.01879801, -0.00021250665, -0.010738422, -0.0025630228, 0.0035223442, -0.00839297, 0.026738463, -0.015312037, 0.022100497, 0.014440233, 0.0044525675, 0.02707786, -0.009447623, -0.009984882, 0.022741787, 0.017995423, 0.0052909246, -0.0014210944, 0.019596651, -0.0046961373, 0.0057230643, 0.014357672, 0.0044269213, -0.0072720726, -0.00082911015, -0.002474213, 0.00071543927, 0.011066755, 0.020051403, 0.0092918975, -0.011753628, -0.015776126, 0.023139702, -0.012280499, -0.008142728, -0.001214875, 0.015142353, -0.029078843, -0.024131538, 0.003542376, 0.0019598745, -0.00037678442, 2.3724011e-05, -0.021959526, 0.024603302, 0.016239837, -0.01693204, 0.005868958, -0.00472508, -0.00089804287, -0.0010712534, 0.009672955, 0.01616632, 0.008915772, -0.0025931401, 0.000103629034, 0.016989436, 0.11455182, 0.0032889822, -0.014961521, -0.033085372, -0.01065257, -0.0010370223, 0.011323295, 0.068248086, 0.012070766, -0.0032270723, 0.018862156, -0.038965724, 0.026969725, -0.015461045, 0.026676225, -0.0029381549, 0.0033129386, 0.049405348, 0.0069327457, -0.0062347343, -0.011629718, 0.004366525, 0.0066686855, -0.008247823, 0.007137936, -0.0026643458, 0.011717088, 0.003403299, 0.021394828, -0.014211873, -0.10077007, -0.011745794, -0.00086967833, -0.0119289225, -0.00937277, 0.013978566, -0.016376726, -0.013166318, -0.0015753836, -0.014167939, -0.002547649, -0.00952975, 0.011256476, -0.004956659, -0.0058843633, 0.015523441, 0.014124621, -0.016286753, -0.0084474245, -0.0147398105, 0.0016964016, 0.0077373195, 0.010794861, 0.0129609695, 0.0026688827, 0.021368513, -0.020323642, 0.029640684, -0.005200956, 0.00037163353, -0.005382617, 0.009496009, -0.014365547, 0.016386691, 0.010554882, 0.03468857, -0.0055493377, 0.012452469, 0.022353565, 0.017687649, -0.0054475986, -0.0026306491, -0.012427478, -0.016853126, 0.023538101, 0.0015578694, -0.023409404, -0.007070574, 0.0052409624, 0.006447818, 0.014875039, -0.010215017, 0.01668225, 0.004672132, 0.009243096, 0.013890294, 0.011686692, -0.019777432, -0.00078986527, 0.018203389, -0.004631677, 0.008551276, -0.005751815, -0.0024791237, -0.025087446, -0.0070250425, -0.006577951, -0.01064964, -0.0006546346, -0.0008786746, -0.010934882, 0.012937477, 0.02682204, 0.0031435492, 0.004905758, 0.0020502491, -0.024381991, -0.006749354, 0.002009022, -0.0018213928, 0.00027511106, -0.028606554, 0.007841945, 0.11075398, -0.002668643, 0.016591309, -0.014366639, 0.007949401, -0.0165171, -0.027905626, -0.03520296, -0.0014309471, 0.008242963, 0.022316262, 0.0065257526, -0.014087827, -0.013791259, 0.0116972, -0.0042400137, 0.006705439, 0.017192617, -0.009443153, -0.016293705, 0.001481813, -0.0056971605, 0.008233563, 0.014680893, -0.012661417, 0.0033296687, -0.013575643, -0.01906731, 0.011300188, 0.0055509643, -0.016577963, -0.01525718, 0.018555192, 0.0051198984, 0.014977835, -0.01453869, -0.004771894, -0.0080613885, 0.001193334, -0.005524504, -0.015738616, 0.0038525779, 0.039380815, 0.0050290227, -0.039632022, 0.1826156, -0.003362537, 0.0040644635, 0.0012750525, -0.012600984, 0.012622678, -0.011242922, 0.0020894366, -0.031037193, 0.008484878, 0.019866198, -0.00091970514, 0.0118593555, -0.0013479728, -0.00534286, -0.002442396, -0.011458514, 0.011999949, -0.029255675, 0.006426899, 0.01043992, 0.004069634, -0.025671173, 0.012253818, 0.009025682, -0.009887713, 0.020963397, 0.018759651, 0.008751962, 0.017441876, 0.0030397058, -0.008686769, 0.001962601, -0.0016781705, -0.0054952814, 0.0072625643, 0.014676973, 0.0033861517, -0.010842523, -0.026710935, -0.002673543, 0.02542167, -0.0040382575, -0.00096997205, 0.0007329412, -0.012662398, -0.009075615, -0.0020152528, 0.015535473, 0.0021855899, 0.00290757, 0.008354404, 0.006157086, 0.004200969, -0.0007692332, 0.0107897, -0.004620831, 0.014019807, 0.012740515, 0.0073368778, 0.0047500585, -0.0037387777, -0.017386554, 0.012446399, 0.0026280105, -0.001436464, -0.022040585]"
La nueva Corte: quien va a ser quien en la SCJN y a partir de cuando,https://oem.com.mx/elsoldemexico/img/24181076/1749577824/BASE_LANDSCAPE/1200/image.webp,no especificado,Con la reforma hecha al Poder Judicial el cargo de la presidencia de la SCJN se ira rotando cada dos anos con base en el numero de votos obtenidos  ,https://oem.com.mx/elsoldemexico/mexico/la-nueva-corte-quien-va-a-ser-quien-en-la-scjn-y-a-partir-de-cuando-24179931,"[-0.0016300348, 0.014973684, 0.029020946, -0.06572804, -0.03887878, 0.0008369012, 0.021858446, 0.041137986, -0.0018176391, -0.008079234, -0.03100857, 0.009026427, 0.025910858, -0.012502019, 0.13559817, 0.018674565, -0.013353749, -0.018381035, 0.014196297, -0.014993054, 0.000459285, -0.025062758, 0.0079157185, -0.0032154592, 0.008003085, 3.6076476e-06, 0.012167474, -0.006662038, 0.05524947, -0.0007944255, -0.003296128, 0.008643701, 0.029186642, 0.008528527, 0.023906728, 0.010514682, 0.012767094, 0.0016317205, -0.0024975254, 0.0056697475, 0.0062443498, 0.022670697, -0.012722141, -0.0040266407, -0.020007668, -0.00146345, -0.001630041, -0.05761853, -0.006336959, 0.012079387, 0.004751541, -0.0070666797, -0.010013919, -0.1631886, -0.005775784, -0.0105539, 0.00091850496, -0.006721151, 0.0050546015, -0.005158731, -0.017630428, 0.01636297, -0.039262354, -0.022794519, 0.022437487, -0.0063806847, 0.0014427828, 0.018178934, -0.031973563, 0.0126811005, 0.015308106, -0.006495427, -0.004680903, -0.0038717145, 0.0036334647, -0.0005264271, 0.00036580488, -0.0016207049, -0.0360596, 0.0041526617, 0.0027626946, -0.00064101187, -0.007165627, 0.013299685, -0.013154194, 0.0004916818, 0.008502939, -0.00591068, -0.004807837, -0.010351738, -0.035470456, 0.00035321387, -0.019140039, -0.010255669, -0.003247137, 0.013329615, -0.010419422, -0.016051296, -0.011714206, -0.041814033, -0.02542599, -0.0110372, 0.016830053, 0.008076456, 0.018574033, -0.0137399305, 0.021847896, -0.008288911, -0.025059104, 0.021994298, -0.029458432, -0.006614066, -0.005548442, 0.018770084, -0.0022714636, -0.11107425, -0.027167493, 0.0037197333, -0.009800503, 0.014313348, 0.006520788, 0.020062983, 0.0075576687, 0.028058695, -0.035036657, -0.028090402, -0.0056813783, 0.006275854, -0.02658504, 0.008761196, 0.0040960545, -0.008559312, -7.31905e-05, 0.002626055, -0.0047261603, -0.0025475596, 0.014366414, -0.0029065576, -0.003107339, -0.016971238, -0.012573558, 0.014437153, -0.009102493, 0.005367496, -0.021017896, 0.008864847, -0.011282533, -0.0034614147, 0.029517908, -0.008750577, 0.002241746, -0.01581844, -0.01385045, 0.011861834, -0.030845929, -0.009822145, -0.007552881, -0.010246805, -0.012668191, 0.012669429, 0.017576827, -0.009034743, 0.0032701711, -0.00088968367, 0.0007749269, 0.05870419, -0.011587547, 0.0117244255, -0.001610879, 0.0018027325, 0.0017631154, 0.008779881, 0.004714039, -0.005083161, -0.0026864554, 0.003080383, -0.034755573, 0.011476616, 0.0033758325, 0.018631833, 0.005837324, -0.012216054, 0.011056514, 0.0066210805, 0.033976197, 0.008125947, 0.0116749415, -0.008261474, -0.002977042, -0.0048773075, 0.007103246, -0.013272197, 0.012478417, -0.028190738, -0.004156333, 0.00024666276, 0.0076185325, -0.011126664, -0.00012145048, 0.0144626675, 0.024156809, 0.018440813, -0.0018624383, -0.020157099, 0.021778831, 0.0051429197, -0.021224722, -0.0067061526, -0.0028959797, -0.0012487026, 0.022162668, 0.02782874, -0.014788754, -0.03030843, 0.017110692, 0.02771797, -0.031527054, -0.009166105, -0.00032380456, -0.009509878, -0.01716371, -0.00022339693, -0.006718832, 0.010856521, -0.010055461, 0.007453867, 0.030125247, 0.0071708513, 0.0152714, -0.0031480507, 0.028576685, 0.010630953, -0.004153233, 0.029270075, -0.011076939, 0.0001183193, -0.0008108964, 0.022848424, 0.029289195, 0.024187032, 0.0073690102, 0.020737072, 0.007459281, -0.009342613, 0.005731558, -0.02514822, -0.0039323424, 0.00759631, 0.00090378406, 0.031644553, 0.016458545, 0.019180592, -0.004651608, 0.0035602541, -0.035322703, -0.0037874049, -0.016955668, 0.011807695, -0.01562719, -0.017305192, -0.052309163, -0.016792227, -0.009994739, 0.010723364, -0.017083086, 0.016561035, 0.0018694239, 0.0064718863, -0.04150131, -0.019300854, 0.007858777, 0.0055342326, 0.016718859, -0.019779768, -0.00039799695, -0.022828834, -0.08128288, -0.0023982245, -0.0038098018, -0.015749395, -0.0077775316, -0.009639678, 0.010175289, 0.019938901, 0.01599434, 0.014398032, -0.018004294, -0.013549798, 3.8090744e-05, -0.021932507, -0.017006615, -0.003296669, 0.019805143, -0.0075525753, 0.009883474, -0.0025696482, -0.005943847, 0.03630143, 0.0053601065, -0.00041144522, 0.0070365164, 9.9995115e-05, 0.0047436184, 0.03218183, 0.04617408, -0.017232439, -0.022616122, -0.012814928, -0.01876459, 0.0010409714, -0.007038906, 0.020440072, -0.0019370462, -0.008370954, -0.019042669, -0.011213854, 0.035142902, 0.008187629, -0.0072221216, -0.011417829, 0.006624969, -0.009378267, 0.014606853, -0.03606442, -0.015060619, 0.0047406363, -0.006531074, 0.003746096, -0.014656871, -0.017255088, -0.027866002, 0.024951257, -0.011016583, 0.016737454, 0.004425879, -0.009222434, -0.020662244, 0.013861737, -0.0069603645, 0.011664376, -0.0030750283, 0.014260533, 0.003425474, -0.028977934, -0.03974769, 0.050015785, -0.011346438, -5.612706e-05, 0.02397825, -0.01945064, 0.008491886, 0.011825969, 0.016588803, 0.0032297892, -0.011156405, 0.0416706, -0.0047462913, 0.017667329, -0.0137260975, 0.017769244, 0.017392263, 0.019064758, -0.016254384, -0.009184257, -0.0077704038, -0.0045595695, -0.0013453087, -0.014099042, -0.011083344, -0.024380373, 0.004951295, -0.00033134426, 0.011959595, -0.0006225506, 0.015065685, 0.008750894, -0.0009437209, -0.04252179, 0.01588452, -0.0007171014, -0.015722526, -0.02336817, 0.015244576, 0.024762267, -0.012329639, 0.005973905, 0.0064413277, -0.018171499, -0.010992752, -0.008400722, 0.00042566325, 0.03170304, -0.014916818, -0.0073693795, -0.022806296, 0.016854566, 0.0050815865, 0.001840282, -0.016290307, 0.016635494, -0.0031106283, 0.013771638, 0.026082048, -0.0070102597, 0.022331033, 0.03702621, -0.043374315, -0.028184798, -0.0071866326, -0.03427213, -0.0052771573, 0.0024476314, -0.0014981512, 0.008874315, 0.0039593345, -0.016186593, 0.015428823, -0.01002719, 0.03178441, 0.0048616487, -0.017441427, 0.03932854, -0.020744419, 0.007977284, -0.0073092994, 0.017333902, 0.010756604, -0.021596817, 0.029319279, -0.014130635, 0.0032697509, -0.023779219, -0.04762307, -0.01267064, -0.00013190479, 0.02269461, -0.0065240823, -0.0042163404, 0.00902551, -0.006862761, 0.02693929, -0.003105601, -0.015759695, 0.0074149296, 0.00019445989, 0.015556313, -0.0100422045, -0.024855813, 0.008175697, -0.02158083, 0.02078867, 0.01327299, -0.0011096348, -0.015968222, -0.005761426, 0.0067636413, -0.00926472, -0.0055736895, 0.001959593, 0.012164757, 0.024853112, -0.008620142, 0.016553672, 0.0104439985, -0.014359213, 0.010193112, -0.007879989, 0.012645893, -0.033616103, 0.0114919655, -0.042948417, 0.0044840416, -0.011094198, 0.0032452273, 0.0038024306, -0.020383205, -0.00355337, -0.0037208362, 0.01624691, -0.001488444, 0.029999183, -0.023264317, -0.02012115, -0.030237015, 0.017385796, 0.011904142, 0.0033359127, 0.049007818, -0.021228638, 0.015156451, 0.004230257, -0.008691436, -0.017892618, -0.017750701, 0.0021163248, -0.01990107, -0.0033597637, -0.01738396, -0.007102826, -0.0033001725, 0.0057049086, 0.023510681, 0.019284831, -0.01887421, -0.01407444, 0.014748489, -0.0032186708, -0.006659414, 0.020120122, -0.019892441, 0.02603377, 0.01278313, 0.026774492, -0.020672025, -0.0040781777, -0.015842872, 0.0006141436, 0.021327874, 0.0070756846, 0.020968162, -0.02115767, -0.031442862, -0.01651596, 0.030122314, -0.023068555, -0.009602342, -0.0058120587, -0.018474383, 0.010373966, -0.019674622, -0.034030516, 0.026004545, 0.00593418, -0.0337308, -0.025604969, -0.017639779, -0.012961221, 0.0037655793, 0.0066611925, -0.022794634, -0.00729599, 0.017999234, -0.052532814, 0.0069705024, 0.041026466, -0.06566363, 0.005351271, 0.0085456595, 0.034451734, -0.030228289, -0.0082163755, 0.020724827, -0.0026477505, -0.0011843729, 0.023570582, -0.032833185, 0.010206464, 0.0016396741, 0.02113981, 0.00960003, -0.011959514, 0.00017857227, 0.0071218214, 0.0043399897, 0.012229174, -0.011642733, -0.011534006, 0.014633111, 0.00028767914, -0.027821552, -0.011799912, 0.024376193, 0.0103048235, -0.029084198, -0.019081023, 0.0019148939, 0.014112421, 0.024738792, 0.0045024506, 0.016933529, 0.008449327, 0.007847594, 0.026352456, 0.0023541565, 0.015525583, 0.03418342, 0.010670287, -0.0074882433, -0.044228993, -0.0030515566, 0.006105082, -0.0020782077, -0.0025777211, -0.00022671321, 0.0004979153, -0.026470155, 0.008586305, -0.012406628, 0.010009764, -0.0068731685, -0.015697647, -0.008368265, -0.012728508, 0.008827637, 0.027019978, -0.032227263, 0.009514062, 0.018507412, -0.007889207, -0.0056360676, -0.010519615, -0.030025281, 0.007348209, 0.021057237, 0.014864684, -0.02743263, -0.023874853, 0.02506569, 0.022061285, 0.007734839, 0.016066767, -0.014812798, -0.022069715, 0.00792023, -0.032669976, -0.048863146, 0.06151898, -0.10660697, -0.007846267, -0.022151524, -0.016989432, -0.0052504395, 0.005487824, -0.016462997, -0.014108663, -0.03167072, 0.01078064, -0.030601675, 0.0124165835, 0.00449029, -0.0014448534, -0.011586228, 0.01988401, 0.017716823, -0.002094279, 0.016859304, -0.031215291, -0.038335547, 0.015923034, 0.024228547, -0.014082893, -0.009477376, 0.0052633965, 0.004307636, -0.025694702, 0.0029821151, -0.016847692, 0.011918174, -0.1478916, -0.043240163, -0.0048825853, -0.011704387, 0.008219909, -7.047218e-05, -0.0026563802, 1.2777785e-05, -0.015576195, 0.0129174115, -0.015530302, 0.0038121557, -0.014054134, -0.003766491, 0.018447584, 0.08375654, 0.006633598, -0.008698187, 0.021755835, 0.0030292189, 0.0015091024, 0.0072541796, 0.00029807043, 0.013297392, -0.0063428036, 0.007887681, 0.016805192, -0.007331907, -0.010896144, 0.019658977, -0.0036594912, 0.011392657, 0.014174295, 0.019497937, 0.032291263, -0.0025323667, -0.01344517, -0.008172783, -0.032069184, -0.016454166, -0.0044070324, 0.017815327, -0.007962219, 0.029426547, -0.021655308, -0.034311302, 0.012888637, 0.017141465, -0.020764174, -0.012389716, -0.029102009, -0.07403993, 0.016515978, 0.041028835, 0.022663062, 0.0105655035, -0.00065168255, 0.03390131, -0.017093364, 0.023063753, 0.005434727, 0.008507545, 0.0047084526, -0.008973187, -0.014112621, -0.016769487, 0.029287437, -0.0023876268, -0.022800887, 0.0034282585, -0.003720159, 0.021607164, -0.025051353, -0.031245576, -0.017780833, -0.0015998512, -0.0011680744, -0.006052293, 0.029516883, -0.012339005, 0.010021985, 0.022523442, 0.011437181, -0.009600041, -0.006191676, -0.00427145, 0.023836639, -0.016910387, -0.020098267, -0.019933801, 0.005332954, -0.022876795, 0.0050668702, 0.0054120813, 0.009313963, 0.004591676, 0.010061111, 0.0037754746, -0.027644895, -0.025116274, 0.004079246, 0.0016883595, -0.006647422, 0.01694254, 0.010278089, 0.017431691, -0.0026821108, -0.009897949, 0.009185537, -0.007729059, 0.00995757, 0.011294379, 0.0064456747, -0.009984203, 0.009997757, 0.014210811, -0.004362346, 0.0050856494, -0.010251659, -0.013718617, 0.012492744, -0.006491226, -0.010056832, 0.0009909683, 0.010728169, -0.009077585, -0.014343571, -0.0022175724, -0.0074303807, -0.050242998, 0.0065575093, 0.006201925, 0.014775018, -0.0061405776, -0.004431872, 0.00158595, -0.0013370784, -0.0007765668, -0.008107714, -0.010039339, 0.013892895, -0.008723069, -0.0074026287, 0.008343945, 0.0030096471, 0.011195584, -0.010461949, 0.014135219, -0.008677565, -0.013469439, 0.009072335, -0.011791356, 0.01058787, 0.0135405995, 0.007187152, 0.007825987, 0.00991641, 0.007468773, 0.0127691245, -0.0066985823, -0.00055819727, -0.00688997, 0.014205875, 0.027608471, -0.007364688, -0.015721573, 0.012884142, -0.015426017, 0.0014974499, 0.010881886, 0.021414854, 0.006287599, -0.0050932947, -0.013558431, 0.003363688, 7.998001e-05, -0.006183902, 0.006484327, -0.0064551253, 0.008347735, 0.011916913, 0.015344605, 0.0053714006, -0.011293421, 0.003699587, 0.022664359, -0.0035782303, -0.001829873, -0.0129003385, 0.0008353753, 0.010510824, -0.027902894, 0.012928795, -0.027918113, -0.005398858, 0.0065034903, -0.009800306, 0.013391589, -0.013334453, 0.0021672545, -0.012387276, -0.004036203, 0.005463728, 0.0030627006, -0.008754159, -0.007299017, -0.013309693, -0.001693495, 0.009686652, 0.01249915, 0.021742964, -0.0076378775, 0.019773878, -0.011405198, 0.008881451, 0.0027154493, -0.012520453, 0.0130425105, 0.0032221405, 0.0022892845, 0.004719126, -0.004788557, -0.008518049, -0.008052538, -0.011373279, 0.013156387, 0.019015668, 0.0015195382, 0.0017114872, 0.007938396, 0.008865908, -0.0006899259, 0.020657135, -0.0033644552, -0.016879352, 0.008488563, 0.0026837164, -0.0033009485, 0.012094401, 0.010043311, 0.009941388, -0.009807513, 0.00206848, -0.004257998, 0.0011766793, 0.017988572, 0.009555162, 0.012572342, -0.0066314484, 0.007866993, 0.002125787, 0.005126245, 0.022558114, 0.0018929124, -0.017505031, 0.0028675382, -0.015040141, 0.02691751, 0.0063498267, 0.0038492344, -0.024456557, 0.00421783, -0.006886107, -0.0021213267, -0.01136325, 0.008119874, 0.0005372836, -0.013581569, 0.019220114, 0.0049956706, -0.014251495, 0.01565098, 0.008807216, -0.0032857105, -0.0054732813, 0.012120305, -0.013429899, -0.009368822, -0.0045278254, -0.017812781, 0.008838424, 0.024831505, -0.013896877, -0.00255589, 0.0033213084, 0.014371305, 0.004699225, 0.01645827, -0.0008183369, -0.03290256, -0.020445248, 0.0012813301, 0.005853816, 0.005745127, 0.010577579, 0.014065151, 0.008125151, -0.026407247, -0.01831175, -0.006785756, -0.012123871, 0.0006243078, 0.010368084, -0.014933081, 0.017972507, 0.00019266202, -0.005128948, -0.008257285, 0.022324082, 0.005170127, 0.08217909, 0.0061467364, -0.0069673457, 0.0094779525, -0.015105279, 0.010965367, 0.0023407459, -0.01100059, 0.016241904, 0.0036000712, 0.00418233, 0.022158131, -0.005999627, -0.014844645, 0.01173044, 0.0144766215, -0.008368134, 2.3136487e-05, -0.018020315, -0.0026040305, 0.0070368215, 0.014162609, 0.004797389, -0.025000868, 0.02015, -0.02170613, -0.009234537, -0.00051496405, -0.007869013, 0.0042139846, 0.014654793, -0.00803219, 0.019684808, -0.0133492695, -0.009661811, -0.00783934, 0.000284348, -0.0013902286, 0.016580189, 0.022609292, -0.0040205377, -0.01886047, -0.0055766, -0.0014321249, 0.0041147033, 0.0073384685, -0.018124068, -0.016058173, -0.0012202448, 0.013344908, -0.0037800986, 0.005838876, 0.002799674, 0.0048693675, -0.006876271, -0.0017446587, 0.019161887, 0.0098569365, -0.0023443042, -0.005257131, 0.009978706, 0.01815989, -0.011753734, 0.0095157465, -0.016358778, -0.026731301, 0.010031974, -0.0015381855, -0.009604784, -0.0075756665, 0.0122777615, -0.007968935, 0.0049949484, -0.0083437525, 0.024457563, 0.00018012998, -0.010632749, -0.010391816, -0.019466251, 0.005908839, 0.008524046, 0.005380895, -0.0005644245, -0.010854747, 0.008988475, 0.003409191, 0.01499837, -0.012304854, 0.0055545326, 0.020184733, 0.013509702, -0.019305758, -0.01839922, 0.025322856, -0.009888872, -0.011109254, 0.056310285, 0.013671138, 0.005291329, -0.0094698975, 0.010636252, -0.018854402, -0.0066988715, 0.014939842, -7.386938e-05, -0.021317039, 0.0079082195, 0.007039568, 0.005926511, -0.0024743478, -0.0006829515, 0.011569217, 0.013469531, -0.016451532, -0.0031798177, 0.0032030842, 0.023074279, 0.0047879335, -0.0014929512, -0.0072553563, -0.0055582584, -0.006758101, -0.0031268748, 0.005201871, 0.008941456, 0.004330188, 0.001710555, -0.00051290507, -0.007915748, 0.01171479, -0.0021840965, 0.0015627665, -0.0026446534, -0.008312107, -0.019123657, 0.016467655, 0.006904573, 0.012615999, -0.009758242, 0.008741154, 0.0073629576, -0.0068320287, -0.026293805, 0.009135536, 0.0008106475, -0.0067276265, 0.008265814, -0.005788147, -0.002245179, 0.014197581, -0.0019866403, -0.012928731, -0.0038902604, -0.011154406, -0.0033590605, 0.009565637, 0.0010262271, 0.013092595, -0.009615656, 0.0032185384, -0.012236617, -0.0049969186, 0.010483649, -0.0029821696, -0.0069335233, -0.009226619, 0.015583898, 0.022803785, -0.0037082422, -0.007015049, -0.0021839782, -0.0075655314, 0.014035948, 0.0010803189, -0.00016103043, -0.0062777014, 0.011135588, -0.010667218, -0.009162935, -0.0028322067, 0.0036684826, 0.013958981, -0.013070305, -0.013543875, -0.0020822573, -0.005392002, -0.004446009, 0.002131221, 0.00299326, -0.014399035, -0.00827158, 0.0070073353, -0.0035544226, 0.0064365524, 0.0017628635, -0.0065619014, 0.0034960029, 0.008215368, -0.021468345, 0.019809773, 0.005319331, -0.03296084, 0.009761799, 0.0058281706, -0.011518594, 0.0014240714, 0.0030313365, 0.0041076066, 0.006623597, 0.010328238, 0.0025744387, -0.0132246, -0.0020152205, -0.0067043076, 0.013844947, 0.012445071, 0.015179273, -0.0051954314, 0.0053574527, -0.027205018, -0.001400144, -0.013122864, -0.03196811, 0.0023621016, -0.00523965, -0.0064600497, 0.007843702, 0.026196668, -0.003208805, -0.0026782998, -0.007488309, -0.011608393, -0.014438779, 0.008536461, 0.0044215107, -0.0012934008, 0.00018620862, -0.010950512, 0.0019348611, -0.0010601366, 8.218585e-05, 0.008522025, -0.008996234, -0.016668316, -0.02188326, 0.0099751735, -0.029325018, 0.008446087, -0.0025851799, -0.0016544086, -0.005057406, 0.00051766075, -0.0064783883, -0.008088025, 0.0015711369, -0.00083073636, 0.008272788, -0.037240136, 0.009411867, -0.0037156392, 0.014586936, 0.014709375, -0.0022743747, 0.0055185314, -0.0043082032, -0.008506642, 0.01411038, 0.0018926761, 0.018108044, -0.0023271195, -0.004299485, -0.016884498, -0.00911638, -0.0051952642, -0.006779517, -0.010202748, -0.008270932, -0.0012026527, -0.0021578993, 0.003537803, 0.011935029, 0.0029702927, 0.0010056846, -0.012002838, -0.00047603258, 0.0011860313, -0.001686783, -0.012673914, 0.0035509642, -0.0015459448, 0.014365001, -0.005253091, -0.0030114376, 0.0005453648, -0.00648043, 0.00461199, -0.0031311444, 0.007317526, 0.0021609962, -9.681465e-05, 0.009926439, 0.0061172503, 0.0005101869, -0.00410185, -0.0035062404, -0.007316038, -0.012354238, 0.0020339275, 0.019693801, -0.014539191, 0.0037182297, -0.0020550243, -2.4433248e-05, 0.025163818, 0.005519621, 0.01468433, -0.00028893971, 0.018602474, -0.0026419216, 0.005611766, -0.016135871, -0.018005775, -0.0046117683, 0.0047532762, -0.008623584, -0.00075811986, -0.0022717083, -0.001763145, -0.011922007, 0.00052711525, -0.021098264, -0.0028992912, -0.011924215, 0.019562269, -0.0033033523, -0.0114041185, 0.030623944, -0.0012518503, -0.0012311657, -0.0020728395, -0.02307615, 0.009009155, 0.008326354, -0.0050203134, -0.023786468, -0.028589433, 0.017871648, -0.00061347766, 0.0035999513, -0.0053987983, -0.014415431, 0.008712143, 0.009626133, 0.008573039, 0.006793006, 0.0070697637, 0.02260065, 0.0054837195, -0.0036391416, 0.002430582, 0.008397943, -0.014202833, 0.013885412, -5.789977e-05, 0.003365538, 0.008632546, -0.0055953925, -0.029935787, 0.023410121, 0.015082456, 0.007410118, -0.00043111888, 0.0062521035, 0.0032764124, -0.018739324, -0.00081232615, 0.01613941, -0.0053524994, 0.025744826, 0.0020543595, -0.016980506, 0.003974321, 0.0026808565, -7.753751e-05, -0.0077406666, -0.001663582, -0.014001546, -0.007063014, 0.004887171, 0.03219043, 0.0064196703, -0.0140536735, 0.0021253414, -0.003973947, -0.02619184, -0.0070877657, -0.0170371, 0.027146533, 0.00927715, 0.0037088892, 0.010783918, 0.0027679324, -0.017704211, 0.0052528805, 4.0701223e-05, 0.012287426, 0.00042922513, -0.008319054, 0.00023584368, -0.0010859425, -0.012890581, 0.0067549697, 0.003915041, 0.004115107, 0.01272524, -0.0023017917, -0.0073137037, 0.00069613964, 0.013668352, 0.00011068207, -0.0011969924, 0.019619534, 0.011664753, 0.0056653298, 0.0024117355, 0.024708431, -0.0118700545, -0.019147312, 0.0052013304, 0.012359882, 0.025324909, 0.020635815, -0.016691701, -0.012006206, 0.02014548, 0.004466324, -0.0005281589, -0.0025220602, -0.0063140886, 0.0071865516, 0.00038404544, -0.0022808115, -0.0021855591, 0.0037851494, -0.0024442072, 0.0011796453, 0.0035107152, 0.014878853, 0.007346842, -0.006911587, -0.005906684, -0.0005580241, 0.0061205365, 0.0073306393, -0.009743429, 0.017570388, 0.0044180453, -0.009384789, 0.0031381734, 0.0034631519, -0.008419977, -0.015472126, -0.075243756, -0.0059478935, -0.00846428, -0.0013735559, 0.011605648, -0.021059819, 0.011774697, -0.01669055, -0.013254042, -0.008104418, -0.006197041, 0.0010478734, -0.015322457, 0.0069407783, 0.0025369911, 0.008897437, 0.011477178, -0.016824322, 0.025346119, -0.0053688535, -0.014063203, 0.0039603184, -0.0071256985, 0.0066900775, -0.012549553, 0.013054374, -0.003506641, -0.007686954, 0.017206768, 0.0079543, 0.00956449, 0.005861859, -0.007777912, 0.005769181, 0.015571257, 0.011239198, -0.0067871967, 0.012010389, -0.1385751, 0.0074818176, 0.003552489, -0.005911618, 0.0010805932, -0.007200536, 0.011860833, -0.0011961203, 0.019651663, -0.015112672, -0.011259375, -0.0005016277, 0.0130895525, -0.013489274, 0.00037393128, -0.009001926, -0.006985868, -0.006244691, -0.002031263, 0.016197303, -0.0071736686, 0.019428235, 0.0034633332, -0.007300019, -0.008882958, 0.00075436436, 0.0062820814, 0.009487157, -0.00960836, -0.006775709, -0.020458987, -0.015542849, 0.026020532, 0.01106473, 0.012788842, -0.0015198434, -0.0062931944, -0.013280895, -0.0021685765, -0.0057229395, -0.00027328212, -0.0060994807, 0.022256985, -0.0077992636, -0.0034137848, -0.010833036, -0.008608329, -0.00040742438, 0.00028397545, 0.005925157, 0.010256885, -0.0012108912, 0.0063660997, -0.018503599, 0.009182695, -0.007322055, -0.011914788, -0.0014791705, 0.00526733, 0.00049623335, 0.0025274577, -0.012694839, -0.0013497105, 0.004407123, 0.0010192265, 0.0046904753, -0.0060079764, -0.0098083215, 0.013075199, 0.00804044, -0.008823343, 0.006358455, 0.0076776524, 0.021832028, -0.005891527, 0.003860828, 0.017984489, -0.013337406, 0.0237909, 0.002923167, 0.0029551296, -0.014023043, -0.029417941, 0.01000734, 0.0030868389, -0.0033990983, -0.0007194679, 0.010027679, -0.006803929, -0.041803915, 0.0030635835, -0.005686956, 0.008346732, -0.00424739, 0.0033516053, 0.01588649, 0.00372194, -0.010733495, -0.005100475, 0.018058628, 0.012460396, 0.009585502, 0.015735926, 0.010595601, -0.00089445926, -0.0015560322, 0.0058473093, -0.025222247, 0.009083429, -0.014336154, 0.0025714962, -0.010312853, 0.0048762667, 0.0050213146, -0.028246723, 0.011196972, -0.012903764, 0.0069322377, -0.010133997, 0.01591059, 0.0016301603, -0.005140744, -0.0011259699, -0.0017553695, -0.0034106176, 0.021750983, 0.012172944, 0.0017700953, -0.017698651, -0.00052016124, -0.0032269638, -0.0016306702, 0.0043680854, -0.019681886, -0.0023318662, -0.017499315, 0.018215293, -0.014035069, -0.014941453, 0.008146926, 0.028193576, 0.00048910436, 0.009812114, 0.020756122, 3.9080227e-05, 0.00058700726, 0.011776989, -0.008336832, -0.005556735, 0.0119569525, -0.027191576, 0.015528219, -0.016300661, -0.007660682, 0.0072690714, 0.0071832095, -0.012387933, -0.0028875254, -0.007496947, -0.0028334635, -0.01034798, 0.012319335, -0.003047433, 0.0050652237, 0.007397807, -0.0016879942, -0.012412868, -0.022604683, 0.021301832, 0.02285361, -0.004480573, 0.020274555, 0.009606086, -0.015366449, 0.004824647, -0.007262519, -0.0057961126, -0.0022933623, -0.017132074, 0.013439775, 0.0040048575, 0.015015311, 0.012733118, -0.01720003, -0.002182894, -0.0023518268, 0.00012323324, -0.0071453294, 0.014908397, -0.00029426205, 0.0002988999, -0.013166809, -0.012835258, 0.0045647956, -0.017762996, 0.011746205, 0.0038490524, 0.000686822, -0.00466562, -0.00079955976, 0.023290744, 0.0031705182, 0.01328909, -0.16758172, 0.0041845, -0.0015684321, 0.0073048095, -0.0014368658, 0.004462537, -0.013189602, 0.0017988186, 0.016537745, -0.018450825, 0.00035461166, 0.0081996685, 0.005521202, -0.018674927, -0.00051778834, -0.0036695558, 0.010777828, -0.00076871837, 0.006640555, 0.008492944, -0.004372542, 0.029427728, -0.0072138677, 0.026380772, 0.029087199, -0.0056217965, 0.008843853, -0.007623258, -0.026567418, 0.010719058, 0.015891114, 6.941261e-05, 0.0042406037, 0.014381545, 0.011928604, -0.0044107814, -0.005048996, 0.007860127, 0.016065456, -0.0021454298, -0.008595876, 0.0038242233, 0.006260137, -0.0134593155, 0.004138695, 0.0029671108, -0.018872354, -0.023493605, -0.010749741, 0.00668629, 0.005766382, 0.0018238836, -0.0054324605, -0.006696869, 0.005906165, -0.02309382, 0.009522549, -0.00086377014, -0.0028492045, -0.0028638118, -0.02741205, -0.0016848197, 0.016058933, 0.014107236, 0.033870116, -0.0029489617, 0.013597707, 0.1387614, -0.028883364, 0.0041747238, -0.01792383, -0.007870223, 0.034921862, 0.010325471, 0.0017864802, -0.016358398, -0.005350647, 0.02997113, 0.001964043, 0.026330346, -0.03062498, -0.009232016, 0.011431671, -0.007060748, 0.004938902, -0.025441717, -0.006906592, -0.018679084, -0.016230583, 0.004500631, -0.019606527, 0.0082929805, -0.014988222, 0.011242913, 0.023012806, -0.002565558, 0.021097558, 0.020103993, -0.0066499286, 0.0007076044, -0.014923981, -0.0036315664, -0.008012873, 0.016882565, 0.010767423, -0.010091756, -0.0050163646, 0.012717715, -0.0012529952, 0.0013873338, -0.022483112, 0.020499242, -0.01639578, -0.022619769, -0.020196458, 0.0019495238, -0.00425644, -0.02929854, -0.006719793, -0.018205775, -0.01599436, -0.005974231, -0.018537205, -0.0047538006, -0.023587689, 0.00778171, 0.011675403, 0.0060170568, 0.024336852, -0.027371205, 0.006600179, -0.0013361678, -0.0039596814, -0.0067158756, -0.02305943, 0.004350353, -0.101741605, 0.02059067, -0.028801167, -0.014289254, 0.0018301989, -0.015908336, 0.015527851, -0.01945467, -0.015145679, -0.0038178856, 0.014866645, 0.021205049, 0.0056853523, 0.011404335, -0.0046275137, 0.0061509805, 0.0055408236, 0.01749912, 0.0077163554, -0.016403753, 0.017976733, 0.016811816, 0.0053064018, -0.008032465, 0.013116679, 0.025225176, 0.02440827, 0.001798878, 0.00964089, 0.0078426115, 0.00208101, 0.00065743976, -0.010731139, 0.0010582135, -0.022987667, 0.010100818, -0.0010293141, -0.008579235, -0.02821521, 0.007715085, 0.014078783, -0.006465117, 0.011525927, -0.0131650055, -0.002086085, -0.020394236, 0.0004310978, 0.030910507, -0.001541595, -0.00038993778, 0.006266811, -0.0075137266, -0.0015744648, -0.024624368, -0.009976165, -0.0030797676, 0.0020991755, 0.0011007985, -6.521278e-05, -0.0029754734, 0.013017659, 0.008929301, 0.028266478, -0.0009923707, 0.00805171, -0.01060388, 0.017852629, -0.004094835, 0.024507243, -0.012787553, 0.013831592, -0.03036609, 0.013877823, 0.026577847, 0.017703988, -0.00811686, -0.018388042, 0.00059845037, -0.025631212, 0.022973124, -0.0022699935, 0.008111675, 0.025968445, 0.036529843, 0.033601943, -0.0289278, 0.013795167, -0.011343758, -0.013899939, 0.012339426, -0.0043173702, -0.0010911803, 0.0018601496, 0.010988452, 0.005125508, 0.020879632, -0.010092347, 0.021268792, 0.014710038, -0.019648263, 0.024763636, 0.008293037, 0.011632311, 0.012771218, 0.012343966, -0.010654064, -0.030082984, 0.0050467774, 0.0066633057, -0.0050997417, -0.01891433, -0.020660054, -0.014654896, 0.024778562, 0.005660664, 0.014717908, 0.011187887, 0.007015184, 0.0047820923, -0.013992348, 0.014584942, -0.023454934, 0.012410197, 0.012359681, 0.014414462, 0.008390818, -0.019927049, -0.0014304735, 0.0039011384, -0.0071401745, 0.010316316, 0.008930226, -0.0022996953, -0.00010511084, 0.015295131, -0.027312968, 0.027596578, 0.0034930923, 0.03477146, -0.025235226, 0.0044243415, 0.015617716, 0.010773276, 0.00047749977, 0.012757741, -0.027433906, -0.013913464, -0.034466963, 0.009882771, -0.006927356, -0.01318732, -0.0045548454, 0.00051293266, -0.0059358054, -0.0035637536, -0.01847277, -0.0054500434, -0.011418907, 0.0048046024, -0.017311191, -0.008080288, 0.013703703, -0.006526313, -0.02638365, -0.0022411174, -0.022504471, -1.925818e-05, -0.0030875476, -0.031260602, -0.025682809, -0.013606826, -0.006059328, 0.02144584, -0.025160685, -0.023893131, 0.009270083, 0.0022517552, 0.015032676, 0.010496004, -0.05646834, 0.011031823, -0.012784846, -0.008326681, -5.4960692e-05, -0.0057721566, 0.0042003966, -0.0067757284, -0.008448335, -0.00088366633, 0.012887612, -0.03217186, -0.01043227, -0.018971061, 0.0105413925, 0.012501301, 0.003979091, 0.007550753, 0.028490325, 0.0013157293, 0.03543797, 0.021205636, -0.0071445727, -0.0062714885, -0.0058808844, -0.014102188, 0.0039307936, -0.009208803, 0.0025699227, 0.01855038, 0.006634042, -0.0030548777, -0.012037537, 0.0051634517, -0.006514808, -0.008807237, 0.01791593, -0.020269187, 8.883273e-05, -0.060771972, 0.0033376834, 0.0055836192, -0.031682912, 0.018855141, 0.020698925, 0.007520283, -0.0136480555, 0.0074926494, 0.013954305, 0.0064880787, 0.03441601, -0.018261228, 0.0029635315, -0.0051038796, 0.018605048, 0.00089549646, -0.009443518, 0.0007753939, 0.007383676, -0.011509355, 0.004114567, 0.0048795375, 0.01811966, -0.022380149, 0.022251792, 0.005312946, 0.002716041, 0.016106756, 0.0053941044, 0.029268509, 0.014416609, -0.021755226, 0.02127234, -0.020429388, -0.01228176, -0.02824929, -0.012015989, 0.012946896, 0.021654433, 0.015515066, 0.00797961, 0.0053666634, -0.005709066, 0.055030715, 0.0004852945, -0.011631044, -0.007007059, -0.09338284, -0.0046953196, 0.0028650283, 0.0029114315, 0.0013615979, 0.01281398, 0.0072746905, 0.016039593, -0.00084924686, -0.006239565, -0.015578474, -0.015142122, 0.01042945, 0.012188134, -0.0008226702, 0.01483213, -0.015658367, 0.017588882, 0.007956567, 0.0010912106, 0.038581762, 0.003945023, 0.005076302, 0.030937063, 0.009958386, -0.033719044, 0.007756403, 0.013404928, 0.005292505, 0.009821734, -0.0023945726, -0.004124165, 0.0059297658, -0.018509902, 0.017045055, 0.010809083, -0.0024728295, 0.0016110551, -0.0093414355, -0.008708457, 0.0053542964, -0.0029643585, -0.004289843, 0.0103375185, 0.02118251, -0.011319051, 0.00076522154, -0.0032285254, -0.015863586, -0.014767622, -0.0133609185, -0.03448528, 0.01019948, -0.006121758, -0.005701337, 0.018612694, -0.014548408, -0.002557239, 0.01726382, 0.023968384, -0.013019638, 0.017024545, -0.011008243, -0.012266325, 0.003779959, 0.006466784, -0.023752555, -0.017330512, -0.020607093, 0.036486123, 0.015730109, 0.0050908006, -0.0063410895, -0.01482854, -0.019210598, 0.005532084, 0.003238021, -0.00064027705, -0.033716004, 0.003159669, 0.034017775, 0.01080783, -0.002983981, -0.004124678, 0.00065169425, -0.0073292186, -0.0034697368, -0.029717289, 0.016960055, -0.009630608, 0.0023528156, -0.012472895, 0.007043726, 0.000848332, 0.021022731, -0.0017813239, -0.004844282, -0.0012160013, 0.009612638, -0.025884686, -0.011254937, -0.014159628, -0.024685992, -0.000120544544, 0.007525638, 7.065711e-05, -0.0014113296, -0.0061919293, 0.005990159, 0.014472771, 0.015443987, -0.0027569828, 0.0020903165, -0.0098583745, -0.02122069, 0.009123749, -0.005498454, -0.0027805485, 0.017083097, -0.025516959, -0.00907707, 0.0038819008, -0.027649743, -0.006785441, 0.0013576772, 0.010016226, 0.01326321, -0.0064184153, -0.03392227, -0.01924631, -0.026429048, 0.020303605, 0.0024558285, 0.022431659, 0.02173781, 0.00980618, -0.008957671, 0.005806592, -0.0136192795, -0.006905601, 0.006628531, -0.009003535, 0.0067350175, 0.021502698, 0.012498323, 0.016663972, -0.023483794, -0.016900774, -0.020392207, -0.021272993, -0.0043296833, 0.015459763, 0.001142291, -0.023720032, -0.02140122, 0.00857743, 0.010666859, -0.012976099, 0.022727437, 0.011670707, 0.029060971, 0.0068451185, 0.0011595278, 0.0027923281, 0.009648347, -0.0007014742, -0.01019636, 0.0034833145, 0.02046152, -0.018944507, 0.016460922, -0.010502999, -0.0002934227, 0.0014296268, 0.026456596, -0.026263831, 0.0068370816, 0.012805026, 0.012888153, -0.023331596, 0.00398341, -0.00084474956, -0.016031632, 0.011870071, 0.00899388, -0.006694266, 0.009467715, -0.018029928, 0.009464589, 0.008001013, 0.017118404, -0.010536584, 0.018622197, -0.0049482146, -0.02167153, 0.016290018, -0.04326632, 0.009520292, -0.006747944, -0.003665397, -0.0004990918, -0.01900069, -0.0054062475, -0.031217422, 0.0023003505, 0.023570053, 0.0071466095, -0.00040589183, -0.01345788, 0.0047475104, -0.010580325, -0.02238191, -0.0037188176, -0.005372494, -0.008443586, -0.0054391194, 0.009042478, 0.014903672, 0.021316899, 0.010220071, 0.024764404, -0.02007437, 0.011739288, 0.026296409, 0.014247465, -0.01905593, -0.010432476, -0.0073025175, 0.0043741358, 0.0025922745, -0.010105508, -0.011398416, -0.0005053617, -0.009244033, -0.003661575, -0.005231502, -0.02953227, 0.033074662, -0.0014356542, 0.0015044698, 0.0122781815, 0.003652722, 0.004910675, -0.01250612, -0.015068607, -0.016682582, -0.004685198, 0.0064319223, 0.0029438564, -0.010533299, -0.0153802745, -0.013854329, -0.0045359386, -0.012785567, 0.023276936, 0.0074386992, -0.00089422363, -0.012177453, -0.0017091607, 0.00035490977, -0.0084032575, -0.0023906413, -0.012612711, 0.011915157, -0.028340545, -0.025100512, -0.0016316663, 0.01750184, -0.019241355, -0.008393422, 0.0010956087, -0.025878271, -0.028263377, -0.016234618, -0.00078756484, 0.0062425574, -0.004944168, 0.015016243, -0.018794803, 0.021379266, 0.015622293, -0.014887482, 0.023060145, -0.007133008, 0.018885802, 0.0030688262, 0.011347587, -0.0062670573, 0.005505347, -0.0028090815, 0.004281272, -0.008772636, 0.007672989, 0.019599361, -0.024822783, -0.0054343655, 0.024597187, -0.005383066, -0.0063650385, -0.0021987704, 0.021956326, -0.00049703266, -0.019196384, -0.018585369, 0.0077531855, 0.023604678, 0.029185584, -0.017744344, 0.006012844, 0.0006479094, 0.011905978, -0.0060713952, -0.012218823, -0.005541111, -0.017387075, -0.025511276, 0.0014405511, -0.02017562, 0.007938283, 0.032060303, -0.0001495001, -0.016540142, 0.028560694, -0.00046552287, -0.0016567786, -0.00069249637, -0.0052541895, -0.0047560274, 0.026814543, 0.004213392, -0.0030986075, -0.0047922353, -0.017534984, -0.018940492, 0.009278831, -0.012697283, 0.015559739, 0.018438743, 0.0022307294, -0.024093902, -0.015718961, 0.024653673, 0.01559534, 0.0066246507, 0.022165753, 0.0021497603, -0.014862384, -0.008411728, 0.01716525, -0.0019794323, 0.013898277, -0.008172651, -0.0021210557, 0.011311866, 5.7428802e-05, -0.008849088, -0.0053412374, -0.010770068, -0.015722044, -0.018711288, -0.012634614, -0.009516437, -0.00900634, 0.006400473, -0.010299617, -0.011421889, -0.012912624, -0.03515774, 0.0020572192, -0.0148022035, -0.004816767, 0.00029783524, 0.0017402079, 0.016907303, 0.008062892, 0.002941497, 0.022348927, 0.013909304, 0.00020496052, -0.024516309, -0.007898161, 0.015129521, 0.0115911, -0.0038978814, -0.013948259, 0.019757036, 0.012087992, 0.015210626, 0.0063278116, -0.012742351, -0.013910685, -0.014129743, 0.0152411405, 0.009055139, -0.011705443, 0.0031198622, -0.004005714, -0.03751535, -0.0072943685, 0.03017277, 0.009537397, -0.007181623, -0.0015931225, -0.002096919, 0.015836976, -0.01493898, 0.0003756248, 0.01655856, 0.021408474, 0.003914613, -0.018156864, 0.0104765175, 0.01248156, 0.007637034, -0.016658027, 0.011529483, -0.010848969, 0.007812998, -0.017417006, -0.016575992, -0.005995335, 0.022131559, -0.00924353, 0.006444588, -0.0039505092, 0.015652684, -0.020882972, 0.015756257, 0.009113698, 0.0058924165, 0.0006529751, -0.014579421, -0.007304028, -0.008827378, 0.020354997, -0.0013094468, -0.023831941, 0.0030367856, 0.010302669, 0.00016128736, -0.0033617916, -0.005216203, 0.010010211, -0.01672756, 0.017147023, 0.018201755, 0.008011286, 0.015880523, 0.021396188, -0.0022807925, 0.012913144, -0.0075257346, -0.0014854782, 0.009377127, -0.008004503, -0.0030567935, 0.008892245, -0.0043336833, 0.023058003, 0.0036434724, -0.017439995, -0.0018439313, -0.0058833496, -0.012026474, -0.042602453, -0.023123497, -0.011300191, -0.022480896, -0.024091989, -0.01909839, -0.025389915, -0.001883503, -0.038585432, -0.0040073814, -0.006411552, -0.008483582, 0.004167191, -0.019016376, 0.023025198, -0.014646859, 0.026994595, 0.014156168, 0.00529864, 0.02328841, 0.014669542, -0.008735995, -0.0028431318, -0.026626749, 0.013899711, 0.0076892506, -0.0052689523, -0.009585506, 0.0066928295, -0.0010456585, 0.008922617, -0.007967326, 0.013692017, 0.010383666, -0.016790299, -0.012804495, 0.011649846, -0.007972668, -0.0016957168, -0.0136403255, 0.016478311, -0.00044840333, 0.0041890233, 0.0039571114, -0.017525038, -0.038034264, -0.023637382, 0.0038023347, 0.0017388288, -0.021015774, -0.007890698, -0.006411405, -0.0060591097, -0.010508834, -0.0040640016, 0.008840602, 0.0033070052, -0.017737526, -0.0013799233, -0.0030017984, -0.0033216807, 0.0047609303, 0.010121795, 0.035849378, 0.0027472363, -0.00023195881, 0.028715862, 0.008585409, 0.002329545, 0.011061609, 0.009538212, -0.0026637996, 0.003047623, -0.021271532, 0.006732624, -0.0038696544, 0.009525217, 0.008068301, -0.0034587223, 0.0033317863, 0.020767037, 0.019797824, -0.01109502, 0.014118541, -0.014692863, 0.001908788, 0.010585974, -0.015821138, 0.014254722, -0.026741419, -0.018265296, -0.015670275, -0.00042012875, -0.026117677, 0.020315234, -0.010214938, -0.0049502426, 0.014318027, 0.0039687697, 0.031173907, -0.01157939, 0.0021834057, 0.001684389, -0.006431716, 0.005502341, 0.005036548, -0.024953628, -0.00077511114, 0.015449997, -0.013918893, -0.007977105, 0.007990436, 0.0012428629, 0.0007241031, -0.0020414067, 0.024864176, 0.0026590622, -0.00468237, -0.006502164, -0.004506964, 0.0068267584, -0.0009625368, -0.009492641, -0.0019656157, 0.0022836158, 0.0022768143, -0.008325911, -0.021918865, 0.010347647, 0.0026022098, -0.0024509334, 0.021071685, 0.006085689, 0.00087809056, 0.012408274, -0.023330875, 0.008698621, -0.008592142, 0.010168022, -0.027876819, -0.020837944, -0.012512293, 0.0045313723, -0.0041954266, 0.015848834, -0.021253757, 0.014328933, 0.045646515, -0.008578584, -0.028103124, 0.006728812, -0.00528363, 0.00680078, -0.005919495, 0.012917236, -0.008062927, -0.005885876, 0.0054986915, 0.0019914801, -0.019324416, -0.005737425, -0.003356863, 0.0067897383, 0.02187279, -0.024654971, -0.010445343, -0.003906976, 7.656297e-05, 0.007939498, 0.015580482, -0.02765386, -0.0034150984, -0.004375496, -0.02049222, 0.010555186, 0.0017947276, -0.006114803, -0.010479559, 0.008751766, -0.0029973951, 0.012193945, 0.0027260147, -0.010509729, 0.00446961, -0.0028823398, -0.019669954, 0.018780522, -0.009659895, -0.010915606, -0.01314096, 0.003227997, 0.01797792, -0.007572792, -0.011743613, 0.030618826, 0.0341418, 0.01174202, -0.012813536, -5.9371323e-05, -0.009411504, -0.0029781032, 0.00084411824, -7.464142e-05, -0.011394328, 0.0049142977, -0.006309012, 0.009042313, -0.031099206, 0.00441843, 0.007009193, -0.00023359238, 0.023695141, -0.010097325, 0.01099836, 0.005740991, 0.0039559044, -0.03030139, 0.028407196, -0.0040598563, -0.017465914, 0.007325331, -0.0013440767, 0.1688242, 0.13132629, 0.0016550776, 0.019735467, 0.01810409, -0.0015704551, -0.027557466, -0.017775917, -0.0019797704, -0.011951426, -0.025461338, -0.000545491, 0.017517786, -0.008526642, -0.011433693, 0.007919151, 0.007269266, 0.0123240845, 0.0006719733, 0.011437807, -0.0038191488, 0.017204415, -0.010563306, 0.0036509894, -0.018795667, -0.008883265, -0.0138171185, 0.010303114, -0.001667811, -0.017081104, -0.015295099, -0.017892558, 0.008481726, -0.01930312, 0.03471912, -0.0035464666, -0.022532098, 0.012979164, -0.014951475, 0.0037986494, 0.0063316417, -0.0057622083, 0.003943673, 0.005097843, 0.009095082, 0.017615877, -0.005203208, 0.009267154, -0.010261785, 0.0135621205, 0.0050240867, -0.0009310762, 0.019666623, 0.0053773695, -0.017043097, -0.006627875, 0.013403269, 0.012136811, -0.0013718611, 0.0137392115, 0.010160512, -0.007185887, -0.011661365, 0.01965374, -0.024521813, 0.03327644, 0.0065558963, 0.015049258, -0.003910058, -0.026057549, -0.006445988, 0.020455772, -0.0031799574, 0.0069965515, 0.0010059752, 0.01473922, 0.0057781176, -0.012847609, -0.009838266, 0.010664215, -0.00045476967, 0.01575987, -0.0068874476, 0.015870616, -0.0070135584, 0.0003544264, -0.018064339, -0.007261182, 0.11480538, 0.007350728, -0.0045051384, -0.016771594, 0.006333937, 0.011572351, 0.004759318, 0.08529055, 0.021078976, -0.003769823, 0.000669754, -0.019386046, 0.0044849287, -0.009767027, -0.003059371, 0.016846824, 0.0015200578, 0.05103101, 0.010398753, 0.013135006, -0.023798613, -0.0038758279, 0.0006816832, 0.014975687, -0.00065412244, -0.0148162665, -0.0059690243, -0.018044693, -0.009752792, -0.010166662, -0.09230027, 0.007676975, -0.016479421, -0.022362141, 0.028932909, 0.016440662, -0.018864047, 0.013101648, -0.008426415, 0.006043695, -0.014779756, 0.0027183136, 0.010308702, 0.0020181215, -0.01038349, 0.0013208144, 0.009099887, -0.0074979668, 0.0008687894, -0.0052618994, 0.01765449, -0.0020408945, -0.011218554, 0.007890206, -0.00017496043, 0.008353908, -0.029587135, 0.008927501, 0.0018333296, 0.021051874, 0.0038618601, -0.00972276, -0.025641037, 0.019706927, 0.010355046, 0.010843907, 0.013014267, 0.017899888, -0.018935135, 0.008263158, -0.019559126, -0.015817743, 0.009058143, 0.0055820094, 0.033559766, -0.016190236, 0.002692902, -0.0007541817, 0.0049893125, 0.007891711, 0.009209969, -0.01752083, -0.010108306, 0.014817926, -1.4427095e-06, 0.0071089338, 0.016223874, -0.008941544, -0.00051484664, 0.018689908, -0.010805012, 0.0011230012, -0.014427413, 0.0101472195, -0.016958209, 0.004535399, 0.0078108646, -0.012303752, -0.0039006216, -0.017883988, -0.018351868, 0.014147993, 0.0120917605, -0.011521474, 0.0076166126, 0.0033154886, -0.025902977, -0.019906769, -0.0113997655, 0.02317571, 0.021027457, -0.013080354, -0.0056132255, 0.110937536, 0.0034285942, 0.015680088, -0.01671458, -0.011591281, -0.010608187, -0.016278056, -0.028829254, -0.004472926, -0.017072778, 0.0036493032, -0.009590932, -0.007967976, -0.023709552, 0.012320514, -0.0031999163, -0.0034525865, 0.010504467, -0.0008407675, 0.0043359366, 0.0045545525, -0.016832296, 0.015804894, 9.6454234e-05, 0.0044504055, -0.0026382168, -0.008286946, -0.0022607858, -0.0027967957, -0.013029184, 0.0038923176, 0.004344421, 0.008985807, -0.0014440711, 0.011503564, 0.0038251244, 0.007939403, -0.015621542, 0.0034118716, -0.0140251275, -0.0110182045, 0.010113218, -0.004954679, -0.015551334, -0.021340124, 0.19640325, -0.0016670336, -0.0060365605, 0.00741108, 0.02105807, -0.021320742, -0.006364912, -0.009870011, -0.014856597, 0.0005115913, 0.03800036, -0.004813381, 0.0109351035, 0.0064064926, -0.008627973, -0.00056467706, 0.026440773, 0.0037797447, -0.032700695, 0.0035108589, -0.0031984362, 0.015975628, -0.008988793, -0.0066224253, 0.017810822, 0.0031879824, 0.020036906, 0.0017159049, 0.0035614846, -0.001611718, 0.009182278, 0.015791742, 0.026065564, -0.020294622, 0.0135576315, 0.020096611, -0.0073343203, -0.021709679, -0.011847007, -0.009861703, 0.004134887, 0.01222028, -0.017800925, 0.0101482, -0.0126009425, -0.006208942, -0.012884879, -0.0025771537, 0.0081614675, -0.02340651, -0.0028240322, 0.008707791, 0.011804227, -0.0074735065, -0.019611185, 0.013779539, -0.011626508, 0.007208316, 0.012234006, 0.004157016, -0.0020044849, 0.006788093, -0.027460318, -0.007731379, 0.017675268, -0.013861799, 0.0023041181]"
Mariana Perez aborda el dolor de la violencia en muestra textil “Hilos de Sangre”,https://oem.com.mx/elsoldetlaxcala/img/25509125/1756734567/BASE_LANDSCAPE/500/image.webp,CULTURA,La exposicion se encuentra abierta al publico durante septiembre en el Palacio de Cultura ,https://oem.com.mx/elsoldetlaxcala/cultura/mariana-perez-aborda-el-dolor-de-la-violencia-en-muestra-textil-hilos-de-sangre-25509152,"[0.04863665, 0.0014267036, 0.0321178, -0.054065075, -0.02916171, 0.028141212, 0.021491384, 0.011459672, -0.015711186, 0.0265768, -0.010848866, -0.008595215, -0.010457483, 0.018287675, 0.11168763, 0.0022817387, 0.02751425, 0.0005615706, -0.005368415, -0.010692634, -0.016803952, -0.062061604, -0.019211167, -0.029158663, -0.0005924285, 0.009121035, -0.014558449, -0.009235116, -0.004855252, -0.0046200175, 0.0029745316, -0.02138602, -0.0030171322, -0.017479183, 0.021102743, 1.4242821e-05, -0.002020072, 0.0030714292, -0.005179114, 0.023710089, 0.008937177, 0.010393908, -0.012219654, -0.018604284, 0.031367417, -0.0117816115, 0.01923277, -0.023760205, -0.0019931956, -0.011506895, 0.022675669, -0.009848647, 0.0042373654, -0.17439093, 0.0037095349, 0.02213021, 0.027647814, 0.012189388, -0.0062741316, -0.0132263545, 0.002602206, 0.022389254, -0.0058106254, -0.02212048, -0.0040608766, -0.007716115, 0.006316623, 0.021017285, -0.023032537, -0.00469168, -0.004762305, -0.012540314, -0.0034604364, 0.017665252, 0.01653231, 0.018451467, -0.020403039, 0.011979475, 0.0028096589, -0.00012354965, -0.005680083, 0.0073566735, -0.0069641145, -0.018060412, 0.0040304638, 0.006208548, -0.012803788, 0.020218724, 0.0009777572, 0.017145516, 0.0023264461, 0.030047644, 0.027227178, -0.00998723, 0.01751328, -0.010659214, 0.025175478, -0.0073361336, 0.0014677384, -0.020800343, -0.029442651, -0.014950581, -0.0019798477, 0.018970417, -0.015625514, -0.02832405, 0.014389253, -0.0074344603, -0.018366119, 0.027958874, 0.0032584958, 0.019295087, 0.0037881953, -0.0041008075, 0.012397076, -0.13029669, -0.010018469, -0.01648319, -0.011735747, -0.0033981893, 0.0015073202, 0.0046401876, -0.00019548472, 0.033071, -0.008690673, -0.031199934, 0.0019382008, 0.0113516245, -0.0009175964, -0.012970025, -0.0005624694, 0.007723085, 0.02698257, 0.032260004, -0.01379483, -0.005301339, 0.0017497448, -0.013840051, -0.02521069, -0.030966498, -0.024168527, 0.012968385, 0.0036710661, -0.011461691, 0.013647661, 0.028443933, 0.003540915, 0.015809212, 0.01806678, 0.00521573, 0.0068328413, 0.01838487, -0.0027138654, -0.007837143, 0.0011270645, 0.002264591, -0.00018399845, 0.025407374, -0.0045712227, 0.017898615, 0.007759676, 0.0047816853, 0.0042568077, 0.04703095, -0.01037063, 0.054721326, -0.0069965175, 0.01911524, -0.0032345345, 0.01867789, 0.017473353, 0.0023892995, -0.010248738, -0.0005349033, -0.01037156, 0.039881095, -0.023996992, 0.0069509544, 0.0070030983, 0.022072755, -0.014295706, 0.037576012, 0.01061845, 0.039406665, 0.012894049, -0.022897528, 0.004805898, -0.015440563, 0.023880685, -0.008429789, -0.022990352, -0.009978736, -6.7020614e-05, -0.022056853, -0.012701865, 0.003665753, -0.003972781, 0.005504915, 0.015544088, -0.004614958, 0.03029842, -0.011668642, 0.0061088474, -0.013651041, 0.0030245162, 0.0079773, -0.02780159, 0.0027474605, -0.0066339197, 0.0024943338, -0.02396452, 0.012487128, 0.010090553, -0.015221194, -0.00010941757, -0.02369051, -0.0006909843, -0.01203433, -0.017196136, -0.025704859, 0.020438306, -0.0012020199, -0.019185176, 0.024483753, -0.007215405, -0.02311217, -0.022735538, 0.012284094, -0.004314863, -0.0111206705, 0.00067612145, 0.025286617, -0.015566221, 0.007835068, -0.020780258, -0.008106328, -0.012625495, -0.021219783, -0.015964633, 0.012231674, 0.013116052, -0.023582872, -0.008998147, 0.009962729, -0.002086698, 0.020213842, -0.037155773, 0.006696597, -0.017962439, -0.014598448, 2.4447087e-05, -0.002249805, -0.030340152, 0.0107885245, 0.018553115, 0.010101041, -0.0077127167, 0.020296166, 0.00022542915, -0.031852897, 0.002108897, 0.006551515, 0.017388973, -0.0026278293, 0.01551455, -0.0021985979, 0.0072838957, -0.00464343, -0.011621674, 0.00075731974, -0.010822643, -0.021145439, -0.0062807268, -0.011841578, -0.032229297, 0.00560289, -0.090607196, 0.014804594, -0.00083011715, -0.029889762, -0.0042663524, 0.01421069, 0.017853932, 0.002376324, -0.003490949, 0.0018990303, -0.003465797, -0.025410162, -0.019863544, 0.008322104, 0.015314128, 0.004376672, 0.011877032, 0.02199625, 0.01002953, -0.0381532, 0.0056522917, -0.007528368, 0.017006049, 0.002485976, 0.0066262386, -0.021131294, 0.00793929, 0.020728776, 0.030024447, -0.027877763, -0.0074989833, -0.00799395, -0.01819056, 0.02472808, 0.020620553, -0.0003128855, 0.004332549, -0.014561483, -0.029075736, -0.0188349, -0.013830505, -0.02525508, -0.004186384, 0.04228293, -0.022662386, -0.009796461, 0.011430365, -0.025681896, 0.004174287, -0.012719896, -0.0010877685, 0.0024684845, 0.008148443, -0.0085632885, -0.009303335, 0.015457198, 0.013196158, -0.0025435495, -0.00032822212, 0.010063425, -0.013344629, -0.0080330605, 0.021690004, 0.011960532, -0.0013015603, -0.0075451382, 0.012036393, 0.016878888, -0.03134614, 0.034294885, -0.02184618, -0.03508328, 0.019038098, -0.02338727, -0.014636937, -0.0015137435, 0.047574505, 0.016005628, 0.0039244564, 0.0181565, 0.0031151555, 0.0040287757, -0.043402933, 0.01609226, 0.006346967, 0.00057165336, -0.017356424, -0.009728889, -0.029522067, -0.03300449, 0.012630785, -0.027827708, -0.041607615, 0.03182631, -0.0016081445, -0.019093886, -0.0037866517, 0.032456752, -0.013150297, 0.004289693, 0.0021657327, 0.008814995, 0.00059540186, 0.028383074, -0.0018802643, -0.034840122, 0.030699978, 0.010196806, 0.008090997, -0.02098262, 0.00714249, -0.005406688, 0.020297628, 0.010351384, -0.0050649173, 0.014027776, -0.0035369257, 0.0043650325, -0.033419833, 0.0118369395, 0.00043885497, 0.015093252, 0.0076637403, 0.004647361, 0.011149411, -0.002131583, 0.0046808757, -0.009973304, 0.0072595864, -0.0073212027, -0.010826729, -0.012764331, -0.012710257, -0.008880905, 0.03594535, -0.0018328091, 0.03258211, 0.020610977, -0.028704584, 0.016693773, 0.0063399477, -0.006786574, -0.019855484, 0.035913214, -0.0037886181, 0.0037530472, -0.029607238, -0.023200626, 0.022174237, 0.001969593, -0.030628527, -0.0014740821, 0.006559501, 0.008242462, -0.0090320045, -0.011645631, -0.0035979312, 0.0006564754, -0.009158218, -0.013685415, -0.0032166503, -0.010189853, -0.018853841, 0.014595936, -0.003086449, 0.0052880542, 0.0045736614, 0.007533541, -0.012427763, -0.00042259737, -0.010385952, -0.026178354, 0.0032098289, 0.017413165, 0.000599284, 0.0017338878, 0.013314367, 0.024135489, 0.021631032, 0.024111424, 0.003468622, -0.013161658, 0.0322723, -0.002653416, 0.013081391, -0.046625793, 0.02297242, 0.011611513, -0.011186611, 0.024723928, -0.009151761, -0.01741905, 0.009247717, -0.00033270795, -0.021823315, -0.008310492, 0.01697677, 0.032116238, 0.008471942, 0.0047317115, -0.007800233, 0.04917642, 0.006257829, 0.016255645, -0.007326865, -0.007685361, -0.017028078, -0.00081857987, 0.006093652, 0.0025794418, -0.015497165, 0.0152118, 0.013354115, -0.0015566617, 0.030239463, -0.00089920673, -0.0064386255, -0.004251163, -0.00652201, -0.02302274, 0.0031192729, 0.02265451, 0.018064454, 0.0053476896, -0.032039814, 0.003209281, -0.017929414, -0.0110533135, -0.021635769, -0.0040564234, -0.01171428, 0.0081080785, -0.008336663, -0.022957152, 0.00405514, -0.0057929796, 0.00091792824, -0.01649334, -0.04006716, 0.03116164, -0.006773385, 0.017837396, -0.013243303, 0.019740185, -0.015116594, 0.013162164, -0.02678444, -0.00023330661, -0.00642426, 0.0037765056, 0.011639966, -0.015470626, -0.015210276, -0.02562666, -0.019430587, -0.012881277, -0.0008842748, 0.0014444895, 0.010472992, -0.016754217, -0.006856188, 0.01823104, -0.0077201165, -0.017847631, -0.0010670029, -0.0133286435, -0.019158902, 0.005246099, -0.012183112, -0.05873266, -0.0188817, -0.011759895, -0.050671916, -0.015530412, -0.04924958, -0.0044281865, 0.0089189485, -0.0041303136, 0.021697974, -0.025675101, -0.022131205, 0.007856513, 0.008782734, -0.008237206, -0.02598749, -0.001479625, 0.009388996, 0.00032777592, 0.026483431, -0.0073143286, 0.018821988, 0.025010454, 0.010226981, -0.0013586638, 0.005713525, 0.014205758, -0.022212066, 0.012478016, 0.0290307, -0.023157027, 0.0052453354, 0.005726222, 0.0050225807, 0.026772656, -0.0077738077, -0.042710412, 0.0039206827, 0.0019734604, 0.022986991, 0.006981877, 0.0007010709, 0.0046210582, -0.009331092, -0.040624347, 0.024102224, -0.00067528524, -0.011074653, 0.0040566977, -0.0068228226, -0.003883065, 0.004674709, -0.007496743, -0.012333906, -0.018641887, -0.034592994, 0.0015827718, 0.0036833084, -0.017139364, -0.030538399, -0.029083898, 0.0030834018, -0.004513736, 0.008288331, 0.0025839803, 0.0033540886, 0.0124500785, 0.034165278, 0.017124528, 0.017267564, -0.014275767, -0.0021970028, -0.0090633435, 0.00060892117, -0.008919861, 0.024465475, -0.015410313, 0.027263667, 0.034646466, 0.012163406, -0.0417996, 0.024556637, -0.08643255, -0.0022777426, 0.013524621, 0.0019303176, -0.0046438966, 0.017823877, -0.005146231, -0.029275814, 0.0017168621, 0.030315744, -0.027478658, 0.014873713, 0.016187556, -0.020560995, 0.0018173486, 0.018622467, 0.016912406, -0.007950172, -0.010092329, -0.052923907, -0.024946777, 0.01612477, 0.0010565014, -0.034476377, 0.006650067, 0.009250806, -0.0001749388, 0.0023567686, 0.013534209, -0.04010768, -0.007551553, -0.14358397, -0.007886521, 0.03703813, -0.028015606, 0.009443418, 0.018739283, 0.0015006126, -0.023875145, -0.02179848, 0.009198149, 0.003295448, -0.021004168, -0.022271171, -0.014918854, 0.01739549, 0.120291, 0.01734582, 0.01545437, 0.008256796, -0.029614635, -0.0033263953, -0.02717908, 0.02653235, -0.038588688, 0.01933154, 0.0049562724, -0.0064987033, 0.016564863, -0.0024218326, 0.018005053, 0.0116168745, -0.020387763, -0.019582918, 0.03491303, 0.015461236, 0.017080989, 0.021639021, -0.004723906, 0.0039979015, 0.000833558, -0.00021992573, 0.029844066, -0.00702653, 0.021308392, 0.020616932, -0.022692686, 0.0015066762, 0.032544374, -0.005592854, 0.0031746991, -0.012820837, -0.0965991, 0.0027908143, 0.03179789, 0.0037187682, 0.005669796, -0.0010745262, 0.0066235336, -0.01445858, 0.009027806, 0.01937295, 0.021880278, 0.018122599, 0.0036670766, -0.02179488, -0.010647041, 0.016763896, -0.02066649, -0.0033148392, 0.011973334, -0.004055351, 0.004129739, -0.0037931856, -0.019591065, 0.010183199, 0.022050666, -0.015930746, 0.012067081, -0.006046262, 0.015613907, -0.0013978832, 0.016842656, 0.023078833, 0.011860556, -0.0036301324, -0.010928241, 0.03532995, 0.008487468, -0.010693034, -0.0024047028, 0.013210578, 0.012914591, -0.027693132, -0.0062161805, 0.019332694, -0.021322561, 0.010297536, -0.0009402011, 0.008247989, 0.0037966878, -0.015589141, -0.008834064, 0.0012050186, -0.013877831, -0.012737461, 0.00026794578, -0.0069425544, -0.021665307, -0.0023404364, -0.004949825, 0.0038368476, 0.0032080903, -0.010653611, -0.00824979, -0.010382512, 0.021008719, -0.001203817, -0.00462992, 0.0071219904, -0.013283715, 0.017858332, -0.014922398, -0.011193904, 0.008243245, 0.012333157, -0.0012014144, -0.027108157, -0.004124195, 0.0015177134, -0.0387996, 0.018798752, 0.006495861, -0.010708412, -0.0061824713, 0.0037361882, 0.01772625, 0.020193012, 0.0051083053, -0.0025952908, 0.00024543263, 0.024260389, 0.0030258286, 0.004033748, -0.015384086, -0.014129166, -0.016022699, 0.0024787507, 0.010477753, -0.00701056, -0.00468425, -0.0051722513, 0.0011829941, -0.007936958, 0.01804579, 0.007893365, -2.2526385e-05, -0.00033841323, 0.0072365794, -0.004702489, 0.003543733, 0.0074656825, 0.00030521234, -0.015853627, -0.006747016, 0.010325231, 0.0010547452, 0.019416159, -0.016390255, 0.008055568, -0.0070666824, -0.0025830895, -0.0028064873, 0.0008052897, 0.0023483303, 0.00091739383, -0.009687842, 0.0060754614, 0.008084339, -0.0027793502, -0.0012630716, 0.0049579865, 0.0006787517, 0.010864994, -0.0017167808, 0.003188575, 0.014769969, 0.0030022725, -0.012129107, -0.0032334046, -0.002832234, -0.023750214, -0.00928054, 0.018952005, -0.013169972, 0.005861188, -0.0018196468, -0.014743878, 0.0055707498, -0.009463926, 0.0034700257, 0.0047633047, -0.025537584, -0.021952387, 0.0003639129, -0.0025871554, 0.018504817, 0.0029997593, 0.008509173, 0.014374576, -0.004964768, 0.015383288, -0.0027846117, 0.003267567, -0.0067094266, -0.023583177, -0.009362217, -0.019342693, 0.00408005, -0.0037455661, -0.0019398939, -0.023434522, 0.008327091, 0.013002688, -0.010659708, -0.0010058982, -0.007055586, 0.0015991428, -9.69636e-06, -0.006242787, 0.0071015293, -0.0029513575, 0.0009771263, 0.0074511697, -0.018996738, -0.0062772073, -0.004307883, -0.004460882, 0.0042613787, 0.014469029, -0.013246198, 0.008760689, -0.0017910352, 0.008568418, -0.0044552027, 0.0002171667, -0.012378008, -0.00074404443, 0.0008265054, -0.002426813, 0.026624689, -0.008021193, 0.006382372, 0.016530307, 0.008290806, 0.007752833, 0.0019429324, -0.010237351, 0.020673865, 0.0068103042, -0.011066481, -0.00044499815, 0.005497107, -0.0025831626, 0.009267508, -0.0024539013, -0.0048475475, -0.008899455, -0.024510598, -0.0051809982, 0.016910242, 0.0017369258, 0.002350829, 0.00036830263, -0.0051327017, -0.011602647, -0.010070251, -0.017943215, -0.012022971, -0.014120783, -0.00034873548, -0.0075637363, 0.00019662148, -0.0083301375, 0.0053277896, 0.005461823, 0.007822269, -0.0037540463, 0.018107986, 0.0010625647, -0.016961897, -0.008753148, 0.004113624, 0.018911324, 0.0049531683, 0.002974096, 0.01222992, 0.008658421, -0.005249975, -0.0074277455, -0.0011110111, -0.004434985, -0.009073904, -0.0049872957, -0.020205393, 0.012990918, 0.0011126202, -0.0226137, 0.0015859187, 0.0020246117, 0.0064576054, 0.07919095, -0.015166465, 0.006515805, 0.026646502, -0.0040322, 0.009985622, -0.009592714, -0.014228329, -0.010667897, 0.0005663227, 0.009673362, -0.0005837699, -0.0075240755, -0.0033363437, -0.0067011244, -0.0056014373, -0.0069826753, 0.024170874, 0.001878312, -0.0010093139, -0.013556311, 0.010787961, 0.012107184, -0.01675351, -0.0046286695, 0.00027551196, -0.0028583633, 0.008686752, -0.0067099305, 0.004535799, -0.009419888, 0.008652351, -0.017230503, -0.010334562, -0.008257766, -0.005429424, -0.028223254, 0.007150779, 0.0062110834, -0.0010998008, -0.022293445, -0.0035158063, 0.0010844165, -0.010376426, 0.014815971, -0.0025875862, -0.019314041, -0.005688907, -0.0026479545, -0.014221637, 0.0058060787, 0.015422962, -0.015012911, -0.008148855, -0.025553318, -0.02423213, 0.02452963, 0.0040065837, 0.0038586596, -0.01305066, 0.0061066383, -0.0025560975, -0.0019129887, -0.00084124133, -0.0018071522, -0.0007204618, -0.0026945448, -0.02028724, 0.015925333, 0.010162571, -0.006369662, -0.0025155428, -0.0006076651, -0.00058726926, -0.0017906281, -0.013112211, 0.010875135, -0.0024446521, 0.008832035, 0.009202606, 0.012810156, -0.017767025, -0.016555779, 0.006224542, -0.008349577, 0.0052158344, -0.021965628, -0.009169144, 0.020094808, -0.0051632966, 0.004820954, -0.014100302, -0.0017284532, -0.0020801404, -0.002325225, 0.00057799154, 0.0736135, 0.011090863, -0.020093504, -0.0015377194, 0.011090738, 0.008882429, 0.009540637, -0.011630008, 0.020919945, -0.001431753, 0.017888356, -0.029287707, -0.010096735, -0.009978356, 0.0094431555, 0.005326582, 0.0047071585, -0.009032189, -0.00381568, -0.005514854, -0.002661853, 0.0031847763, 0.0071228007, 0.0032149716, 0.012068026, 0.009373338, -0.009020239, 0.012926, -0.010945215, -0.0041976026, -0.018698622, 0.0003876032, -0.016445387, -0.0018365198, 0.0044228192, 0.0006044064, -0.0044360473, -0.007255271, -0.0022461156, 0.028293634, 0.0073910234, -0.00013925947, 0.002301156, 0.006903554, 0.018895263, -0.012347511, -0.016376164, -0.009041644, 0.009735315, 0.008254527, 0.006720129, 0.009332209, 0.006384971, 0.006183058, -0.00817772, -0.011821722, 0.00054433616, 0.010220768, -0.0133256065, 0.0025133635, 0.006903093, 0.011308467, -0.02174816, 0.012759051, -0.0065598236, -0.0012535793, 0.009156679, -0.015701557, 0.0058993986, 0.013238104, -0.004766876, 0.009548235, -0.007937173, 0.0011188629, 0.0056144455, -0.016358241, 0.022617096, -0.00757363, -0.001764159, -0.006839186, 0.00033581012, -0.0019425121, 0.0098994225, 0.017753428, 0.005010866, 0.00028086186, -0.00953996, -0.028308796, -0.012634099, 0.01764185, 0.0006633585, 0.0068057124, -0.012947268, -0.012833807, -0.011534859, -0.019267336, 0.006905486, 0.0078039486, 0.022545706, -0.0023732318, 0.010590464, 0.012070907, 0.0022963556, 0.009470489, 0.00446483, -0.0021308956, -0.0045295316, -0.020898592, -0.003159506, -0.0056224535, -0.0015737354, 0.0025015755, -0.003183911, 0.011347775, -0.014027819, 0.0032509675, -0.0091809435, 0.0018725004, 0.006868642, 0.010540016, 0.0010690087, 0.021489296, 0.009642434, 0.00533271, 0.0019537488, 0.0069126333, -0.020059876, 0.015106576, 0.010684922, 0.0005666967, 0.001462095, 0.014292813, -0.013724677, -0.013085961, -0.008869025, 0.0021981993, -0.0069860206, -0.0051495912, 0.00081547035, 0.014209519, -0.011518101, -0.0032454063, -0.017215285, 0.0057430225, 0.00949926, 0.02370294, 0.0049894997, -0.003208403, -0.007927003, -0.017628701, -0.0044245366, -0.019572578, -0.001557929, 0.0026560442, 0.015270718, 0.013215898, -0.0031213993, 0.02547894, 0.010567822, -0.0052012536, -0.008771864, -0.04553265, -0.00044002535, -0.0067980797, 0.022471098, 0.006149043, 0.00066018116, -0.007035831, -0.0024263167, -0.0031533332, 0.006890581, -0.0066252016, -0.010161679, -0.0075026364, 0.00542945, -0.014858485, 0.013539443, -0.018954502, 0.012344217, -0.0010742536, -0.006377566, -0.008971026, -0.007798507, -0.021703094, -0.0012103152, 0.0004429107, -0.005769808, -0.02114836, -0.0010036869, -0.0049052346, -0.0020048434, 0.00585902, -0.00016662161, 0.003969112, 0.016421959, -0.0120196035, 0.0024243004, -0.0032637538, -0.001667446, -0.01126254, 0.00785411, 0.008275744, -0.017355463, 0.005674132, -0.0021835328, -0.0028048467, -0.019594291, 0.011093856, -0.0022436392, 0.0066569694, -0.00611022, 0.024787074, 0.00037618564, -0.0073043806, 0.011590387, -0.015285177, 0.010430288, 0.0071970434, 0.011634007, 0.016572293, 0.010426945, 0.0067144553, -0.0016873416, -0.002442016, 0.0010677428, -0.0084896255, 0.015741952, 0.02639266, 0.010915439, -0.0025228641, 0.00040927212, -0.0058876607, 0.006322524, 0.006902605, -0.0130870445, -0.020633599, 0.0023513183, 0.01618033, -0.0030407873, -0.0036726168, -0.022335371, -0.01077783, -0.007463747, -0.0065612667, -0.012664475, -0.00041859315, -0.0046380158, 0.002909575, -0.014278964, -0.01474613, 0.009211298, -0.019109018, -0.010339115, -0.013530364, -0.01776071, -0.014395384, -0.003574501, 0.00010300802, -0.0033682878, 0.0027444274, 0.009997959, 0.00464462, -0.008050832, -0.006559838, 0.009057164, 0.0034783122, 0.010283731, 0.011323355, -0.010746689, -0.010874225, 0.001531505, -0.020736665, 0.010439752, -0.007964976, 0.011899891, 0.0012713715, 0.001129864, -0.001407254, -0.0010068106, 0.0030116949, -0.0062352554, -0.0014897651, 0.012499321, -0.0020211604, 0.0126451785, 0.0038241504, 0.019714171, 0.0018830496, 0.0007781036, 0.010946047, 0.010798556, -0.017849656, 0.0029023723, 0.021508137, 0.0043420843, 0.012364803, 0.01741022, 0.0035923463, -0.008262187, -0.0040653558, -0.0018462637, 0.015716469, -0.00316736, 0.014617578, -0.00069924124, 0.021192709, 0.004087839, -0.012498201, -0.003853296, 0.0072635836, -0.0066447635, 0.0012074481, -0.009289935, -0.009851824, 0.0027516345, 0.006617852, 0.003986413, -0.014971522, -0.0048858994, 0.00914026, 0.012269319, -0.0090357615, 0.008907129, -0.00016138583, 0.005557147, 0.01006892, 0.010501366, 0.006218016, 0.0064216643, -0.005693606, 0.014374221, 0.0029574544, 0.0013539098, -0.0046152533, 0.0036109947, 0.024179783, -0.0036046372, 0.002599348, 0.004544473, 0.011599637, 0.010127884, -0.0071140034, -0.004196559, 0.002192562, -0.00028071518, 0.0036926295, -0.026868615, -0.007692302, -0.004205406, -0.0028877018, 0.015385188, 0.00539195, 0.007055125, -0.012928114, -0.0043533533, 0.019480174, 0.014227414, -0.0019693475, -0.0062372703, -0.009120306, -0.008465506, 0.0019041441, 0.0064440537, -0.0017020653, 0.018284226, -0.0024404835, -0.0804737, -0.0014681712, 0.012061042, 0.017114412, 0.018020215, -0.0047388203, 0.012642221, -0.020401008, -0.02514803, 0.018910095, 0.0055493726, 0.009283136, 0.021894677, 0.0021240609, -0.0008551846, -0.0067702825, -0.015266439, -0.009127423, 0.015479583, -0.007198433, -0.0028935603, 0.00425228, 0.0066501405, 0.005643338, -0.004628255, -0.004077288, 0.020914784, -0.011392119, 0.021361904, 0.011546916, 0.009451291, 0.013801045, 0.0016485068, 0.015607599, 0.022771211, 0.0031744293, 0.003334576, 0.015998106, -0.14737675, 0.0084499605, 0.0046832017, -0.01078023, 0.0019936163, 0.010049347, -0.0011904759, 0.008788809, -0.0030518111, -0.0044917534, 0.0065002893, 0.00272364, -0.012402481, -0.0015758092, 0.0130663365, -0.008630778, 0.0014319387, -0.0042652558, -0.0067186253, 0.015854409, 0.0036422606, -0.0027617754, 0.0052774483, 0.0129366275, -0.014460229, -0.015370839, -0.014999603, 0.017435903, -0.0026286803, 0.0012163875, 0.010593185, 0.012820454, -0.0047403374, -0.003647772, -0.010416205, 0.0140013145, 0.004793693, -0.005259965, 0.00015575433, -0.0044134473, 0.008738243, -0.00036746627, 0.014195804, -0.00092811487, -0.0013554723, 0.0033303704, -0.018873043, 0.0034665207, -0.025814611, 0.015277961, -0.01465182, -0.007790795, 0.0054098195, -0.0101179965, -0.011041203, -0.0008170787, -0.0062167216, 0.0051366054, 0.006527657, 0.0005857604, 0.0019933013, 0.0012611941, 0.028117621, -0.004217669, 0.0017130506, -0.012644861, 0.0015091617, 0.010530422, 0.00909195, 0.00497418, 0.023335319, 0.019925494, -0.0048408657, 0.0042539355, 0.012435016, -0.0033210882, 0.008879256, -0.0056803455, 0.0076302905, -0.0016406594, -0.01552994, 0.00028037417, -0.003826733, -0.003088651, 0.024707416, -0.011697637, 0.01829177, -0.00187225, 0.011873868, -0.05023917, -0.02715517, -0.0066683334, -0.00046570366, 0.006213494, 0.006688979, 0.004168535, 0.0026708383, 0.016729798, 0.009102955, 0.013286485, -0.0032793158, 0.016773326, -0.00489474, 0.019710481, 0.00788716, -0.007439649, -0.014423401, -0.019641094, -0.012506059, -0.0030093377, -0.006099967, -0.001119834, 0.0061034183, -0.014461814, 0.010307757, -0.0025302107, -0.008015687, -0.006896747, -0.00995703, 0.007121224, 0.00096179184, 0.0029064442, -0.007686868, 0.019505175, 0.012827773, 0.0015530699, 0.012908449, -0.0058574704, -0.013757364, 0.0021861608, -0.009112544, -0.00086099503, 0.02086124, 0.00905106, 0.016776623, -0.015717926, 0.0098679345, 0.0014739061, 0.0025272164, -0.011959117, -0.018546522, 0.008408407, -0.0005673458, 0.019988775, 0.015428924, 0.00480727, -0.00034330794, 0.0013215173, 0.014054541, 0.014439032, 0.00038642247, 0.0051978114, 0.00831813, -0.008061609, -0.0158288, 0.015840229, 0.0037125528, 0.0017447945, -0.0018409445, -0.002210425, 0.0039871186, 0.03254219, 0.027915485, -0.008648225, 0.011909471, -0.016326373, -0.002389614, -0.0065852595, 0.005386002, 0.00698257, 0.003187899, 0.0018581224, 0.026843587, -0.011488122, 0.0016210459, -0.025968345, -0.005004483, -0.011284525, 0.0070965807, 0.017157, 0.003561809, 0.008616041, 0.009595966, -0.020160424, -0.00877075, -0.027763635, 0.003163105, -0.01183729, 0.016173214, 0.020492453, 0.002323665, -0.016124582, 0.00798773, 0.0014753066, -0.016557822, -0.008012249, -0.0019146564, -0.0046117557, -0.006052137, 0.027673783, 0.008238234, 0.006235909, 0.013933852, -0.17697842, -0.008568881, 0.01589893, -0.012603513, 0.0032408338, 0.02644165, -0.012858461, -0.0032457593, 0.015169249, -0.014520323, 0.019802893, 0.012732994, 0.005276081, -0.034766495, -0.015879817, 0.002828827, 0.02004187, 0.011594885, 0.0015939756, -0.012171651, -0.03424384, -0.02426265, 0.0041926582, 0.019344807, 0.0071907016, -0.022578722, 0.006914501, 0.0024443888, -0.015226987, 0.011493941, -0.004005538, 0.002140619, -0.008466946, 0.016699886, -0.0045536878, -0.0045774453, 0.008616317, -0.0021525065, -0.016620519, 0.0013368004, -0.02758222, -0.0017813902, -0.011295212, 0.006807022, -0.0041505117, 0.011898993, -0.022449642, 0.0035991357, -0.012158027, -0.0050505777, -0.0028959147, -0.0047973325, -0.011310507, 0.012122712, 0.01401675, -0.020693412, 0.006817307, -0.012573072, 0.016775044, 0.007903687, -0.0023752996, -0.016767934, -0.019484008, -0.0063726264, 0.004633753, -0.0018183709, -0.0042919456, 0.13116954, -0.0012844283, 0.021421824, -0.017565392, -0.006913672, 0.018301165, 0.024688702, -0.022794807, 0.0046311705, -0.015250582, 0.009453364, 0.013669119, 0.0076198853, -0.035702724, 0.0025024097, 0.010250976, 0.0018258787, -0.009029674, 0.0030227385, -0.0028665424, -0.011717252, -0.0055861366, -0.009164385, 0.002694756, 0.009446224, 0.0019611593, 0.028517058, -0.015289018, -0.0007254734, -0.009208799, 0.00701188, 0.009077902, -0.00677442, -0.002108761, 0.027224407, 0.0033611392, -0.006120457, -0.00064544054, -0.011344487, 0.019818569, 0.003932952, 0.03515808, -0.01522415, -0.0024235153, 0.004316272, -0.014039122, -0.008696919, -0.0065469835, 0.011288104, 0.0064930385, -0.023867033, -0.0035684817, -0.014692795, 0.006447327, -0.0055692457, -0.014960217, -0.017896447, 0.0077571333, 0.024664821, 0.009479543, 0.008785437, -1.6524906e-05, -0.00877685, 0.032104068, -0.0144571345, -0.013846636, -0.008641593, 0.0033021301, 0.0053038886, -0.12784854, 0.024298653, -0.010061102, -0.015679652, -0.0048519694, 0.009157632, -0.00499718, 0.00905677, 0.010732181, 0.0035409792, 0.006320109, 0.016099762, -0.011726987, 0.012255289, 0.010477806, 0.006042722, 0.0139081, 0.011670889, 0.010196974, -0.004302308, 0.008736951, -0.034222435, 0.009064509, -0.030307323, 0.022896724, -0.0019325442, -0.010034161, -0.028906483, -0.0015673636, 0.007584905, 0.0049743084, 0.02202321, -0.0064954176, -0.009957621, 0.004162265, 0.0014253441, -0.0129606575, 0.0004550813, -0.011074982, -0.021519778, 0.003159205, -0.008166073, -0.009435307, -0.009345483, -0.015389517, -0.006198891, 0.013185549, 0.026009249, -0.0002977675, -0.014533558, -0.012398245, -0.02199597, 0.014468877, 0.030114928, -0.019240668, 0.01068849, -0.0019043254, -0.01893332, -0.010834689, -0.009283234, -0.0072955736, 0.0017191552, 0.014688729, 0.00653499, -0.0034540396, 0.0038692146, -0.00016188194, 0.010669139, 0.030201966, 0.0029406704, -0.0055219145, 0.008643154, -0.00725167, -0.018044991, -0.011632482, -0.015241983, -0.0033500597, 0.032941394, -0.019107603, -0.02090921, 0.0043190694, 0.014154483, 0.0015219258, -0.015587691, 0.047519695, -0.014855722, -0.0099714445, -0.01616893, 0.002511765, 0.0026965686, -0.00096080574, -0.022342725, 0.017746706, -0.013252428, 0.014562344, 0.0010884863, -0.005074447, -0.009134941, -0.00022539981, 0.0073905, 0.0026268729, -0.001500826, -0.016628316, 0.0021136068, 0.028969944, -0.012421396, -0.0077433735, -0.01759587, -0.01073867, -0.0013694948, -0.022722965, -0.022815453, -0.015826358, 0.009044174, -0.016322823, -0.0073823407, 0.01924731, -0.015784446, -0.0062438296, -0.012872203, 0.015138618, 0.006658525, 0.020188488, 0.0031399003, -0.002673456, -0.013090871, 0.006497243, 0.011090508, 0.011050392, 0.025380023, 0.0033416164, -0.004065734, -0.015888277, -0.00024150251, 0.014216738, 0.018977996, 0.030204022, 0.017602481, -0.010777776, -0.008383925, -0.0077114087, 0.017097428, 0.008833144, -0.010440581, 0.010001914, -0.00832635, -0.008708232, 0.021576194, -0.024076527, -0.01535222, -4.0065668e-05, 0.010681913, -0.0069267214, 0.003859465, -0.011293824, 0.01348765, -1.09445655e-05, 0.0012033627, -0.015199916, -0.0047608935, -0.024538012, 0.013376425, -0.0050569396, -0.0054492615, 0.015356526, 0.014141961, 0.018507421, 0.003916508, -0.0042614187, -0.0069455113, -0.02082633, -0.0141852535, 0.011018737, -0.009771969, -0.021219853, 0.023396863, -0.0063115926, 0.008513408, -0.018631969, -0.059544016, 0.009706378, -0.005576541, 0.00589916, -0.0064294795, 0.012763851, 0.009875657, -0.0024537062, 0.006205909, -0.011746404, 0.008135674, 0.010833458, -0.007041033, 0.003020718, 0.00045813678, -0.008376229, 0.0072796177, 0.0070456825, 0.0029461465, -0.007041165, 0.023624696, -0.0125167295, -0.0022076694, 0.008299062, -0.0014968048, 0.009564977, 0.003249517, -0.0018622024, 0.0058116023, -0.0036439665, -0.02251221, -0.00014658528, -0.0090450505, 0.025870973, 0.019652376, 0.025573995, -0.009187619, -0.02417297, -0.010842938, -0.056929644, -0.008792373, 0.023846915, -0.03484749, -0.010157686, 0.0075808973, 0.0062107756, 0.0055110543, -0.004579986, -0.009224637, 0.009920685, 0.019675517, 0.0061231516, -0.0148119535, 0.0072091427, 0.022553526, -0.0015755491, -0.012740212, -0.022310017, 0.0022040484, -0.0045093987, 0.0010457607, -0.02279697, -0.011499619, 0.005886742, 0.016613634, 0.049647734, 0.0015982591, 0.027385842, 0.007077712, 0.010920689, -0.0045261155, -0.03332874, 0.020502195, -0.0019567115, -0.0042817974, -0.002880771, 0.019417387, -0.008725279, 0.020651227, 0.008102216, 0.006437185, 0.008784741, 0.011142809, 0.050735448, 0.0074979616, 0.015205699, 0.0061850594, -0.10769474, -0.002514657, 0.008783318, -0.00025116987, -0.023052229, 0.027994828, -0.0012697976, 0.048754536, -0.0057406356, 0.007094225, -0.0217938, 0.014646739, 0.023446385, -0.023809068, 0.01368539, -0.006565272, -0.017890044, 0.0051355013, -0.01343224, -0.0013593619, 0.028825378, -0.0048607145, -0.008633034, 0.008509105, 0.008492961, -0.039038155, -0.022356331, 0.00056947226, 0.0062603755, -0.009175468, -0.004206458, -0.029500905, -0.012839654, 0.019699976, -0.0010393044, 0.019659957, -0.024394419, 0.003266511, 0.014319978, -0.009956865, 0.04646305, 0.0061898213, -0.0043219533, 0.01881716, 0.008069368, -0.005364436, -0.022924623, -0.0059948955, 0.003267259, 0.0030727924, -0.008496954, -0.030544559, -0.0072703534, -0.0046473807, -0.011209503, -0.0044510686, -0.022569776, -0.024086883, -0.013057103, 0.008037914, -0.0028222017, 0.006076159, -0.005804685, 0.0068918103, -0.019226795, -0.00052755757, -0.013485446, 0.009178453, -0.03663856, 0.012523362, 0.0086445715, 0.0044904626, 0.008405661, -0.023298383, -0.0080928635, -0.019391129, -0.0075487406, -0.007147749, -0.027347792, 0.020218663, 0.030850818, -0.0041291257, 0.004774576, -0.004730405, -0.0079253, -0.00826722, -0.008558938, 0.002432389, 0.005334028, 0.015367341, -0.005062688, -0.021441419, -0.020759068, -0.009134012, 0.0052637975, -0.0052754646, 0.0047537363, 0.005566021, 0.009347158, -0.011008721, -0.019526612, -0.020807415, -0.011308939, -0.012386017, 0.013687394, 0.008789338, -0.011444957, 0.012218694, -0.04063249, 0.008871159, 0.011280207, 0.008266818, 0.006699613, 0.010627652, -0.0046216263, 0.038807727, -0.019602757, -0.013526386, -0.0043810196, -0.0019734923, 0.011589722, -0.011953163, -0.019828388, -0.017986631, 0.0067566186, 0.029049229, 0.00057117967, -0.005805415, 0.02167219, 0.01370153, -0.013261585, 0.012520938, 0.013851026, 0.022097958, -0.012448646, -0.011917363, 0.0083874995, 0.001776026, -0.0017501344, 0.010802547, 0.0064085163, -0.010139593, 0.007179359, 0.002753879, 0.0009124429, -0.012777215, -0.0025431367, -0.00472182, -0.006847761, -0.022518747, -0.0075988206, -0.011968469, 0.0072093634, -0.0010127899, -0.00913433, -0.00030727795, 0.006261005, -0.027516015, 0.03471638, 0.008851212, 0.0012278245, 0.018923087, 0.002023622, 0.004774804, 0.0023438972, 0.0060861334, -0.040120155, -0.0047083437, 0.019435603, -0.018239407, 0.013663632, -0.0013888911, -0.012925379, -0.019349061, 0.029918505, -0.02225897, 0.011338668, 0.0057160617, 0.014119609, -0.014543283, -0.0060689226, 0.0011430985, -0.0057834527, -0.017481277, -0.0026275923, -0.025521586, 0.004316996, 0.0041589965, -0.011447113, 0.013547159, 0.014345481, -0.009689731, 0.016661365, 0.00040422403, -0.013452905, 0.003827132, -0.0047156923, 0.004346418, -0.008013056, 0.0094575, -0.017093724, -0.011591816, -0.020425119, -0.022305008, -0.015148898, -0.013999054, -0.015662938, 0.007143517, -0.011367921, -0.008916605, -0.018293412, 0.005495708, 0.0054486264, 0.005895151, 0.023151739, -0.0097048255, 0.011278051, 0.025101805, -0.0039860676, 0.028784268, 0.009373732, 0.025054377, 0.011260413, -0.0032584993, 0.00033166457, -0.011810545, -0.000409609, 0.023568183, 0.012988833, 0.00557832, -9.107626e-05, 0.026118714, 0.008845833, -0.011091985, 0.0040665832, 0.010896546, -0.020233419, 0.013680398, 0.010196217, -0.011341217, 0.021668404, 0.00028807775, 0.0047586034, 0.0027038215, -0.01251988, -0.0065096123, -0.015616878, 0.008765029, 0.011009644, -0.0036685432, -0.003326372, -0.0149281155, 0.011455445, -0.008017505, 0.027110888, 0.0045331814, 0.006109234, 0.012411642, 0.0088956505, 0.0070838477, -0.0070681316, -0.018512126, -0.011029963, 0.024694834, -0.006199549, -0.015048605, 8.84192e-05, 0.010033089, 0.027791893, -0.014473549, -0.016096922, -0.04477576, 0.011852525, -0.011824964, -0.00574473, 0.0019999559, -0.012376414, -0.027286954, -0.009747694, -0.010086668, 0.008185281, -0.006663662, 0.011431118, 0.009863234, -0.015601916, 0.00093542476, 0.015035084, 0.005368857, -0.013062697, -0.02823243, 0.0066579077, -0.00898077, 0.0026656005, -0.0016477254, -0.00884903, -0.017715208, -0.008972406, 0.021844938, -0.0041622175, -0.009873496, 0.013345921, -0.02503839, -0.017342797, 0.0037176646, 0.0039636167, 0.008056582, 0.0074090855, -0.020358419, 0.008320832, 0.0065202857, 0.023216963, -0.012068555, -0.00891293, 0.01453398, -0.001960784, -0.024620462, -0.0060217883, 0.0065878374, 0.024791682, -0.015500877, 0.009255684, -0.006575998, 0.016406761, 0.0060629775, 0.0024919976, 0.006004502, 0.009660236, -0.012423369, -0.0036836236, 0.0072023775, 0.011288539, 0.002856581, 0.001634687, -0.010881447, 0.009653611, 0.003738048, 0.019962953, -0.00048785543, -0.002231099, 0.010847124, -0.0008197164, 0.033024862, 0.013119835, -0.008270186, -0.0013367899, 0.0017683503, -0.0024335647, -0.0060438835, 0.018123355, -0.016624525, 0.0063350373, 0.010360369, -0.0040069777, 0.004920292, 0.003297027, 0.0073708426, 0.0059959777, 0.0030323504, -0.009613175, -0.019530736, -0.0031645996, 0.004686411, 0.00081792724, 0.007501467, -0.03075415, 0.01116509, 0.0057704, -0.0149930995, -0.016848117, 0.019604588, -0.00723666, 0.0058308607, 0.017874664, 0.003439489, 0.017247848, -0.015094572, 0.01575187, -0.009879104, -0.0006774088, 0.00029546965, -0.018063456, -0.004364104, -0.012720215, 0.0076441932, 0.023253791, -0.008194623, 0.008740412, 0.008909441, 0.024998063, 0.017957434, -0.0012057839, -0.0070209736, -0.0049221655, 0.0025876462, -0.0074151587, -0.006480524, 0.0054766787, -0.0074175503, -0.0026257362, -0.0071531427, -0.0054978896, -0.011871594, 0.015986847, -2.4238843e-05, 0.008262438, 0.00022722497, 0.009639884, -0.0029876698, -0.0077438992, 0.008425734, 0.004252277, 0.0033604384, 0.0098031135, -0.0034008073, 0.0020558431, -0.017563304, -0.00088678714, 0.014140053, -0.002664653, -0.020361198, -0.0075725834, 0.010838462, -0.006177859, -0.0029955076, -0.0038697282, 0.01938775, 0.004503723, -0.0011107894, -0.019416794, 0.0029295748, -0.011050375, 0.008418155, 0.015297908, 0.0036920127, -0.02439849, -0.023308435, 0.0066442094, 0.003726616, 0.004720497, 0.0006719122, -0.018552314, 0.0044002444, -0.0046814997, 0.0053414786, -0.0082752, -0.00016797375, 0.015864808, -0.009290215, 0.0027984318, 0.013004043, 0.026330136, 0.007831286, -0.00035079644, -0.009868027, 0.010753627, -0.02366059, 0.022291096, -0.029630236, 0.0063501317, -0.01014264, -0.01968096, -0.021726524, -0.024707485, 0.0060610524, -0.033161137, -0.0011378516, -0.013192292, -0.002969509, -0.0006349916, 0.0017158487, -0.0552152, -0.0013016483, -0.024624057, -0.014342229, -0.0002623182, -0.0089806765, -0.0077042473, 0.023807514, 0.021996837, -0.010384966, 0.013061836, -0.017998481, 0.016734593, 0.005165066, 0.011326864, -0.003501672, 0.00031632723, -0.022928225, -0.0074213725, -0.010029962, 0.01211826, -0.00846617, 0.009649324, -0.031046644, 0.0022951046, 0.020514717, -0.0032547582, -0.0059611495, -0.022443, -0.029403673, -0.02403959, -0.0039705783, 0.017361706, 0.00041385723, -0.0018885023, 0.0076734126, -0.0014297243, 0.009527353, 0.0037604899, -0.0031234466, -0.002210652, -0.0069285356, 0.0026502055, -0.012802535, -0.010209803, -0.014220762, -0.011622004, 0.0033592547, -0.0024229612, 0.014150153, -0.018405955, -0.002317317, -0.012133277, 0.011872755, 0.010916083, 0.004260978, -0.02184554, 0.03758124, 0.014042684, 0.020882191, -0.013340803, -0.0055327076, 0.004491505, -0.0145232575, -0.0045710253, -0.0070430054, 0.01370266, -0.028873093, 0.02014993, -0.01900441, 0.0056489813, 0.029703781, 0.0076180776, 0.009535983, -0.0071435296, -0.0036849268, -0.006252691, -0.0069812797, -0.01644892, -0.018950656, -0.023104569, 0.005396227, -0.000195903, 0.003621063, -0.0064050527, 0.0035841493, -0.012861166, 0.020939333, 0.011195205, -0.0010386675, -0.010770776, -0.017691715, -0.01908925, 0.019420149, -0.012455885, -0.0033688578, -0.002699065, -0.0074648196, -0.007598025, 0.0043047518, -0.017556924, -0.006418459, 0.034866896, -0.011018207, 0.0027537877, -0.0051037846, 0.019978046, -0.0010645433, 0.007918994, 0.013652034, -0.0054879794, -0.01831032, -0.005885649, 0.0025997534, -0.010744234, -0.009310665, -0.00799664, -0.0019207577, -0.007078009, 0.0012194278, 0.01955957, -0.020315781, -0.011748789, 0.007501275, 0.007620518, 0.0063249087, -0.00036758004, -0.020778678, 0.024218712, -0.020025996, 0.023922905, -0.026861032, -0.008497141, -0.0058055366, -0.017063625, -0.020107456, -0.018169794, 0.019114537, 0.025968125, 0.011652874, 0.0035426598, 0.05607861, -0.015511697, -0.0127152465, 0.0072699226, -0.010548256, -0.0043009347, 0.001707548, 0.01051295, -0.0103674885, -0.0048640263, 0.01010647, -0.00045943417, 0.010130376, -0.00084294664, -0.030910436, -0.0113213565, 0.0062928135, -0.009763115, -0.0233857, 0.001679988, 0.008992294, 0.0056543383, -0.0058315457, 0.028950399, -0.0054262853, -0.008496366, 0.01075636, 0.0027649743, -0.013623978, -0.008091625, -0.004790948, 0.004704332, 0.015212251, -0.01489467, -0.0013693556, -0.0027131278, 0.0059698625, -0.0061211837, -0.0018413333, 0.016848428, 0.010326538, -0.003688086, 0.008145226, -0.010168249, 0.006177839, -0.0015101316, 0.012575588, 0.018875444, 0.012670348, 0.005848051, 0.019954227, -0.013741494, 0.009788129, 0.0083060255, -0.015137235, 0.018559456, -0.012790853, 0.007607866, -0.012387274, 0.015954295, -0.008403133, -0.018626167, -0.007011395, 0.01330339, 0.00826137, 0.0050695017, 0.011067441, -0.020919407, -0.010100863, -0.018913167, 0.026791392, -0.01070674, -0.014055963, -0.017599618, -0.022222804, 0.17305723, 0.13133928, -0.012083499, -0.018396895, 0.036595967, 0.0072605824, -0.025425762, 0.028857527, 0.0043243, -0.014420165, -0.0093775075, 0.0063531664, -0.00538144, -0.032064363, -0.0105137415, 0.008704203, 0.029845072, 0.0066963173, 0.005564805, 0.003120686, -0.027008727, 0.021464707, -0.015584049, -0.008624294, -0.015007187, 0.0076771528, 0.003273909, -0.008309855, 0.007825824, -0.0005366043, -0.0064055887, 0.009476376, -0.011921122, 0.013344041, -0.008452486, 0.0073573417, 0.0054108216, 0.014701223, 0.012578753, 0.011834102, -0.013381709, 0.0074041313, 0.010069994, 0.038993742, 0.0073599746, 0.00468888, -0.007016702, -0.008805538, -0.016352184, 0.02471988, -0.0064003067, -0.010367953, 0.0121038165, 0.016148837, 0.011246219, 0.020766662, -0.007295524, 0.004632501, 0.02115078, 0.030947141, 0.016330458, -0.00047623247, -0.021843372, -0.011183109, -0.018023618, -0.003006196, -0.00850725, -0.010094745, -0.0035046795, -0.027238518, 0.010883625, 0.022820953, 0.022295367, -0.020940969, -0.018669138, 0.0042368923, -0.001904215, -0.030797627, -0.0044009252, -0.0057069436, -0.009672561, 0.009532137, 0.011592007, 0.0009777815, 0.011751689, -0.00556709, -0.0059046205, 0.021281457, 0.12274957, 0.007484958, 0.0076698205, 0.009987662, 0.014264598, 0.0018099792, -0.00030740962, 0.054999527, 0.016410343, 0.039810684, 0.037638195, 0.013633665, 0.00578184, -0.026850142, 0.0021410123, 0.012936189, 0.029382423, 0.062087946, -0.017900292, -0.00097297004, -0.0065533146, -0.0061760056, 0.012096086, -0.023377215, 0.013501714, -0.0005367954, -0.016241161, 0.025854897, -0.01454275, 0.008008553, -0.08303322, 8.102657e-05, 0.029853359, 0.00027495937, -0.0077861403, 0.022076705, 0.011855757, 0.0014082713, -0.008576779, 0.0021343778, -0.009025417, 0.00046166676, 0.00843382, -0.0021954775, -0.010933375, -0.01241157, -0.013158136, -0.021843338, 0.0060234005, 0.031559415, 0.025048869, 0.01186463, -0.00021213907, 0.00808737, -0.0048783263, 0.016646152, -0.024779046, 0.007570105, -0.006870966, -0.0032195665, -0.016391393, 0.0070977234, -0.02056815, 0.0062026014, -0.0117455805, 0.008862011, 0.017667716, 0.0006404399, 0.0058719655, -0.0060867514, -0.0007954876, -0.022465914, 0.010660685, -0.0021791847, 0.020482225, 0.012804508, -0.0027268901, 0.017542554, 0.004950444, -0.012878444, 0.01554716, -0.012187493, -0.0040138313, 0.014358433, 0.006203395, 0.015410297, 0.0102991145, -0.00125282, -0.0033961274, 0.02298645, 0.010629649, 0.00096982496, 0.01142734, 0.034918725, -0.0018460188, 0.00047403463, -0.010195537, 0.019162418, 0.004763312, -0.007822802, -0.00039481695, -0.0031088279, 0.009373142, 0.0187497, 0.002919663, -0.002489395, -0.016878271, -0.009751879, -0.0025420017, 0.024020322, 0.00046733452, 0.014238106, 0.00237638, 0.100638755, 0.0026145533, 0.011864381, 0.008804361, -0.0034108418, 0.012361294, 0.0035523328, -0.010285156, 0.018725315, 0.0016195223, -0.015338047, 0.017549679, -0.031735953, 4.4536096e-06, -0.018099098, -0.01792898, 0.007413752, 0.013139354, -0.005457877, -0.009217064, -0.009322914, -0.0067700776, 0.02836, -0.006071359, 0.0056869034, 0.0005213131, 0.0114707835, -0.01850764, 0.000666812, 0.00017085481, 0.02053169, -0.024905907, 0.013445603, 0.003940908, 0.01918578, 0.0005651372, 0.003986731, 0.004047103, 0.005074013, 0.020285847, -0.010018062, -0.008799706, -0.0006982823, 0.011873417, -0.030005325, 0.19791201, 0.0036699376, -0.01789331, 0.005463046, -0.007419606, -0.01910963, 0.016845282, -0.00035559194, -0.015915416, 0.027916117, 0.0077428073, 0.018279415, -0.021726744, 0.004547921, -0.020428948, 0.0018281772, -0.0042463127, 0.0034673377, -0.0060023507, 0.01258158, 0.0070054773, -0.02116593, -0.020084882, 0.009857075, -0.0027421655, 0.006983895, 0.023137284, 0.0044645956, -0.005984007, -0.0037803138, -0.0022561396, -0.0064680395, -0.015452156, 0.003731954, -0.010278457, 0.011258946, 0.015217893, 0.0049822526, -0.016325021, -0.012887772, -0.018561734, -0.0033410667, 0.00035621668, 0.0151408985, 0.00089457905, -0.0026131023, -0.011811992, -0.0040369923, -0.0043966984, 0.009566268, 0.0053944346, 0.002937917, -0.0013604431, -0.014454537, -0.012104808, -0.015916381, -0.015373396, 0.013869417, -0.00531767, -0.003790873, -0.006590676, -0.008826943, 0.0028226655, -0.0063920687, 0.014019974, 0.013422583, -0.016266806]"
Promueve UATx espacios seguros y respetuosos para estudiantes,https://oem.com.mx/elsoldetlaxcala/img/25459064/1756732482/BASE_LANDSCAPE/500/image.webp,LOCAL,La Facultad de Ciencias para el Desarrollo Humano imparte el taller a alumnos de nivel medio superior ,https://oem.com.mx/elsoldetlaxcala/local/promueve-uatx-espacios-seguros-y-respetuosos-para-estudiantes-25459062,"[0.031636577, 0.019603755, 0.0027004965, -0.057813816, -0.0044380105, 0.018662134, -0.020097116, -0.0116882855, -0.0039492804, 0.027494753, 0.010242449, 0.014936194, 0.0128641995, 0.0029157267, 0.11553951, -0.022968825, 0.010752962, -0.000618476, -0.01708097, 0.003367672, 0.010313267, -0.034349672, -0.009583729, 0.0023476656, 0.004017853, -0.00013452054, 0.008386823, -0.012038193, -0.008899468, -0.015804972, 0.0011378161, 0.007106676, 0.0038334515, 0.011822821, 0.011040315, 0.0067781536, 0.010647443, -0.0060680993, -0.0011816707, -0.01743532, -0.00041480086, 0.024243131, -0.01202155, -0.006706313, 0.023398343, -0.008012853, 0.022719324, -0.023379756, 0.030058548, 0.011958285, 0.020854048, 0.03251103, 0.008068498, -0.15304583, -0.011999457, -0.027863165, -0.015202984, 0.00060009543, -0.015355021, -0.0041016205, 0.005549815, 0.023635257, -0.026466684, -0.016989928, 0.024476232, -0.0009110707, 0.019883694, 0.02780776, -0.04091519, 0.011810905, 0.013324161, -0.009805936, -0.020846376, -0.002816741, -0.0041980227, 0.015760094, 0.0060087945, 0.009993854, 0.0049147797, -0.012115371, 0.005111037, 0.0036313934, 0.023252498, -0.0073574055, -0.027275562, 0.0040949844, 0.019488063, -0.005170572, 0.009141822, 0.028486682, -0.0035644372, 0.037639808, 0.014083914, 0.0025257813, 0.013322262, -0.007170166, -0.0004041933, -0.014431233, 0.005615242, -0.011880765, -0.017641876, -0.02144559, -0.016194269, -0.021542205, 0.005279743, -0.0005994186, 0.025932241, -0.0075781047, -0.009559833, 0.038011618, 0.009246628, 0.013593632, -0.027144017, 0.01981641, 0.02730972, -0.13294114, -0.023897039, 0.0032085502, -0.022684665, 0.016786434, -0.0047723777, 0.038826022, 0.0015860697, 0.031328823, -0.0016969795, -0.023335733, -0.0010351993, 0.008757036, 0.011312135, -0.022694958, 0.003733964, -0.013167324, 0.02936186, 0.020090744, 0.021965083, 0.02744091, -0.009921563, -0.026971882, -0.0078032427, -0.005187049, -0.007973778, 0.0024947044, 0.023715476, 0.029093565, 0.011779247, -0.028764779, -0.0031744272, 0.01595864, 0.01070108, 0.00056402833, 0.0061701583, 0.002405362, 0.023544235, 0.006676509, -0.011374204, -0.019096067, -0.0074688075, -0.025644809, 0.010594432, 0.023376092, 0.014029132, 0.009389901, 0.009208316, 0.011339296, -0.0044568186, 0.03677541, 0.004443563, 0.017389419, -0.009125553, 0.022829462, -0.012033586, -0.0075356183, 0.007311587, 0.0048691495, 0.012534061, 0.0123386, 0.0041179303, 0.008007136, -0.020554218, 0.014293105, -0.008717635, -0.008187785, 0.009976251, 0.028271329, 0.023500832, -0.02208588, -0.043882836, 0.008816424, 0.016918564, -0.002561919, -0.00540793, -0.016849015, -0.018525919, -0.00628982, 0.0015668136, -0.0072631976, 0.029872753, -0.0069521554, 0.006881798, 0.031041404, 0.010759473, -0.026230274, -0.0160725, -0.0064467, 0.0010603337, 0.0030837087, -0.024181398, 0.02048943, 0.0002998337, -0.0066350177, 0.014500767, 0.027501779, 0.01683103, -0.012173199, 0.047382817, 0.013816668, 0.014126092, -0.028256234, -0.00987318, -0.0062620714, 0.024846876, -0.0060871285, -0.005732908, 0.023673417, -0.008096035, -0.037398152, 0.03815463, -0.01655549, -0.005798237, -0.00024588782, 0.013933999, -0.0015330137, 0.001886797, -0.005350491, 0.0044471347, -0.018819056, -0.030686686, -0.015267075, 0.01473801, 0.0078545455, 0.006373045, -0.014702397, -0.028404577, -0.013306967, 0.042853232, 0.032446686, 0.002431278, 0.0065112696, -0.02700225, 0.013183692, 0.033716556, 0.006886204, 0.0019950676, 0.011046365, -0.021312455, -0.014601529, 0.009120304, 0.015833836, -0.015714584, -0.00151259, -0.01657396, 0.00010022025, -0.015283263, -0.0041727526, -0.0063167415, 0.0076245563, 0.011339276, 0.0024231197, -0.023136271, -0.016269209, 0.022027602, 0.011574337, 0.009968137, -0.02990995, -0.03398985, -0.014147712, -0.0691284, -0.0076383734, 0.02027353, -0.019648347, 0.005343369, 0.007904176, -0.013540431, 0.010052315, -0.009270386, 0.012614242, -0.010321971, -0.019552095, -0.038860433, -0.012431736, 0.0010279621, 0.008256428, 0.0029981257, 0.020968908, -0.008944482, -0.014712769, -0.012104835, 0.014230875, -0.0041813855, 0.011393135, 0.030592406, 0.00032028905, 0.03467051, 0.027522791, 0.014210044, -0.020604847, -0.009366746, -0.0007509017, 0.017509246, 0.031167654, -0.02824359, 0.0028404777, 0.011878751, -0.026265915, -0.040251035, -0.010817953, 0.019993179, -0.041455224, 0.016180648, -0.007616512, 0.008105852, 0.011783442, 0.0011599868, -0.012986732, 0.037817337, -0.024062965, -0.02399463, 0.011325, 0.013092799, -0.002255259, 0.016755758, 0.005263442, 0.014558013, 0.007480632, 0.024122452, 0.013734358, -0.014392552, 0.004787307, 0.009921486, 0.0018770352, 0.016210537, -0.013961051, 0.012737801, -0.0042211786, -0.04997222, 0.00571869, -0.020458888, -0.03412, 0.008766341, -0.000100630175, 0.0038690416, -0.003248046, -0.0010697946, -0.012871549, -0.012384877, 0.03782132, -0.011483533, 0.01112215, 0.005999543, -0.0061369534, -0.0068144435, 0.020068234, 0.0034274384, -0.013035208, 0.02672354, -0.027289608, 0.0026053214, 0.010952171, -0.0049567325, -0.007896827, -0.0053087887, 0.015082706, 0.004698721, 0.00772127, -0.014096872, -0.0036448652, -0.0012338164, -0.02439617, -0.005072449, 0.03308333, 0.025906172, -0.05810067, -0.002343751, -0.019725889, -0.00254845, -0.0031650066, -0.00869973, -0.014615095, 0.006745604, 0.008725978, -0.0056288843, 0.008320673, 0.005281695, 0.020397536, 0.009191985, 0.0049573267, -0.011542799, 0.014053582, -0.00782696, 0.016036898, 0.009525455, 0.008534727, 0.0012330546, -0.005443566, 0.007819394, -0.0006275075, -0.0154026495, -0.0072554112, -0.023370331, -0.021017795, 0.0055153267, -0.027032558, 0.035857476, -0.0023443887, 0.023541128, -0.002672349, 0.014358141, 0.035949025, -0.0016511678, 0.0068876413, 0.021356184, -0.0034951973, 0.00035669561, -0.0048615527, 0.007560883, 0.028521327, -0.022234421, 0.003332995, 0.011777262, -0.012759222, -0.005929318, 0.013101134, 0.011777801, 0.003880432, -0.011811109, -0.021589654, -0.030604564, -0.015340436, -0.022353703, -0.002118437, 0.001184247, 0.0029975495, -0.011323996, -0.0064209024, 0.017373132, -0.033371095, -0.005911712, 0.009337253, 0.0013184774, -0.00424166, 0.0072364206, 0.020047083, 0.014350074, -0.019778289, -0.014097679, 0.022707151, -0.02601143, -0.04430457, -0.018876124, -0.011364024, -0.001103399, -0.0242007, 0.03220627, -0.003521655, -0.017082507, 0.016982494, -0.010008208, -0.052062694, 0.022249587, 0.035894323, -0.0067887227, -0.03160437, -0.012490643, 0.034795877, -0.002890142, 0.017967315, -0.021339975, -0.0052762604, 0.007922701, 0.0151302805, 0.015130012, -0.013711049, -0.03640995, 0.003660359, -0.013175545, -0.0013249514, 0.008917257, 0.01428079, 0.013956302, -0.007422974, -0.00814514, -0.01233623, -0.012503761, -0.0087901745, -0.022379378, -0.01623401, -0.000794846, -0.023907369, -0.004584383, 0.005590755, 0.011289865, 0.028571973, 0.008458291, 0.012135934, -0.019255323, 0.012259702, -0.031540133, -0.021265699, -0.0367358, -0.028621353, 0.011298145, 0.010280866, 0.0065185106, -0.010615928, 0.0029927748, 0.017155645, -0.020608323, 0.0074493913, -0.020959884, 0.0030231248, -0.00035690024, -0.015907144, 0.017235294, 0.0055470397, 0.00465028, 0.007905765, 0.040451113, -0.0037212644, 0.015901525, -0.014651398, -0.021170042, 0.015217866, -0.0035890713, -0.027380243, 0.016661724, -0.02869931, -0.013459107, 0.0035737564, 0.004411185, -0.005410639, -0.016189542, -0.005780464, -0.001033323, 0.00076189014, 0.012865623, -0.09115672, -0.025028748, 0.0066600465, -0.014901273, -0.023804381, -0.0021155353, 0.024088815, -0.043215748, -0.00044702686, -0.012274729, 0.0021637075, -0.00019300116, 0.0017432523, 0.016950807, -0.028400829, 0.0018631174, 0.006351808, 0.02650597, 0.02042389, 0.015635686, 0.023502486, 0.007163207, -0.016409626, 0.00026775038, -0.018553372, -0.0074215303, 0.028439293, -0.011630875, 0.018797904, 0.00015051232, 0.025487283, -0.010126644, 0.012571748, 0.0049890555, 0.0059290435, -0.02480576, 0.015057755, 0.004293673, 0.010123714, 0.02171669, -0.013880891, 0.028460272, 0.00019482327, -0.026954316, -0.018493587, 0.028095856, -0.008143618, 0.0011386625, 0.010298835, -0.020595465, -0.021273522, -0.004739271, -0.016869733, 0.0009053152, -0.013258732, -0.019027557, -0.044472214, -0.016819399, -0.0039746864, 0.002307673, 0.00013688192, 0.020663902, -0.0079493355, 0.02285967, 0.0044722063, 0.0039824396, -0.010392005, 0.009063743, 0.0037344336, -0.00086387055, 0.019947432, 0.013898123, 0.018138692, 0.0046739923, -0.0062043886, 0.016164983, 0.048479762, 0.034384076, 0.0043796087, 0.016225988, 0.0040275287, 0.0028459376, -0.09665867, 0.0011361977, -0.011513602, 0.008874637, -0.018613167, 0.010698902, 0.023671841, -0.0072098463, 0.0043746545, 0.009071578, -0.012520424, 0.017300196, -0.006711396, -0.021974977, -0.018564178, 0.004628429, 0.0070626694, -0.039577536, -0.023183106, -0.013314101, -0.009158285, 0.021025483, 0.007039459, -0.024910333, -0.0073232003, 0.0149765825, 0.009625093, 0.015837787, 0.00412734, -0.010713968, 0.020097543, -0.15995595, 0.004360873, 0.0045522912, -0.0015603366, -0.007404028, 0.002084367, 0.0059980624, 0.006393387, -0.018924339, 0.0073375064, -0.0025151325, -0.011981241, -0.050762225, -0.002094667, 0.0017313213, 0.09216776, 0.015839586, 0.009074388, 0.00033167918, 0.0019176191, 0.0026988327, -0.011581682, -0.0054996363, 0.0035071862, 0.032558788, -0.024410887, 0.026142739, -9.809172e-05, -0.017563546, 0.009604571, 0.003812215, 0.010630797, -0.027349768, 0.03001746, -0.0038416407, 0.015170682, -0.0030423491, 0.0032397131, -0.0013183607, 0.011971085, 0.012770019, 0.026523905, -0.022204144, -0.019009339, 0.01529987, -0.024401376, 0.0071990853, 0.014674717, 0.0072112074, 0.0064914413, -0.0051278863, -0.108177446, -0.01850387, 0.042289507, 0.013870146, -0.0033822502, 0.0037538584, 0.0065255603, -0.011595633, 0.03387631, 0.032441806, -0.0048261774, -0.0046059038, 0.010215245, 0.0012461956, -0.033887465, -0.001111373, 0.016868657, -0.011676422, 0.04404077, -0.0072363988, 0.010075714, -0.00058688596, -0.010800691, -0.007235785, 0.012690411, -0.029608492, 0.030097326, -0.001355479, 0.013185515, 0.0033032566, 0.014037886, 0.0006930033, 0.035341874, -0.021445792, -0.034756914, 0.007634495, 0.0008895378, -0.024302516, -0.0064755566, 0.03788965, 0.00025179796, -0.007109308, -0.0002975782, 0.039339643, 0.012360122, -0.001999432, 0.009059135, -0.0005561135, 0.007821869, -0.0074295234, -0.025284417, 0.0013891399, -0.019040871, -0.00026150423, -0.023074517, 0.010309465, -0.006917336, 0.0010925613, 0.003465885, 5.6924724e-05, -0.010310481, -0.0005816714, 0.014389931, 0.011648428, 0.0054823314, 0.011727532, 0.0060839946, 0.016463138, -0.023100775, 0.013818655, 0.018972749, -0.0019345807, 0.0048277276, -0.0012107186, -0.021150528, 0.0018164726, -0.015688686, 0.00633748, -0.020941019, 0.00057886384, -0.008485564, -0.015439403, -0.00047175057, -0.01944171, -0.004146964, -0.0016120812, 0.0029510192, -0.006158674, -0.012388221, 0.02112726, -0.016348304, 0.0018297761, -0.007643988, -0.007503801, 0.0025555657, -0.013270148, -0.00033405478, -0.014759443, -0.013619266, -0.005515036, -0.025264436, 0.0034502472, 0.002903538, -0.0023101924, -0.006758064, -0.0051803086, -0.00810848, -0.010902886, -0.00059139176, -0.013392592, -0.017012477, -0.023829568, -0.0050239465, 0.018862706, -0.0011752871, 0.024370367, -0.0065185786, 0.011835708, 0.0082565285, -0.0062497556, -0.006708003, 0.005497145, 0.0069352724, 0.009912404, -0.0074780826, -0.00032850093, 0.0052627185, -0.0057581654, 0.017765967, -0.01001229, 0.000799442, 0.009306365, 0.007683844, 0.0116536105, 0.004488496, 0.013116477, 0.0024350167, -0.0013562754, -0.009280659, -0.009357197, -0.019335845, 0.010250752, -0.017653745, 0.0028164187, -0.013684221, -0.0001278157, 0.0015556886, -0.0068220566, 0.004120986, -0.00044356383, -0.0032363925, -0.015642226, 0.011011002, -0.01974884, 0.0018228367, 0.008401676, 0.0017613152, 0.00045120643, 0.012340707, 0.013730247, 0.0085412, 0.00039785545, 0.0018445269, -0.013229253, -0.013432076, 0.00096295885, -0.005628486, -0.005841879, 0.016125372, 0.0064705233, -0.00074537995, 0.007210305, 0.0014457233, 0.0031258904, -0.011791115, 0.009379142, 0.011098938, 0.013218034, -0.011273357, 0.0074949204, -0.007855254, 0.01578414, -0.02626714, 0.00048265807, -0.025061939, 0.013872446, 0.010205893, 0.0160419, 0.0019319368, -0.006324141, 0.0026644012, -0.015674254, -0.0032928225, 0.012507175, -0.013957821, -0.008453462, 0.00048698718, -0.01752423, 0.008287838, -0.020252416, 0.008374645, 0.0033026396, 0.013874797, -0.012705076, -0.0058403257, -0.014241204, 0.0057951324, 0.001502278, -0.0068122745, -0.004615091, -0.0037153377, -0.015256413, -0.0037867187, -0.0012029349, -0.012343592, 0.014116227, 0.0019869388, 0.0056204135, 0.007099227, -0.022284131, -0.016980287, -0.006275416, 0.0066917497, -0.02472086, -0.017530067, -0.026790803, -0.0133299, -0.00020729606, -0.01052313, 0.00093947933, -0.021818906, -0.0023880028, 0.0026646433, 0.027399864, 0.009073929, 0.00071606506, 0.007406364, 0.007675619, -0.023179028, -0.017445788, -0.005168292, -0.01339704, 0.020654917, 0.00984876, -0.0006871385, 0.016042473, -0.0064958064, -0.0040478935, -0.0024327938, 0.008648116, 0.004889442, 0.0055898307, -0.015256868, 0.00889201, -0.0017325238, -0.0036860774, 0.018780915, 0.016540557, -0.013834256, 0.074631386, 0.010701718, 0.006957827, 0.01811204, -0.005914858, -0.022172645, 0.01594941, -0.013356353, -0.0025946216, 0.0054596215, -0.00041182013, -0.0038176714, -0.013320757, -0.02464303, -0.006016047, -0.0041450975, -0.0059055723, 0.0025970673, -0.00033511946, -0.0138939265, 0.017053725, 0.015876658, -0.002619951, -0.0037705866, -0.011710017, -0.00289839, 0.0076822154, -0.00012112591, 0.0019776705, -0.0024517004, 0.003808352, -0.0021341394, 0.0035477073, -0.0034252817, -0.024814276, 0.004888313, -0.015706897, 0.015359019, 0.02242925, -0.0038357088, -0.013439479, -0.0030895039, -0.014963255, -0.027005851, -0.0068057566, 0.0020041205, -0.008833018, -0.00017894885, 0.010957203, -0.0040898942, 0.00380555, 0.005722411, 0.0060925176, -0.009074361, -0.024360172, -0.0047505833, 0.009927588, 0.0073849927, 0.0044454704, -0.006858887, 0.006798949, 0.010895716, 0.0040969965, 0.00403072, -0.013246311, -0.021418847, -3.129031e-05, -0.02355545, 0.0020156514, 0.0028142645, 0.0036951185, -0.0025057923, 0.015885528, -0.0060766973, 0.016988916, -0.012708757, 0.009718804, -0.001001461, 0.0019906529, -0.00055604865, 0.021271557, -0.0037132152, -0.0033144627, -0.004949733, -0.0027487187, -0.0015949489, 0.0037416748, -0.00453229, -0.0024228, -0.0059316303, 0.017297616, 0.009545709, -0.00814556, 0.016684031, -0.0025473891, 0.010171749, 0.05755344, -0.001073961, -0.008489031, 0.0063585914, -0.0007385189, 0.0072572404, 0.0060652583, -0.017360482, 0.0129293725, -0.0054460447, 0.008085087, -0.0054067727, 0.005899002, -0.010216778, -0.014944329, 0.0022312067, -0.00017915253, -0.017126959, -0.0021159893, -0.0007022656, -0.012482559, -0.0052647563, -0.004795785, 0.00059987063, -0.0102624055, -0.0072466354, -0.014023379, 0.0029316375, -0.013424209, -0.013296496, -0.013595022, 0.0072766356, -0.023721375, 0.006919174, 0.006955027, -0.018510278, -0.019610815, -0.004675316, -0.0008061224, 0.020326428, 0.004957105, 0.0059708226, 0.012409952, 0.010577747, 0.004045833, 0.0052582687, -0.008895914, 0.0036239203, -0.0031263598, 0.010519015, 0.0017471903, 0.009264175, 0.004708104, 0.011112697, -0.0151891615, -0.011301515, 0.017070495, -0.007667434, -0.014253524, 0.0015243873, -0.00038115072, -0.0046115625, 0.0053112614, 0.010862965, -0.012124875, 0.01030613, -0.00017709013, 0.012445206, -0.0061430302, -0.0006335297, 0.0056952233, 0.023362726, -0.005988399, -0.0068932553, -0.014750025, -0.0104763545, 0.0010169575, 0.0022413821, 0.007522976, 0.0011519555, -0.031173063, -0.019116817, 0.008531379, -0.0027941503, -0.0074565443, -0.0011160537, 0.0011296563, -0.013152123, -0.020984864, 0.008437825, 0.0021416072, 6.6302506e-05, 0.018632537, -0.028828466, -0.014749244, 0.0019340459, 0.013052786, -0.010237299, 0.0117943315, 0.0034095182, 0.00032996899, 0.0130952345, -0.0119532235, 0.005784586, -0.009039469, 0.0009138882, -0.0066772103, 0.012736014, 0.029640295, -0.009954802, -0.0056152567, -0.0029810353, -0.0111331325, -0.0019767813, 0.00084486674, -0.00497743, 0.02044066, 0.020316193, 0.004582913, 0.002006142, 0.024101509, 0.012854735, 0.008723799, -0.0007480582, -0.00028594342, -0.0041594286, -0.023195991, 0.011674572, -0.0033215228, -0.010651488, -0.0048798737, -0.0030836482, 0.008707748, -0.018749427, 0.0057045603, 0.00016479458, -0.012697933, 0.0045620217, 0.008587305, 0.007910551, -0.0067023933, 0.0023351288, -0.002119409, 0.0004017693, 0.005221939, 0.0051811836, -0.0003925537, -0.013206852, -0.011393204, 0.0013706594, -0.026030667, -0.005884371, -0.009170629, 0.008024106, 0.008666463, 0.011700125, 0.007931942, -0.0071161794, -0.0026079845, -0.014444831, 0.00075582706, -0.044188753, 0.017197931, 0.013662648, 0.021217365, 0.023148233, 0.01518331, -0.0051772213, 0.0062431563, -0.004507524, -0.008689881, 9.884622e-05, 0.0016242008, 0.0013623441, -0.0018624715, -0.0062435544, 0.0061030923, 0.012828592, 0.0038534023, 0.0054805214, 0.0041613104, -0.011335706, 0.009895557, -0.016274152, 0.0084883245, 0.009434673, -0.013360192, -0.008180184, -0.0069545447, -0.009929433, -0.0034629856, -0.0064235865, -0.012574619, 0.012044977, -0.0005631253, 0.005729984, 0.0039364486, -0.00051857485, -0.0061738254, -0.007295045, -0.010026103, 0.0095692715, 0.00029864255, -0.0052218214, 0.0132925315, -0.009668425, 0.012398104, 0.0060388534, -0.013803609, -0.00083904143, -0.0012575567, 0.0021182755, 0.016191507, -0.022189952, 0.0032248378, -0.0057938457, 0.012492205, 0.010792525, 0.002927113, 0.00054636115, -0.007266923, -0.013880258, -0.0044282437, 0.016884152, -0.010654025, -0.010468609, 0.0012632561, -0.0038816102, -0.010154959, -0.0031983333, -0.000571673, 0.009227314, -0.0027881206, 0.020683466, -0.014201018, -0.0068190955, -0.030125478, 0.04395259, 0.00698617, 0.0003736628, 0.0026548796, -0.017418806, -0.0047212746, -0.004835994, 0.012507727, -0.009034487, 0.01030606, 0.011823551, -0.01579424, -0.024218805, -0.003364129, 0.00055664044, -0.0023595735, -0.0025957157, 0.002120498, -0.01893357, -0.0055201533, -0.005290328, 0.015704107, 0.01701565, 0.010673708, -0.002762092, -0.008153269, 0.006375233, 0.0007306642, -0.013395592, 0.002775951, 0.0059476136, -0.0016613107, -0.005588621, 0.0016032782, -0.017180424, 0.0072950916, -0.014516976, 0.023428498, 0.014368701, -0.00028608303, 0.0016653261, -0.018856896, 0.0006977314, 0.002064189, 0.0011135116, 0.01994348, -0.005299198, -0.011540264, -0.00437108, 0.020349365, -0.0011648389, 0.0100563215, 0.013378436, -0.0009860903, 0.00054898625, 0.013679998, 0.018089231, -0.017098213, -0.018879365, 0.01674798, 0.01033064, -0.0071213967, 0.013497252, -0.0017732363, 0.013504036, 0.0009529936, 0.008235136, -0.02379448, 0.0030577683, -0.003643373, -0.0022997367, -8.407671e-05, 0.016730083, 0.017753188, 0.013313652, 0.00034737447, -0.005552769, 0.009414684, -0.0033983826, 0.0129206935, 0.008932393, -0.0023389976, 0.005355139, -0.014509857, -0.00873734, -0.008507604, 0.003740486, -0.0013760237, -0.008401366, 0.0073319417, 0.005591491, -0.0035704796, 0.006535255, 0.0058375825, 0.000339691, -0.00319431, 0.014733067, 0.00025431125, -0.0010783201, 0.017954107, -0.0059639304, -0.007871554, 0.005911366, 0.002764609, -0.00035580836, -5.8193185e-05, 0.009450537, 0.013087197, 0.0071063675, -0.017821321, 0.016444657, 0.00048111536, 0.011967233, 0.0031158596, 0.01338222, 0.0013609108, 0.011105702, -0.008317243, -0.0032664232, 0.0052569346, 0.00247863, 0.01532287, -0.00017874029, 0.013169454, -0.020056346, 0.011127623, -0.008292722, 0.008802162, 0.00046999383, -0.09111793, -0.0049985065, 0.024042515, 0.011438883, 0.0032936, -0.007511819, -0.012294762, -0.0276259, -0.013142774, 0.024659999, -0.0075269844, -0.011829155, -0.0033879173, -0.0031492151, -0.0008864779, 0.003367865, 0.0056724674, -0.015862998, 0.016393362, -0.025338167, 0.00012223696, 0.009177227, -0.010952457, 0.00978507, -0.016019108, 0.008822423, 0.01393121, 0.00058497145, 0.016751159, 0.03094444, 0.0022558833, -0.0046890522, 0.010433977, 0.0065375264, 0.014049969, 0.00037215857, -0.00808941, 0.0036125442, -0.14258924, 0.0051950924, 0.0068096137, -0.0054838397, -0.01367377, -0.010657628, 0.004997082, 0.019439626, 0.010409235, 0.00063177175, -0.007080106, -0.0076299584, 0.0032011878, -0.003107326, 0.0038137713, -0.019058865, -0.0026470344, -0.010780367, -0.028868489, -0.0067015155, 0.009215636, 0.0063021155, -0.0042017708, 0.0145499045, -0.005201549, 0.00660118, -0.005908102, -0.015885811, 0.00477439, -0.006016736, 0.013606139, -0.014995771, -0.0081524905, 0.006772261, -0.01260928, 0.005398606, -0.0060565267, 0.005227808, -0.0065302043, -0.0095254015, 0.012586162, 0.0028739425, 0.01865706, -0.00558851, 0.0046469155, 0.005142326, 0.0013639577, 0.010379392, -0.0010487711, 0.012209287, 0.0018411522, -0.0041984753, -0.003893827, -0.0125574395, 0.008272694, 0.0016743531, 0.007892083, -0.0040481477, 0.0014663378, 0.0154227605, -0.0127980085, -0.005850082, 0.011174826, 0.0031544773, 0.004480705, 0.006558253, 0.0023102004, -0.00035137814, 0.007556246, -0.011932712, 0.012854016, 0.0006575721, -0.028229965, -0.0038772605, 0.013146493, -0.0007310421, 0.014438748, -0.014687805, 0.010239125, 0.0013907099, -0.004153821, -0.0022087053, -0.024350958, -0.00071434764, -0.0015107369, -0.008982745, -0.009330808, 0.0022382452, -0.016971273, -0.053705793, 0.027094007, -0.009179556, -0.011221177, 0.022592217, -0.011003485, -0.008130845, 0.0014393199, 0.012135863, -0.0070914384, 0.0023794216, -0.005484745, -0.0062063267, -0.0014241595, 0.0058202874, 0.012373682, -0.023661673, -0.009885757, 0.0035947557, -0.0031919228, -0.017935146, -0.018958297, -0.0034711116, 0.009901233, -0.008543723, 0.006953451, 0.005523394, -0.010857645, -0.003417097, 0.011454404, 0.01916733, 0.0046184957, 0.015951624, -0.0058873855, -0.006728503, -0.009809146, -0.015443484, 0.021337565, -0.010157719, -0.008979265, -0.0061891926, -0.0084568765, -0.015598645, 0.009828595, 0.01097366, 0.012270757, -0.020683227, -0.0051108184, 0.014402999, -0.0059386147, -0.00023544663, 0.02597143, 0.00026542236, 0.0056083966, -0.015636675, 0.017412018, -0.01018375, 0.0039781258, -0.004106762, -0.0153191425, 0.0033966135, 0.005471633, -0.017868578, -0.01597827, -0.003834898, -0.002291576, 0.017660154, -0.0076315682, -0.0036359846, -0.011448391, 0.026781578, 0.004343856, 0.010520067, 0.024621166, -0.008177779, 0.0077014235, -0.030704636, -0.013287076, -0.020507298, -0.00024727432, 0.0007019954, -0.007214752, 0.007939526, 0.017214494, -0.009475134, -0.021059806, -0.0030750725, 0.012194291, 0.00599913, 0.0032951552, -0.022162631, -0.007941734, 0.013490585, -0.0077038733, -0.018215863, 0.0031554054, -0.012152417, 0.019455029, 0.008336876, -0.015491034, 0.014498799, 0.0018087369, -0.010516304, -0.009554765, 0.010673512, -0.009966454, 0.0074716895, -0.0028503786, -0.006100988, -0.0011664389, 0.00057770865, 0.03151833, -0.005547219, -0.0008156393, -0.1632334, -0.019360857, -0.013224614, 0.017004995, -0.0033289455, 0.0009093386, 0.00026884314, -0.012879822, 0.013193922, 0.00903532, -0.007580893, 0.033494405, 0.0048545967, -0.022363747, -0.016728302, 0.003475298, -0.0099943215, -0.016514026, -0.014476903, -0.00789232, -0.053980988, -0.020088961, 0.011042751, 0.0097665945, 0.012497661, -0.026828527, -0.0070069083, 0.01610391, -0.0027123773, -0.016613545, 0.014195784, 0.007512961, -0.0058814352, 0.003412217, -0.017357161, -0.010595938, -0.014819818, -0.005225752, -0.0028326656, 0.014490473, 0.011316166, 0.0037141643, 0.0032186108, 0.023784302, -0.008614839, -0.021347707, -0.030568507, 0.0070842267, -0.019458378, 0.0023701817, 0.0041164015, -0.006788163, -0.00032360802, -0.0046558506, 0.035043404, -0.023586372, -0.005406355, 0.015443916, 0.0075695966, -0.0075454307, -0.017978279, -0.005906727, 0.0117253745, 0.007015561, 0.0017057913, -0.0066778935, 0.0023400027, 0.14021032, 0.00033092007, 0.011106816, -0.0027953624, -0.010594342, 0.032774407, -0.004226287, -0.019562239, -0.029263759, -0.008197273, -0.0017539198, 0.0018071597, 0.034335934, 0.0019152034, -0.017463896, 0.007827836, -0.0008945311, 0.001421387, -0.021030052, -0.01629234, 0.0022585213, -0.0031833793, -0.009510151, -0.020801907, 0.044611715, 0.0058987043, 0.005705629, -0.017335216, 0.0002445889, 0.005040175, 0.026731644, -0.019876838, 0.010976754, 0.0012107269, -0.00075033505, 0.009313541, -0.011733344, 0.005077906, -0.011696317, 0.02217742, 0.016742054, 0.009548847, 0.0053204414, 0.0016683004, 0.013304292, 0.012495946, -0.008328194, 0.006210514, -0.0048987833, 0.0020335196, -0.013867763, 0.0118661625, 0.0012542148, -0.0014515093, 0.0123909665, 0.0024722884, -0.01656714, 0.013197922, 0.011107944, 0.014191929, 0.0017059121, 0.0037228754, -0.007353314, 0.0051910067, -0.0018330433, 0.0073974663, 0.031169292, -0.01969179, 0.018657885, -0.11589131, 0.0010634154, -0.02051559, -0.018872779, -0.00073552685, -0.009599556, 0.017687267, 0.0035584462, 0.0017174367, -0.009403975, -0.005420065, -0.0021782077, 5.25041e-05, -0.0041973568, 0.0021757074, 0.0050465693, -0.0032785402, 0.01890819, 0.016817512, -0.016945992, -0.008613875, -0.00023436935, 0.008179022, -0.0053018145, 0.018860757, 0.016219147, 0.018126618, -0.013203526, -0.0053326483, 0.016618757, 0.0068071797, 0.0050483057, -0.026419438, -0.0048103603, -0.017138574, -0.0006286747, -0.008434579, -0.010918557, 0.021504901, -0.01291104, 0.0101435045, 0.0036805347, 0.008988446, -0.017233247, 0.005752801, -0.019364133, -0.0011150116, -0.0050861863, -0.0053775497, 0.009544186, -0.009244108, 0.0030711968, 0.0042319456, 0.0065973946, -0.01582472, -0.007179848, -0.0039755534, 0.003259328, 0.02914324, 0.02322401, -0.017085742, -0.019073376, 0.021006038, -0.0017754551, 0.019958995, -0.0018182888, 0.024803476, 0.023482697, -0.0008560807, 0.0012982056, -0.028024014, -0.0101775965, -0.008579579, 0.016601337, 0.0004637492, -0.0066787144, -0.002732202, 0.000465746, -0.018296478, -0.0064211274, -0.012469835, -0.017289264, 0.017271172, 0.014093119, 0.06070277, -0.024525965, -0.0049025808, 0.010478815, 0.008491295, -0.00057991093, 0.007882176, 0.0054173083, 0.023567919, 0.008182386, 0.0075175385, 0.007970197, 0.0023409368, 0.0022953462, 0.026498234, -0.0022631926, 0.0036289312, -0.010197261, -0.014868866, -0.020677812, -0.002649743, -0.0065155486, -0.021615282, -0.0109551335, 0.0049550985, 0.015411389, -0.020869868, 0.01897027, -0.01770012, 0.00692707, -0.02153479, 0.003501879, -0.0039595463, -0.010071076, -0.01767032, -0.0083676735, -0.0004115365, 0.006582588, 0.0068552806, -0.0049571698, 0.004125208, 0.013423551, 0.00039098412, -0.008428658, 0.0011114914, -0.0048151133, 0.0041901474, 0.007851566, -0.0024549647, 0.0015447726, -0.0040149963, 0.0054959105, 0.023453234, 0.007212374, 0.020879012, 0.00032979395, -0.0076361964, 0.032235578, -0.00983041, 0.007858481, 0.0014552779, -0.008456947, -0.007518224, -0.0084830625, -0.00857475, -0.009774928, 0.003951067, 0.024778513, -0.0034187173, 0.019131085, 0.012830851, -0.007324041, -0.013433482, -0.0034298827, -0.0022946168, -0.00046250076, -0.03524777, 0.017355751, 0.00312276, 0.010879324, -0.012495044, -0.015928112, -0.0060654925, 0.00060519425, -0.02165243, -0.024608217, 0.009048641, -0.025082648, -0.0058684335, -0.0067574102, -0.009887107, 0.018527616, -0.027245374, 0.00860997, -0.017853457, -0.08212539, 0.01866303, 0.014005371, 0.00014567425, 0.005428902, -0.00045450573, -0.014887786, 0.006423605, 0.00036270978, -0.0066887704, 0.019056968, -0.0050783856, -0.0056112306, 0.0075261206, 0.016902326, 0.012642016, 0.010250969, 0.0058587533, 0.021497874, -0.00064806634, -0.008810446, -0.018119225, 0.0020374882, 0.0072922776, 0.003022652, -0.0073229177, 0.008039069, 0.015283765, 0.0062328144, -0.01031844, -0.011222226, 0.003665444, -0.0033350047, 0.0003264411, 0.0016783666, 0.009492895, -0.0033535508, -0.03157439, 0.004283771, -0.020507438, -0.013640926, 0.012168092, -0.06031295, 0.009863197, 0.007833359, -0.0027307887, 0.009251637, -0.01075103, 0.01136571, -0.0069237086, 0.0084076375, -0.012615106, -0.004552585, 0.002482953, 0.025387643, 0.007916922, -0.002556663, 0.017711628, 0.018585071, -0.0031686642, 0.0019716488, -0.019019406, 0.0039060088, 0.017011821, -0.0036004882, 0.011488901, 0.0016322869, -0.010673172, -0.0041423133, 0.007541348, 0.018251168, -0.034408465, 0.0113005545, 0.010651966, -0.018805766, 0.0033716892, 0.013067689, -0.01789025, 0.0097408015, 0.02777548, 0.0021196548, -0.004545504, -0.002424009, 0.047397345, -0.01188594, -0.024545146, -0.011982457, -0.093345754, 0.00439347, 0.022278797, -0.018959241, -0.006553306, 0.01971931, -0.0047588563, 0.037544094, -0.008650077, -0.0050507984, -0.022061177, 0.016710551, 0.02628681, -0.0022145754, -0.02598129, -0.0087552555, -0.04177749, 0.009306806, 0.012729388, -0.007120751, -0.007448709, 0.0020264194, -0.014351243, 0.006008516, 0.0031141364, -0.08067895, 0.006459147, 0.0010450218, 0.0237166, -0.010414196, 0.0044870162, -0.0108234575, -0.008024866, 0.00760127, -0.009735672, 0.026786037, -0.01002032, -0.003124968, 0.006079818, 0.0035555651, 0.02724028, -0.0067109177, 0.0140448725, 0.006919581, 0.0011257523, -0.0020778487, -0.016878681, 0.0032093546, -0.014884499, 0.015053606, -0.008333967, 0.0032974025, 0.008115249, -0.00466357, 0.0020188487, 0.0043969178, 0.0017849457, -0.022973167, -0.0019378858, 0.004550577, 0.014411311, -0.0024773416, -0.004712077, 0.01086317, 0.0044929343, -0.006029964, -0.015862172, -0.024188573, -0.028056163, 0.0038824058, 0.00881881, -0.0023264482, 0.0022758886, -0.028527867, 0.022392048, -0.016212845, 0.0079578385, 0.007877068, -0.0010609224, 0.009472486, 0.004775856, 0.0008854351, -0.00026216978, -0.009540103, -0.011917487, -0.004628024, -0.011485007, 0.0088201435, 0.020808073, 0.0012252771, 0.020997511, -0.0097215995, -0.005359342, 0.0012638107, 0.014187099, -0.031002073, 0.0012749429, -0.008923218, -0.0053712823, -0.0011130217, -0.007132819, 0.022500161, -0.009015887, 0.011416959, 0.015557144, -0.018413026, 0.0206392, -0.0055408245, 0.011711829, 0.00093440217, 0.020692814, -0.000395041, 0.004029104, 0.009957811, -0.017724108, -0.012019232, 0.00024817666, 0.019619823, 0.003440603, -0.021678992, 7.843433e-05, -0.020482628, -0.009424926, -0.021641389, -0.011645231, 0.009734342, 0.011090306, -0.0032550462, -0.030894632, 0.011027047, 0.0040457067, 0.026737593, 0.003038173, 0.014116771, -0.018133095, -0.015377467, -0.012556282, 0.022357054, -0.0027959906, 0.009627022, 0.011330236, 0.007393449, 0.0066578267, 0.00703685, 0.02030464, -0.003057221, 0.00054683955, -0.025940215, 0.0062686247, -0.01392031, 0.017364144, -0.002118081, 0.014178372, -0.013489249, -0.026155038, 0.013739693, -0.0035269745, -0.011350003, 0.023021866, 0.015526461, 0.020377563, 0.0062990393, -0.015983488, 0.00029261727, -0.026992364, -0.004351977, -0.008677611, -0.0090267, 0.005921518, -0.010729643, -0.012763016, -0.0045029623, -0.0009236995, -0.0078845415, -0.007516465, -0.0072948043, 0.017072555, 0.008046776, 0.009614619, -0.010417872, -0.00041012088, -0.016857948, -0.008087172, 0.008049868, -0.0065251607, -0.028153624, -0.014866447, -0.00052918616, -0.00783929, 0.015477594, -0.0036096836, -0.0211084, 0.017027143, -0.019103417, 0.0047834204, 0.0096330065, -0.014418513, 0.0017584555, 0.0016913126, -0.0019322959, -0.00403622, -0.02932288, -0.015811974, -0.014348878, -0.00969171, -0.0014750614, -0.0025939622, 0.010759652, -0.019287158, -0.0014612185, -0.00036548293, 0.022563674, 0.005104354, 0.0013553496, 0.0036082023, -0.019351006, 0.0132300425, 0.010788186, 0.005108461, 0.007647788, -0.015313625, 0.016068703, 0.023648575, 0.0032619808, -0.00303658, 0.00385428, -0.0017696383, 0.029279862, 0.012171853, 0.00925913, -0.009196778, -0.00017494363, 0.00960026, 0.0053117867, -0.00276517, 0.003945911, -0.0017842565, 0.007929139, -0.004950385, 0.011040646, 0.02000615, 0.009447869, 0.01748252, -0.016791949, 0.009023581, -0.0044334163, -0.0072139855, 0.005798937, 0.012411816, -0.02187714, -0.01298734, -0.008991512, -0.0132550895, -0.0127845155, 0.041513354, -0.0168949, 0.01582471, -0.030977534, -0.0061000534, -0.012005492, -0.02336825, 0.0024603317, -0.02566292, -0.011891139, -0.020387609, -0.021145709, 0.00022747373, 0.010207487, 0.0016956569, 0.01700334, -0.00060820236, -0.015445865, -0.0055985814, -0.014115256, 0.011090393, 0.02354406, -0.0069662007, 0.011166515, -0.011977602, -0.016944582, 0.0044426764, -0.007052066, 0.009149768, 0.010672501, 0.021450363, 0.0025762802, -0.011357627, -0.016737793, 0.013761929, -0.027918044, 0.008734164, 0.004533105, 0.0022829883, 0.003640571, -0.008378016, 0.0055188113, 0.012798326, 0.012921559, -0.015756272, -0.009083774, -0.0003519465, -0.0084353695, -0.01496665, 0.013875386, -0.006421539, -0.020659003, 0.017603006, -0.007559338, 0.0128257675, 0.0030589104, -0.008301337, -0.00088977395, -0.016690841, -0.009053655, -0.011607608, -0.01648103, -0.021672376, 0.017001579, 0.0013175501, 0.0033082948, -0.00016951769, -0.0071511264, 0.006319628, 0.009178467, 0.019106383, 0.0077013215, 0.008769931, -0.008022085, -0.0116406325, -0.012796641, 0.04102707, 0.0015254666, -0.012952704, -0.006262376, -0.00016492949, -0.009298164, 0.0028694833, 0.0053371023, 0.0041132644, 0.013362347, 0.0047553563, 0.027140766, 0.026236283, 0.011320329, 0.0025141211, 0.004635069, 0.016240008, 0.01750141, 0.004985817, 0.028815191, -0.021670498, -0.0056399144, 0.02560339, -0.016909167, 0.0002741252, 0.004786805, 0.020091435, -0.0072635766, 0.0045314278, -0.006114288, -0.0012820679, 0.0007506102, -0.017788783, 0.011127224, -0.0049427417, -0.010910004, 0.006091286, -0.019407727, 0.012343317, 0.011879453, -0.0051173163, -0.008965373, -0.0077963136, 0.0052790865, -0.023961958, 0.029030578, -0.014396862, -0.0051339506, -0.010183003, -0.0051589767, 0.0020233765, 0.005965738, 0.007979993, 0.0010567935, 0.008675778, -3.962513e-05, 0.018622648, 0.014010332, 0.014138209, 0.009989074, -0.0072277063, -0.0076403976, 0.01326535, 0.009002813, -0.025359875, -0.019050544, 0.026359804, -0.013294951, 0.014722547, -0.008773113, 0.0078691095, 0.0066724517, -0.000601432, -0.003573572, 0.0022181568, 0.010857219, -0.015560765, 0.017276222, 0.0037612978, -0.005643004, -0.0025478408, 0.018096682, -0.010244897, 0.0065632076, -0.014138963, 0.0061845435, -0.008765228, 0.020927962, 0.013436077, -0.033644445, 0.003346707, 0.01603751, 0.013353632, 0.016879292, -0.0073182667, 0.011004848, -0.013661564, 0.023242509, 1.2691456e-06, 0.00034672895, 0.0055255583, -0.005510466, -0.012051329, 0.025615538, 0.00025927013, 0.021913057, -0.013340762, 0.0035582008, -0.008047069, 0.017127194, 0.012026481, 0.012450154, 0.00443886, -0.012189161, 0.0293459, -0.004835178, -0.015475857, 0.015950313, 0.016235963, 0.012081478, 0.013371819, 0.0102267945, -0.024476018, -0.009260297, 0.01058911, -0.016151011, 0.011855489, -0.0014171351, 0.03785967, -0.0030387128, 0.008659973, 0.002366955, 0.010653353, 0.0005643725, 0.0076257675, -0.012505066, -0.00035382336, 0.004721382, -0.0077818357, 0.0005680941, -0.01793962, 0.0018395325, -0.031868868, 0.0025057616, 0.010701875, -0.036443185, -0.0010043842, 0.00948419, 0.020913739, -0.0047770464, 0.018328879, -0.0034236875, -0.0029107397, 0.0027934962, 0.0017421877, 0.0084869405, -0.0065995464, 0.00861724, -0.006161511, -0.0067334375, 0.011787008, 0.013102442, 0.0023545867, -0.03761531, 0.0048693386, 0.01933682, 0.01895105, -0.0083156405, -0.009998788, 0.0054986984, 0.00064665655, 0.00355949, 0.0037835392, -0.00935742, 0.002487402, -0.006766664, -0.0085434355, 0.021008285, 0.025813019, -0.03732851, 0.0032808685, -0.009519774, -0.0041092993, 0.004440638, -0.0071442705, -0.013685902, -0.0038199814, -0.0010926975, -0.03814967, 0.023836585, -0.0030408467, -0.006102155, 0.007621142, 0.017035695, 0.038093645, -0.003323773, 0.016300777, -0.007230679, 0.004463033, 0.018711768, -0.0024898895, -0.011099579, -0.007306914, -0.0036444077, -0.012237177, 0.0011870881, 0.0025021578, -0.022527637, 0.018259695, -0.017689774, 0.021940103, 8.5914384e-05, 0.006996316, 0.013036333, 0.022417858, 0.0017253783, 0.011778443, 0.03550175, -0.0150552895, 0.027498757, -0.010863606, -0.017512606, -0.0015111248, -0.03055298, -0.008696795, 0.011932318, -0.009090044, 0.018220985, 0.0013091612, 0.020235531, -0.021967422, -0.029325627, -0.009815279, -0.014085048, -0.012554644, 0.0039882762, 0.014729759, -0.0061658067, -0.020035278, 0.0011111076, -0.005022579, -0.018634608, 0.019662889, 0.0038218517, 0.0139014525, 0.003942565, 0.0005666535, -0.020306095, -0.0115714, 0.015493117, 5.436325e-05, -0.04090195, -0.00904234, -0.0017341322, 0.00962724, -0.010707663, -0.017891208, 0.0159578, 0.0066991257, 0.005633031, -0.0017615975, 0.0025122405, -0.0120571945, 0.0062887315, 0.0037871923, -0.007991314, 0.009410075, -0.008114455, 0.020150501, -0.028234137, 0.01980622, -0.03410951, -0.001427156, -0.005455759, -0.013893408, -0.009620938, 0.011175495, 0.0068403264, 0.031432103, 0.0041261306, -0.0046258927, 0.056681104, -0.025516413, -0.014734216, 0.0067134267, -0.0151573345, 0.014055399, -0.011370004, 0.03571621, -0.017003356, 0.0055574295, -0.0017633402, -0.020052854, -0.0027628306, 0.0008098677, -0.021067318, -0.0022319197, -0.019804476, -0.018401077, -0.013871155, -0.0077131167, 0.0071979836, 0.0076748785, 0.026309218, 0.0039443998, -0.00515992, 0.0007986262, 0.0067046513, 0.0077491393, -0.005008191, 0.030868163, -0.009269524, 0.016952382, 0.026653789, 0.00132394, 0.0024746822, -0.01749629, 0.004239774, 0.016537208, 0.0084066605, 0.007715025, -0.021137137, -0.017854717, -0.016820896, -0.0032378095, 0.0125232125, 0.009376809, -0.00801056, 0.019169813, 0.008116975, 0.011522281, 0.013961552, 0.002766153, 0.017242393, -0.0052469745, 9.642222e-05, -0.0051584383, 0.018869203, 0.017962482, -0.006367707, 0.014271106, -0.0054058726, 0.0024397303, 0.012355118, -0.0030573304, 0.0053401003, -0.013823727, -0.008310684, -0.0054516774, 0.010292555, -0.038876574, 0.010341822, 0.008677105, 0.0068729715, -0.006884028, 0.007353766, 0.16779871, 0.1304119, -0.01188036, 0.011458785, 0.032111026, 0.030156782, -0.024431592, -0.0032357213, 0.0073819766, -0.016471013, 0.009134823, -0.003305709, -0.00032613997, -0.019563645, -0.0076641766, 0.008650018, 0.02375698, -0.005710386, -0.02042184, 0.012641045, -0.027918067, 0.013369986, -0.015872944, -0.0043714764, -0.01588934, 0.01731449, 0.035091277, -0.04454081, -0.0044457414, 0.027254755, -0.030427713, 0.015452723, -0.015905868, -0.005614974, -0.005501471, -0.01869234, 0.0032770014, 0.027961943, 0.017792396, 0.017156854, -0.010018255, -0.0028262255, -0.0017928045, -0.004622809, 0.029881718, 0.013612164, 0.0023978315, 0.00848825, -0.0039904155, 0.012488952, 0.002408205, -0.016330546, 0.004804693, -2.5328163e-06, -0.024807574, -0.0026355935, 0.0063005374, 0.019222867, 0.015180764, 0.0015168635, 0.021270514, -0.021054683, -0.01687997, -0.013314632, 0.00815624, 0.02794124, 0.00298637, -0.0046729087, 0.011493224, -0.016439948, -0.011634804, 0.0272541, 0.009559161, 0.005544984, -0.019000601, 0.0062548765, 0.017376522, -0.012513671, 0.011356208, 0.00875934, 0.00041411104, 0.013620901, 0.00904096, -0.0005874047, 0.013755679, 0.006490406, -0.015750475, 0.04424532, 0.08762676, -0.0007312072, -0.005120616, -0.020335773, 0.018641023, -0.009281234, -0.02483808, 0.077159405, 0.006879108, 0.021468997, 0.018695207, -0.003982069, 0.02196262, 0.0010152905, -0.0073789065, 0.0030067118, 0.0087031815, 0.03690935, 0.007908353, -0.017001, -0.023977824, -0.00420649, 0.01214941, -0.016283358, 0.008816944, 0.00061274105, -0.0010178144, -0.0017850553, 0.0049764114, -0.002031776, -0.09304635, -0.020010315, -0.0030769089, 0.00805197, 0.005090679, 0.02656438, 0.016138837, -0.010209622, -0.0074454653, 0.0022819317, -0.014919605, -0.0008358759, -0.0034742453, -0.010844104, -0.008987463, 0.002852267, -0.003609022, -0.008747198, 0.00657221, 0.0031809232, 0.014687347, 0.002159008, -0.0045298184, 0.0062367194, -0.022312814, 0.011839424, 0.0024707634, 0.009935013, -0.00090270163, -0.0016880622, -0.02233453, -0.0009987359, 0.0001604311, -0.011472787, -0.00054108753, -0.006607709, -0.02247402, 0.024721337, 0.017572597, -0.0034897611, 0.013256535, -0.01733239, -0.014863364, -0.004201144, 0.0027058753, 0.0064018355, -0.006406804, 0.006845965, 0.0056113168, 0.00455027, 0.025998006, -0.0036605473, 0.01345339, 0.011278619, -0.0052164034, 0.008041789, 0.017258333, -0.009443672, 0.0066221254, -0.0062256, 0.007581178, 0.029098934, 0.019639999, -0.0029714298, 0.010535169, -0.0013834062, -0.007170554, 0.031535946, -0.010295134, 0.0077068107, -0.022392806, 0.0067726574, 0.011728299, 0.035683475, 0.022996027, -0.00056222983, -0.032045446, -0.01315146, 0.003724154, 0.019809753, 0.0024261274, 0.016691765, 0.0058823647, 0.104952805, -0.0038023747, -0.00223258, 0.01592037, -0.010785211, -0.008051231, -0.011658278, -0.009183872, 0.004643863, -0.0014616972, -0.014865191, 0.026613964, -0.014753039, 0.00851238, -0.012029981, -0.0058599818, 0.033974998, 0.0077450965, -0.0016632299, 0.0024076127, -0.014628869, -0.018144859, 0.0057824547, -0.008858685, 0.007392862, -0.0149787795, -0.012471036, -0.006808824, 0.01993177, 0.007720967, 0.01736791, -0.0012253834, 0.009969687, -0.007046688, 0.0027330285, -0.004038354, 0.007802791, -0.0031621943, 0.00020283576, -0.0010640628, -0.0003092965, 0.017979832, 0.013317955, 0.004250846, -0.03751848, 0.20736174, -0.0032174236, -0.031046512, -0.021528872, -0.0055267746, -0.0058823624, 0.0188284, -0.00024612254, 0.015802866, 0.004431398, 0.022779988, -0.003175201, -0.010031131, 0.013354068, 0.010608719, -0.016400663, -0.024585119, 0.015626503, -0.0043260613, -0.002891586, 0.009631841, -0.0044853473, -0.018964462, 0.009283727, -0.0013904946, 0.007176732, -0.004281455, 0.019442415, -0.0137770455, 0.02038389, 0.017936515, -0.008586264, -0.00066398387, -0.01417966, -0.0072341883, 0.02716248, 0.0061245966, 0.0066689556, 0.013531273, -0.0046189325, -0.034810215, -0.010693249, -0.0023929058, 0.01706841, -0.004235822, -0.025933014, 0.0033472208, 0.009102169, -0.008871135, -0.024205843, 0.00052513217, -0.0018761588, -0.011982254, -0.011899369, -0.0037368445, 0.016011065, -0.02436761, 0.0041008466, -0.0068102684, 0.017906457, -0.007812215, -0.0035397864, -0.0007523346, -0.011463824, 0.0073281303, -0.019539751, -0.012097384]"
La “Cobrita” viajara a Espana para torneo Internacional de boxeo,https://oem.com.mx/elsoldetlaxcala/img/25521796/1756733017/BASE_LANDSCAPE/1200/image.webp,DEPORTES,La peleadora originaria de Tetla de la Solidaridad fue llamada para representar a Mexico en Espana,https://oem.com.mx/elsoldetlaxcala/deportes/la-cobrita-viajara-a-espana-para-torneo-internacional-de-boxeo-25506269,"[-0.0176439, -0.03543714, 0.020532899, -0.056940198, -0.013172691, 0.0035087594, 0.005604128, -0.013917441, -0.011812775, -0.0009606618, -0.027483488, 0.024471931, 0.005039359, 0.009886942, 0.11906234, -0.014038116, -0.017365525, -0.0037584575, 0.0151004065, 0.0054327184, -0.017025713, 0.0027099166, -0.007817449, -0.020220812, -0.00828037, -0.016817132, 0.0145218335, 0.019799247, -0.01270021, -0.00069448433, 0.013281795, 0.009060993, -0.0004865017, -0.009315706, -0.023625074, -0.017406633, -0.005271114, 0.012225235, -0.005608659, 0.0012380491, 0.0050290446, -0.0036635203, -0.0281221, -0.024018694, 0.01682048, -0.010334458, -0.005219304, -0.016795477, 0.0024321433, 0.021183128, 0.009138926, -0.0010642244, -0.01266929, -0.16036001, -0.0052568554, -0.008701287, -0.0137337, 0.029028649, 0.0015574084, -0.026266474, -0.0030055551, 0.03176014, -0.038476516, -0.0011449252, -0.02101711, -0.006703222, 0.024987493, -0.0052951076, -0.021805197, 0.0016491842, 0.023155455, 0.00062337803, -0.014323908, 0.00023276875, 0.0025695893, -0.00084078184, 0.022173742, 0.009108359, -0.0082828505, -0.020296387, 0.0019128913, -0.023637634, 0.025700916, 0.00062572217, 0.004071024, 0.01442239, -0.0059533715, -0.0017198327, -0.009724414, -0.0064887367, -0.004188449, 0.028101929, 0.028457196, 0.015848048, -0.0136628505, 0.009287146, 0.0016385735, -0.0153600825, 0.0037171368, 0.0004623364, 0.003344017, 0.0068655233, 0.0039089904, -0.01625671, -0.0008141433, -0.02326886, 0.017205415, 0.0020882778, -0.017076232, 0.00922, -0.014575237, 0.005755814, -0.02037994, 0.01839737, -0.009754885, -0.10822123, -0.018141327, -0.007431203, -0.02138402, 0.00597115, -0.007338165, 0.018099673, 0.013890941, 0.027356906, -0.041758534, -0.0031672134, 0.014840503, 0.014326085, -0.017480334, -0.0066670137, 0.0132229, -0.0329394, 0.0130006075, 0.008177519, -0.0072071054, 0.025553802, -0.014402161, -0.023753418, -0.033506222, -0.0026839743, -0.026893575, -0.0017127104, -0.025469437, 0.0065028504, 0.02564853, 0.002604337, 0.021258501, 0.033772618, -0.027431244, -0.014290495, -0.011212931, -0.00013166892, -0.002159848, -0.0043486455, -0.014939821, -0.025259383, 0.0041886326, 0.018498886, 0.012689043, 0.024816444, 0.008721372, -0.02186711, 0.016045956, -0.0057086134, 0.00096312043, 0.017319608, -0.0098866625, 0.009350808, 0.006645585, 0.016592642, -0.010511664, 0.039853398, -0.03540761, 0.021282911, 0.007991032, -0.0062417435, -0.010075991, -0.023260606, -0.008653598, 0.0037227885, -0.005927605, 0.016576536, 0.013914747, 0.011301935, 0.031921413, -0.004336367, -0.016722493, 0.023137016, 0.025069721, -0.008851153, -0.023004994, 0.000597036, -0.024193915, -0.017379433, -0.0059653413, -0.012054238, -0.023164844, -0.01491855, -0.0059653413, -0.03106208, 0.030647099, -0.024356747, -0.0043510925, 0.024512079, 0.0045608673, 0.015977802, -0.04151977, -0.009909563, -0.010027551, 0.021435916, 0.005698446, 0.0044880146, 0.007802253, -0.014524595, 0.027520334, 0.020725202, 0.006855028, -0.0019728504, 0.00409706, 0.0073158485, 0.01757125, -0.01603834, 0.0022105873, 0.009633342, -0.0069013247, -0.0005842315, 0.0075287283, 0.030281708, -0.03247587, -0.01623814, -0.007778706, -0.009481823, -0.0008085, 0.014791839, 0.002342112, -0.0030615432, -0.003479637, -0.028521357, 0.018720552, 0.014285127, 0.019904608, 0.008471389, 0.008251111, 0.012619017, 0.012376869, 0.032315653, 0.01998546, -0.011226567, -0.020387854, 0.02464798, 0.006337543, -0.010184199, -0.014981787, -0.007340969, -0.01304992, 0.0020927924, -0.003818901, 0.02064672, 0.030727673, -0.015098156, 0.010317879, 0.003705852, -0.011043582, -0.039501656, -0.03651881, 0.030339323, 0.008526408, 0.026301242, 0.010795183, -0.014112906, 0.015852077, 0.03181253, -0.008445115, -0.016706632, 0.0037732958, -0.005196746, -0.08408727, 0.035064682, 0.0030126208, 4.70646e-05, 0.0015421775, 0.01659819, -0.024757067, 0.009408749, 0.009121015, 0.0036989967, 0.00071910856, -0.010439384, -0.0115459, -0.012013415, 0.0140276905, 0.020964436, -0.013456808, 0.020636715, 0.020320745, -0.012818099, 0.0016227484, 0.015080501, 0.0016894967, 0.00015457695, 0.005620795, -0.016796682, 0.014365021, 0.04102287, 0.030168977, 0.002454203, -0.015294735, -0.012187719, -0.012901269, -0.016625414, -0.008284043, -0.017832085, -0.008478546, -0.0036864842, -0.009443846, -0.001401055, 0.039983746, -0.015528518, 0.014301571, 0.027702557, -0.02730047, -0.017327005, 0.02193105, -0.024827791, 0.0063133594, 0.015529246, -0.03356475, 0.012226017, -0.014855823, -0.010382177, 0.004686885, 0.0016331985, 0.005258983, -0.00475481, 0.012325754, -0.0043059625, 0.0068275295, 0.045157608, 0.005907466, 0.015026907, -0.006040129, 0.0126602575, 0.01875464, -0.016111575, 0.01326399, 0.010764868, 0.006724558, -0.033351693, 0.003157508, -0.03841253, 0.022937762, 0.001015698, 0.011315573, 0.010516853, -0.017197076, -0.0022435116, -0.039211985, -0.0026374317, -0.008850214, 0.017590968, 0.041200016, 0.010643189, -0.022605948, 0.0044606924, 0.00954856, -0.013661889, -0.002453522, 0.0027030697, -0.0074824034, 0.0024771611, -0.04633381, -0.021770999, -0.0053710165, 0.01815934, -0.004070278, 0.0016373224, -0.027983757, 0.024393769, -0.013856216, -0.0039586197, -0.0025250586, -0.039013628, 0.015261506, 0.029395863, -0.009555483, -0.022357972, 0.020225957, -0.03829798, 0.016450027, -0.008371733, 0.0046744146, 0.032674797, 0.0007563432, -0.01594444, -0.03201637, -0.011566637, -0.023813993, -0.0026029572, -0.022051811, 0.022098381, 0.030324385, 0.002437687, 0.01001268, 0.009690863, 0.0044047134, 0.017988225, -0.026113708, -0.004900034, -0.012932134, 0.003238587, 0.009569749, -0.009449058, -0.010744355, 0.013159568, 0.02112558, 0.0113785425, -0.01246641, -0.02598375, -0.00017865539, -0.00092030026, 0.014169401, 0.017258894, -0.019216815, -0.002438388, 0.018860968, 0.010657022, -0.019964417, 0.010582782, 0.028898267, 0.014962729, -0.001864199, -0.013730107, -0.023569597, -0.006192474, -0.013135616, -0.022193097, -0.011200006, -0.0055445223, 0.007968746, -0.008154382, 0.014515763, -0.017955165, -0.008662441, 0.023062842, 0.016286584, 0.029446265, -0.028256128, 0.005050739, -0.0076159392, -0.021349851, 0.02965048, 0.0038978031, -0.014982502, -0.007015951, -0.016959958, 0.015458672, 0.005899671, -0.02222554, 0.014492523, 0.019372309, 0.018434983, -0.014723903, -0.009316749, 0.020755127, 0.0064808344, 0.01041693, 0.016516466, -0.0036573603, 0.014510693, 0.011528687, 0.0068369037, -0.014295045, -0.0071914475, 0.039782766, -0.03602525, 0.0013693314, -0.023917593, 0.021527117, 0.0061244178, 0.0046209185, -0.022014523, -0.007565784, -0.014598453, -0.007051472, -0.00029220304, 0.004409746, 0.027767554, -0.00036529286, 0.015716717, 0.002733411, 0.015210574, 0.017776724, -0.009469494, 0.026122145, -0.016186954, -0.034753185, -0.021476854, -0.021791862, 0.024744034, -0.019720325, -0.008256849, 0.024045665, -0.011610664, 0.026042638, -0.020337146, -0.011602835, -0.032807786, 0.0050211307, -0.007349007, -0.03643284, 0.008450538, -0.0016018016, -0.0063109994, -0.011542772, -0.0056805764, 0.044615194, 0.031245837, -0.008181378, 0.013507565, 0.02558874, 0.0012208386, 0.0034512333, -0.021480598, 0.009834946, 0.025111154, 0.009955647, 0.01335805, -0.017399108, -0.0021934123, -0.00417113, -0.0013532876, 0.036128372, 0.0008624556, -0.024684174, 0.0032781437, -0.008315111, -0.004583918, 0.01984794, -0.010919865, -0.01878722, -0.03242566, -0.030475127, -0.024908826, -0.016523724, 0.00846727, -0.06866862, -0.018274652, -0.0024062716, -0.030658226, -0.012042231, -0.0070667802, 0.04204609, 0.006454036, -0.0021928449, -0.005005629, 0.0055257133, 0.015087545, 0.0124684125, -0.0002594936, -0.00611536, -0.028687628, 0.0025917757, 0.00017246832, 0.0008842283, -0.001160864, 0.011335919, 0.02760988, -0.0046803528, -0.017646706, -0.013564376, -0.010410311, 0.017022373, -0.046978965, 0.033540066, 0.008951721, -0.009100921, -0.023700353, 0.0005674901, 0.0059500365, 0.0056581404, -0.0066764676, -0.020216415, -0.02756665, -0.0013626299, 0.028823731, 0.019394903, 0.030188076, -0.008914694, 0.003957496, -0.020547394, -0.0014373825, 0.007236656, 0.0082717, 0.043581534, -0.027875872, 0.016324863, 0.027053615, 0.0064679896, 0.0032920607, 0.015066376, -0.0022572589, -0.0035492107, -0.002177808, 0.004901309, 0.0085619325, -0.013239966, 0.019043528, 0.0032102757, 0.0065375506, 0.00089416915, -0.028684756, -0.0039025838, 0.002656156, 0.019560419, 0.0027460477, 0.026631963, -0.003952563, 0.014857185, 0.028412834, 0.0059811217, 0.022287728, 0.0045099435, 0.0107930405, -0.007636812, -0.009530945, -0.03865116, 0.031542607, -0.09645038, 0.002328218, -0.0062528607, -0.018052895, 0.0047782515, 0.0047241687, 0.029198645, -0.007137294, -0.009209731, 0.004874069, -0.0129541475, 0.020797564, -0.0018412624, -0.024827573, 0.005253505, -0.018219579, 0.016894208, 0.002782935, 0.0054432275, -0.013717432, -0.010549458, -0.0080645075, -0.00016688359, 0.0017589359, -0.010272114, 0.012393024, 0.008295213, -0.012158732, 0.016019389, -0.026587771, 0.019686688, -0.15865915, -0.024513993, 0.049370494, -0.004752867, 0.037363857, 0.0026008463, 0.040464908, 0.02655523, 0.020667227, 0.011508045, 0.00069907616, -0.0060898876, -0.03181793, 0.012689586, -0.0040069246, 0.10524096, 0.01739992, 0.018711777, 0.0015766515, -0.011346844, -0.026482578, -0.018720623, 0.014923232, -0.008412607, 0.038787752, 0.015661659, 0.0024717725, 0.0068066777, -0.0032760499, -0.0016951904, -0.008634358, 0.02978473, 0.008560405, -0.0003351721, 0.010295069, 0.022613086, 0.0027659936, 0.00107141, 0.014066449, 0.013099858, 0.0091687385, 0.024285613, 0.007566104, 0.024481146, 0.013366491, -0.013064092, 0.025272451, 0.003013465, -0.0012048717, 0.010869175, -0.035110716, -0.09188798, 0.0145334685, 0.025580475, 0.0015403654, 0.014894886, 0.016669396, 0.010756557, -0.0058691837, 0.027281817, -0.0071600145, 0.03417891, 0.0259325, 0.011529075, -0.011587203, 0.008248138, 0.00987006, -0.015865674, 0.021018097, 0.010114927, -0.018699635, 0.0030895888, -0.008562712, -0.014638625, 0.004871771, -0.0009811951, -0.015254937, -0.0042693946, 0.029294986, 0.0045294156, 0.01189168, 0.018909946, 0.019041596, 0.016120465, -0.019024896, -0.028114844, 7.984735e-05, -0.032068703, -0.011073707, 0.009388095, -0.010106985, 0.013160626, -0.010951054, -0.013552867, 0.000765701, -0.00228088, 0.022748081, 0.02084854, -0.022046609, -0.033604153, -0.015510494, -0.008216042, -0.0076049226, -0.009108595, -0.021922648, 0.013067388, -0.008497101, -0.010099858, 0.014073341, -0.024979943, 0.0046258, 0.0037967565, -0.0012148242, -0.008284863, 0.008365936, 0.0027828587, -0.0026195808, -0.004903695, -0.011266007, -0.029298758, 0.022385722, 0.012815764, -0.007833006, 0.00434508, 0.0011378397, -0.014408199, -0.017917957, -0.010902004, 0.00092140073, -0.029753862, 0.029773457, 0.008727784, -0.0049606618, -0.028617848, -0.0051389583, 0.0069681094, 0.019335277, -0.0064574005, -0.0047751535, -0.009942854, 0.0006363318, 0.00513155, 0.003855101, 0.0050057787, -0.0025899603, 0.010296757, -0.000463828, 0.015013015, -0.0051310114, -0.014147543, 0.022963334, -0.025713192, 0.008820501, 0.00031943395, 0.0066503324, -0.0062416126, 0.0021633324, 0.012954611, -0.0011026259, -0.009477868, 0.0004881694, 0.0018570224, 0.011611505, 0.008388486, 0.0010150603, -0.003892839, 0.007899813, -0.0125982305, 0.019694628, 0.015101598, -0.011035227, 0.005671689, -0.020920716, 0.005409707, -0.0065547647, 0.010354705, 0.014103677, -0.00022449564, 0.0051216506, -0.0013112864, 0.0104557, 0.011954358, 0.0027431012, 0.0242943, 0.0043575107, 0.020686796, 0.0010791695, -0.017061707, 0.013368526, -0.0037771156, -0.013704377, -0.023781627, 0.025544124, 0.0055780704, -0.0048328205, -0.002820267, -0.017642882, -0.00054911396, 0.0009097811, 0.0028785248, 0.0006028189, -0.010871291, -0.027650567, -0.0017039845, -0.008857778, 0.026274873, -0.009291885, 0.005025279, -0.00049871154, 0.0025157023, 0.0065909196, 0.0019078524, -0.0035442787, -0.0025724557, -0.0070143556, -0.013349698, 0.01652811, -0.006861571, -0.0009751835, -0.011680135, 0.0034592717, -0.012259935, 0.0057137962, -0.013470173, 0.002709509, 0.0011249153, 0.0040279734, 0.0016139905, 0.013230282, 0.014375024, -0.004819758, 0.0043952214, 0.0011554821, 0.021368818, -0.0011914783, 0.0021144531, -0.00059282035, 0.016583659, -0.0019071057, 0.0028679508, -3.3370176e-05, 0.025314506, -0.009703115, -0.0064308746, 0.0005372891, -0.014443588, 0.0032644172, 0.01441776, -0.01719406, 0.0075496817, -0.013413656, 0.009896574, 0.009070651, 0.021042055, -0.00017786873, -0.0083976425, -0.016283767, 0.019482855, 0.013574611, -0.018782703, -0.00044785975, -0.00696271, -0.00597641, -0.0052964496, 0.023423502, -0.0044913758, -0.012846891, -0.019061686, 0.011347156, 0.002791479, -0.00011096166, 0.023372514, -0.0103382515, -0.0045910557, -0.005052309, -0.014675368, 0.00497238, -0.018838735, -0.011605091, -0.022911603, -0.0036208546, 0.00016736635, -0.0048197745, 0.01758164, -0.0019576894, -0.013575221, -0.004909925, 0.009274, 0.0036804958, -0.016422277, -0.016358728, -0.014356457, -0.0014326238, 0.011978147, 0.006186388, -0.000286447, -0.003519602, -0.030818492, 0.0046518985, -0.006778999, -0.0027683007, 0.008638873, 0.026123434, 0.005807903, 0.005610911, -0.008876646, 0.0069425004, 0.012371545, 0.021368163, 0.008944915, 0.085961126, 0.008079633, -0.008444047, 0.020210715, 0.00490671, -0.00742632, -0.0032923524, -0.0048472295, -0.0122267, 0.008847535, -0.009575497, 0.00011867498, -0.016314883, 0.0010199056, -0.0006185542, 0.018098768, -0.0014034773, -0.010943812, 0.0030931483, 0.005091612, 0.0010313231, 0.0023001567, 0.02152908, 0.0025784245, -0.002158597, -0.002437463, 0.011012793, 0.009778288, 0.00031568736, -0.014156962, -0.012551305, 0.005203708, 0.004596069, 0.0119061265, -0.025634497, -0.015161001, 0.0019256783, 0.0045133634, 0.0077772625, 0.016157473, -0.008719523, -0.0024877891, -0.0056967535, -0.025750032, 0.0059030526, 0.005027791, -0.0018665827, -0.0030839688, -0.0017608792, 0.012193609, -0.019340368, 0.00025707742, -0.000784954, 0.004056569, -0.016354501, 0.0017067454, -0.0056633637, -0.010520333, 0.010784906, -0.010348799, -0.0031968385, -0.007199161, -0.01287859, 0.0027702518, -0.00015656724, 0.0029045374, 0.0013291537, -0.015966244, -0.010322821, 0.009947478, -0.021114442, -0.0029992457, -0.0038605984, -0.008190414, 0.02158334, -0.0064171446, 0.0054048114, -0.016380562, -0.021010658, -0.00708973, 0.024460288, 0.010633219, -0.015808312, -0.019629182, -0.006049274, 0.0043847943, 0.00040315924, 0.00078329537, -0.00498306, -0.00023520917, 0.0042293305, 0.0022012005, -0.00630361, 0.01612336, -0.010934286, 0.0022991882, 0.054977756, 0.0019237055, -0.013920147, 0.024348093, -0.007921023, -0.0036527188, 0.0127776675, -0.00215892, 0.0006891142, -0.0031069433, -0.00060370594, -0.010019593, 0.023316918, -0.012825643, -0.013295157, -0.0029674552, 0.02509592, 0.0048062443, -0.0043724687, -0.0061633047, -0.003123943, 0.006944294, -0.017874653, -0.0013193452, 0.010543583, -0.0011747391, -0.006626997, -0.007816375, -0.009668549, 0.009492318, 0.0042340998, 0.0005069173, -0.009059577, 0.0029447277, 0.009055058, 0.011675931, -0.0029132953, -0.0017756382, -0.007201145, 0.005805846, 0.012375448, 0.0088140825, 0.008019314, 0.013717841, -0.0111944005, -0.015453144, -0.023533128, 0.019674739, -0.002563966, -0.005590755, 0.008340941, 0.004740983, -0.019436965, -0.007087764, 0.0030468325, -0.027714275, 0.0034419235, 0.0003621243, -0.006563631, 0.011797366, 0.009969875, -0.00639314, -0.0069503253, -0.002333977, -0.0121562965, -0.0021402691, 0.0013115833, -0.00898268, -0.00094550353, -0.009556921, 0.02429405, 0.003811215, 0.0013154174, -0.011289712, 0.00536681, -0.0018572002, 0.02699986, -0.011915709, 0.0038065964, 0.0024220718, 0.010535714, -0.0089626955, 0.014410395, 0.012664358, -0.005452483, 0.008201431, -0.017856317, -0.0024256702, -0.009870899, 0.003312808, 0.011520963, -0.0041948757, 0.019482784, -0.01694849, 0.019654227, -0.0057735182, 0.0036195263, -0.00092305907, 0.0017409783, 0.005221899, -0.0028623668, 0.025984952, 0.00071385736, 0.008570885, -0.010056768, -0.0076844846, -0.0052719964, -0.005167374, 0.0073997416, -0.013272948, 0.002262536, -0.015257841, 0.0039497274, 0.009606994, -0.0005551904, -0.010501203, -0.0013774945, 0.0024316432, 0.00042344572, -0.0030026997, 0.003984911, 0.02961952, 0.010923633, -0.017596478, -0.0073263953, -0.009693799, 0.008687153, 0.013659689, -0.014483151, 0.01567632, -0.013960467, 0.008390067, -0.005731078, -0.010687842, -0.0048458953, 0.011692606, -0.0090131005, -0.010309404, -0.003932, -0.003217635, -0.009394577, 0.0032648067, 0.009912811, -0.0005169363, -0.017732566, -0.005050159, -0.0029648968, 0.0045747063, -0.005441921, -0.032552153, -0.018403536, -0.019629179, -0.016109098, 0.0034635782, 0.0021384123, 0.013241314, 0.018746672, 0.017751548, 0.020603195, 0.011674422, -0.00802967, -0.032841243, 0.0046052877, 0.010891283, 0.025411978, -0.005169549, 0.012404726, 0.02271478, -0.007512221, -0.001132781, -0.00040339807, 0.008827577, 0.010966345, 0.0046558944, 0.001347117, -0.013285123, -0.011368997, -0.008577621, 0.0062653637, 3.0328463e-05, -0.007844303, 0.0006578502, -0.0018075441, 0.0015416024, 0.014690193, 0.0073669637, -0.001756945, 0.01457806, -0.001929042, -0.0051754154, -0.00740871, -0.022107761, -0.010144104, -0.00044481197, -0.0022823885, -0.00332324, -0.0106223645, 0.01411825, 0.0015291716, -0.0030023698, -0.013564788, -0.0052513843, -0.014648963, 0.000967566, 0.0032555563, 0.015295494, -0.010885654, 0.003270389, 0.0014585358, 0.00080296525, 0.01547957, 0.020798188, 0.005106048, -0.02168925, 0.0007426838, -0.009905558, -0.016389988, 0.0072859, -0.0123984795, 0.017193586, 0.0025881971, -0.0049805013, 0.00782613, -0.008715771, -0.015029212, -0.00892836, 0.0047213817, 0.013584127, -0.0010507538, -0.016007802, 0.0018658582, -0.0015031341, 0.00036900138, 0.008024145, -0.0022895634, 0.008083162, 0.0052619963, 0.018639522, 0.012898111, -0.016046925, 0.013440158, -0.012964714, -0.01841265, 0.003727555, -0.0047942987, -0.015845602, 0.00088034006, -0.010526094, -0.015510524, -0.03198987, 0.004566381, -0.0069068507, -0.008445282, -0.010408095, -0.016770504, 0.0009461867, 0.006857507, -0.01109046, 0.0008493683, 0.011022334, 0.0025484785, -0.00547812, -0.008531321, 0.008932094, -0.0067988355, -0.013537474, 0.017552925, -0.0024503544, 0.0032047143, 0.0031672171, 0.010256726, -0.013714415, -0.0034892417, 0.01320718, 0.0010176371, 0.007434728, -0.010755798, -0.01257652, -0.022260865, -0.0016038956, 0.01790707, -0.015540773, 0.011146386, -0.0020075159, 0.0018738767, -0.0089244135, -0.004002509, -0.009154341, 0.00301406, -0.0072596804, -0.0044200243, -0.0023905586, 0.022829387, 0.022595296, 0.01198168, -0.0038370534, 0.032235682, 0.009272295, -0.013400167, -0.00075658405, -0.014189367, 0.0254144, 0.003915301, 0.025164142, -0.0076686842, -0.002653237, -0.0094535155, 0.011890738, 0.026687296, 0.019504817, -0.004418431, -0.00216678, 0.0007481946, -0.0004176996, 0.010610594, 0.010939343, -0.00024132077, -0.004402543, 0.007010884, -0.0022051053, 0.003184592, -0.016155528, 0.0354507, -0.0015344943, 0.009651349, 0.009666421, -0.006674319, -0.007031677, -0.0041656294, -0.0084893415, -0.0033606268, 0.005891407, 0.009907837, -0.0035298124, 0.021725234, 0.013837046, -0.008171883, -0.0014825647, -0.011994312, 0.012018426, 0.007885211, -0.010760308, -0.0007975155, 0.0140964985, 0.0028932933, 0.0072387476, -0.0068344367, 0.0054171723, -0.006580946, -0.014495324, -0.0032081474, -0.0016104811, -0.013697251, 0.0055506933, 0.008932078, 0.0038905896, -0.008100632, -0.0050943736, -0.0060240645, -0.0075300625, 0.018114088, -0.0058393073, 0.007515678, 0.021404391, -0.0025576656, 0.010679756, -0.08816621, 0.0043906537, -0.021623878, 0.009908979, 0.013039102, 0.0021661029, -0.011064025, -0.0010128188, -0.015095855, 0.0021833354, -0.00448038, -0.013191537, -0.00179091, -0.0038481117, 0.003637592, -0.0164418, 0.004042106, -0.0053306827, 0.013354878, -0.007845029, -0.01846492, -0.004387479, -0.0057481765, -0.0007795172, -0.014062002, -0.0042821625, -0.011900123, -0.011812997, 0.010667966, 0.024015903, -0.014881976, 0.008454956, 0.01481382, 0.005565899, 0.010791258, 0.00023312132, 0.0030477077, 0.008297339, -0.1325793, 0.018010924, -0.0039773057, -0.021612354, -0.0059312936, 0.0008879221, 0.022650935, -0.0032725688, 0.0065575214, -0.006784588, 0.007267741, -0.0015398172, -0.008153193, -0.0023221336, -0.0010328525, -0.010433115, -0.0038035752, 0.002832828, -0.009190222, 0.004993687, 0.012913526, 0.010318925, 0.0095411455, -0.00057563814, 0.002052669, -0.012316638, 0.011076139, 0.008302118, 0.002209002, 0.008730881, -0.001516908, 0.0019080364, -0.001899577, 0.0032998556, 0.00088206504, -0.009632038, 0.008765083, -0.0014043921, -0.005473673, 0.0020924907, 0.008954899, -0.005386224, 0.015312567, -0.012926604, 0.010248404, 0.008286767, -0.017323563, 0.0035624122, 0.008346482, -0.0014967659, 0.00867971, -0.013133196, 0.0036568574, -0.0019687382, -0.007693171, 0.00026894585, -0.009865789, -0.005699236, 0.0024850024, 0.0065747197, 5.0343493e-05, -0.01809812, 0.0015059226, 0.0009786385, -0.006519928, -0.009148861, 0.014769762, 0.0126417205, -0.004434188, -0.003618387, 0.007569821, 0.0041354625, -0.010008074, -0.014780428, 0.024797767, 0.0038589018, 0.0002098823, 0.001115495, -0.0070597846, -0.008393955, 0.0075734216, -0.021327902, 0.00568078, -0.0032727977, -0.015795438, 0.0015980863, -0.004440066, 0.007351897, 0.02228747, -0.06594043, -0.010300839, -0.008254836, -0.010720357, 0.0033399067, -0.021304162, 0.008614008, 0.013910437, 0.008516598, -0.005406611, -0.019402865, 0.010910871, -0.005583016, 0.022159798, 0.01892403, 0.00040061562, -0.012554426, -0.031175682, 0.0010805371, 0.026864082, -0.022073695, 0.0026416443, -0.009512981, -0.012637933, 0.009347108, -0.015261664, -0.018035963, -0.008978098, 0.0040192483, -0.0011152376, -0.00271965, 0.02508559, -0.0037952769, -0.004939062, 0.0014361065, 0.0026391686, -0.008271597, -0.00027131956, -0.010558801, -0.012517517, 0.013114155, 0.006136306, -0.0033228113, 0.030747002, -0.0127837, -0.006220831, -0.0051282374, 0.005599357, -0.010757695, -0.019771514, -0.0055231666, 0.015761625, 0.008580153, -5.253019e-05, 0.00091583416, 0.0010066489, -0.0013023517, 0.006785561, -0.016260888, 0.011823557, -0.010993322, 0.0059642587, 0.008471584, 0.008042896, 0.011820832, -0.0025058927, -0.00039373853, 0.011002439, -0.018748868, -4.545359e-05, 0.0008175, 0.0050883275, 0.016348582, 0.0021113514, -0.005622934, -0.022787832, -0.0005006367, -0.007351121, -0.013425229, 0.011034657, 0.006846817, -0.01202364, -0.001916692, 0.005028186, -0.0017160444, -0.011723094, -0.007015073, -0.0019610093, -0.002956425, 0.015494716, 0.013084651, -0.017774194, 0.026637275, 0.020081282, -0.023688862, -0.030199869, -0.023800718, -0.011316227, -0.006639031, 0.0095641175, -0.0001746265, -0.012906674, -0.027310044, -0.0044468185, 0.0021271086, -0.023919646, -0.01696118, -0.018061778, -0.016249089, -0.0135076875, 0.012217944, -0.0068426863, -0.0036506138, -0.00031509242, -0.17697167, -0.017551137, 0.0012205491, 0.008755396, -0.0026976715, 0.00044456442, -0.014155216, -0.0050246837, 0.0049490468, -0.0032068577, 0.017849347, 0.0034424935, 0.006400621, -0.025160251, -0.010469563, -0.00092487014, 0.018917022, 0.010693331, 0.0004929212, -0.0048526833, -0.0412079, -0.00046917683, 0.017877534, 0.04202437, -0.013190587, -0.0045253327, -0.00180156, 0.01660202, -0.0034205052, -0.007885254, 0.010760792, 0.0105141215, 0.0016882136, -0.014093557, 0.0014750375, -0.0072000967, -0.017604679, 0.010861008, 0.0041298815, 0.016086388, -0.0076244883, 0.010065129, -0.025378594, 0.003839262, -0.004291814, -0.0146292895, -0.006455405, 0.012616953, 0.02798983, 0.014079609, 0.0020536256, -0.016259857, 0.012736119, 0.022092065, 0.005250718, -0.029570607, 0.006410219, 0.008223417, 0.008792586, 0.016778331, -0.027176294, -0.02961604, -0.0026595385, -0.0072184503, 0.0011726256, -0.0041510575, -0.008835707, 0.13694353, -0.018957723, 0.026835006, 0.006136381, 0.0005825991, 0.034666695, 0.009468483, 0.0042174747, 0.018592607, 0.005267171, 0.018858073, -0.010348978, 0.021130156, -0.010352504, -0.013443775, 0.0123227, -0.0071147205, -0.0024335962, -0.0026465917, 0.005816956, -0.0062661706, -0.018613027, -0.036040347, -0.032877404, 0.028852887, -0.0028750952, -0.0024605505, -0.012654123, 0.009281503, -0.00886086, 0.006959752, 0.0065737446, -0.021712573, -0.035875197, 0.0039219516, -0.007170054, -0.012816703, -0.016186262, -0.0014738344, 0.01994813, 0.013267832, 0.0019872393, -0.0073748147, -0.0026490216, 0.006846935, 0.01367148, 0.021232272, 0.0052298526, -0.0028849617, 0.008385316, -0.03858173, -0.017539792, -0.01600137, 0.0040239627, 0.015118501, -0.0012271298, -0.006542107, -0.027316047, 0.01303195, 0.021642385, 0.00807174, -0.015265627, -0.020523706, 0.02266874, 0.004885263, -0.029626751, -0.019182276, -0.020688154, -0.008839008, -0.112960964, 0.009861353, -0.015339682, -0.009047762, -0.004144989, -0.012116944, 0.015791636, 0.0115969675, 0.006603056, 0.0030011658, -0.0023230875, -0.00047252254, -0.0025973474, -0.006621855, -0.011080864, -0.007823948, 0.017543985, 0.01035354, 0.015271496, 0.007216258, 0.00829889, 0.014098949, 0.0010230675, -0.0013034928, 0.0185674, 0.022297382, -0.0044520055, -0.008122566, -0.0031653056, 0.03075753, 0.015114432, 0.03046604, -0.0023972527, 0.032677144, -0.00964807, -0.008516692, -0.0075356564, 0.0041935802, -0.011441871, -0.01879348, -0.001239181, -0.021693008, 0.024123704, -0.02826693, 0.010919817, 0.011673773, -0.01655491, 0.0028170305, -0.0023556107, -0.022859361, 0.0067602824, -0.0038976811, 0.024140358, 0.012224343, -0.028514432, 0.007946454, 0.036882352, 0.011427865, 0.0011366815, -0.031142034, -0.00015715741, -0.0043473807, -0.0010846109, 0.0074973293, -0.009172494, -0.004983587, 0.01085281, 0.005170221, 0.037121985, -0.0058963434, -0.0053960946, -0.008779417, 0.008029635, -0.02213968, 0.012273766, -0.0067509646, -0.0018238142, 0.0008600961, -0.021501645, 0.018539954, -0.0050736056, 0.0062366812, 0.012844964, -0.006929718, 0.026341388, -0.0155158285, -0.013389196, -0.0032656924, 0.0031616031, 0.0029235194, 0.03374054, -0.0031395894, 0.013089723, -0.00013262311, 0.005358172, 0.015458718, 0.013902802, 0.005410951, 0.014656107, -0.015233293, 0.013796076, 0.0010621923, -0.022253778, 0.00632446, -0.0068399296, -0.00938637, -0.016248923, -0.019586064, -0.0053240834, 0.0100724865, -0.028814834, 0.019476881, -0.010286263, 0.007188513, 0.0027843786, -0.0018435592, 0.002737681, 0.0059296396, -0.0010079343, -0.019735945, 0.016274177, 0.0018245127, 0.0048459503, -0.006001457, 0.0034953984, -0.00284355, -0.011760989, -0.0011130394, 0.008514434, -0.010785721, 0.03754694, -0.0012517691, -0.013256238, -0.010055945, -0.003019774, -0.004353246, 0.014553957, 0.020381412, 0.011416096, 0.018083163, -0.01541784, 0.020289266, -0.0022305879, 0.019421615, 0.010119857, -0.039145187, 4.0168993e-06, 0.00254311, 0.009160412, 0.014069455, 0.016703226, -0.0064713843, -0.03285, 0.0058388524, 0.0011952543, -0.012550255, -0.017986909, 0.0019587586, 0.014515262, 0.011273897, -0.019751169, 0.013903929, 0.020059112, -0.004420515, 0.0060979025, 0.0042054174, -0.017861536, -0.010724629, 0.010694468, -0.022360155, 8.015588e-05, -0.025365457, 0.0097082015, -0.0003444678, -0.0106553305, 0.025171595, -0.0032006889, 0.0074370154, -0.002436097, -0.059813764, 0.00859796, 0.018539429, -0.009424906, 0.008731851, 0.0037060687, -0.0010352802, -0.008541022, -9.8064214e-05, -0.01127157, 0.031095961, -0.006340802, -0.011034655, 0.011733142, -0.0057915957, 0.00476054, 0.009589041, 0.017335106, 0.012293615, 0.004709339, 0.021342538, -0.0010715441, -0.008124382, 0.01010998, -0.0094248075, -0.015504819, -0.007802901, 0.02785089, -0.001700328, 0.011030213, -0.029763842, -0.013520632, -0.0082791345, -0.010620763, 0.00011659903, 0.0094822245, -0.019644313, -0.023527177, -0.011872985, -0.04251306, -0.0162973, 0.0062647345, -0.05677221, 0.010125656, 0.02072606, 0.014116283, 0.016608192, 0.0014958653, -0.02750288, -0.012594952, 0.015906775, 0.010765602, 0.0038505555, -0.004812418, 0.020522464, -0.00071419775, 0.010282946, -0.010228038, 0.006946351, -0.0069573834, -0.0013475559, -0.0127752535, 0.0046567605, -0.005607378, 0.008752808, 0.011754305, -0.0036731753, 0.010510021, 4.431403e-05, 0.025080753, -0.010981985, 0.0030360508, 0.015240233, 0.024251115, 0.004609255, 0.004075387, 0.013089578, -0.019186871, 0.021058934, 0.02614628, -0.0032157197, 0.005980501, 0.008374572, 0.049750905, 0.0025991907, -0.016294077, -0.012098961, -0.10219484, -0.0051885885, 0.001732187, -0.0039442396, -0.00067971175, 0.02422298, -0.006847445, 0.039795592, 0.010825512, -0.0055955877, -0.001560195, -0.0018803083, 0.031082232, -0.019563805, 0.01903166, 0.00328792, -0.0084127225, 0.011338941, 0.008867532, 0.012605307, -0.009965897, 0.00986548, -0.0011819109, 0.024852874, 0.008928914, -0.04801716, -0.015129481, 0.0068382975, -0.004055668, 0.0032910146, -0.0063206027, -0.022156533, -0.009563656, -0.0039221253, 0.003489036, 0.014045644, -0.013481237, 0.0070343087, 0.006022995, 0.0061456496, -0.0010580942, -0.009202134, 0.004442074, 0.008450909, 0.0024452398, -0.0072934553, -0.0034690166, -0.0049800896, -0.010351157, -0.009038709, -0.025600176, -0.032428093, 0.0019425295, -0.005345439, 0.000960596, -0.0088375425, -0.008045603, -0.03480089, -0.0018323091, 0.011230581, -0.006152704, -0.0036259869, 0.0017188828, -0.00029487832, -0.002862786, -0.017406875, -0.034387328, -0.019454896, -0.0062365024, 0.002936883, -0.006694894, 0.00283086, 0.01761998, -0.0043842257, -0.0017246717, 0.004251015, 0.0038627302, -0.005150621, -0.037090093, 0.00919136, 0.022734283, 0.009304795, 0.00080167496, 0.019628871, -0.01189928, -0.013021485, 0.006236242, -0.016652951, 0.01470394, -0.0013640895, 0.0118572395, -0.016967988, 0.030943988, 0.0028981646, 0.015488215, -0.013630773, -0.0008433638, -0.008262384, -0.022333778, -0.005955706, 0.00019322676, 0.023998458, -0.015205142, -0.020235633, -0.0013576796, -0.0040686233, 0.009605694, -0.004018801, -0.016873905, 0.004577291, 0.01541217, -0.009568442, -0.00090976787, 0.020270389, -0.030430904, -0.0022713058, 0.0050002295, -0.01094378, -0.0030462113, -0.0011434136, 0.0042223954, -0.0047128266, -0.036560252, -0.015898338, 0.009405936, -0.012128849, -0.0033035742, 0.00032517148, 0.0013486177, -0.003643486, 0.0022747219, 0.0031298357, 0.0005447068, 0.0037726695, 0.012091332, 0.00037883225, -0.003344242, -0.012964611, 0.01767449, 0.013392108, 0.004761041, 0.018293718, -0.00981088, 0.01742038, 0.022544255, -0.012363991, -0.0011890121, -0.006370973, -0.003942809, 0.0009076576, -0.008317751, 0.0010467606, -0.007916451, -0.006347176, -0.023131292, -0.0039010197, -0.018095417, 0.0015174543, 0.019844115, 0.015729485, 0.015343146, -0.001180564, -0.013126575, -0.016340647, -0.017942403, -0.0037924573, -0.015886726, 0.00015853869, 0.016131626, -0.010007282, -0.008690374, -0.006374333, 0.00012168508, -0.003114762, 0.025983784, -0.03840866, -0.0039963853, 0.018384544, -0.009308358, -0.018186241, 0.002311157, 0.0065159807, 0.0019606713, 0.017342027, 0.005305609, -0.031909138, 0.013750301, -0.0077975155, -0.0068352697, 0.019872002, 0.00015006051, -0.014570594, 0.004554571, -0.02202745, -0.015009299, -0.020505834, -0.011664133, 0.005910138, 0.0046298513, 0.009393601, -0.0016258691, -0.0066396752, -0.017653191, -0.046518594, 0.008137721, -0.0044189966, -0.01210592, 0.0024541784, -0.016642658, 0.008988442, 0.005054172, 0.01087572, -0.005450615, 0.007869371, -0.030301856, -0.017872987, 0.026513703, 0.0051288153, 0.0009744753, 0.016655857, 0.009959005, -0.0046384186, 0.0063002883, 0.023759324, 0.026620664, 0.0024108693, -0.020192916, 0.005371054, -0.009736427, -0.0018462661, 0.0018475034, 0.008937977, 0.015885396, 0.017100098, -0.021451276, 0.014935691, -0.025550896, 0.006725588, 0.007704363, -0.013596718, 0.017279424, 0.014229261, 0.023001082, -0.005428374, -0.04078112, -0.025396287, -0.02030572, 0.010619443, -0.0008689686, 0.002489162, 0.0091755185, 0.0054295924, 0.01313932, -0.035619438, 0.014808034, 0.004920628, -0.02430628, 0.0044795037, -0.016604701, -0.0044851517, 0.011755736, 0.011581569, 0.0064407918, 0.030434465, -0.008333742, -0.006491357, 0.019497775, -0.015798425, 0.012598201, -0.0036687446, -0.0048319167, -0.005177153, -0.0049231243, -0.032991983, -0.0046184305, 0.0061205872, -0.0064548077, -0.008429732, -0.019718252, 0.036586408, 0.029520597, -0.012206897, 0.0045911097, 0.0044219485, 0.015139857, -0.00980893, -0.009150119, -0.008781001, 0.00953983, -0.006443899, 0.011268459, -0.013895959, -0.00963573, -0.003029493, -0.027191352, -0.020426484, -0.010518452, 0.004281474, -0.0008899198, -0.01647468, 0.03072556, -0.030291025, -0.01760129, -0.020529442, 0.00016443248, -0.007036263, 0.03209974, 0.0074902135, -0.026492558, -0.0074452725, 0.0022517948, -0.0070521645, -0.011788397, 0.0026179953, -0.018183852, -0.017464573, -0.012227644, -0.003852, -0.0023434767, 0.011649515, 0.0039400887, -0.017260486, 0.013767203, 0.008348545, 0.003885165, 0.0022048918, 0.016230866, 0.0033149053, -0.0076797986, 0.0072099324, 0.01683147, 0.00027518775, 0.012914527, -0.0166947, 0.033693437, 0.0204027, -0.0036409635, -0.0042069885, -0.027976668, 0.009765489, -0.015713844, 0.012495988, 0.004203236, -0.020967294, 0.005327215, 0.0007415948, 0.014791599, -0.0070183533, 0.027537262, 0.0045022746, -0.013355659, 0.0051464145, 0.008439669, -0.004939566, 0.019150367, 0.0012635082, 0.011858465, -0.008616461, 0.0026942077, -0.02810197, 0.0063851774, 0.009541958, -0.023232698, 0.023463834, -0.008090568, -0.015964212, -0.012442028, -0.029864317, -0.0082471, -0.0037821704, -0.0048677586, -0.0057964334, -0.010687795, 0.014317662, 0.008213541, 0.0070595313, -0.0054477775, 0.0058176434, -0.012148063, 0.009414742, -0.03754762, -0.005427282, 0.0028351825, 0.010533943, -0.0013576099, 0.015942529, 0.016829565, 0.0035997056, -0.0022817776, -0.014004636, 0.023180235, 0.016764347, -0.009302063, 0.0051110787, 0.0044554374, 0.021426316, -0.0027839595, -0.013277931, 0.0028402803, -0.009373626, -0.010707921, -0.0058204685, 0.0011471368, -0.0097804805, -0.0017893057, -0.0156268, 0.003182408, 0.0035759301, 0.008355181, -0.009777361, -0.0038234172, 0.031705815, 0.01488659, 0.006046686, -0.010636326, -0.00983662, -0.020909505, 0.018695679, 0.008839645, -0.018279089, -0.008009749, 0.009627618, 0.001363896, 0.01589686, -0.013012815, 0.007062974, 0.007439377, 0.02324053, -0.007110878, -0.0011352698, -0.023522358, -0.012104896, 0.006100616, -0.0049197497, 0.0042004213, 0.012809746, 0.0022382683, -0.023465184, -0.009378537, 0.0021482673, -0.025691593, 0.005037379, 0.007754038, -0.004204711, 0.01106741, -0.004993899, -0.01783049, 0.03124475, -0.026701644, -0.002546206, 0.02129292, -0.019978479, -0.004986696, 0.0073706415, -0.01749507, -0.04323431, 0.0037822935, -0.012156305, -0.014261404, 0.0035300376, -0.018207166, -0.00782139, 0.021889184, -0.0049252543, -0.038903557, -0.0127263935, -0.027622538, -0.025008755, -0.0029506008, -0.014862571, -0.030203177, 0.013009347, -0.028296985, -0.018899448, 0.0140776485, 0.006848191, -0.016930383, -0.003452523, 0.00262803, -0.020154167, 0.010385732, -0.0042173755, -0.002462782, 0.016116844, -0.007166564, 0.004137596, -0.009031664, -0.0050268737, -0.008223273, -0.004522534, 0.003650754, 0.013889175, 0.0037973148, -0.02564952, -0.0011183548, 0.031002715, 0.016503315, 0.0073487917, -0.0034512668, 0.013445951, -0.030304693, 0.0024564438, 0.018482137, 0.009813673, 0.025719732, 0.014009001, -0.0164099, 0.010013673, 0.0318955, -0.005283306, -0.045108162, 0.007064989, 0.019604348, -0.015521527, -0.0011644673, -0.0048354804, -0.0129020605, -0.013742505, -0.008215669, -0.00010462508, 0.0049881414, -0.0026090215, 0.0036090154, 0.0088438075, 0.011824108, 0.0026468858, 0.00280936, -0.009737642, 0.013680397, 0.005846177, 0.013069068, -0.001584429, -0.017340887, 0.016781528, -0.00052998983, -0.006234453, 0.011297026, 0.0004896759, 0.00022902698, -0.00020955603, -0.0029475947, 0.0019649377, 0.010288487, 0.003186864, 0.042681046, -0.0052411146, -0.010103276, 0.003759124, -0.025138333, 0.01011007, -0.006155159, -0.010061181, 0.021188416, -0.01687761, -0.0055855997, 0.000687612, 0.013961999, 0.0046179355, 0.022466678, 0.0017673692, -0.00047399272, -0.0026657316, -0.028804785, 0.008090698, -0.029156918, 0.029627552, -0.007845083, 0.015213536, -0.0022853874, 0.0028167814, 0.005797246, 0.017669985, 0.030395677, 0.0141793005, 0.024106834, 0.002634354, -0.011450245, -0.016328825, 0.02181589, -0.014100675, -0.014007096, -0.04823346, 0.0107558565, -0.014857997, -0.006016542, -0.006768191, -0.012306842, 0.01611266, 0.0051383697, -0.012974402, -0.013255326, 0.0045360774, 0.03652833, 0.013530174, 0.013170014, -0.013093872, 0.002843652, -0.008502437, 0.006247298, -0.0002909648, 0.006837519, -0.01584535, -0.011874158, 0.015123151, -0.029291026, -0.0075388215, 0.017290793, -0.017725945, 0.022097584, -0.006262967, 0.005957908, 0.037819955, -0.022723962, 0.01585826, 0.020496182, -0.0015529005, -0.02106089, 0.016589709, 0.02387455, 0.00421475, -0.007827194, 0.021696694, -0.0010403254, -0.00650696, 0.004060623, -0.00497602, -0.02437547, -0.025780495, -0.007236556, -0.033195835, -0.0044882502, 0.009882804, 0.013024211, 0.0029811405, 0.0022791333, -0.027063051, 0.013408388, 0.0027250275, -0.010607869, -0.0049717585, 0.0081042405, -0.014222189, 0.0075921533, -0.0015093755, -0.014552818, -0.0009196794, -0.018819092, 0.0067898245, 0.007134761, -0.008209231, 0.019274259, 0.008447668, -0.006874543, -0.0061762133, 0.005423188, 0.026097532, -0.0026455997, -0.010681915, 0.0046243696, 0.001020081, 0.00857815, -0.0014689692, 0.013927753, 0.005979424, -0.00019183777, -0.0014479178, -0.010312926, 0.0059575276, 0.011683556, 0.0026770907, 0.008493789, -0.0052577313, 0.011452493, -0.0071707675, 0.016575335, -0.023850812, 0.0020480405, -0.0014987767, -0.014928115, 0.01488366, -0.036021527, 0.0073342794, -0.0032702768, -0.022458438, -0.02019607, -0.021139454, 0.16716403, 0.11056457, 0.006567708, 0.010306335, -0.0055806846, 0.012964473, -0.017622096, 0.014279759, 0.0051845917, 0.0031858934, 0.012594428, -0.02053203, -0.0010510876, -0.018058697, 0.00015811932, -0.018911986, 0.0096651055, -0.01770383, 0.0014448832, 0.0008383422, -0.01941619, 0.008646089, -0.00038776817, 0.003536585, -0.030149674, 0.006042922, -0.016149973, 0.0036431549, -0.004056839, 0.0094356835, -0.018100379, 0.02152185, -0.013627521, -0.00751552, -0.014023934, 0.012288234, -0.013804371, 0.026159978, -0.0018299985, -0.005110357, -0.00648461, -0.005179709, 0.0066195168, 0.007561853, -0.0034150283, 0.0014236802, 0.013682923, 0.006548557, 7.415023e-05, 0.022825694, -0.0042601093, 0.008542566, 0.015209584, 0.013077764, -0.015574964, -0.015075717, 0.0075765094, 0.00502375, -0.02550888, 0.010670743, 0.0037623136, 0.009223717, 0.0033027662, -0.020109095, -0.023127332, 0.017403705, -0.008577224, -0.01104302, -0.010877576, -0.016844446, 0.017534368, 0.023928363, -0.010402387, 0.004073745, -0.0061131776, -0.010474282, 0.0061749206, -0.030525906, -0.01687205, 0.003928869, -0.018815693, -0.01431841, 0.017893163, -0.0003034095, -0.007781058, -0.010280599, 0.00031436724, 0.008388045, 0.10472033, 0.009346527, -0.007263713, 0.0062738527, 0.022943113, -0.013087976, -0.009517499, 0.04226411, 0.019586587, 0.025564019, 0.017424481, 0.020697739, 0.018846566, -0.015808798, 0.021648284, -0.007154936, 0.0043215817, 0.043905012, -0.0043377928, -0.010565879, -0.008849462, -0.006254623, 0.012360236, 0.008871589, -0.014440069, -0.009891489, -0.0018097948, -0.012836429, -0.015132437, 0.011718546, -0.085533835, -0.011610865, 0.0045434027, -0.0043161525, 0.0040475675, 0.019120447, -0.013305284, -0.005072494, 0.0013286213, -0.002471303, -0.009613399, 0.019623289, -0.0026930138, 0.01033196, -0.014780338, 0.028398376, 0.0039679236, -0.009965648, 0.022571491, 0.00095220865, 0.011300018, 0.0037043814, -0.008455287, -0.00077148725, 0.021360138, 0.022165928, -0.006603016, -0.0066765314, 0.014533163, -0.00813996, 4.190951e-06, 0.027411418, -0.022519885, 0.012202057, 0.008165571, 0.026382437, 8.3719664e-05, 0.0035053499, -0.022291481, -0.026989851, -0.01604257, -0.031273536, 0.0023006403, -0.020337664, -0.001878119, -0.0011393364, -0.0007046273, 0.0047616577, -0.015694978, 0.002979622, 0.008831237, -0.0050115585, 0.00505397, -0.014005115, -0.009892685, 0.022143882, 0.01007854, -0.032930758, 9.1130234e-05, 0.00842928, -0.009889092, 0.01926822, 0.004418757, -0.026471527, -0.0065573193, -0.008858697, 0.009605297, -0.017472912, -0.030617617, -0.020692978, -0.018135084, 0.012887679, 0.014857173, 0.011605003, -0.0075750696, 0.019185314, -0.013563461, 0.004462347, 0.0026354743, 0.00012593924, 0.006386535, 0.022485707, 0.022895884, 0.118415765, -0.019423427, -0.01743916, 0.02159517, 0.027120577, -0.009611191, 0.003262749, -0.023290582, -0.003161366, -0.0055810926, -0.01584171, 0.010182955, -0.022477651, 0.0049290787, 0.0015995564, 0.0030796502, 0.027056167, 0.0049822293, 0.013980988, -0.016976876, 0.014056942, -0.010774472, 0.023952495, -0.024977485, 0.016758008, 0.012744252, 0.0009766467, -0.023192335, -0.036469, 0.000758077, 0.027303725, -0.028209448, 0.007705344, -0.014690673, -0.01610793, -0.010125522, -0.01015132, -0.008814352, 0.0027270392, 0.0014994276, -0.023020932, -0.006375052, 0.02045813, 0.00067422335, -0.012476902, 0.1982483, 0.013942218, -0.0015965927, -0.0099935355, -0.0032506692, -0.018295724, 0.011170174, -0.0025855545, 0.00024262427, -0.013607819, -0.0071994634, 0.008166115, 0.0061793113, -0.0086739035, 0.005678311, 0.0013367796, -0.0074650557, 0.032556377, -0.022819001, 0.0058907922, 0.012497367, -0.026808424, -0.028334564, -0.0042903097, -0.006179128, -0.0022386042, -0.0062373634, 0.0021935424, 0.005320483, 0.0027098106, -0.003709566, -0.0141035905, 0.0030609842, -3.7273665e-05, -0.0011497781, -0.00021037807, -0.0017520937, -0.0019366607, 0.0032935503, 0.017455027, -0.016969293, 0.017802794, 0.004062148, -0.006930435, -0.005906443, -0.010047897, 0.007443767, -0.019831158, 0.0035172596, -0.009825315, 0.003139387, 0.00498871, -0.001135144, -0.0010330146, -0.0020392975, -0.009406976, 0.00092062674, -0.0014870673, -0.007773746, -0.011762476, -0.0069241324, 0.0066678184, 0.0023421706, 0.00012158829, -0.009489881, 0.000256373, 0.0026095223]"
Comienza dispersion de pension de adultos mayores del bimestre septiembre-octubre,https://oem.com.mx/elsoldetlaxcala/img/25520964/1756730069/BASE_LANDSCAPE/1200/image.webp,LOCAL,no descripcion,https://oem.com.mx/elsoldetlaxcala/local/comienza-dispersion-de-pension-de-adultos-mayores-del-bimestre-septiembre-octubre-25518968,"[-0.008795939, -0.013701744, 0.0074418164, -0.052024167, -0.00561609, 0.037154946, -0.009587209, 0.011641449, 0.0033251778, -0.018105956, -0.027220333, 0.0244881, -0.0046004644, 0.0117180925, 0.11210282, 0.02586092, 0.003269806, -0.007189584, 0.01084919, 0.0013612384, 0.00020658782, 0.0012649947, 0.0058465595, -0.02389926, -0.00020933036, 0.02161, 0.004723807, -0.029059088, 0.030955723, -0.0052573974, -0.029908892, 0.0006349472, -0.0044847657, -0.0028039997, 0.012879491, 0.014220882, 0.0064746044, 0.007973278, 0.0031570545, 0.027889404, -0.028352635, 0.014017114, -0.017304799, -0.0055658366, 0.016121665, -0.019720046, -0.02589605, -0.00015613512, -0.033208933, 0.027357344, -0.034779727, -0.041544937, -0.0017954231, -0.16659205, 0.0047035282, -0.009143272, -0.012236846, 0.033153296, -0.00018935237, -0.011294602, -0.0063525387, 0.046336334, 0.004422972, -0.030556869, 0.019423328, 0.008652797, -0.007342428, 0.008726503, -0.026700802, -0.015185284, 0.021729546, -0.009044436, 0.008017848, 0.0058937045, -0.003981578, 0.00053521484, 0.020674119, 0.013825385, -0.012824952, -0.009419943, -0.015376327, -0.023276787, 0.0009534275, -0.0015073258, -0.02618816, 0.009704778, 0.005490438, -0.006360155, -0.0027163837, -0.007256774, 0.0016245679, -0.003479676, 0.017922405, -0.027466094, 0.000272764, -0.017132703, 0.0010506905, -0.0071841655, -0.015789855, -0.02571097, -0.015107835, -0.0005857456, -0.012922683, 0.010874559, 0.04244633, -0.02792271, 0.0037435996, -0.018469676, -0.008653447, -0.0051007643, 0.0059197294, 0.010478865, -0.0069254558, -0.00076142413, 0.017908562, -0.112322114, -0.018527137, -0.0025312528, -0.024357013, -0.032440964, 0.0054470645, 0.017494343, -0.004744343, -0.01045532, -0.012686107, -0.022112252, -0.0013961296, 0.0012856113, 0.0005853619, 0.0016081049, 0.010437963, 0.021531371, 0.025180824, 0.009482478, 0.00724292, -0.0061880704, -0.00069388346, -0.01245968, -0.008569126, -0.026055098, -0.008546033, -0.01008816, 0.019382821, -0.027336672, -0.00745859, -0.016688611, -0.030273292, 0.024466358, -4.1380237e-05, -0.015340062, 0.0007621907, -0.0065898276, -0.05472383, -0.01215639, 0.01995073, -0.05174952, -0.0055726627, -0.018731188, 0.0006211018, 0.022547562, 0.02181256, -0.0010533202, 0.009648387, -0.0061288825, 0.008053683, -0.0007054812, -0.0024444126, -0.0065768543, 0.016962042, 0.022675086, -0.0033972578, 0.023506895, 0.006702365, -0.018334499, -0.0112852, 0.01969502, -0.0032470971, -0.016108206, 0.01585969, 0.02586718, -0.023175508, 0.018455777, 0.010514467, 0.015962347, 0.025863726, -0.022936651, -0.00787568, 0.02988487, -0.008240713, 0.011567979, -0.02283517, -0.0076018716, -0.025345245, -0.022352835, -0.010986032, 0.0030664762, 0.01864344, 0.0068942755, -0.011239084, -0.019616649, 0.026607512, 0.009668891, -0.0052674753, -0.019024799, -0.018246379, -0.0054068845, 0.0075669126, 0.0033713751, 0.009593301, -0.01421482, 0.002506496, -0.014467279, 0.027169937, 0.003565168, 0.010979798, -0.011150033, -0.014856464, 0.0021209074, -0.022383083, -0.046976555, 0.009964657, -0.004065274, -0.0026780579, 0.0264009, -0.0071440767, -0.021018729, 0.0015050858, -0.0028265757, 0.0021311992, 0.0016403057, 0.025333174, 0.014012555, 0.0036972666, 0.021406338, -0.025797978, 0.013114477, -0.018466758, -0.003843946, 0.015110868, -0.0026813487, 0.024974903, -0.003505878, -0.0069256537, 0.0072172624, 0.036198914, 0.010244174, -0.013389956, 0.015548099, 0.010248719, 0.04705484, -0.0056778095, 0.025056347, -0.0021150825, -0.0027086595, -0.022778071, 0.012787302, -0.002220332, -0.004140925, -0.01912778, 0.0030561318, -0.014031105, 0.012818201, -0.003165252, 0.004029599, 0.007967027, 0.0056573013, 0.015347884, -0.014664043, -0.009553011, 0.008353603, 0.0068857046, 0.03111174, 0.030167213, 0.0009880979, -0.0058556674, 0.010062377, -0.09416933, 0.022065543, 0.0068817674, -0.0057123797, -0.010897849, 0.0014676743, 0.017168146, 0.025128052, -0.006003519, -0.024996562, -0.0114981355, -0.012558566, -0.008004481, 0.0016973113, 0.026093194, 0.013512576, 0.023467317, 0.009829211, 0.006715538, -0.020612516, 0.039822385, -0.033425175, -0.030202972, 0.02615095, -0.0003226098, -0.00060357206, -0.004038385, 0.026998242, 0.022435207, -0.02772152, 0.009889968, 0.017854337, -0.009695292, 0.02220928, 0.0017226464, 0.015554474, 0.022968048, -0.03427887, -0.0207737, -0.017421156, 0.000626805, -0.007813049, -0.020707458, 0.01721961, -0.018002061, -0.019157287, 0.021946702, -0.02310544, 0.011371883, -0.010098931, -0.011171462, 0.0078089023, -0.005882691, -0.009912959, 0.0111341635, -0.0066888267, 0.009562863, 0.009451714, 0.024161426, 0.021026466, 0.0021955487, 0.013961281, -0.011666151, 0.008472409, 0.02204773, -0.006395993, 0.009201446, -0.023435341, -0.012531512, 0.013661112, 0.0070821196, -0.034402244, -0.0061778305, -0.027936405, -0.001167339, 0.032790963, 0.034072656, -0.014157796, -0.012513989, 0.011955061, -0.025859479, 0.01804666, -0.018232744, 0.0045753745, 0.026511459, -0.02478568, -0.0047343513, 0.015629577, 0.0008313175, -0.0028598295, -0.019739842, -0.026626244, -0.016122503, -0.0053166463, 0.00028771165, -0.02033438, -0.017164772, 0.013895751, 0.005240762, 0.019053644, -0.031777028, 0.007136909, 0.0005014797, -0.0013500509, -0.021783302, 0.009461055, -0.0045496942, 0.008181197, -0.015426717, -0.009087128, -0.009541553, -0.007864085, 0.0011682338, 0.0064120037, -0.0031767513, 0.019912368, -0.0118044885, -0.0017172782, -0.032940686, -0.0027337107, -0.005593471, -0.019879648, -0.01865495, 0.014955033, 0.0025322847, -0.0028218322, -0.035765078, 0.0007205667, 0.0022653919, 0.011432067, -0.044932425, -0.04660078, 0.014648911, -0.046590865, 0.018298505, -0.014047494, 0.0051938794, -0.029320324, 0.014896298, -0.0040185773, -0.012225709, 0.0074115386, 0.025468266, 0.02386614, -0.020699847, 0.0033559534, -0.0022726064, 0.027976941, 0.02119749, -0.02519127, -0.008599263, 0.0069545098, 0.02295553, -0.010494257, 0.0004950053, 0.005006972, -0.025631582, 0.008726648, 0.011242687, -0.011548578, -0.010411766, -0.004877386, -0.016014552, -0.008800902, 0.002341678, 0.013502864, 0.001208978, 0.0058743446, 0.0135582695, -0.015897313, 0.010055944, -0.017532503, -0.018590918, 0.01484187, 0.020943299, 0.012291314, -0.014556418, -0.0006154607, -0.015630899, 0.013961207, 0.016723514, -0.008446986, 0.011569439, 0.018320184, -0.009449936, -0.023874141, -0.0056851357, 0.01787147, -0.013361629, 0.0057361713, 0.008745925, -0.015031188, 0.007240132, -0.0018927542, -0.019441888, -0.0015698427, -0.01354388, 0.0105619645, -0.008019415, -0.0072856187, 0.018566761, 0.009420565, 6.193032e-05, 0.011982574, 0.00085634727, -0.020178026, 0.02912811, 0.00691061, 0.009977462, 0.024435714, -0.005397271, 0.01855241, 0.009009603, 0.0054698377, 0.019632595, 0.0023342685, -0.0066160182, -0.00016395783, -0.0116185555, -0.02106454, 0.0058281305, -0.0046262704, 0.0072436566, 0.0044499077, 0.008819885, 0.026540639, 0.012402597, 0.0072663673, -0.013205619, 0.026380736, 0.009318494, 0.011209646, 0.01180234, -0.00022690234, -0.011323858, 0.019060789, -0.0028897098, -0.01271458, -0.005152194, 0.003945625, 0.005196095, 0.005350451, 0.0008547472, 0.0016052084, -0.011891949, 0.0004653894, 0.020547643, -0.002900176, -0.021677542, 0.008839852, -0.0059586656, -0.030883336, -0.017658267, -0.014573442, -0.03918271, 0.014201929, -0.019081509, -0.010163372, -0.004903364, 0.0026458802, -0.015411891, 0.020644698, 0.025974395, 0.002870698, -0.011863675, 0.0013478206, -0.011851308, 0.027023708, 0.021312276, -0.08307988, -0.016397785, -0.010726854, -0.025950992, -0.04052227, -0.038831078, 0.044515878, 0.006217679, -0.005112809, 0.026312908, -0.016338712, 0.0011109913, 0.0008657453, 0.02658354, -0.007608139, -0.032697693, 0.008811209, -0.0017678544, 7.077402e-05, -0.003027705, -0.034963276, 0.02240923, -0.006086927, 0.009701255, 0.01225681, 0.033680398, -0.0012350274, 0.019878512, -0.0078055006, 0.026689958, -0.011830127, 0.014949224, 0.028733414, 0.031556405, 0.015880939, 0.0012305601, -0.018400311, -0.015485117, 0.003758849, 0.015021013, 0.005461625, 0.005913065, 0.034188204, -0.025208237, -0.010967833, 0.008692056, 0.00661069, 0.0066880197, -0.008090253, 0.012233539, 0.003341939, 0.007266866, -0.0023720628, 0.02395307, 0.006629457, -0.025650622, -0.013737797, -0.0048978897, 0.0038634015, 0.0023630457, 0.0021739563, -0.00871476, 0.005925058, -0.0009976953, -0.022893665, -0.017782647, 0.0006260312, 0.011210071, 0.014083513, -0.0061561577, -0.005025399, -0.016455498, 0.018861447, 0.0039326837, 0.0017081427, 0.01972987, 0.021812722, 0.00820941, 0.01309111, 0.020360535, 0.0148232505, 0.0036649483, -0.13452227, -0.004959452, -0.00083253725, 0.00021593536, -0.015973711, 0.031820208, -0.017356582, 0.013417727, -0.019473031, 0.012305763, 0.018142907, 0.017922806, 0.019246232, -0.017381756, 0.015958073, 0.0007328785, 0.03068818, -0.0023149028, -0.020224027, -0.049785648, -0.024127556, -0.0053998325, -0.007278657, -0.02163888, 0.019708343, 0.0005444465, -0.0044073546, 0.008723184, 0.01106563, -0.014268507, -0.0044694515, -0.16077758, 0.004480945, 0.020023651, 0.0035771711, 0.0074156914, 0.0031005756, 0.014864785, -0.01110436, -0.01209505, 0.0049854307, 0.008185118, -0.01827674, -0.043462187, -0.004415111, 0.02503422, 0.07523772, 0.008900911, 0.009951247, 0.030820886, 0.0073583056, -0.015032528, -0.021390278, 0.017487494, -0.034999024, 0.030509032, -0.0029181316, -0.019648451, 0.0072788848, -0.018650377, 0.037248522, -0.021585165, 0.037831813, -0.0010236979, 0.02139244, 0.0017980688, -0.012246763, -0.0029701432, -0.013482616, 0.0007064606, 0.012206594, -0.00020611296, 0.026316758, -0.0039097597, 0.007469272, 0.01473053, -0.03395556, -0.011538073, -0.012729439, 0.0062847454, 0.0076025673, -0.01243133, -0.06381142, -0.009781205, 0.005713557, -0.0020442922, 0.009387028, -0.014564046, -0.0009740272, -0.016714351, 0.022467667, -0.00458331, -0.0044116583, -0.003881051, -0.012018447, -0.011303519, 0.0005900625, -0.015171655, 0.005622826, -0.019126799, -0.016161915, -0.006162103, 0.024932329, -0.031414803, -0.028216273, -0.013769432, 0.0045556147, 0.016137704, 0.012248593, -0.017789572, -0.008442412, 0.028542552, 0.012600414, 0.035216488, -0.010355559, 0.00073715724, -0.012200684, 0.027237752, -0.01606498, 0.01208661, -0.008374658, 0.002032183, -0.00968727, -0.017161645, -0.016339302, 0.020020176, -0.0023570196, 0.011939912, -0.0020744556, -0.019813571, -0.02665447, 0.009227826, -0.04532271, -0.0052841897, -0.0025475796, -0.033253748, 0.01128861, 0.00929249, -0.009237249, -0.019315548, -0.0018699664, -0.007916573, -0.010418553, -0.00909278, 0.0011796274, 0.009573051, 0.0254735, 0.020031689, 0.0021791568, -0.0036474473, -0.00018376851, 0.0039342167, -0.012702195, -0.01283735, 0.014310401, 0.0093166055, -0.0035578082, -0.0081353495, -3.3877153e-05, -0.020188138, -0.031452615, 0.018484984, 0.007886462, -0.0017725271, -0.007902492, -0.013590745, 0.003622416, 0.0004628036, 0.01707279, 0.0031507572, -0.0055364273, 0.031453036, 0.0062031713, 1.94009e-05, 0.0010182073, 0.0017435997, 0.0010942377, -0.0004752845, 0.016929151, 0.0144403875, 0.010838014, 0.015230012, -0.031787578, -0.010382394, -0.014625517, -0.017329281, -0.007302695, 0.021834334, 0.016698696, -0.004575609, -0.0055209734, 0.012303606, -0.013362405, 0.020649165, 0.0060227825, 0.01230338, -0.0004930557, -0.0046338397, -0.013217576, 0.0059966245, 0.019499553, -0.0030682276, 6.818323e-05, 0.0057978095, 0.005711613, -0.004925252, -0.00514189, -0.0031993778, -0.002003816, 0.0132877985, 0.022013633, 0.0108719105, 0.0057032225, 0.000730843, 0.0015891448, 0.008925933, 0.014546654, 0.0027072502, 0.012325167, -0.004201818, -0.012364517, 0.0025106154, -0.005543034, 0.029775286, -0.019096049, 0.011688876, 0.0006705019, -0.01352552, 0.00044466904, -0.021472922, 0.0019676383, 0.002638088, -0.0017795482, -0.007907498, -0.006788873, -0.0009083854, 0.014915412, 0.014794354, 0.012570972, -0.0050179595, -0.0005911358, 0.0071502025, -0.0008430959, -0.014372986, -0.002075521, -0.015068513, 0.00981686, -0.0017250767, 0.015629925, -0.002238111, -0.011006946, -0.00077740743, -0.010529141, 0.0006256267, -0.012455313, 0.013628388, -0.008780079, 0.011318417, 0.017717661, -0.010599744, -0.022032458, -0.013974932, 0.020096054, 0.00673117, -0.014020434, -0.013644196, -0.0024206268, -0.0011436264, 0.005430508, -0.002721907, -0.017384572, -0.017032115, 0.008203414, 0.020141799, -0.0017668878, 0.015435559, -0.013859035, 0.0006137615, -0.010609804, -0.024264796, 0.0043615927, 0.014183725, -0.002547235, 0.022511085, -0.004553832, 0.0052043777, -0.00956829, -0.00638938, 0.011541124, 0.008118171, -0.0099870395, -0.01611959, -0.008948868, -0.0064500347, -0.018369399, -0.00848957, 0.005183901, -0.01101412, -0.011455725, 0.0012372397, 0.012213737, 0.00895055, -0.007508792, 0.0126849925, 0.011882657, -0.002737852, -0.003144588, -0.01889974, -0.008707228, 0.009261399, -0.026774216, 0.0038577563, -0.015507192, -0.014311866, 0.005561016, 0.021933699, 7.205498e-05, 0.011404508, 0.008737952, 0.00320545, -0.007703482, -0.017236926, -0.0052060094, 0.010745824, -0.012829472, 0.0074301497, 0.0056871953, -0.013728181, -0.01538991, -0.009174443, -0.0020486678, 0.0040834025, -0.009277385, -0.007383493, -0.008851837, -0.0004927058, 0.0016656226, 0.004839171, -0.0016248409, 0.014840157, -0.0034624136, 0.08744868, 0.0016155529, -0.00083634607, -0.0007407647, -0.023094798, -0.0011016213, 0.010094296, -0.00382047, -0.0088626975, 0.004585886, -0.0035149069, 0.009518727, -0.013651489, 0.0015702414, 0.0031174952, 0.008837056, 0.0044949898, 0.0043335445, -0.00024327896, -0.008560381, 0.013435977, -0.0009341409, -0.0071350513, -0.0049651014, 0.017620461, 0.001538884, -0.0029098594, 0.017721616, 0.018701077, -0.0004344895, 0.0002147945, 0.0040025325, -0.0013252763, -0.004802619, -0.03114541, -0.0010976748, -0.020705374, 0.014747343, 0.01488291, 0.007952465, -0.01052556, -0.0052219266, -0.014252116, -0.0017195216, 0.0020992937, 0.02766491, -0.0047875517, 1.0790116e-05, -0.0014753701, -0.008181027, 0.027764527, 0.003094413, -0.014834643, -0.015057545, -0.021690177, 0.008705929, -0.0014313442, 0.014663112, 0.013591656, -0.025752781, -0.006917456, 0.02903046, -0.0052381586, -0.0005037666, 0.0128690675, -0.013022921, 0.008697518, -0.017202111, 0.0032766096, 0.0019416293, -0.015240572, 0.00428572, -0.013575598, -0.014489536, 0.023105802, 0.0058880635, -0.007940712, -0.0064184736, -0.01886219, -0.01803719, 0.0015720731, -0.0050319564, -0.018853813, -0.0024147138, -0.00014757094, -0.0115238605, -0.009042634, -0.007861361, 0.023903275, 0.00022362579, 0.0052128294, -0.011256737, -0.002313114, -0.0057743685, 0.0025212376, 0.015493755, 0.073019885, 0.015772732, 0.0044139517, -0.0022597406, -0.009599043, 0.0011505192, -0.00080226734, -0.015247342, 0.00633353, -0.011999051, 0.017937211, 0.010978761, -0.005809211, -0.0033913187, -0.008786973, 0.016048225, 0.0142542245, -0.0036088598, -0.0030639146, 0.005915655, -0.0030464844, -0.0040490907, 0.008074644, -0.010375782, -0.016464436, 0.010645436, 0.009013713, 0.009693183, -0.009711572, -0.0011723414, -0.0071839574, 0.02144349, -0.0127004115, 0.009725642, -0.008532425, 0.009990107, 0.01101517, -0.009075264, -0.00073269027, 0.010435342, 0.0036846453, 0.011931123, 0.01071581, 0.0020559744, 0.0032035229, -0.011579121, -0.013026017, 0.0109774545, -0.0013248854, 0.0005761502, 0.013501907, -0.00015307865, 0.0052729123, -0.0057323524, -0.0010715905, -0.010904293, -0.009073753, -0.0009419937, -0.0017838929, 0.0023359347, 0.013708043, 0.024441969, 0.014020713, -0.008570224, -0.0034176095, 0.0038586361, 0.00899443, -0.015051541, -0.013422982, 0.0030080287, 0.02271968, 0.011891298, -0.00046696307, 0.0021863033, -0.0014667427, -0.0058097146, 0.009257752, -0.0050927573, -0.0010587113, 0.008604275, -0.0040189587, -0.01728009, -0.0025557447, 0.0074001662, 0.010463793, 0.0013314325, -0.031227242, -0.028257862, -0.02756645, -0.0119701335, -0.004589699, -0.011497823, 0.008958769, -0.024996668, -0.010930796, -0.007343368, 0.0036996268, 0.0037590866, 0.009971403, 0.012981914, -0.00479952, 0.0044854637, 0.016541194, 0.022022583, 0.009398322, -0.006313358, -0.0008111856, 5.3095493e-05, 0.0036178606, -0.020691982, 0.0104175005, 0.0026109572, -0.0059104795, 0.006957358, -0.004231871, -0.03328641, 0.021025846, 0.0013853409, -0.00091769506, 0.013329287, 0.005512093, 0.01979194, 0.012346368, -0.019200198, -0.00037977513, -0.0014758474, -0.011317619, 0.0003723252, 0.00229784, 0.0015463806, -0.00251281, -0.004897949, -0.014495472, -0.016112043, -0.014215951, 0.00364514, -0.013916024, -0.0077142357, 0.015384377, 0.015101646, -0.00898308, 0.0027651167, -0.009828431, -0.001944959, -0.0019817227, -0.000981968, -0.016117657, -0.017536968, 0.005129262, 0.00082803424, -0.01999594, 0.0014948196, -0.00959995, 0.00089482154, 0.0074591083, -0.010644698, 0.0044238702, 0.012726595, 0.01647881, 0.025237223, 0.0041321814, -0.03163871, 0.013012331, 0.028284812, 0.023422707, 0.031157307, 0.009018165, 0.002930882, -0.002826647, 0.013352953, -0.0016205994, 0.011493446, 0.026906852, -0.0073459535, 0.018654376, -0.005126771, -0.010635792, -0.0025400417, -0.0011103028, -0.0038912897, 0.0050881226, -0.00054540747, 0.018620776, -0.0076521235, -0.0047452846, 0.011932454, -0.01760825, 0.0008159432, -0.0057444177, -0.0030870452, -0.0121580325, 0.022294113, -0.0090850545, -0.004553177, -0.004732687, -0.003910303, 0.014107979, 0.0078653805, -0.018202966, 0.0070984843, -0.0028382167, -0.002202197, -0.004928549, -0.008709338, 0.014581569, 0.025291244, -0.0031410905, 0.0044941534, 0.0039007524, 0.005372499, -0.01842229, 0.021559834, -0.01574831, -0.008341689, 0.01181928, -0.03241875, -0.004673075, -0.0066448, -0.0061949873, -0.0024614937, 0.017433135, 0.0147716245, 0.003680061, -0.0132499905, 0.0030308147, -0.021825751, 0.017928692, 0.021736458, 0.0024081594, -0.008033594, 0.01179243, -0.006022904, -0.014142065, -0.00019124539, -0.019982083, -0.015803378, -0.009562062, 0.0038336066, 0.022907017, -0.001266468, -0.010786074, -0.007504231, -0.013103968, -0.008038314, 0.0072684297, 0.010366336, 0.020444466, -0.023506675, -0.010245216, -0.009216557, 0.010891184, 0.00047292453, -0.016705908, -0.00969702, -0.020665674, -0.0018047424, 0.002463488, 0.002273342, 0.005366967, -0.0048884354, 0.005055227, -0.01317645, 0.005782791, -0.00617983, 0.010527694, -0.00833983, -0.006072577, 0.0002950967, -0.0023642709, 0.010134416, 0.0004375431, 0.011876562, -0.010398091, -0.0077783624, 0.029697733, 0.016243292, 0.006584297, -0.01567038, -0.010902258, 0.0032622723, 0.0070841527, -0.0052578463, 0.013163181, 0.0020074064, -0.0064410735, 0.010183999, 0.011309337, -0.021494776, -0.0008514836, 0.010932511, -0.0141119985, -0.00029478013, -0.015983488, 0.02857875, -0.0073789805, 0.01831604, -0.002746022, -0.0103306845, -0.004583544, -0.011922412, 0.0038899211, 0.007433606, -0.0031606965, -0.008288913, 0.010869796, -0.0008561149, -0.0006798225, 0.0003052613, 0.020999007, -0.013165947, -0.015329209, 0.007885614, -0.00042074072, -0.007203737, 0.006814625, -0.0013776338, -0.0071465895, 0.011675576, 0.010642588, -0.011228083, -0.011562774, -0.00038641092, -0.009149075, -0.009612085, 0.0003589934, 0.018480683, -0.0026301881, -0.004197541, -0.0033760464, 0.0046606525, -0.0030294054, -0.014512921, 0.030035928, 0.0084668975, 0.028131865, -0.00044346153, 0.0036634258, -0.0059601804, -0.009045284, 0.0048427614, 0.0045029866, -0.014031729, 0.017580284, 0.018539822, 0.008316593, 0.0071265115, -0.012505397, 0.003077352, -0.014284269, -0.007795414, 0.013714875, 0.005205442, 0.019825721, -0.006799143, -0.0072055864, 0.012158369, -0.0054756603, -0.0007351345, 0.0063568214, 0.008626575, 0.001918946, -0.009779374, 0.009235689, 0.007295545, 0.0039920793, 0.0028088717, -0.08792807, 0.0056322394, 0.015227629, 0.025859883, 0.018392023, -0.019339914, 0.006448892, -4.7014175e-05, 0.0069546993, -0.000590575, -0.005694171, -0.0019046072, 0.012767632, -0.011108323, 0.011966537, -0.0065126335, -0.010406566, 0.0015384901, -0.0131704435, 0.0030211383, -0.010742324, -0.01590238, 0.0065700435, -0.0020836524, -0.021818819, 0.008894929, -0.006625576, -0.00318777, -0.0032081527, 0.016764427, 0.0033944405, -0.0015593783, 0.011084244, -0.012785086, 0.014789502, 0.012253133, 0.0021652773, -0.012800128, -0.13559923, 0.007360134, 0.010987903, -0.0091569815, -0.009646634, 0.0040693358, -0.014568375, 0.0011574065, 0.009339973, 0.006295444, 0.00072221895, 0.0045538167, -0.0009711168, -0.0025673667, 0.0027680523, -0.013825336, 0.010039179, -0.0283139, 0.0008151955, -0.0021926125, -0.006147137, 0.00051184854, 0.009905328, -0.0041582147, -0.006576653, -0.010562501, -0.02386573, 0.011841828, 0.018324904, -0.0015643358, 0.009821756, -0.0010238405, 0.010813297, 0.0028677743, -0.0061820187, -0.0074716867, 0.0113486955, -0.003926912, -0.011234815, 0.017812999, 0.007112979, 0.0009613044, 0.0074713808, -0.009593822, -0.0006807675, 0.011371516, -0.010947651, -0.012469817, -0.011608375, -0.007763088, -0.01677115, -0.00018521081, -0.020198612, 0.009155882, 0.0086071845, -0.0010329282, 0.007174806, -0.004095477, 0.012014592, 0.012081548, -0.01219566, -0.0057720914, 0.017453063, -0.0030923656, 0.01613349, -0.010062316, -0.008504072, 0.017820094, 0.007928767, 0.011009794, 0.019786526, 0.017373795, -0.010817494, -0.009347447, -0.0065815863, -0.004594609, 0.00914604, 0.000941519, 0.020714248, 0.009308731, -0.010539233, -0.012555035, -0.0048240637, 0.012357041, -0.008632284, -0.0045221485, 0.035138767, -0.01141676, 0.007102657, -0.054052018, -0.00024784307, 0.0014214563, 0.023469005, -0.014557766, 0.014543884, 0.01532645, 0.0052776933, 0.0015930679, 0.01932989, 0.0108775655, -0.0008849604, 0.01276064, 0.0040244046, -0.0075597633, 0.007825231, -0.0027150875, 0.010108192, -0.025393188, -0.0072954847, -0.019807225, -0.011790136, -0.019244483, 0.0011269716, 0.011259339, 0.0029451593, -0.0075198766, -0.008790236, -0.013206549, -0.0110638235, -0.0032212476, 0.0047501693, -0.010467311, 0.0056915134, -0.00513334, -0.009539679, -0.0015115706, -0.01067131, 0.010335148, -0.007337856, -0.006569129, -0.00209641, 0.009454481, 8.74887e-05, -0.00053376576, -0.0050333585, -0.027228938, -0.0021676873, 0.007951635, 0.017542936, -0.010777741, -0.018766684, 0.0022967025, 0.00520552, 0.014025365, 0.0018880464, 0.017397216, 0.004060241, -0.01655338, -0.00037963808, -0.007224199, -0.00339073, -0.004381128, -0.0074964575, -0.007816308, 6.224536e-05, -0.007647791, 0.022488356, -0.035441864, -0.009863264, -0.006114927, 0.0027725862, 0.017878631, 0.0016714173, -0.0054528387, 0.0018019037, 0.001908975, 0.0018941624, -0.011102419, -0.0020238275, 0.0105590485, -0.013696491, 0.017375536, -4.4019158e-05, -0.013485357, -0.018372126, 0.015499104, 0.0083504515, -0.0069436575, -0.013464908, -0.008102265, -0.0017281638, -0.00056362076, 0.021217303, -0.017204175, -0.02692488, -0.013470355, -0.0133968145, 0.0118121905, 0.01615608, -0.0029507335, -0.030483793, 0.007855375, -0.008442673, -0.02437673, 0.0050475546, 0.013471353, -0.0039754487, -0.00953838, -0.008051643, 0.009413401, 0.015274356, 0.0024572196, 0.0060414774, -0.16776493, 0.002896285, 0.008886189, -0.020736394, 0.0024140188, -0.013332902, 0.004252081, 0.01678058, 0.025419725, -0.008551221, -0.0038366204, 0.00016733156, -0.0002520232, -0.0034268217, 0.0119276075, 0.011819461, 0.028847761, 0.005934483, 0.0063141612, -0.01371759, -0.02338966, -0.0067950604, 0.0033603953, 0.0037872004, 0.011731909, -0.0070498115, 0.015174148, -0.0035999569, -0.0037179491, 0.0056215907, 0.009768067, 0.005146333, -0.010269105, 0.011575174, -0.010995459, 0.0058415215, -0.0028225528, -0.009034664, 0.0005293219, -0.004203628, -0.0045325155, 0.00076595275, -0.0054196906, -0.015599082, -0.011779774, 0.012762593, -0.03884666, -0.0013438859, 0.009977993, 0.0022273988, -0.01170938, 0.0053388476, -0.016727382, 0.022513444, 0.026977954, -0.027185226, 0.039762896, 0.033791583, -0.0034619546, 0.0069631836, -0.022518352, -0.0046157977, -0.015115934, -0.0020182028, 0.021899013, -0.006518399, 0.00742527, 0.14462909, -0.0342276, 0.017221794, 0.0012442232, 0.0024388453, -0.0022844558, 0.021561917, -0.0016054822, -0.005980856, -0.021226281, 0.0059867348, 0.011218474, 0.00073020573, 0.0022168402, -0.03645554, -0.016370345, -0.0065455115, 0.017934373, -0.0014310007, 0.0007646042, -0.03406557, -0.008372332, -0.0039518233, -0.00558515, 0.0067616603, -0.004844407, -0.016348789, 0.0027101417, 0.019652957, 0.0015440795, 0.007085214, 0.01340794, -0.011846496, -0.010726396, 0.006716265, 0.0038569225, -0.0020612848, 0.007782215, -0.0029059788, -0.0034842954, 0.0041092564, -0.009862469, -0.0013003603, -0.027787825, -0.00026611311, 0.009546042, 0.009635656, -0.0046989275, -0.013559213, 0.013406052, -0.027584588, 0.010218738, -0.008124812, -0.008309534, 0.008469516, -0.012735922, -0.021660775, 0.017136643, 0.0037490653, -0.005021131, 0.019643297, 0.021136919, -0.013381582, 0.015552388, -0.022039885, -0.007240203, -0.0018117246, -0.011871764, 0.00084232236, -0.1125667, 0.0049517984, -0.011083593, -0.0035518704, 0.0015135375, 0.012420024, -0.010851346, 0.011051391, 0.027224846, 0.0038949235, -0.017306114, 0.011941092, -0.002287821, -0.009365722, 0.00325733, 0.029312482, 0.0174928, 0.02109268, 0.0137374895, -0.008165899, -0.00066374795, 0.03327692, 0.0043935482, -0.022827314, -0.0092097, 0.0014585712, 0.0071676495, 0.007205842, -0.006589058, 0.015944388, 0.0039462876, 0.015406341, -0.028312, 0.007067193, -0.022090789, 0.013044306, -0.014733838, -0.0043358444, -0.0029967346, 0.0025496979, 0.010335543, -0.0097842645, 0.0126985945, -0.016364697, 0.017270006, -0.023353787, 0.0014128801, 0.0092762355, 0.012921636, -0.02048538, 0.017191943, 0.008778801, -0.0056201736, 0.005648355, -0.0034462754, 0.013411079, -0.0018958912, -0.024882192, 0.022659842, -0.014058783, 0.019849524, 0.00062286307, -0.010892952, 0.0021353252, 0.006109683, 0.007781144, -0.026834449, -0.012962323, -0.0068851854, 0.012793482, -0.018846877, -0.021305265, 0.013127895, -0.023631249, 0.0060416437, -0.004899688, 0.00839408, 0.002478151, -0.0059612966, 0.0040049423, -0.004993759, 0.013181079, 0.036393907, 0.010703304, 0.009041484, -0.027892465, -0.00010119254, -0.0071129357, -0.01238503, -0.006400847, 0.016307611, 0.0040560495, 0.001835697, -0.030479828, 0.00988787, 0.0014315346, 0.0012611585, -0.010998303, 0.012956951, -0.012199113, -0.009896394, 0.0048400452, -0.02400626, -0.0093508335, 0.0008502702, 0.0028016558, -0.028159747, 0.0018345783, 0.00066627987, 0.019306604, -0.0107543785, 0.01651797, -0.015764482, 0.0062482515, 0.004950989, 0.02096888, 0.014041227, -0.021718118, -0.013104841, -0.017095026, 0.029246466, -0.0107579855, 0.023896601, -0.027715718, 0.013100878, 0.00032215202, -0.010115627, 0.0049072187, -0.008907923, 0.02304194, 0.007306388, 0.0054506036, -0.009241826, 0.0057451427, 0.015855161, 0.006678454, 0.011629338, 0.023290383, 0.005334829, -0.009437738, -0.01636364, 0.024450164, 0.00771079, 0.019962363, -0.003590253, -0.0050724326, -0.0019856666, 0.012192095, 0.018612865, -0.013405189, -0.019353706, -0.0046860073, -0.0125839515, -0.0023008685, 0.019048737, 0.0076594455, 0.0062501593, -0.0041900584, -0.010464657, -0.019957025, -0.03557113, -0.003557192, 0.020338658, -0.018447358, -0.0048275166, -0.016866343, 0.0018245664, -0.008502256, -0.0049338765, -0.008443933, -0.007501309, -0.0041044126, 0.0040633534, -0.0030892335, -0.009706246, 0.009718467, 0.003016335, 0.0065650283, 0.012061985, -0.0582265, 0.0019372912, 0.010895581, 0.006277507, -0.008813421, -0.012506725, 0.0025311797, 0.018373484, -0.009308358, -0.0035309838, 0.0061520427, -0.00070388743, 0.010008988, -0.011411871, 0.004730173, -0.011996295, -0.004407251, -0.012140955, -0.012428694, -0.005887814, -0.0036665136, 0.014552216, 0.005981185, 0.0021053879, -0.010665407, -0.0044184765, -0.0038248636, 0.025650436, 0.004824414, -0.008063694, -0.023177624, -0.0075480673, -0.02329193, -0.012476061, 0.0015682946, 0.012032243, -0.008056319, -0.02561243, 0.008208099, -0.070521116, 0.01040554, 0.015837919, -0.04509189, -0.013709854, 0.00945638, 0.020741118, -0.003094748, -0.002391761, 0.0018349607, 0.0079953205, -0.019490756, -0.00033170942, -0.015649362, -0.0048322263, 0.0064203646, 0.019859908, -0.022170585, -0.0017748253, -0.020331077, -0.0019757573, -0.012081466, -0.0037207427, 0.0020591423, -0.00730877, 0.011223615, 0.032057997, -0.016435623, 0.031140137, 0.01111834, 0.027767673, 0.008316918, -0.012005532, 0.0044217776, -0.009449148, 0.00054190407, -0.011019836, -0.00012081026, -0.007004479, 0.005326731, -0.0044845045, -0.00886649, -0.00091408053, -0.018330665, 0.051664658, -0.0076390947, -0.015399404, -0.021819705, -0.0829554, 0.011127589, -0.0050337836, -0.0025924512, 0.0069843056, 0.014600386, -0.0074332794, 0.039289, 0.014190326, -0.0030702879, -0.0017077734, -0.018996082, 0.022511197, -0.0094583165, -0.007722994, -0.02280784, -0.026163273, 0.001661194, 0.01689586, -0.0024672495, 0.012846247, -0.01639598, 0.00017002613, 0.011800406, 0.0010735848, -0.058869448, -0.006077789, -0.0069948696, -0.0013063018, 0.0054188087, -0.007451979, -0.02739803, -0.011302686, 0.010758404, -0.00044191116, -0.012733834, -0.0065714926, -0.01657204, 0.0038254382, 0.015348359, 0.037015475, -0.007329387, -0.0174636, 0.024353182, 0.011218808, -0.0057677706, 0.00018589347, -0.012304926, -0.03855492, 0.013794955, -0.008864442, -0.013115801, -0.0014076883, -0.007186567, 0.01002666, 0.0010272798, -0.0031915198, -0.03346571, 0.002827796, 6.873424e-05, -0.0068953633, -0.0016889091, 0.0081626, 0.0026711773, -0.0077061215, -0.0052966806, -0.023772474, 0.012467283, -0.0040288283, 0.02236899, 0.017815603, 0.012282739, 0.006614402, -0.008820015, 0.00021150733, 0.00082765415, 0.004009462, 0.0112168845, -0.025710592, -0.010248081, 0.0052563953, -0.011413529, 0.0021577876, 0.0031074984, 0.0059193624, -0.007044254, 0.00095836824, 0.004742345, 0.0062231855, 0.021163655, -0.007152019, -0.02309293, 0.0029504313, -0.0084043, -0.026072187, 0.012496608, 0.021566646, 0.004127391, 0.00010616713, -0.008417386, 0.0020062167, -0.03173608, -0.015273213, -0.019222913, -4.637661e-05, -9.697288e-05, 0.010356451, -0.009868465, -0.007226776, -0.0037584738, 0.008009313, -0.017643148, -0.006770891, -0.0020748076, -0.022660853, 0.006042847, -0.0049078367, 0.008046171, -0.002079777, -0.011776398, -0.006563332, 0.003117451, -0.038977247, -0.01925424, 0.015532927, 0.013158856, -0.0020983436, 0.014724646, -0.00876184, -0.008714817, -0.0040652985, 0.008710735, 0.008695989, -0.00076514133, 0.007896841, -0.011111686, -0.029660333, 0.0063330005, -0.00972786, -0.013601815, 0.0003356508, 0.012552249, -0.0066404045, -0.0062379837, 0.027217496, -0.02576912, -0.011834582, -0.0012349297, -0.011836446, 0.0009999949, -0.009251316, 0.003416125, -0.012635028, -0.006305331, -0.0244133, 0.026208095, -0.022385608, -0.02444681, 0.02098825, -0.0056783673, 0.0033145912, -0.00018938289, 0.004776619, -0.0021916535, 0.00806622, -0.016240625, -0.0016559844, -0.022924265, -0.000724186, 0.0017866985, 0.006101263, -0.01921442, -0.015305763, 0.009525968, 0.017263858, 0.002524138, -0.010844307, 0.007487619, -0.0090812035, -0.012400802, 0.022521144, -0.014976159, -0.0004007472, 0.017295657, -0.00054355816, 0.00013131475, 0.015554774, 0.010487067, 0.0067700464, 0.022664092, 0.009981567, -0.017497582, 0.007908183, 0.011079891, -0.0016632077, -0.00028779072, 0.0069401376, -0.0035863824, -0.003480839, 0.006305375, -0.0003674646, -0.012404538, -0.0018943216, -0.013058749, -0.018623823, -0.006436694, -0.01010177, -0.014527643, -0.030651296, -0.010446307, 0.00197826, -0.00070205645, -0.00853085, 0.018751988, 0.0019425483, -0.013247023, 0.010649698, 0.0065132743, 0.013931853, 0.010436865, 0.0029244795, 0.027321277, 0.008433642, 0.00019405452, -0.018856296, -0.030618813, -0.015039108, 0.011991713, 0.014482262, 0.010429418, 0.0045512775, 0.013224508, 0.020319778, -0.024637947, 0.00078062667, 0.024578337, -0.011128796, -0.019988958, 0.0041041058, -0.021092927, -0.0112572685, 0.013453472, 0.010130357, -0.017932586, -0.010775207, -0.021946704, -0.0342172, -0.008821744, -0.011096365, -0.010038598, -0.0014289875, 0.018036475, -0.010281557, -0.0026129265, 0.0015659028, 0.008430732, -0.008539704, -0.0014135204, -0.004163917, -0.0029061616, -0.013842899, 0.0063560195, -0.019679071, -0.0015935077, -0.023090936, -0.0057214634, 0.014143604, 0.012546657, 0.0047891526, 0.003190564, 0.014840717, -0.023383621, 0.013635459, -0.023359662, -0.011709103, 0.014380023, 0.005618464, -0.006835681, -0.0057928218, 0.028474696, 0.016760442, -0.018079111, 0.010103109, 0.017169958, 0.0065049273, 0.019384408, 0.021886082, 0.004586695, 0.0008496811, -0.009491085, 0.015863271, 0.002383544, -0.026528312, 0.0044167284, -0.018605137, 0.006948158, -0.0047579547, -0.0017779085, -0.005898947, 0.010114684, 0.0027751303, 0.010992315, 0.018010523, 0.011768168, 0.019131944, 0.003989851, 0.0049760584, -0.008273358, 0.0014314096, 0.024114437, 0.02818919, -0.0008139761, 0.010687808, 0.012357428, -0.01176947, -0.027372783, -0.004518873, 0.015404186, -0.018052181, -0.003064491, -0.00067256874, -0.010866987, 0.0010602, 0.0007711358, 0.0021834949, -0.0018178296, 0.025488831, -0.007967155, 0.003658105, 0.017789224, -0.004210661, -0.0195285, -0.0047135516, -0.0024407154, 0.009561054, -0.007551937, 0.010930956, -0.007874751, -0.005842352, 0.010065931, -0.00031803915, 0.017041216, 0.0116868345, -0.0064639123, 0.00016103938, -0.01140119, 0.017236562, -0.021106472, 0.019707924, 0.005153379, -0.0113197155, 0.010172115, -0.004256453, -0.00015644281, 0.023894269, -0.017733324, 0.01616357, -0.0037574307, -0.036281373, -0.00047244233, -0.02469621, 0.0020934895, -0.012853107, -0.0034333067, -0.036823425, 0.0004555154, -0.009972222, 0.017072946, -0.0004314788, 0.022478994, -0.010753846, -0.004616191, -0.009237264, -0.0032709637, -0.0026803282, 0.008872615, 0.0083518475, -0.0096295625, -0.0019063496, -0.0029699334, -0.024914637, 0.026476502, 0.0110807, 0.0047440804, 0.0036188727, -0.0034991466, 0.009032201, 0.02681978, 0.004279499, -0.0138802035, 0.0050932607, 0.008770338, 0.00060950796, 0.003241944, 0.032907415, -0.010049375, -0.0050553386, -0.009577823, 0.014497552, 0.030202825, 0.025330495, 0.0018691494, -0.0015593986, 0.022033248, 0.013608918, -0.01365797, 0.014104965, 0.0048364922, 0.036924988, -0.009935456, -0.0059448513, 0.020373732, 0.024138242, 0.008207552, -0.02731649, 0.009691165, -0.012534286, 0.0020708675, 0.014696197, -0.015383703, -0.0031177204, 0.015415375, 0.016705329, 0.0014759953, 0.005617855, 0.020905145, 0.002737551, -0.010809032, -0.011353335, 0.021328527, -0.008182434, -0.019024078, -0.019887598, -0.0006365342, 0.0029119747, -0.0008603823, -0.004620282, 0.006582513, -0.014835813, 0.034946147, 0.019058257, -0.0042957715, 0.005103826, -0.004239422, -0.016757082, -0.005235878, -0.016558796, -0.0047449945, 0.026213005, -0.0111054415, 0.044218555, 0.0054697352, 0.00878161, 0.00040337184, 0.0018024812, -0.007225304, -0.011613748, 0.017535942, 0.022622684, -0.0076866955, -0.019584829, -0.0052862964, 0.009968153, 0.014202779, -0.026856992, -0.0044302233, -0.0016156348, 0.0250115, -0.01566491, 0.018065194, -0.0154524315, -0.00026949015, -0.05157475, -0.0077264532, -0.004699092, -0.0032412838, -0.0007541467, -0.0022506516, 0.011879554, -0.026287835, 0.0010646711, -0.010655503, 0.024449866, 0.037549492, -0.012909934, -0.0134596, -0.03170912, 0.004721238, -0.022263853, -0.0103581995, 0.0046208636, -0.015614101, 0.0076845386, -0.027839147, -0.016523955, -0.01126096, -0.011180242, 0.017737584, -0.013277065, -0.022393981, -0.00082329585, -0.015912106, 0.017545193, 0.00010536337, 0.02645828, -0.0013730113, 0.0006146055, 0.015972925, -0.0038362558, -0.025399325, -0.009667487, -0.004250306, 0.027028633, -0.012200905, -0.00028876925, -0.027930992, 0.00071070326, 0.0010918834, -0.018719884, -0.005735097, -0.0074234437, -0.008751946, -0.0009498221, -0.030892424, 0.0011122179, 0.0032431995, 0.0044746483, 0.005529528, -0.0064810547, 0.027343484, 0.0014224753, 0.0013094658, -0.008807348, -0.012034285, -0.020695802, 0.021223176, -0.0013720008, -0.0009877974, 0.0105831, 0.023622783, -0.0015796806, 0.014758352, 0.021188982, 0.0187023, 0.010900095, 0.023169242, -0.0064142738, -0.00611313, -0.02507905, 0.011341233, 0.009588577, 0.0051692254, -0.013807043, -0.011950882, -0.03462082, -0.0007928373, 0.014462718, 0.0015264247, 0.011881181, -0.0034821783, 0.0041691284, -0.013749494, -0.0174698, 0.012067847, -0.008472504, 0.014806307, 0.0034365256, -0.012196193, -0.0053641577, -0.011974282, -0.041300576, -0.004402497, 0.0439602, 0.0009383617, -0.0009147564, -0.022802347, 0.00672978, 0.007435776, 0.008530252, 0.00016128576, -0.006280981, -0.05013228, 0.0073778913, 0.008449468, -0.025339575, -0.00066217815, -0.009855362, 0.010728528, -0.0065165996, -0.00801818, -0.0059303963, -0.015920721, 0.016246842, -0.00668112, -0.005160143, 0.0025842474, -0.0037440124, -0.026398089, 0.0054019145, -0.011687041, 0.018256318, -0.020675035, 0.016325502, -0.019982535, -0.01071011, -0.010516125, 0.004248929, 0.0072732195, -0.0016507965, -0.018033762, 0.0044331336, 0.061566956, -0.0067149643, -0.010450071, -0.0057634246, -0.011045619, -0.006590711, -0.006747595, 0.0158575, -0.0070242714, 0.010423417, 0.011734923, 0.010315108, -0.004939705, -0.007890094, 0.008917603, 0.010537821, -0.008062483, -0.013803882, -0.011405225, 0.012631853, 0.013393241, -0.01398597, 0.0069884583, 0.0030747633, 0.0052302796, 0.010069105, 0.01495992, 0.0062696687, -0.020499572, -0.0053002895, 0.00096100144, -0.0048849783, 0.014008931, -0.014382137, 0.0024041452, 0.008228662, 0.017225029, -0.015743012, 0.008895356, 0.020593535, 0.010450239, -0.016934566, -0.02830463, -0.0045446428, 0.01085324, 0.010954968, -0.014602951, 0.012175808, -0.0024441667, 0.0033443056, -0.015743181, 0.0044269306, -0.0017589013, 0.008103081, -0.026638716, 0.0014512367, -0.0054191537, 0.021006564, -0.008403629, 0.007672659, -0.017127208, -0.020776685, 0.023199521, 0.015607073, 0.018349806, -0.00796986, -0.0017429843, 0.005789967, -0.0054006604, -0.026447233, -0.014107356, -0.004604947, 0.0013576036, -0.0035030914, -0.010224193, 0.16361387, 0.13389671, 7.532634e-05, 0.0032866579, 0.0028561843, 0.01498517, -0.0076554692, -0.018573433, 0.0109723, -0.0357188, -0.005196046, -0.0076022674, -0.0064777834, 0.011229646, -0.00342597, -0.019946743, -0.00053948886, -0.0168066, -0.0065631806, 0.028545681, -0.033156183, 0.038383476, -0.013229562, -0.0098889945, -0.004878736, 0.018531537, -0.007172086, 0.0064883213, 0.016872844, -0.00021690739, -0.0070079872, -0.0031070907, 0.005810006, -0.0024507893, 0.014001995, 0.0021853242, -0.032223187, 0.019302994, -0.010350375, -0.0069733253, -0.0029373711, -0.019655978, 0.025227038, 0.02136934, 0.022481088, 0.012556538, 0.0023545132, 0.0051504793, -0.020611856, 0.007306899, -0.011857321, -0.0010218058, -0.0053144232, 0.029030614, -0.018346014, 0.0007684085, 0.021835761, 0.0051790625, 0.012020816, 0.0026828183, 0.011842255, 0.033420697, 0.0070373663, -0.0011126985, -0.00015691482, 0.011002681, 0.015848221, 0.004904433, -0.0070839934, -0.0047378195, -0.0066526104, 0.019298645, 0.013455945, -0.0007759029, -0.01616971, 0.005389265, 0.0044726133, -0.011595004, 0.008639211, -0.002522075, 0.010305765, -0.012255363, 0.016874, 0.017025383, -0.009633939, -0.024567379, -0.0024053727, 0.018203035, 0.11751323, 0.015047854, -0.012744384, -0.008540982, 0.010055624, 0.017490234, 0.016201448, 0.056954242, 0.015840625, 0.013210288, 0.025249086, 0.0049799546, 0.020776723, -0.010153053, 0.011091442, 0.007791845, 0.037241496, 0.03936465, 0.015358193, 0.00015639301, 0.0025868309, 0.015376703, 0.025060926, -0.0034462428, -0.010758859, -0.025226489, -0.008614508, -0.00038076311, -0.0033886097, 0.014220913, -0.09021135, -0.001909049, 0.022283237, 0.016930697, 0.0030429596, 0.028813815, -0.033644427, -0.00049182796, -0.011837067, -0.0052245194, -0.015504715, 0.0068692225, 0.008692725, -0.01504797, -0.0042872964, -0.01955669, 0.006755673, -0.0072662085, -0.0048410404, -0.001923419, -0.0013763126, -0.004518713, -0.010246891, 0.020659143, -0.003718253, 0.021314284, -0.0024354851, 0.02866594, -0.004817287, 0.01414084, -0.0048615113, 0.011002237, -0.00037222917, 0.026544541, 0.0014953929, 0.010172399, 0.019636484, 0.034768544, 0.006043285, -0.008659965, -0.0021155418, -0.02958094, 0.0016993133, -0.018318074, 0.00998795, -0.01923792, -0.012991168, -0.006854206, 0.0080721695, 0.008247314, 0.02218985, -0.018405892, 0.0014770026, -0.030897737, 0.023860311, 0.014615453, 0.0050089224, 0.0033621974, -0.00019801143, 0.026274512, 0.016442819, -0.008492365, -0.0039486624, 0.008597255, 0.0023131517, 0.012144168, 0.028143177, -0.005798428, -0.022756867, -0.006290545, -0.013898208, -0.004674884, -0.0036040295, 0.006897107, 0.0075596436, -0.0014971372, -0.012983188, -0.003212385, -0.01861054, 0.016939254, 0.00042611844, -0.021800827, -0.0033722369, 0.12851925, 0.007526212, 0.004709225, -0.0042048874, -0.012126665, 0.01998278, -0.009456696, -0.020561075, 0.003985826, 0.020881439, 0.00023863508, 0.016984059, -0.0011294893, 0.010061394, -0.0053928867, -0.017549863, 0.001720502, 0.001213232, -0.020926358, -0.008499529, 0.0055106874, -0.0016597846, 0.03568419, 0.0045298715, 0.01161282, 0.022258485, 0.0054234946, -0.020169865, 0.009325126, -0.0075058257, 0.0007070431, -0.016117794, -0.0015944077, -0.012000024, -0.007590926, -0.0043540387, -0.0004720546, 0.03068824, 0.0043713306, -0.0019723095, 0.008985911, 0.0005812033, 0.013789378, 0.014373785, -0.046478733, 0.18667834, 0.0043802736, 0.0057739937, 0.0010899232, -0.017108077, 0.002720199, 0.0040041483, -0.014798687, 0.012547149, 0.024810465, 0.014327795, 0.006927454, 0.005181405, 0.011510486, 0.0051735886, 0.01574505, 0.019166553, 0.006726335, -0.03242825, 0.014515508, -0.0052725817, 0.005968688, -0.009710237, 0.00831829, -0.0017559393, 0.021694569, 0.00027792685, 0.026462302, 0.011859169, 0.009049924, 0.019399716, -0.0010433755, 0.006821247, -0.021809246, 0.010431646, 0.004330924, 0.0149541935, -0.015539958, 0.004337793, -0.0058562616, 0.0062313075, 0.008814921, 0.013888062, 0.013208355, -0.00048083352, -0.0021039585, 0.013538704, -0.01376132, -0.0075664646, 0.015702266, -0.024296587, 0.013367481, 0.016759794, -0.004762449, -0.027114639, 0.0007953374, 0.010323715, 0.010005555, -0.0062950165, 0.013415394, -0.008466245, -0.012739675, -0.0050967536, -0.005436188, 0.0040132827, 0.0006726986, -0.021149648]"
[Video] Medidores: gusanos del tepozan y protagonistas de creencias populares,https://oem.com.mx/elsoldetlaxcala/img/25438672/1756728864/BASE_LANDSCAPE/1200/image.webp,LOCAL,no descripcion,https://oem.com.mx/elsoldetlaxcala/local/video-medidores-gusanos-del-tepozan-y-protagonistas-de-creencias-populares-25438612,"[0.02254674, -0.026583439, 0.047714524, -0.058713257, -0.0009808472, 0.0027725415, -0.0026384394, 0.01894409, -0.0128636435, 0.020147134, -0.016351415, 0.008759781, -0.008946611, 0.009349505, 0.11260344, -0.00375547, 0.051810887, -0.0225856, -0.005808702, 0.0036024724, -0.0058690943, -0.015564902, -0.010796618, -0.0056494763, -0.00911465, -0.008386623, -0.0060974616, -0.019371364, 0.020894248, 0.0011583376, 0.030579478, 0.023103472, -0.016663639, -0.006629237, -0.00101347, -0.0049773427, -0.0075312057, -0.012877417, 0.013514, 0.017023398, -0.010445688, 0.007484003, -0.015853718, 0.016925154, -0.0022859464, -0.0017419126, 0.0011584956, -0.016832681, 0.014891003, -0.00912712, -0.012364411, -0.014680842, -0.0021351774, -0.16914213, -0.007889359, -0.013512678, 0.0027728558, 0.0074556214, 0.0046370155, -0.017635478, -0.01653604, 0.018374536, -0.028137209, -0.026724802, 0.005952292, -0.006681978, 0.029821359, 0.02404499, -0.0057303268, -0.017682038, 0.014322002, -0.023349931, -0.010135312, 0.006564347, 0.00476971, 0.014972834, -0.015549794, 0.016907137, 0.02569907, 0.015629593, 0.0071466155, 0.008799538, -0.015337997, -0.010595895, 0.0016612165, 0.006008296, -0.001704792, -0.024897467, -0.012768882, 0.028029073, -0.05278266, 0.005440567, 0.015315993, -0.005712576, -0.00421397, 0.0008808652, -0.020464668, -0.028890742, -0.020138087, -0.011418214, -0.02065584, -0.0031801309, 0.014078019, 0.011078226, 0.016222967, 0.0027055615, 0.0061992803, -0.022652205, 0.0050832923, 0.028014308, 0.009781161, 0.012558545, -0.009627559, -0.00637738, -0.004772329, -0.14431998, -0.003824645, -0.0075180805, -0.017078724, 0.011348288, -0.018569967, 0.031063965, 0.0217583, 0.02257142, -0.01884314, -0.013685747, -0.013916233, 0.0005731809, -0.010624028, -0.013484834, -0.011360995, 0.008580539, 0.019332867, -0.0074605816, 0.013284094, -0.011785124, -0.026597612, -0.0183396, -0.030247517, 0.010073079, 0.0275483, 0.012928346, 0.00033941813, 0.01324414, 0.013166017, -0.018656386, 0.022355571, -0.011910383, -0.015329972, 0.0096488055, 0.0061649964, -0.0052812323, -0.009580834, 0.00295747, 0.0115322005, -0.027425952, 0.035675995, -0.023582594, 0.019815223, 0.01782403, 0.035707194, -0.0034462563, -0.008398658, -0.012054349, -0.0204111, 0.007137005, -0.040025555, 0.018827362, 0.0219921, 0.0057223868, 0.013254125, 0.004619222, -0.0009769475, 0.0047224383, -0.0064297463, 0.015198183, -0.03557253, -0.024579084, 0.010962094, 0.012238081, -0.012435744, -0.0028770682, -0.0120715145, -0.021536909, -0.008161374, -0.017635453, -0.0071533117, 0.020070825, 0.012194776, 0.00991181, -0.011823381, -0.02426993, 0.0077737854, -0.032179143, -0.015191933, 0.011772875, 0.0017797885, -0.002002598, 0.0010127842, -0.0019527862, 0.030366562, 0.0128264, -0.015042326, -0.0031027398, -0.020578323, -0.008269761, -0.0059268307, 0.011373762, 0.006265368, 0.009401681, 0.015023484, 0.006162136, -0.019887177, -0.035788618, -0.008832361, -0.031099245, 0.026495688, 0.015490796, -0.011465769, -0.01801797, 0.0104659675, -0.007167172, 0.025679095, 0.010266086, 0.0035294085, -0.017362544, -0.010337177, 0.030861147, -0.011802285, -0.014151602, 0.0141392145, 0.014286639, -0.015367317, 0.030729821, 0.006782185, 0.024126139, -0.03621249, -0.017679706, -0.0021839258, 0.009594904, -0.024136191, 0.005924398, -0.0077300244, 0.028953308, -0.005631603, 0.045060966, 0.004248745, 0.006322275, -0.0054651336, -0.0056062997, 0.0034220195, 0.015059989, 0.027858948, 0.011120736, -0.0008295893, 0.016297555, 0.008947386, -0.00996946, 0.0023892047, -0.01806775, 0.008918977, 0.0011638284, -0.016549533, -0.010029525, 0.0011783188, 0.010173943, 0.0056370925, -0.012386396, -0.0352304, 0.015572648, -0.0027900029, 0.022856733, -0.013026072, -0.015755925, -0.007579231, 0.011367314, -0.061390556, -0.003463959, 0.021959882, -0.027425474, -0.017395422, 0.0155, -0.018885955, 0.0038581463, -0.0056684683, -0.0149838915, -0.0054965797, -0.006217135, 0.0035856843, -0.017414529, -0.0156024005, -0.00700395, -0.0179846, 0.005543781, 0.012222837, -0.003407905, 0.021837221, -0.008542737, 0.0116831325, -0.001151721, 0.013052959, 0.001718921, -0.00037496706, 0.045073733, 0.03620997, -0.051614117, -0.014235303, -0.03485612, -0.030849954, 0.0022292545, 0.017709117, 0.019267108, -0.005253756, -0.00065341266, -0.014150324, -0.028015764, -0.0075266287, -0.015831724, 0.005235075, 0.0050135506, -0.0027788472, 0.022049656, 0.0069130287, -0.020256257, 0.014880122, 0.012133896, -0.010072253, 0.024255324, 0.025849788, -0.02132617, -0.032459676, 0.028893555, -0.017797504, 0.004882179, -0.0030974674, 0.00018446459, -0.0034291607, 0.024384042, -0.005747354, -0.01234551, -0.02357804, -0.027194845, 0.028324055, 0.014801828, 0.009098508, 0.019234037, -0.008974552, -0.0063166213, -0.015651356, -0.06332487, 0.021334387, 0.018000877, 0.00032752153, -0.004543787, -0.0037671083, 0.013064993, -0.03256934, -0.019307228, 0.008505666, 0.018709717, 0.0074320347, 0.029999323, 0.00012848136, 0.015838793, 0.0103207445, -0.0066080624, -0.0014095668, -0.012081244, -0.011136066, 0.0023798586, 0.012618104, -0.015289514, -0.0030148271, 0.005376007, -0.01928542, -0.004872111, -0.006408836, 0.0053771967, -0.02472512, 0.008397975, 0.0018723918, -0.012064931, -0.023831666, 0.0030626631, -0.0045088357, 0.01529721, 0.0014800027, 0.009231011, -0.0027311938, 0.006175254, -0.010196486, 0.029295212, -0.0028536161, -0.013046108, 0.005542917, -0.003687935, 0.025643624, -0.03785907, -0.00980644, 0.03949041, 0.0029716927, -0.03532902, 0.016768442, 0.025475206, -0.0020156335, 0.030813182, -0.027027024, -0.015647788, -0.0037987845, -0.012480486, 0.004805253, -0.028401084, 0.014712323, -0.0001923001, 0.035311233, -0.014883257, -0.03429519, -0.014238137, 0.024311436, 0.010076195, -0.011901403, 0.016589193, -0.009603869, 0.025329558, 0.025347304, -0.017981056, 0.0063698813, -0.023282949, 0.007827406, -0.0004917984, -0.009477766, -0.011093833, -0.018299475, -0.010604719, 0.0031639228, -0.02478016, -0.016085988, -0.017692018, -0.018908711, 0.008899022, -0.003727239, -0.0012521035, 0.012429575, -0.029628279, 0.0027576345, 0.023492523, 0.013057358, 0.0068659047, -0.029725626, 0.0019765336, -0.0028162452, 0.007353702, 0.0050353603, -0.005212527, -0.0025075444, -0.012546392, 0.022054132, -0.024097584, -0.015687851, 0.0017374585, 0.015541972, -0.029624796, 0.016189998, -0.013012265, -0.020284649, -0.0056057856, 0.0010636385, -0.017754612, -0.0105770705, 0.012083088, -0.0061545717, -0.012767237, 0.004174145, 0.024820628, 0.0010548811, 0.026214194, -0.008672113, 0.020631075, 0.01522415, 0.013972884, -0.023366723, -0.007153915, -0.017189225, -0.00037041784, -0.014820263, 0.015310034, 0.020281281, 0.015749607, 0.013018488, 0.02499745, 0.018093998, -0.009813811, -0.0013325511, -0.0011702704, -0.012709892, -0.012645052, -0.021729732, 0.0151108205, 0.02109754, 0.008893232, -0.0033640529, 0.0028783518, -0.004146991, 0.009743847, 0.0030921958, 0.029633602, 0.002980697, -0.00997372, -0.028687252, -0.013545178, -0.0037659178, 0.006387323, 0.01844007, -0.010825197, 0.009011639, 0.047603305, 0.0082338555, 0.015949767, -0.010261721, 0.002227248, -0.036838215, -0.0042929193, -0.01653705, 0.04364212, 0.0024784652, 0.027691312, -0.0077057425, -0.01264048, 0.014190013, -0.025412347, 0.029772267, 0.030200332, -0.016195573, -0.0038901751, -0.015279409, 0.013244225, 0.041904356, -0.0038260387, 0.0031112246, -0.010917482, -0.011964208, -0.012567414, -0.028805915, -0.019766122, 0.035870958, -0.105934344, 0.0065811994, -0.015525943, -0.025709704, -0.022296943, -0.03486486, 0.042953536, -0.022496847, 0.032198448, 0.022148829, -0.007055148, -0.006291151, 0.01686263, 0.02155809, 0.007840549, -0.020627439, -0.021741135, 0.0009563363, 0.0028473132, 0.023950083, -0.009170758, 0.002923312, 0.0077222423, 0.014335279, -0.039448254, 0.0025515382, 0.02299987, -0.00021957459, -0.0026598482, 0.010031338, -0.00595933, 0.008358116, 0.016739402, 0.010409664, 0.017141264, 0.0016244247, -0.016729018, -0.014750187, 0.009164402, 0.04293819, 0.017767686, -0.00036641915, 0.007944961, 0.011154453, -0.039106034, 0.016707564, 0.02340983, 0.011560799, 0.027148044, 0.0034168763, 0.0019102921, -0.0004078868, 0.02480478, 0.0051125786, -0.0069464385, -0.025965491, 0.009233749, 0.0130425505, -0.024815843, 0.006992977, -0.0053174463, -0.012064576, 0.009879937, 0.0074609723, -0.005756942, -0.0014082086, 0.006178674, 0.037811555, 0.057770908, -0.008337257, -0.001868131, 0.006798752, 0.027232755, 0.030078651, 0.017466046, -0.0028275927, -0.0044852016, 0.004387821, 0.008267641, -0.0050581885, -0.011513239, -0.014307525, -0.09202867, -0.0011541267, 0.013392278, -0.02762466, -0.0041028084, 0.01570888, 0.0062418077, 0.031935845, 0.013757035, -0.011366607, -0.020165045, 0.021916851, 0.00877362, -0.011429562, 0.003939836, -0.028617993, 0.0125140855, -0.016905501, 0.015324673, -0.01627107, -0.012170784, -0.004822723, 0.022487286, 0.0043649888, -0.010804264, -0.0048346785, 0.004313567, -0.008335368, 0.020465733, 0.0009204703, -0.0006123274, -0.121986, -0.014287241, -0.0009227112, 0.011541604, -0.006395161, 0.013285608, 0.016095402, -0.0019157478, -0.009564739, 0.02360203, 0.016982537, 0.011605069, -0.018164406, -0.0053280983, 0.00725212, 0.102811456, -0.018883806, 0.017544204, 0.0007872707, -0.00981964, 0.014495583, -0.003473136, 0.017314946, -0.022036241, 0.035709176, -0.0019284382, 0.013001589, 0.010551996, -1.9812044e-06, -0.0072950185, 0.008835735, 0.011426953, 0.012878803, 0.013556319, 0.014632334, 0.0007196615, 0.023260595, 0.0081463, 0.008126032, -0.00666035, 0.0062550874, -0.018287174, 0.032787398, -0.0076938514, -0.004192283, -0.025225455, -0.0030949246, -0.018406847, -0.0077667134, -0.0152311, -0.015940858, -0.084584385, 0.052225992, 0.037712187, -0.00021371707, -0.011261043, 0.00089687237, 0.0014100418, 0.0037755528, 0.033354577, 0.030269522, 6.5409025e-05, 0.010385201, 0.029072886, -0.014505483, -0.026682625, 0.007907511, 0.021719968, -0.0029006987, 0.0034214153, 0.0043261, 0.018394368, -0.022840021, -0.015907096, -0.0013350811, -0.005186917, -0.023728881, 0.028433157, 0.0016117814, 0.006438965, 0.022212792, -0.0002368602, 0.010174531, 0.0027052239, 0.0110597, -0.017761217, -0.0037959206, -0.0227664, 0.021471966, -0.0019593923, 0.008220918, 0.011746282, -0.0049806084, -0.009396569, -0.00167696, -0.012581742, 0.0075017503, -0.014801155, -0.025735065, -0.009898558, 0.010793948, -0.0045544426, 0.016518313, 0.010511042, -0.002470564, 0.019776357, -0.017119693, 0.0025826823, 0.043439414, -0.015826546, 0.0075177266, -0.011423397, -0.00035744603, 0.003922802, -0.0016496469, 0.01307542, -0.0034413547, 0.007882841, -0.0046238573, 0.0068162526, -0.001746577, -0.009051115, -0.015244018, 0.018817693, 0.015708797, -0.0046556764, -0.008557401, -0.0062836753, -0.010740891, -0.045322888, 0.014228013, 0.01050432, -0.0022594687, -0.0047431886, -0.002030441, 0.009457524, 0.0012914934, 0.0028818417, -0.008699719, -0.017757172, 0.03868077, 0.0052510025, 0.0022154443, -0.0055893953, 0.015542972, 0.013496879, 0.00055496383, -0.003597397, -0.0040286505, -0.000538727, -0.007342998, -0.0055301427, 0.009633523, -0.010575154, 0.010526937, 0.007942247, -0.0013807825, 0.0025451805, -0.013623693, 0.0021903766, 0.026718738, 0.015461155, 0.012678033, 0.009787215, 0.0150240455, -0.012438996, 0.019656386, -0.013040265, -0.0036934104, 0.008030626, -0.013506505, 0.015105286, -0.007824176, 0.00778073, -0.0073022586, 0.02138183, -0.00072029955, 0.023048304, -0.006260039, 0.008082327, 0.012635179, 0.0017928566, 0.004314056, 0.019709172, 0.0005969126, -0.00038230274, -0.0041295984, 0.0032819817, -0.0056258542, -0.022467276, -0.0035040565, -0.012258093, 0.03019716, -0.007959121, 0.007705963, 0.0034498975, -0.0034413214, -0.002529715, 0.0024064258, -0.0015187298, 0.0025645872, -0.004852917, 0.0022787598, -0.00019465815, 0.01250317, 0.019343458, 0.006992552, 0.0052296026, 0.012370239, 0.011027141, 0.0036032426, -0.004304817, 0.007982962, -0.0015900614, 0.0002731725, -0.010497785, 0.0054597673, 0.0072917864, 0.014311434, -0.009420032, -0.011351257, -0.008422679, 0.014435457, 0.004480279, -0.010871936, 0.004454488, 0.01030318, -0.012317458, 0.0056574927, 0.01915991, 0.0002548026, 0.011684003, 0.015808387, -0.009790699, 0.0094986735, -0.0065180943, 0.0076618833, 0.0044881157, 0.011332027, -0.0065747956, 0.0034795313, -0.0014060448, 0.0042237514, -0.0038738947, 0.014559021, 0.004649569, -0.001737467, 0.019508151, -0.0037193599, 0.0066921697, 0.0074538607, 0.0054482515, 0.01775759, -0.0038488796, 0.003124487, -0.00039533136, -0.026309649, 0.010609507, 0.005391594, -0.010997127, -0.006486095, -0.004433181, 0.0013758477, 0.0067377146, 0.030882118, -0.0074742637, -0.0086153755, -0.0047664484, 0.0024850708, 0.022497961, -0.0022420986, -0.005773862, -0.003868212, -0.008797968, -0.012279396, -0.020758767, 0.0035197623, 0.0028207318, -0.015652511, -0.027050756, -0.00117395, -0.01251922, -0.01531773, 0.0126505345, 0.005970332, 0.0025762883, -0.00086332485, 0.010175362, 0.0035212687, -0.012231839, -0.010146703, 0.004540254, -0.00041520403, -0.0018243127, 0.019726014, 0.028141972, 0.018421754, -0.009104341, 0.0047973115, 0.01568658, 0.008148471, 0.0010269033, -0.015565289, -0.032242496, 0.012183747, -0.012142698, -0.004877815, -0.0070688925, 0.022550318, 0.014407599, 0.08528401, 0.0038830421, 0.006259867, 0.018395163, 0.011591024, 0.0012197027, -0.018095233, -0.02076326, -0.02289597, 0.0028010437, -0.0075450796, 0.011509289, -0.002013854, 0.0092248395, 0.01712273, -0.010347025, 0.0036999718, 0.0040339027, 0.001213087, -0.0028743893, 0.0015639925, 0.006304042, -0.0044079, 0.00432876, -0.016709046, -0.016474983, -0.008001106, 0.0038597519, -0.008784595, 0.010596604, -0.016829181, 0.0031303016, -0.0055913064, 0.0005768209, 0.001419382, 0.010630352, 0.013489545, 0.018166173, 0.013676582, 0.01597814, -0.008047367, -0.010037111, -0.013373085, 0.00011014878, -0.0013925196, 0.015395582, -0.0012381119, 0.013610023, 0.0067563676, -0.0007671811, -0.013479728, 0.007078561, 0.0012543014, 0.0048593567, 5.1605304e-05, -0.005987493, 0.0022400704, 0.007939728, 0.007140329, -0.017007535, 0.014070821, 0.014664854, -0.0102244625, 0.025107978, -0.011584393, 0.0014564153, -0.01028259, -0.02242287, -0.016496347, 0.006080313, -0.011599381, 0.0022355292, 0.005273059, 0.0026375586, 0.03083252, 0.0087401215, -0.013487801, 0.0047196923, -0.0044973795, -0.0038698202, 0.0056163752, -0.003656874, -0.0028054772, -0.017389994, -0.002604714, 2.6213622e-05, -0.03255834, 0.0036113143, 0.00014835855, -0.010821362, -0.0072311442, -0.010658647, -0.016028088, -0.0022047549, 0.005160628, 0.016495775, 0.07305479, -0.008876753, -0.006888251, 0.0075095138, -0.020737328, -0.010191591, -0.0006123428, 0.011195729, 0.0024361422, -0.012057472, 0.0056592072, -0.013812704, -0.0037563322, -0.0021584276, -0.007728306, 0.0079025095, -0.007363487, -0.000900426, -0.0012018507, -0.010361204, 0.002871514, -0.0016926734, 0.0066518765, 0.009176889, 0.004247489, -0.0037654517, 0.00510618, 0.0018548098, 0.0011339377, -0.0028759572, 0.0028143777, 0.0037129116, 0.0066428855, 0.0027141725, 0.0006390394, -0.01009151, -0.0017736106, -0.0048762234, -0.006875956, 0.002242844, 0.01923948, -0.00026184693, -0.0011835482, 0.0018507923, -0.009954207, -0.0062267375, -0.026045775, 0.014123985, 0.0035445145, 0.0063022147, -0.00029597658, -0.010777049, -0.010064451, 0.008017269, 0.017857077, -0.008274879, -0.0101866415, 0.010879155, -0.003758745, 0.010451656, 0.005782078, 0.012313574, 0.007076464, 0.012190581, -0.008286534, 0.00207207, 0.018154442, -0.0018797655, -0.0059733405, 0.018803664, 0.008059671, 0.009661592, -0.016401947, -0.0023341316, 0.008553079, -0.015201973, -0.010114073, 0.013883316, -0.014488653, 0.0070827994, 0.0121750785, -0.00034842402, 0.009160611, 0.006657219, 0.0066106785, 0.021114582, -0.029295282, -0.0035141527, -0.031574976, 0.013775057, 0.005768632, -0.0045534833, 0.012749302, -0.017553454, 0.012837093, 0.0034954066, 0.014865219, -0.005261048, -0.0052686036, -0.008293623, 0.028815586, 0.018686255, -0.0008148543, 0.009894695, -0.018125352, 0.00045134386, 0.00469748, 0.0082554445, 0.011311885, -0.013438257, 0.0041168514, -0.013975048, -0.0110868, -0.016815275, -0.0074981684, 0.0034830538, 0.005166408, 0.011034905, -0.014361961, 0.010675417, 0.013006493, 0.02288946, 0.010223743, -0.0019663456, 0.0076093986, 0.010322019, 0.0015663606, 0.0024811823, 0.0028970607, -0.013353854, 0.002449446, -0.0020797679, 0.004604563, -0.004753718, 0.007819266, -0.0017193975, -0.011163151, 0.0005976637, -0.0008516842, 0.010479552, 0.0040688813, -0.008311032, 0.013360101, -0.012638279, 0.015497514, -0.008855605, 0.009418813, -0.029033069, 0.01193124, -0.004436425, -0.005555719, 0.0038723324, -0.0032790517, -0.0057378216, -2.5745114e-05, -0.015168084, -0.014416176, 0.0050411457, 0.016870782, 0.018720916, -0.011672972, -0.05432264, 0.002527937, 0.00301914, 0.0068621174, 0.017177006, 0.010840915, 0.010294902, -0.009978161, 0.0028402335, 0.027047504, 0.011367704, 0.0031417403, -0.0024648882, 0.0010834982, -0.014800094, 0.004241448, -0.01642724, 0.02153032, 0.006156252, -0.015534664, -0.005636191, 0.0028318116, 0.012709191, 0.0034968413, 0.012820766, 0.005062343, 0.001099993, 0.0011828542, 0.0073092612, 0.005135027, -0.024799336, 0.012393256, 0.00506628, 0.0147497505, 0.016079059, -0.0074708266, 0.011614266, 0.018902972, 0.012813305, 0.013057742, -0.0014775586, -0.010361467, -0.0063731465, 0.00019524292, -0.00185584, -0.01035693, 0.001875748, -0.021301324, 0.00069996977, 0.0025595454, 0.0050908756, -5.1760206e-05, 0.000298038, 0.011408427, -0.0024131953, -0.0017069047, 0.023884045, -0.005363059, -0.006595232, 0.019969372, -0.004348738, 0.004165429, 0.012340338, -0.013808243, -0.015671765, -0.016370067, 0.009850637, 0.007541603, -0.006409262, 0.00515543, 0.0044842027, -0.00072646537, -0.017425854, 0.004933084, -0.019971406, -0.008112815, 0.037449278, 0.001385998, -0.0054469635, 0.0011100658, 7.4787094e-06, -0.021224806, 0.011554538, 0.0014636299, -0.007961128, -0.009297042, -0.026216935, 0.00070796284, -0.011978538, 0.0075188596, 0.0035358812, -0.011382389, -0.015844326, -0.013589469, 0.019349825, 0.01721541, -0.011046603, 0.0075126304, 0.0030348606, 0.011664722, -0.0065203113, 0.00078163925, -0.0035213688, 0.0026263664, 0.007952814, 0.022486161, 0.03093579, -0.0018020093, -0.0003488688, -0.0036621925, -0.020809231, -0.0009158804, -0.0025651858, 0.022841968, 0.008830316, -0.012976727, -0.004095597, -0.01594553, -0.0032454238, 0.0045587737, -0.0075254524, 0.008210434, 0.021369744, 0.0014766882, -0.013338976, -0.014597379, -0.0053121448, -0.004188906, 0.016429666, 0.008360503, -0.0040641977, 0.011360753, 0.0007352581, 0.005589258, -0.009352762, 0.016006079, 0.021666741, -0.009852418, 0.001975244, 0.0056751627, -9.688985e-05, -0.009230886, 0.0034802, -0.00036970104, 0.0078745885, 0.004628805, -0.013899134, 0.0063126273, 0.004347686, -0.013981494, -0.010643964, 0.0025867787, 0.009084034, -0.010153659, -0.012757229, 0.005793759, -0.006311661, -9.0439076e-05, 0.005223196, -0.010542049, 0.008473247, -0.002407846, -0.0005982042, -0.0041299136, -0.004588144, -0.0037199687, 0.007215318, 0.004601566, -0.008720071, -0.0040216404, 0.013265191, 0.0147360815, 0.0033633355, 0.021748515, -0.007315626, 0.009882191, 0.002329446, 0.0010596936, 0.007752257, 0.015453496, -0.014775329, 0.0016150071, 0.009201225, 0.0026440492, -0.011563485, -0.025311844, 0.015328882, -0.0050682235, 0.0004084944, 0.010714169, 0.008691709, 0.021382544, -0.00025976673, -0.0104412995, -0.0037520295, 0.018941391, 0.009671501, 0.0074342643, 0.009395041, 0.0003181089, -0.022499867, 0.0010472811, 0.0028649566, 0.0013964946, 0.0116949035, -0.0879536, 0.0027290958, 0.00961858, 0.012358222, 0.006720045, -0.013450824, -0.009639416, -0.028028402, -0.0032718654, 0.010634682, -0.005598121, -0.0034172626, -0.012387243, -0.010297821, -0.007400287, 0.003881963, -0.0014975831, -0.013031727, 0.016710285, 0.001985329, -0.010077276, 0.0015704001, -0.008138687, -0.0014003132, -0.015625257, 0.00022576879, -0.005706592, -0.0018829979, 0.00081556104, 0.002294382, -0.007723091, 0.010620577, 0.012161449, 0.012220886, 0.023023494, 0.008086252, 0.0019746257, 0.02009608, -0.1329423, 0.013595336, -0.007515989, -0.0015400217, 0.00019224944, -0.0047842185, 0.0113417, 0.009819073, 0.004644663, -0.02287037, 0.021498336, -0.013109793, 0.013449219, 0.0048202137, 0.0027235055, 0.0016578978, -0.014254666, 8.797062e-05, 0.015823493, 0.0042181453, -0.001051606, 0.0012159238, 0.016688697, 0.011278912, -0.0041459524, -0.0021065834, -0.020748656, 0.0026450488, 0.008495911, -0.0017189035, 0.004526779, -0.009270417, -0.0059473445, 0.0007367276, -0.008007323, -0.014263918, -0.013444595, -0.02034082, -0.0035262029, 0.0067050993, 0.0026695698, -0.006625845, 0.01458261, -0.009285855, 0.0042745406, 0.012813331, -0.0070595504, 0.005295222, -0.01698113, 0.00054307457, -0.002708486, 0.00819351, 0.018000111, 0.004872712, -0.0018631676, -0.01734857, 0.009810533, 0.013828515, 0.0047197533, 0.0017064149, 0.0066152452, -0.0048808483, 0.01690393, -0.0027982264, 0.0094606895, -0.0053052236, 0.0053674923, 0.019626005, -0.0021468687, 0.014511017, 0.00045546674, 0.009161556, -0.008659959, -0.0028417467, 0.009059201, 0.009897619, 0.023334045, 0.003940689, -0.006314981, -0.018469, -0.020453049, -0.0071118353, -0.007814767, -0.0077036074, 0.009075093, -0.01683984, 0.02965478, 0.009287953, 0.0115402015, -0.084530905, -0.008530872, -0.008889636, -0.0064519607, 0.015306169, -0.006622655, -0.025376197, -0.0077311825, -0.0015463068, 0.00250304, -0.0024251465, 0.013657306, -0.0051505407, 0.004823534, -0.018884342, -0.013450522, -0.019845331, 0.004302069, -0.0059040203, 0.003856976, -0.0033985437, -0.0011449726, 0.010466209, -0.005965046, 0.014412797, -7.853941e-05, -0.0038467916, -0.012089385, 0.015373583, 0.0072350306, -0.019676106, 0.0054443083, -0.014525041, -0.0011174135, -0.0031813895, 0.0019269572, 0.008630866, 0.037945203, -0.004507132, -0.020767793, 0.0073190173, -0.0060605537, 0.0021893755, 0.0018778722, -0.030334832, -0.011254225, -0.0016584381, -0.00067235867, -0.009880264, 0.021241898, -0.010155406, -0.014863691, 0.00803565, 0.001473777, -0.009116565, -0.008075765, 0.015039134, 0.015675528, -0.012373841, 0.0003114315, 0.0012357547, 0.009183061, -0.018789606, 0.006543288, -0.0022893166, -0.016854832, -0.01444235, 0.0017720513, -0.0012911798, -0.0057957927, 0.002922834, -0.0029028081, 0.009117226, 0.028868834, 0.006949905, -0.00153064, -0.014537352, -0.008814182, -0.009705908, 0.0066316933, 0.019123578, 0.011651986, -0.012694621, 0.011627167, 0.0053982334, -0.015662048, -0.0047527417, 0.02278216, 0.015157794, 0.017838238, 0.0008315627, 0.00012123881, 0.009831698, -0.0033687155, -0.01001194, 0.0037402238, -0.0052457494, -0.017976422, 0.008634417, -0.0015751789, 0.016911088, -0.012000675, 0.0017485976, -0.002614187, 0.0059418, -0.013396593, -0.014036697, -0.0070077074, -0.0066756196, -0.001543836, 0.0005193127, 0.008017235, -0.013245352, 0.008781794, -0.1591653, -0.0024916322, 0.019503579, -0.00089181337, -0.023869477, 0.012915861, -0.0005030868, 0.0055519342, 0.019516151, -0.010888796, 0.0025457088, -0.008189838, -0.0027092076, -0.01950184, 0.007520408, -0.026603615, 0.025034072, 0.008102247, 0.008341144, -0.007259081, -0.04966744, -0.018207882, -0.0008142673, 0.016086508, -0.008510702, -0.0052589783, -0.012936377, -0.009274623, -0.006503673, -0.011883325, -0.00035557945, 0.013067766, -0.015082723, -0.0117267035, -0.010269108, -0.0056900294, -0.0077041714, 0.0026162015, 0.0042378944, 0.0022783866, 0.0060577565, 3.2971268e-05, -0.0146986665, -0.008279278, 0.007443377, -0.0042385287, -0.020983595, -0.007463086, -0.005473225, 0.01611234, 0.0003506225, -0.011266293, -0.01475664, -0.01166379, 0.018139722, -0.0046596904, 0.028200388, 0.044120453, 0.010365951, 0.017539453, -0.033242524, 0.00399064, -0.0067135044, 0.0036818294, 0.008871546, -0.019125056, 0.00553803, 0.14462283, -0.013189986, 0.0030812887, -0.005356402, -0.017464463, 0.00914361, 0.013857476, 0.014430925, -0.009163438, -0.0028091497, 0.010888406, 0.0233856, 0.025684457, -0.01169082, -0.02078847, 0.003610502, -0.0031841549, 0.012045961, -0.011567281, 9.313066e-05, 0.008714053, -0.0155569445, -0.029372584, -0.018734558, 0.018069612, -0.015542677, 0.001533614, 0.0034317626, -0.0065806042, -0.0012836447, 0.024173532, 0.0048917183, -0.00199455, 0.01108864, 0.015111773, 0.0037661057, 0.0060831397, -0.030715315, -0.008518513, -0.008276411, -0.0025834574, 0.016272442, 0.0010244339, -0.03416364, 0.01839286, 0.0022989998, 0.017999312, 0.0032678181, 0.008399352, 0.01704826, 0.0044236993, 0.0155537035, -0.0015037305, 0.0056339647, -0.0004423289, 0.0011842519, -0.0067868643, 0.008256438, 0.01238, 0.013666344, -0.007600088, -0.0032072775, 0.004445155, 0.023092665, 0.02567703, 0.0019193814, -0.007432562, 0.0034827916, 0.0016308213, -0.110069096, -0.008705675, -0.01895706, -0.007819176, -0.013960782, 0.0056692883, -0.022606242, 0.014046538, 0.025119876, -0.0032197456, -0.033900034, 0.01043877, -0.026637055, 0.03492707, 0.01568001, -0.00072453736, -0.012396431, 0.011243103, 0.03536057, 0.001585784, 0.016729316, 0.00045940134, 0.012856001, -0.012129918, 0.0053803786, -0.0040646633, -0.006215476, -0.0032792287, -0.006268482, 0.018851126, -0.01051064, 0.009371204, -0.009458223, 0.0076878364, -0.029969161, 0.00094811403, -0.010992422, -0.0060881893, -0.026656311, -0.003088749, 0.011539768, -0.01422102, 0.016369473, -0.007705873, -0.0054398444, -0.0118090585, 0.0014597698, 0.012030335, -0.0070741163, -0.003934499, -0.0041945013, -0.02020539, -0.0063779005, -0.0019332627, -0.017468978, 0.015346826, 0.02283143, 0.007355664, 0.01031643, 0.005304221, -0.011766057, 0.009675409, 0.015924636, -0.0045861336, -0.01266644, -0.002400764, -0.011248526, 0.010928564, 0.044954684, 0.033410016, -0.009194075, 0.002223115, 0.0018462712, 0.009123462, 0.0045869476, -0.0051575345, 0.0044392627, 0.01739146, 0.0016998443, 0.019092722, -0.03396953, 0.006733594, -0.008530932, -0.004167118, 0.006552948, -0.017280133, 0.009020119, -0.015576438, 0.0064054267, 0.00010438071, 0.0066365637, 0.0044741835, 0.009819702, 0.016254626, -0.012388595, -0.006608323, -0.0035492214, -0.013707538, -0.00735819, -0.0019676934, 0.021591896, -0.0009832764, 0.00033405898, 0.021094568, 0.017564587, -0.0038738896, -0.018031625, 0.0021435455, -0.008235636, -0.01852634, -0.013414722, 0.0114180185, -0.010389604, 0.013887183, 0.0043777437, 0.008981331, -0.012410319, -0.0053788484, 0.0014277077, -0.009127136, 0.008872105, 0.012830718, 0.007278733, -0.018781966, 0.008707379, 0.0023192626, -0.0004997806, -0.013100505, 0.012390336, -0.007188408, -0.004659692, -0.0029763633, 0.0043708743, 0.009812188, -0.017830633, -0.004743558, 0.016603768, 0.007359169, 0.010919913, -0.005229017, -0.023075081, 0.020765705, 0.008896746, 0.0020204594, 0.011964622, -0.01047897, 0.0013042465, 0.0017727647, -0.0023983722, -0.002524997, 0.005333251, -0.0078542605, 0.008532147, -0.018934637, 0.0023406204, 0.017636022, 0.018485025, 0.02234826, -0.015402566, -0.004732617, -0.023310263, 0.00044289726, 0.0073614186, -0.006664451, 0.0019647044, 0.013927234, -0.003645116, -0.015162915, -0.022150723, -0.04130934, -0.005717418, -0.020049056, 0.010692129, -0.0030649488, 0.0019858489, 0.016840119, -0.010042488, 0.011650639, -0.012611948, -0.051477402, 0.010624197, -0.0013499372, 9.3814386e-05, 0.0017615884, 0.012621504, 0.0067534633, -0.0051970566, -0.014506788, -0.011972321, -0.007024939, -0.039275743, -0.02606961, -0.016632348, 0.022642631, 0.0004753476, 0.00018302904, -0.019769406, 0.0015283201, -0.012840513, 0.017896771, 0.0002585003, -0.011294644, -0.006394597, 0.00509157, 0.0021263063, 0.0040774085, 0.023044012, -0.020395707, -0.000624019, 0.010157573, 0.003962368, -0.02242273, -0.013416024, 0.029760275, 0.026312144, -0.00026917577, -0.023514858, 0.009423984, -0.06278927, -0.008393111, -0.004792583, -0.06857259, 0.00542563, 0.018911663, -0.0025016214, 0.010857717, 0.009009607, 0.0066074836, -0.0075773923, 0.018025568, -0.015690817, -0.018654969, -0.0021809482, -0.0056596277, 0.0009827291, -0.00071989663, -0.008188941, 0.005926669, -0.0015934451, 0.0019252033, -0.04154504, -0.008410278, -0.013487296, 0.028179301, 0.03178316, -0.008690854, 0.007272898, 4.5566452e-05, 0.016338738, -0.0016779249, -0.008311815, 0.020157078, 0.0026938831, 0.021365128, -0.033423103, 0.017489314, -0.00127795, -0.009195852, 0.0029704946, -0.004837207, -0.017242251, 0.013440799, 0.026998261, 0.0177708, -0.013692761, -0.017194534, -0.098459795, 0.0069621145, -0.012518547, 0.0060366485, -0.0125546325, 0.0056029256, 0.0011359683, 0.059656113, -0.0055025485, -0.009703137, 0.0024121373, 0.015964912, 0.012190301, -0.0006645166, -0.00049181184, 0.008858237, -0.03436803, 0.014952708, 0.01112634, -0.012585683, 0.023835493, 0.0003765805, -0.016993584, 0.0088837305, 0.009102576, -0.03480585, -0.005777744, 0.030341981, 0.0017328141, 0.007389289, -0.009972758, -0.015439716, 0.0048653972, 0.0042642527, 0.004777387, -0.006869326, -0.037072305, 0.0070285196, -0.0014542912, 0.004452345, 0.043949597, 0.0026080883, -0.00015048595, 0.011215044, 0.021586142, 0.010283393, -0.0024625731, 0.008062685, -0.003923711, -0.016063875, -0.00620911, -0.022341633, 0.0004513465, -0.0020760105, -0.011708952, -0.016537186, -0.014963043, -0.028517114, -0.005183306, -0.003616544, 0.004330403, 0.010697993, 0.009316225, 0.0059725023, -0.018188484, 0.017122049, -0.0029670147, -0.0009641961, -0.03856277, 0.0142488, -0.024589894, 0.013259773, 0.027948458, 0.005614589, 0.0066766087, 0.0024969259, 0.006009069, 0.011806095, -0.03940764, -0.014673931, 0.007241384, 0.010566871, -0.0022792874, 0.0014897072, -0.002464953, 0.012495556, -0.032523047, -0.0004255807, 0.0011463193, -0.013629576, 0.011121872, 0.009255656, 0.007177433, 0.017157678, 0.012160487, 0.011668164, 0.0047056135, -0.015796585, -0.015332134, -0.0072323293, -0.01776976, 0.012979264, -0.020364018, 0.0017969523, -0.016489333, 0.0030198758, -0.012183802, -0.0090950895, -0.0119962385, 0.011697723, 0.00606009, -0.00941523, -0.013462524, -0.0024548566, -0.021545416, 0.00847885, 0.0027371412, 0.009993537, 0.020808995, -0.0009146798, 0.0058961846, 0.0008944601, -0.008449835, -0.012880298, -0.024533706, 0.0031493122, 0.0010094151, -0.013436133, 0.010400764, -0.0081434185, -0.010033975, -0.0027062811, -0.013528876, 0.020913746, 0.016274111, -0.010566481, -0.019390762, -0.005343189, -0.0027855146, -0.010982934, -0.0056823515, 0.0032733919, -0.0024215584, 0.016080128, -0.004395377, -0.022246037, 0.022849487, 0.0035670034, -0.022781102, 0.00086923933, 0.022488, -0.005222055, 0.02643943, 0.022136105, -0.02750152, -0.0074549834, 0.0008600434, -0.0029737584, 0.03571996, 0.0022700524, -5.4736844e-05, -0.019782152, 0.011707834, -0.007580067, -0.009197326, 0.029144151, 0.000525309, -0.0021858853, 0.009931785, -0.027537955, 0.030386467, 0.009225644, -0.0025258737, -0.0001121425, 0.007987781, -0.020798435, 0.022548687, 0.0063788267, -0.0053443145, -0.003979734, 0.031862643, -0.014932947, -0.020331688, 0.013862197, 0.01102174, -0.028265245, -0.001910707, -0.018754607, 0.0006318806, 0.030913355, 0.00047875074, -0.022421325, 0.00012244668, -0.019784646, 0.024358898, -0.009403855, 0.0016630371, -0.007008587, -0.021967383, 0.011399644, -0.008519038, -0.024028577, 0.011915166, -0.004871879, -0.010476706, 0.009474441, -0.0038086374, -0.0047601117, -0.00057273643, 0.0011471345, -0.010297563, -0.006432034, 0.0021776978, 0.003357383, 0.00096805225, -0.012403999, 0.03751422, 0.011192337, 0.010663782, 0.0052829394, 0.008739313, 0.013465643, 0.014554259, -0.023771245, -0.013647309, -0.01679849, 0.007988818, -0.01081925, 0.01775872, 0.010544277, -0.0011312636, -0.00967029, 0.0025133588, -0.0053875046, -0.006643886, -0.019814027, -0.02456682, 0.013700376, 0.0021266232, 0.0019935665, 0.008609753, 0.01622404, -0.017725233, 0.013548619, -0.024399301, -0.023795553, -0.015503004, -0.006068701, 0.006741623, -0.03260217, 0.020560157, 0.012060244, -0.0045849932, -0.0032292886, -0.011378574, -0.011002004, 0.016011437, -0.018505307, 0.0038129797, 0.006387512, -0.003987989, -0.006941857, 0.0055104624, 0.025760187, -0.008243577, -0.028397964, 0.019346695, -0.0039921366, 0.020762963, -0.008871687, 0.0014301897, -0.00036250416, 0.0165832, 0.004021258, 0.016586369, 0.011755305, -0.00788768, -0.020133074, -0.0048701004, 0.02214681, -0.0053011477, 0.0110917995, -0.00055370375, 0.01532618, 0.009858258, 0.02382695, 0.013804145, -0.012557715, -0.0048476346, -0.0026677395, 0.031233516, -0.008802083, 0.0010867477, 0.0017827892, -0.008120177, 0.015289066, -0.011135282, 0.013281906, -0.008486691, -0.027667811, 0.00011377284, -0.026311124, -0.0069458135, -0.004810595, 0.0197926, 0.005330832, 0.021122057, -0.015045843, -0.013762414, 0.018669765, -0.017332295, -0.018337017, 0.0035554753, -0.0034147326, -0.03627358, 0.0003035131, -0.010165603, 0.0062277685, 0.018265147, -0.008959273, 0.003858087, -0.0005623569, 0.011089428, 0.023838865, -0.0033390536, 0.011057504, 0.0106856655, 0.014863945, 0.01836575, 0.0036635757, 0.015745532, 0.017003534, 0.019888885, 0.0043125707, 0.01679161, 0.0020220769, -0.006496237, 7.777032e-05, -0.01484577, -0.001554005, -0.012084703, 0.013481504, 0.0011658067, -0.0013736369, 0.004406339, -0.024006527, 0.019335866, 0.0017667841, 0.020215817, 0.017492423, -0.002236926, 0.018161228, 0.008264672, 0.021239014, 0.031180829, 0.0043924083, -0.00093225, -0.006559312, -0.011065299, -0.0035959608, 0.004603428, -0.0062864893, -0.02886072, -0.0028242914, -0.021199545, -0.011991915, -0.01812933, -0.010246665, 0.005236976, 0.03074809, -0.012104814, -0.0043560443, -0.0068758307, 0.013801727, -0.0063314596, 0.0055301576, 0.0021797358, 0.02651802, 0.0009755551, 0.006992612, 0.008151642, 0.017580459, -0.005231993, 0.025905872, 0.010272315, 0.0050337166, 0.021383258, 0.0060043973, -0.0070778076, -0.015374668, -0.004031284, 0.0020024069, -0.0015796508, 0.0073085134, -0.0044319187, 0.020210316, 0.0032707334, 0.00586267, -0.009219945, -0.0044737263, 0.007939111, -0.0023606133, -0.014525524, -0.005557194, -0.016441116, -0.0011761179, 0.023062836, 0.008455228, 0.0062558227, -0.004763071, -0.014754296, 0.009593293, -0.006644568, 0.0027857465, -0.040631283, -0.005418551, -0.016192941, 0.018425891, -0.008201936, 0.014331974, 0.0015452368, -0.014123964, 0.003470011, -0.0048671765, -0.01769239, 0.0036440517, 0.013106511, 0.0025104235, -0.0029543883, 0.003509395, -0.0035361124, 0.0017519722, -0.011843163, -0.0048321867, -0.016647343, 0.021993026, -0.014380899, 0.012322729, 0.0023810146, -0.002233751, -0.026293173, 0.020037578, -0.0067824675, -0.01586812, -0.0007781858, -0.013719226, 0.0036222602, 0.007780478, 0.012736543, 0.012875389, 0.030602941, -0.016766759, -0.00251465, 0.009319779, -0.020712381, -0.0008177361, -0.010333378, -0.00017958273, -0.0021256353, 0.012233596, -0.0059333295, 0.0023773492, 0.013613301, 0.009566858, -0.046986327, -0.029183542, -0.016954143, 0.008719207, 0.0015957046, -0.017515784, -0.03164144, -0.005156218, -0.05170624, -0.010586017, -0.0073244297, -0.018900136, 0.00067096105, -0.013080242, 0.0038639305, -0.024850361, -0.0025121681, 0.0068694963, 0.014819238, 0.00046150933, 0.020176494, 0.009633537, 0.0033986056, -0.024917834, 0.0055363295, -0.016176786, -0.008775229, -0.0030914003, 0.0049855355, -0.02414373, 0.010414337, -0.0013127746, 0.013652096, 0.007289177, -0.012990559, 0.012146531, -0.013844337, 0.0039985254, -0.008714047, -0.008424977, 0.023967415, 0.027092675, 0.014295287, 0.02072709, 2.9024672e-05, -0.029329589, 0.008737938, -0.0066007692, 0.0068562236, -0.018534139, 0.011023964, -0.009874311, -0.0066515068, 0.0007737894, -0.024182789, 0.007647693, -0.027256344, -0.0036470238, -0.017451044, 0.0018001786, 0.0067493077, -0.020268893, 0.011307186, 0.0098236725, 0.018647479, 0.00013186956, 0.004366452, -0.013370878, -0.013710129, -0.0060095647, -0.011531499, -0.009070572, -0.018084086, 0.00032895635, 0.0036293396, 0.008132613, -0.0071226647, 0.0150769595, 0.014823573, 0.004383227, 0.047026638, 0.016448136, 0.015916945, -0.0009529139, -0.020176128, 0.004450559, -0.01214855, -0.00038158678, -0.014506564, -0.008773227, 0.007840264, 0.0064050644, -0.022648076, -0.0047246125, 0.0126643125, -0.0047080996, -0.010565812, -0.016608205, -0.01268723, 0.01486201, -0.01336711, 0.009972238, -0.0010544677, -0.01133845, 0.01044161, 0.01864785, 0.0030622622, 0.011043097, 0.0045380252, -0.011684045, -0.00735055, 0.0076131243, 0.0048114615, 0.0022849825, -0.00047544364, 0.0063208523, 0.011771965, -0.012420834, 0.016734358, 0.041215375, 0.009315761, -0.00408558, -0.027027892, -0.020451369, 0.0009749563, -0.020855607, -0.0012142445, 0.0055063097, -0.0026060967, -0.0062938766, -0.0121709565, 0.014160524, -0.001367149, -0.0097161075, -0.014196114, -0.006786895, -0.006533068, -0.017674746, -0.0077199526, -0.00020538348, -0.0077078906, -0.020470144, 0.040934846, 0.0011600188, 0.0058728615, -0.013415699, 0.022998575, 0.027394963, -0.014035603, -0.002558351, 0.0039723525, -0.0026996827, -0.028892936, 0.026987564, 0.016148545, -0.020093353, 0.00053966837, 0.010303898, -0.0051759467, 0.010544101, 0.008244543, -0.008346169, 0.0073778597, -0.02028785, -0.023625683, -0.0022578833, 0.011598636, -0.0023453298, -0.019635385, -0.009032106, 0.003379063, 0.0017804286, -0.001101069, -0.014542296, -0.005558956, -0.014846673, -0.010831738, 0.012127062, 0.009697915, 0.0050652414, -0.0005181063, -0.013799931, -0.00037928935, 0.033020418, 0.014851716, 0.014062846, 0.011329335, 0.002270689, -0.023015866, 0.007764773, 0.021820368, -0.0060823737, -0.025105871, -0.030089492, 0.0124617675, 0.018323654, 0.009103494, -0.027753944, -0.010405295, -0.010708782, 0.014494669, -0.0009157852, 0.00046101387, -0.0044386145, 0.016458144, -0.0141465785, -0.0003442622, -0.022659415, -0.0031285288, -0.0024281829, 0.010187768, -0.0071479823, -0.0073442864, 0.0033434094, 0.023475265, 0.022805983, -0.0039032942, 0.0009851891, -0.0004631614, -0.020808926, -0.0012531354, -0.019692957, 0.15522876, 0.13691539, -0.0142419925, 0.017709492, 0.008200327, -0.016086489, 0.016363729, 0.01889337, 0.013059636, 0.0057343114, -0.017281562, 0.003728513, -0.0017546769, 0.0046464903, 0.01214058, -0.017425751, -0.0083833095, 0.009209136, 0.0048497883, 0.00919259, -0.012973153, 0.016211756, -0.013895307, -0.010090828, -0.029730182, 0.032209773, 0.0003130674, -0.01639685, 0.0037534859, -0.0056117233, 0.0016551849, 0.0066537852, -0.010369228, 0.0028611245, 0.008117316, 0.006797761, -0.022769565, 0.021043554, -0.008684666, -0.020693442, -0.022538245, 0.001501672, 0.009235292, 0.0037081125, 0.004945997, -0.00050559535, 0.011056272, -0.001897909, -0.009283978, 0.017661573, 0.004726581, 0.0060671302, -4.349894e-05, 0.019278549, -0.009018397, 0.0019865325, -0.006169358, 0.017614163, -0.0055394378, -0.006585301, 0.017354157, -0.0008300411, -0.0018678721, 0.014266313, -0.011201206, 0.016799659, 0.001509791, -0.005707259, -0.022244051, -0.017917499, 0.00014804305, 0.009592851, 0.006377082, 0.0078235455, -0.0101810815, 0.00018076132, 0.0048948233, 0.009908884, -0.012468303, 0.016996838, 0.008449707, -0.017707394, 0.015053408, 0.0051197903, 0.009409653, -0.0074457657, 0.0022208693, 0.021267693, 0.13375297, 0.00815383, -0.0007936545, -0.027456634, 0.013788629, -0.006712444, -0.015338722, 0.06221963, 0.022559872, 0.013155071, 0.00345252, -0.0049244855, 0.04217788, 0.0053774533, 0.0265791, 0.008687628, 0.013234958, 0.039913915, 0.028432602, 0.015335943, -0.026825383, 0.01655002, -0.0021015224, -0.0015796121, 0.019218415, 0.003552714, 0.009431993, -0.017505735, -0.024066932, 0.0049429834, -0.09961316, -0.012465274, -0.007995747, 0.004523165, -0.018792694, -0.00031470755, 0.0029046084, 0.015193057, -0.020921107, 0.0031917014, 0.0075944057, -0.00037932536, -0.0074244235, 0.015377162, -0.005512986, -0.00170904, -0.004137517, -0.0006512616, 0.009581351, 0.0033990461, 0.005084108, 0.005764953, -0.0071887393, 0.007098477, 0.0054680575, 0.01568354, -0.028493358, -0.0133897625, -0.010585248, -0.0051248246, -0.02443313, -0.004863419, -0.022487415, 0.00455038, 0.011502068, 0.015807277, -0.004354985, -0.0016056404, -0.008668021, -0.0014280998, 0.008370626, -0.04502893, -0.008752234, 0.010878792, 0.0033444283, 0.026709888, -0.004346031, -0.020109989, -0.008313436, -0.008746713, 0.011124668, -0.01394107, -0.008097646, 0.0019681787, -0.0059724096, 0.0031972206, -0.0038912492, -0.01838777, 0.008610276, 0.00784967, 0.008794864, 0.023959838, -0.008477135, 0.0073101986, -0.006491232, -0.0114208, 0.019162964, -0.003326688, 0.0017473781, 0.010902199, -0.016891127, -0.008941585, 0.021949153, -0.030912124, -0.0017566227, 0.023923317, 0.0014459479, -0.018537493, 0.009446819, 0.0047507244, 0.013858355, 0.027316894, 0.009466559, 0.110543564, 0.0023695426, 0.010060136, 0.013186071, 0.018139457, -0.0074755657, -0.006578112, -0.016092632, -0.023174781, 0.018269217, -0.016142981, 0.018187322, -0.01438162, -0.00443854, -0.01035634, -0.021173323, 0.0071116756, 0.026927283, -0.008993609, -0.009518679, -0.0038552666, -0.012825432, 0.018138697, -0.010361, -0.020374782, 0.0032026805, -0.021332586, -0.020013042, 0.01249718, 0.0121318465, 0.012534424, -0.021555273, -0.011124621, -0.006075517, -0.016542092, -0.019739756, -0.016183231, 0.0027443187, 0.018139083, -0.020217521, -0.00085290696, 0.0073377118, 0.025182307, 0.0044934223, -0.031311728, 0.19191693, -0.008560631, 0.00779737, 0.00044794485, 0.025684996, -0.010542317, 0.011534346, -0.010012024, 0.006711569, 0.007723981, -0.0047946214, 0.016606094, -0.03637656, 0.0035335615, -0.012400881, -0.009501808, -0.005576075, 0.018011948, -0.0152043495, 0.0038469974, -0.006541992, -0.013768183, 0.0063977875, -0.0009008781, 0.010473664, 0.009486539, 0.022150578, 0.00922712, -0.032334246, 0.01286796, -0.008881652, -0.017246688, 0.0035836513, -0.013989434, 0.007379328, 0.012933481, -0.0003422271, -0.002525554, -0.005661825, -0.008350698, -0.0046674246, 0.0069846907, -0.005810257, -0.010831417, 0.008914668, -0.017404594, 0.005698336, -0.0031743613, 0.0012966199, -0.003256489, 0.008102252, 0.0024575307, -0.0039593885, -0.01185653, -0.007059278, 0.011745876, 0.0060547097, 0.017863927, 0.018378006, 0.0036723881, 0.012544827, -0.01907178, 0.0050772256, -0.011838686, 0.0035928607, -0.021505455, -0.0032402365]"
Septiembre solo tiene un dia feriado oficial: conoce cuales son los proximos descansos obligatorios en Mexico,https://oem.com.mx/elsoldetlaxcala/img/25517900/1756728062/BASE_LANDSCAPE/1200/image.webp,LOCAL,no descripcion,https://oem.com.mx/elsoldetlaxcala/local/septiembre-solo-tiene-un-dia-feriado-oficial-conoce-cuales-son-los-proximos-descansos-obligatorios-en-mexico-25517925,"[-0.0021184555, -0.0002815162, -0.0037274573, -0.052265238, 0.006811541, 0.019953432, 0.00014445145, 0.004196452, -0.0181772, -0.019882675, -0.0032127518, 0.00026124323, -0.004917016, -0.025402347, 0.118111625, 0.004644991, 0.010185395, 0.006072182, 0.003881923, -0.008822967, -0.0030133564, -0.007908983, -0.0021866271, -0.017714707, -0.01896223, 0.057267074, -0.0042403964, 0.0048983777, 0.03485883, -0.0045211995, -0.0058281706, -0.0057500275, 0.0012150916, 0.0024909799, -0.0044298302, -0.018349558, -0.009323016, 0.011103475, 0.0059104525, -0.01908834, 0.014700161, 0.0045669936, -0.007842834, 0.01886996, 0.0168459, -0.033026773, -0.002631899, -0.0053922627, -0.0024906786, 0.014889542, -0.004700158, -0.0066489982, 0.0081688, -0.18048055, 0.012408056, -0.020869942, -0.02244831, 0.016053656, 0.0058361627, -0.036425896, 0.0023440293, 0.04508888, -0.03838592, -0.01384171, -0.011597873, 0.010492103, 0.013133642, 0.027546242, -0.01151871, 0.0005152221, 0.015814912, 0.0022287068, 0.011467525, -0.01237396, 0.0014340525, -0.02104171, 0.0054447604, 0.020516118, 0.0104353065, 0.0025316803, 0.00020146214, -0.011044903, 0.03542108, -0.008329381, -0.0028528753, 0.0067125787, 0.018943973, -0.0031564315, -0.01917816, 0.011140675, -0.001154328, 0.020227011, -0.013211044, -0.018852977, -0.021163978, -0.011919016, -0.013382566, -0.020922229, -0.005964588, -0.024424406, 0.0023819762, -0.018281238, -0.0014214644, -0.006393338, -0.002898908, -0.011171995, 0.02961948, 0.010577026, 0.0019421912, 0.01508845, -0.008260163, 0.015997535, -0.015035721, 0.029657425, -0.0019726374, -0.109925054, -0.025221262, -0.021331342, -0.006936486, -0.0061309827, 0.009871908, -0.00654445, -0.0032927494, 0.013253359, -0.019369133, -0.0276112, -0.009807144, -0.0010309746, -0.0019199251, 0.0019285171, -0.037488107, 0.020358866, 0.033669855, -0.025271006, -0.005493819, 0.022129055, -0.010108849, -0.04335291, -0.028532317, -0.008570972, 0.008993126, -0.017397797, 0.018078297, -0.004916002, -0.007681278, -0.020495806, 0.01310611, -0.016679753, -0.015994633, -0.002131737, 0.007386099, -0.022987243, -0.035775837, 0.00859728, -0.010593113, 0.013529723, -0.0019041215, -0.010534642, -0.019107679, 0.009541574, 0.01592962, 0.017813511, 0.013019783, 0.0007318428, -0.012655412, 0.022370068, -0.013334367, 0.051497348, 0.007664578, 0.011792782, 0.012896923, -0.00033799902, 0.017282005, -0.001495875, -0.016610345, 0.030832767, 0.0083131, 0.0022018726, 0.026693191, 0.014691964, 0.0009268273, 0.0054911864, -7.4369585e-05, -0.0076447926, 0.025683364, -0.027136799, 0.0019746462, 0.003752654, -0.004774874, 0.0005956724, -0.008136773, -0.016248541, -0.007938275, -0.004895044, -0.002901503, -0.026575929, 0.02077197, 0.0018188092, -0.029528743, 0.012644501, 0.023099037, 0.014021327, -0.02118676, -0.017660815, -0.0065579964, 0.016036663, -0.026964573, -0.013636821, -0.0056467047, 0.010515654, -0.021746209, 0.009189148, 0.0013430266, -0.034204397, 0.049300887, -0.010593457, 0.00879885, 0.0070376745, -0.018969448, -0.01850597, -0.009375586, 0.017355012, 0.0051710936, 0.040484272, -0.033731427, -0.025583824, 0.013205897, -0.0077210073, -0.0054084873, 0.00066768564, -0.005611379, 0.013009461, -0.022691771, 0.023490978, -0.0008231985, 0.0039171344, -0.0013232968, 0.014989081, -0.0006507651, 0.019560287, -0.017252127, 0.0077450257, 0.0040198257, -0.010341586, -0.005678352, -0.01121771, 0.018628046, -0.013747714, 0.00255319, -0.01764644, 0.012129761, 0.03226595, -0.000644305, 0.027984122, -0.010384143, -0.020816632, -0.017754478, 0.024989657, -0.015894216, 0.011803067, -0.006423803, 0.0076661804, -0.009765504, -0.010379159, -0.005035716, -0.0051221033, 0.028896524, 0.01917753, -0.02498743, -0.0033324587, 0.004373154, 0.005573773, -0.0022017104, -0.03657921, 0.018692927, 0.028120618, -0.06302505, 0.0138306385, -0.0013523041, -0.006397067, -0.031677812, -0.007710686, -0.02085012, 0.007737984, 0.013765951, -0.0064399266, 0.004221452, -0.012862389, 0.0031921065, -0.021735137, 0.0036050975, -0.0037869643, 0.0049866037, -0.021829054, 0.028360734, -0.0020388411, 0.019981813, -0.0060884235, -0.0001904452, 0.027214607, 0.0105417445, -0.0014973222, -0.0008532758, 0.03201219, 0.022403253, -0.007090392, -0.0008245294, -0.019756632, 0.00815199, 0.030152207, 0.011036398, 0.02650004, -0.006308757, -0.018422263, -0.03626769, 0.011091097, 0.009077425, -0.0035936066, -0.02149387, 0.031252474, -0.02283864, 0.0065670204, -0.0024859158, -0.006266657, -0.007859517, 0.005152079, -0.0053133923, -0.0062264395, 0.006088209, 0.002120084, -0.017812373, -0.017149756, 0.0068683196, 0.019208685, -0.0031622583, -2.721884e-05, -0.030820433, 0.008869608, 0.009541201, 0.014424047, 0.0032029722, -0.006167307, -0.005393562, 0.0045759333, -0.013073467, 0.032339066, -0.00031139687, -0.036325056, 0.004075207, -0.050168518, 0.010185695, 0.0056342958, -0.013658644, 0.0101273, 0.00563608, 0.022400238, 0.0063070743, -0.0018051126, 0.016024273, -0.0050124903, 0.017993668, 0.017883163, -0.014132559, 0.021102026, -0.012708395, -0.027500438, -0.0013226292, -0.011423447, -0.036177766, -0.0075877216, -0.01886848, -0.017658236, -0.018468507, 0.00085607613, -0.012157173, -0.0120564, -0.03132724, -0.01698097, 0.005163451, 0.016286438, -0.011018659, -0.01205156, 0.023256933, 0.017429981, -0.0053255707, -0.009629099, 0.00010012007, 0.00047544224, 0.015843762, 0.014585904, 0.0026807229, 0.019340742, 0.0025170776, -0.022217078, -0.012803945, -0.014934525, -0.011700921, -0.0012107363, -0.021197516, 0.004448404, 0.008271894, -0.010616427, -0.015483228, -0.002709958, -0.0117705865, -0.00068613485, -0.02172371, -0.010352001, -0.0065743723, 0.0032282881, 0.037302308, 0.017367505, 0.012518715, -0.027369494, 0.030830652, -0.01408847, -0.0062365695, -0.018279884, 0.011097917, 0.03876515, 0.0156235555, 0.029856896, -0.011151761, 0.005384454, 0.025145484, -0.011501016, 0.0038846275, 0.012043516, 0.0136846965, 0.0041504353, -0.015718324, -0.0051940475, -0.020057112, -0.007549896, -0.010620679, -0.013331852, 0.0072599244, -0.029599467, 0.020680014, 0.01486823, 0.029916946, 0.023905186, -0.025378853, 0.0075197974, 0.023814695, -0.018332578, -0.013463128, -0.022581557, 0.017768325, 0.019060684, 0.017829437, 0.0015711961, 0.0070029595, -0.020736465, 0.0064011174, 0.0048089507, 0.010005455, -0.021505576, 0.025905909, -0.0056647253, 0.01277499, -0.0078027844, 0.018859193, -0.00539253, -0.025070166, 0.009786211, 0.0038640385, -0.027717339, -0.016777914, 0.022499355, -0.00264372, -0.014480275, -0.043348067, 0.039282586, -0.0003243515, 0.000617058, -0.0076540275, -0.007822641, -0.0037484397, -0.0053651948, 0.0102206655, -0.010613549, -0.0049862266, -0.018655062, 0.010131405, 0.01045071, -0.0044076997, 0.00904005, 0.0033775803, 0.012745033, 0.028158344, 0.002206682, -0.009560279, -0.00028006663, 0.008166195, -0.029051034, 0.02054055, -0.0153024085, -0.007023609, 0.014006291, 0.0059356177, 0.01299323, -0.01270785, 0.010610891, -0.02456428, 0.014950327, -0.009409124, 0.014704341, 0.014203839, -0.0131232, -0.007224286, 0.0062358794, -0.0128942095, -3.6263147e-05, 0.00017010201, 0.0009618993, -0.0028383008, 0.020855363, -0.012080154, -0.025050066, 0.0023205352, -0.0025221927, 0.016571794, -0.0028598967, 0.007115884, 0.0062424843, -0.013081094, -0.033782225, 0.0052873087, -0.011998007, -0.032813042, 0.06013429, -0.0016777498, -0.018372368, 0.00853023, 0.0051541077, 0.011015905, 0.02951729, 0.014249741, 0.008384946, -0.015258434, -0.027688796, -0.009318392, 0.0152921025, -0.0116230445, -0.07338014, 0.0025606633, 0.0094904015, 0.01439293, -0.02544127, 0.0073636943, 0.04457399, 0.001999774, 0.02206453, 0.012929997, -0.03901992, 0.028540198, -0.015756512, -0.0087924795, -0.024084201, -0.014818559, -0.003373469, 0.010501705, 0.0080908965, 0.0064163646, 0.020849954, 0.005853434, 0.028214134, 0.011978228, -0.01405565, -0.01722355, 0.0130890915, -0.012060881, -0.010205584, 0.016671162, -0.010233084, 0.009391005, 0.017160049, 0.01336248, 0.024162848, -0.006818334, 0.00076524407, 0.0075219395, 0.010272352, 0.03454296, -0.011959201, -0.008934063, 0.030389728, -0.01820346, -0.03657221, -0.004904191, -0.017781992, -0.013247223, 0.006822707, 0.008096867, 0.014769892, -0.0019158944, 0.008554149, -0.031973805, -0.0021014973, -0.01632024, -0.00999255, 0.0074003288, 0.0017444424, -0.002095498, -0.028594755, 0.013042745, 0.018336447, -0.00923585, -0.011001607, 0.0019765908, -0.026872342, -0.0094046835, 0.004591896, -0.00646434, -0.009132847, -0.027750364, -0.00077645044, 0.024930662, 0.008995989, 0.027577363, 0.002857261, -0.00034271728, 0.008029207, -0.027478939, -0.011738451, 0.03745333, -0.11653063, -0.0062533705, 0.006658371, -0.039604537, -0.033160497, 0.017526852, 0.011832362, -0.0020536636, 0.0028630118, 0.013167628, -0.027172, -0.013170464, -0.0049667372, -0.02139617, -0.008629809, 0.0053958497, 0.0043274076, -0.022585206, 0.010506831, -0.039359055, 0.016473353, 0.025157286, 0.018322337, 0.008039318, 0.00029789962, -0.012614733, -0.018195339, 0.015055901, 0.0374223, -0.041626897, -0.016999913, -0.14293657, 0.019435104, 0.002811429, -0.0014169695, -0.023006817, 0.01585466, 0.036521215, 0.017354125, 0.0027804072, 0.0023552713, -0.0150490375, -0.037379757, -0.025915265, 0.012994306, 0.024071097, 0.083770074, 0.0037073235, -0.007933796, 0.02147584, 0.0045342366, -0.0007192627, -0.020716634, -0.017822303, 4.2238484e-05, 0.008584731, -0.00744125, -0.013509867, -0.0062097386, -0.015105677, 0.0015459874, 0.0014204776, 0.0168993, 0.023519352, 0.029255781, -0.007670846, -0.022935329, 0.012637714, -0.0030891995, 0.023588127, 0.019412784, 0.03636948, 0.05838882, -0.024822732, 0.015472806, 0.01192227, -0.043611787, -0.004449367, -0.006670649, 0.0054675234, 0.021145042, -0.026599526, -0.06274569, 0.020688605, -0.00079462293, -0.0075185685, 0.016945764, -0.0053934567, 0.004000701, 0.005274375, -0.013952393, 0.042545617, 0.018672358, 0.010919202, -0.010128885, 0.011614636, -0.010923567, -0.016634006, -0.008208599, -0.0040348624, 0.014690777, -0.018244596, 0.03979313, -0.015719188, -0.01853522, 0.0029899508, 0.009049223, -0.03568573, 0.014025034, 0.0096935, 0.017243544, 0.023113817, 0.020461462, 0.0024432607, -0.0036573925, 0.0003894646, -0.036322705, 0.011083768, -0.01052365, -0.033956785, -0.00922013, 0.0090946695, 0.0053361217, 0.008689125, -0.01061855, 0.01741922, -0.013113318, 0.010279858, 0.0071686297, -0.037207678, -0.021550994, 0.024556044, -9.049234e-06, 0.03424815, 0.0010778456, -0.0067005837, -0.00028889396, 0.022248374, -0.013424976, -0.00042550694, -0.009751661, 0.00090447994, 0.010951156, 0.0042095794, 0.004328151, -0.010126289, 0.026729874, -0.0049894075, -0.007701513, -0.021058941, -0.021948224, 0.01833008, 0.008959447, -0.0022335213, 0.0018650185, 0.0055411696, -0.009594498, -0.0045528905, -0.00023594004, -0.007240831, -0.03833175, 0.018220976, -0.004572745, -0.0053724325, 0.005262905, 0.0039902064, 0.0030266114, -0.0004878832, 0.010682925, 0.0014785327, 0.0014682376, 0.024569528, -0.0029822236, -0.007648422, -0.0037436935, 0.005236467, 0.0039140056, 0.004118884, 0.013114677, -0.016436486, 0.0002128828, -0.009741742, -0.031423535, 0.0013081689, 0.0038189217, 0.0035842862, 0.0214431, 0.000979324, 0.002062212, 0.006965849, 0.0057318397, 0.011153456, -0.011841905, 0.006031134, 0.020458307, 0.0096559785, 0.00848399, -0.009431148, -0.012959033, -0.0041296603, 0.017673796, 0.010094946, -0.0007388424, -0.0051670144, 0.0017815118, -0.0009864353, -0.00419376, 0.008867022, -0.014964141, -0.0042840578, 0.011933531, -0.0004328795, 0.010196124, -0.003609267, -0.0038271197, -0.00045446897, 0.009831453, 0.004750737, -0.01349125, -0.00067318167, -0.013736876, -0.016799001, -0.028436413, 0.014486842, 0.002478657, 0.008069767, 0.0018740136, -0.023050867, 0.015349381, -0.012001469, 0.0054900013, -0.0013297214, -0.015673598, 0.004612639, -0.0060653673, -0.010170429, -0.0042556743, 0.017640486, 0.00093332864, 0.012862198, 0.009006882, -0.0020744952, -0.014741258, 0.015696533, -0.014400013, -0.020356279, -0.010778838, 0.011381534, -0.0043498804, 0.0067262873, -0.012554422, 0.006743348, -0.030186303, 0.007188784, -0.01263446, 0.0054043666, -0.0014260964, 0.012736584, -0.00780761, 0.008721908, 0.011975969, 0.010750143, 0.01941533, -0.0022812828, -0.012433754, -0.003117514, -0.0029755079, -0.0040149065, 0.0026591076, 0.022330977, 0.009920878, -0.0052737435, -0.0009535901, -0.017283285, -0.0078551555, -0.005006173, -0.0035092575, -0.0014963532, 0.007817467, -0.0012064859, 0.002561226, 0.0003452975, -0.0013841557, 0.014888641, 0.009781276, -0.007902295, -0.013510006, -0.0066246493, 0.015177146, 0.0009773971, -0.0059096753, -0.016475458, -0.018737411, 0.012050936, 0.0046515646, -0.0042069945, 0.009328367, -0.016051438, -0.01947018, -0.005704797, 0.012164113, -0.01180049, 0.00696968, 0.018507535, -0.012304982, 0.00850619, 0.001955121, -0.0019886016, -0.0050507975, 0.0037121782, -0.022130368, 0.002701665, -0.0026725812, -0.027655331, 0.012883011, 0.0060936944, 0.01995899, 0.0067501464, 0.008427605, 0.004520807, -0.028081397, -0.024409141, 0.011789827, 0.0011960566, -0.007670794, 0.009944543, 0.014335926, 0.014033077, -0.008226628, -0.01271444, 0.0060151485, 0.0071152886, 0.0093366215, 0.0068207756, -0.0095680505, 0.012058733, -0.018305724, -0.010478636, 0.0025173142, 0.025119882, 0.007977668, 0.08651914, -0.0022789775, -0.0021522702, 0.0053762216, 0.00012934636, -0.0048826495, 0.0053280466, 0.004399695, -0.0049625263, 0.012311181, 0.00050228985, 0.027541827, -0.010360413, -0.008576983, -0.0049367403, 0.0043364665, -0.024355078, 0.023769366, 0.008013016, 0.007306717, -0.0056803585, -0.0077966917, -0.015678648, 0.0072507006, 0.0034394138, 0.003966734, 0.013413184, 0.0018454347, 0.009739408, -0.007367842, -0.00973891, 0.0013412262, 0.002401306, 0.008963879, -0.009428146, -0.0095859775, -0.016200902, 0.018862894, 0.002748671, 0.02463519, -0.00035606578, -0.017108139, 0.0101911565, 0.0050661564, 0.0086333435, 0.004741116, 0.0013205621, -0.00749888, -0.0066412264, 0.002471055, -0.008026116, -0.008957884, -0.007996898, -0.014084944, -0.0122969495, -0.005187844, -0.00493741, -0.011214415, 0.017962426, -0.0136488555, 0.01957627, 0.005579717, -0.011802888, 0.006232675, -0.0030718104, -0.011963317, 0.010429354, -0.015010095, 0.0032785768, -0.02115877, -0.00484155, -0.010552085, 0.002571949, -0.005987297, 0.010599109, -0.0037855515, 0.017021812, -0.0058487374, -0.023514496, -0.020994714, 0.0061153118, -0.011961137, -0.00692493, 0.004093321, -0.0176255, -0.018220367, -0.009254448, 0.0061309095, 0.021475086, 0.0019250364, 0.009045307, -0.0214428, 0.007108247, 0.0052204076, -0.016652532, 0.0054974873, 0.053973097, 0.00767211, 0.0075572752, -0.002429248, 0.009394319, -0.0015087986, 0.013247277, -0.00081554544, 0.01475288, -0.016628925, 0.008457382, 0.0020612988, 0.002133679, 0.002611376, 0.00037233866, 0.011658987, 0.0033133281, 0.015116991, -0.01192366, -0.0014084426, -0.016096195, 0.009213167, -0.012867553, -0.009039823, -0.025689846, -0.011513159, -0.021413678, -0.009901571, -0.018465556, 0.019647235, 0.005658736, -0.008536005, 0.005508827, 0.021842346, -0.0018376751, -0.009151518, -0.025339259, -0.009503329, -0.00015028674, 0.00722991, 0.019246016, 0.0032509994, 0.015645724, -0.0034154977, 0.012755761, 0.0025503193, -0.0040582977, 0.018885063, -0.002744657, 0.005053683, 0.009008498, -0.006279312, 0.005641212, -0.010051472, 0.0013156249, 0.0030762055, -0.0019104852, 0.013753182, -0.011233041, 0.017926816, 0.019777749, 0.02041323, 0.003596583, 0.004819354, -0.016080115, 0.0016488051, 0.010631396, -0.0027463546, -0.0051673152, 0.007926539, 0.020367373, 0.019309089, -0.020038143, 0.008396598, 0.0016688597, -0.0004403586, 0.018810188, -0.010952767, -0.006295315, 0.0145572005, 9.06688e-05, -0.021378603, 0.0021047203, 0.0058459565, -0.014946868, -0.01595856, -0.029713815, -0.039766993, 0.007914787, -0.00942889, -0.00512442, -0.010898837, 0.022984462, -0.017415842, 0.009350929, 0.005371426, -0.0036399935, -0.000106218904, 0.023896579, 0.00012932079, 0.0044313446, 0.021410882, -0.007728539, 0.009242373, 0.0065005342, -0.0048952284, 0.0032798566, -0.013552313, -0.005771878, -0.0011447542, -0.013603231, -0.0064289155, 0.013355234, 0.015715865, -0.00048522212, -0.013628183, 0.015369467, 0.0020201525, -0.01825579, 0.0026075887, 0.009080596, 0.0024855123, 0.018415159, -0.0017315141, 0.009846657, -0.011341368, -0.029861612, -0.0050563277, -0.010233529, -0.0065073282, 0.0014747492, 0.011344749, -0.011522918, -0.011195565, 0.0020106311, 0.006845681, -0.011434454, -0.0100604445, -0.0037641649, 0.0062257964, -0.0051215785, 0.0059173796, -0.0024046875, -0.019647222, 0.009003708, 0.0051080985, -0.011146841, -0.011730254, -0.022544548, -0.002351341, -0.02149096, -0.018195681, -0.0015208725, -0.017494308, 0.0023478381, 0.0033790008, -0.0055903527, 0.006320164, 0.02392169, 0.0034480214, -0.014947696, -0.030033654, -0.0020918914, 0.01598695, 0.005560527, -0.00081259286, -0.0050399275, 0.018779652, 0.012451108, -0.0017304537, -0.0070710895, 0.008660096, 0.007260884, -0.014487057, 0.016292416, 0.004264325, -0.014283661, -0.0002631823, 0.009972228, -0.00903707, 0.012629403, -0.0025859606, -0.0027406781, -0.0015221045, 0.012794566, 0.0051501337, 0.002762725, -0.0006581444, -0.008220597, 0.010889409, -0.006056694, 0.009383834, -0.007980207, -0.008405056, 0.014809562, -0.0103377355, -0.0051302626, 0.018417202, -0.013727854, 0.0015099972, -0.0043412796, -0.0048132986, 0.011007743, 0.0046821856, -0.0046806103, 0.0030898566, -0.0031127345, 0.0029262747, -0.006626353, 0.0021879326, -0.006904728, 0.021340271, 0.015655195, 0.0009471785, 0.017978087, -0.008066659, -0.01306819, 0.0020488927, -0.00909404, 0.0017590409, -0.019390913, 0.0076245815, 0.018896837, -0.02055901, 0.0032679904, -0.004715006, -0.010540702, 0.029784828, -0.0074115237, -0.019168546, -0.0044288593, -0.0038867113, 0.012457489, 0.020741317, -0.014679287, -0.0016199294, -0.008851746, 0.014021809, -0.0003133832, 0.0051560467, 0.036957406, 0.0022785428, -0.011717611, -0.004611661, -0.0045380276, -0.0014992297, 0.005555804, -0.01354835, -0.0051822206, -0.02023349, 0.013685451, -0.009113076, 0.0019772106, -0.015287815, 0.008136053, -0.0026567667, 0.0042554215, -0.0032052344, 0.009053466, 0.00428875, 0.003760808, -0.0071457694, 0.0032075786, -0.00025534787, 0.0065407148, -0.010905089, 0.008157666, 0.019956116, -0.010168828, 0.0038660571, -0.0037254672, -0.01603875, 0.012272435, 0.0009263272, 0.003785695, 0.0018756242, -0.011734571, -0.013019955, 0.0013544201, -0.011463162, 0.0061426796, -0.008388754, 0.011081824, -0.010328227, -0.00203228, 0.025731064, -0.0066156895, -0.0023339912, -0.0054934304, 0.007529296, -0.010708694, 0.005019822, -0.0046947817, 0.042255636, 0.00016147607, -0.0026062867, 0.010651092, 0.017862657, -0.006920587, 0.004312321, -0.007974575, 0.016137896, -0.004941712, 0.0033091614, 0.0008131681, 0.010119518, -0.0004100452, -0.004728601, -0.003711536, 0.01551863, -0.02036355, -0.005192709, 0.0027855497, 0.005952461, 0.0065024253, 0.0032460282, 0.01392689, 0.0120237935, 0.02158194, 0.009273015, 0.0025807817, -0.0103714205, 0.021441383, 0.008472636, -0.0031355266, 0.0015248313, -0.010165704, 0.0059035127, -0.015556435, 0.002311028, 0.006539797, -0.023329506, 0.015721196, 0.00712893, 0.005395676, 0.020619493, -0.007747781, 0.0008433882, 0.012720558, 0.024687015, -0.0035052917, 0.0066427123, -0.00214686, 0.0115423445, -0.010764743, -0.009703321, -0.017229382, -0.0057981, 0.0096026715, -0.017214447, 0.017337387, 0.007640689, 0.012609323, 0.017552087, -0.0117816, 0.025242774, 0.01561104, 0.006391326, 0.008879311, 0.029363174, -0.009899053, -0.01565071, 0.012373395, 0.012590216, -0.0071493196, 0.010997508, -0.086905345, -0.0018096423, 0.0015517242, -0.009423996, 0.012388969, -0.010986384, -0.0113878455, -0.0035685578, -0.0004176906, 0.010967736, -0.0022633958, -0.005922975, 0.000415291, 0.00080690946, -0.016753837, 0.0035607752, 0.0029045166, -0.0064317114, -0.00044596344, -0.016564531, -0.0071745603, -0.006097061, -0.022675185, 0.00013641918, 0.0056984522, -0.005439564, 0.019951247, -0.012352372, 0.014005094, 0.0072395536, 0.0036796625, -0.0058906227, 0.013050091, 0.0031966856, -0.008430092, 0.0008735559, -0.0094640115, 0.019494396, -0.13508253, 0.017181475, -0.0033645143, 0.0044155866, 0.0002478017, 0.002212432, 0.004741203, 0.007445848, 0.008570767, 0.01163704, 0.014085818, 0.009604107, 0.010894632, -0.01668137, -0.014351503, -0.015689055, 0.0008069757, -0.0075192545, -0.012018786, 0.011032274, -0.009349187, 0.012065119, 0.008775927, 0.007904207, 0.002549646, -0.017740069, -0.011463741, -0.010001522, 0.023024905, 0.0072467616, 0.004426249, 0.0016608658, -0.005471668, 0.02139584, 0.019568799, 0.0018511578, 0.003443257, 0.00056502165, 0.015173262, -0.014977137, -0.014445029, 0.0016899508, -5.5927896e-05, -0.0066107535, -0.004882655, 0.020248825, -0.028133046, -0.0060929954, -0.003008577, -0.00075223343, 0.009001517, 0.008148962, -0.007753586, -0.011249885, 0.020011814, -0.010780204, -0.00665829, 0.0067284815, -0.004755363, 0.014219116, 0.010276897, -0.00078122166, 0.00060649595, 0.014806318, -0.0071035735, 0.0042942385, -0.020665197, 0.014625114, -0.008150166, 0.006712853, 0.0124052055, 0.035331402, -0.029202206, 0.0041197846, -0.019236023, 0.0006745213, 0.0065836245, -0.0069271424, 0.014426631, 0.00694912, -0.020321429, -0.013211237, -0.01665102, 0.028680816, 0.004370246, -0.003187183, 0.016763376, -0.008950565, -0.00614149, -0.0552139, -0.00545967, 0.00096594804, -0.008895849, -0.020842586, 0.012819722, 0.014319897, 0.010891757, -0.013419169, -0.009302876, 0.013071462, -0.0019299922, -0.015991535, 0.0017192612, 0.004548801, 0.0025521612, -0.012576851, 0.0020763895, 0.0010805118, 0.0043188613, -0.0023937263, -0.02580364, -0.01031921, -0.0054502254, 0.0040027937, -0.00971545, 0.015268688, -0.013432458, -0.016031714, 0.00432022, -0.00842584, -0.0036668559, -0.004516338, -0.003050094, -0.004766955, 0.0042874664, 0.0033000298, -0.011150132, 0.010093964, -0.00069399923, 0.015943449, 0.01736058, 0.005873938, 0.0015120113, -0.00615468, -0.01698768, -0.017432228, -0.006846313, 0.0024158906, -0.025458707, 0.013139239, 0.0017779798, 0.009693124, -0.002035861, 0.0077463672, 0.00013569924, 0.0015781733, 0.015446919, -0.011675608, -0.003922139, 0.0025269333, -0.023311174, -0.0049977056, 0.0012191572, 0.009100511, 0.026615374, -0.0024803607, -0.0046471176, -0.0052531906, 0.0034745515, 0.020905094, 0.010411615, 0.019750593, 0.022661079, -0.011127754, -0.0106379045, -0.028858189, -0.00980546, -0.023970272, 0.0030606794, 0.006492168, 0.011725509, 0.0048194667, 0.0049122944, -0.003274695, -0.01769695, -0.004576971, 0.005239415, -0.00737805, -0.007399423, 0.0012081044, -0.006351669, 0.032436617, 0.0008018931, 0.004855163, 0.0005191981, 0.017407393, -0.002369621, -0.0162462, 0.0030786982, 0.010630553, -0.006945695, -0.012866851, 0.021612907, 0.011577986, -0.0038784337, 0.005967682, -0.012135661, 0.0015696199, -0.007176021, 0.006759303, 0.031566508, 0.011686975, 0.026060795, -0.1824362, -0.014306255, -0.0027586909, -0.0050683236, -0.0047405404, 0.006580341, -0.012671948, -0.0026418935, 0.028895339, -0.004659012, 0.033301916, 0.007473454, 0.015058196, -0.0044465037, -0.0023399026, 0.011169719, 0.003994047, -0.0058540762, -0.012914717, -0.002387944, -0.023602847, -0.019437792, -0.021363935, 0.02183962, -0.0014237883, -0.015018485, 0.010915228, 0.0080518285, 0.027801307, 0.01596377, 0.016355356, 0.006900544, 0.0044941967, -0.0074509345, 0.015824322, 0.009460921, 0.0058973827, 0.017547049, -0.008630345, -0.012373537, -0.007281091, 0.008671855, -0.0031694607, 0.015328841, -0.015835706, 0.012361931, 0.00017110781, -0.009425525, -0.0067344685, -0.009749372, 0.0126955025, 0.0053709135, -0.0011109818, -0.025965964, 0.012232455, -0.01812304, 0.0035986893, -0.0015925413, 0.009507594, 0.0053646667, -0.008513922, -0.022776801, -0.009601469, 0.0197432, 0.024452714, -0.007909576, -0.011783899, 0.14086488, -0.018883957, 0.021289067, -0.00039336676, -0.0015672761, 0.020331211, 0.012078705, 0.0032218543, -0.011993585, -0.020295162, 0.004802242, 0.023835104, 0.020711979, -0.015758049, -0.022690304, -0.004033604, -0.010493663, 0.014928306, -0.013781896, 0.01596133, -0.022948237, -0.021052446, -0.007770211, -0.0096189445, 0.01316718, -0.0014594229, 0.0040202294, 0.013972781, 0.0038599079, -0.0072691655, -0.010120035, -0.012973958, -0.0030558358, -0.007511716, 0.014179129, -0.022026854, 0.006260479, -0.02237669, -0.020513752, -0.001993659, 0.003988034, 0.0073842993, -0.0040757204, -0.025101837, 0.005471028, 0.008981885, 0.0078613, 0.019416615, 0.0071263844, 0.0062609436, -0.021379443, 0.013619757, -0.033078786, -0.004080696, 0.024128903, -0.030447625, -0.026225466, 0.0057999, 0.001898553, -0.004480967, 0.0032787707, -0.0056100036, -0.028282665, -0.008038615, -0.012769719, -0.009789515, -0.018747132, -0.02470941, 0.024827216, -0.09362283, 0.001091151, -0.018052464, -0.016267616, -0.012317433, -0.025922636, -0.009813207, -0.009424981, 0.032476526, -0.009250596, -0.0030664331, 0.011835, 0.0052917306, 0.008945746, -0.00025658534, 0.013440101, 0.028225377, 0.04259143, 0.031516925, -0.011395661, -0.010057643, 0.013455154, -0.005162634, -0.020734387, -0.0048827967, 0.007842527, 0.012988999, 0.00938692, 0.0014677766, -0.0076412736, 0.0075705126, -0.0067080366, -0.026047645, 0.00041210145, -0.014060804, 0.0005034786, -0.012918721, 0.02049069, -0.0143952705, 0.008390747, 0.01129677, -0.004432667, 0.0038108816, 0.00061807013, 0.004807915, -0.019198962, -0.0027504645, 0.0058456995, 0.010991474, 0.008179454, -0.0090759145, 0.010104231, 0.0035174843, 0.004425645, -0.0004659223, 0.0013539939, -0.00925088, 0.0022044913, 0.013069451, -0.012328937, 0.018696161, -0.0011234441, 0.021413404, 0.017241264, -0.0031272643, 0.0045208125, -0.006886047, -0.014837196, 0.021971745, -0.00920821, -0.014953517, -0.025222654, -0.0047122883, -0.008413498, 0.011877195, -0.032757778, -0.0029650521, -0.0063934596, -0.009255181, 0.014692748, -0.00650302, 0.00247488, 0.008083392, 0.00347133, 0.027702462, -0.025702167, -0.009501474, 0.004569565, 0.008877734, 0.0028645992, 0.024613673, -0.0073651257, 0.009975595, -0.014011748, -0.005372775, 0.006898689, -0.0036357648, 0.0022963232, 0.0063999477, -0.0033768928, 0.007282313, -0.023350999, -0.003153451, -0.013588185, 0.016214227, -0.014709272, -0.009091746, -0.004272482, 0.004275318, -0.004149657, 0.0075197783, 0.013184801, -0.026613219, 0.011629696, 0.020778172, 0.006183409, 0.002640034, 0.010838162, 0.0026704993, -0.0038773923, 0.013601864, -0.006200703, 0.021531213, 0.0013526721, -0.003787956, 0.004724881, 0.015642548, -0.0106656095, -0.0013065721, -0.0027832554, 0.016531784, 0.004346444, -0.010485957, 0.0051072803, 0.007173271, -0.011675402, -0.0018356809, 0.004846916, 0.013611756, 0.022346, 0.006466667, 0.018311305, -0.0030528028, 0.011896249, -0.0041778083, -0.014298074, 0.0007733194, -0.01645039, -0.0061680856, -0.0037710236, -0.018600984, 0.003733471, -0.011197718, 0.0050314656, 0.028099077, 0.017501362, -0.014210087, 0.0002880437, 0.015842035, -0.005301092, -0.02344672, 0.012369713, -0.008549168, -0.008263483, 0.016096927, -0.010600099, -0.0017402768, 0.00035979148, -0.02377986, -0.03198192, 0.022240082, -0.002517773, -0.003614958, -0.007463266, 0.0031098514, -0.0050084693, 0.01037285, -0.0035849386, 0.006887506, -0.058242556, 0.008364897, 0.009261995, -0.0068871346, -0.012132827, 0.003712872, -0.013992811, 0.014756884, 0.0039968216, -0.009908959, 0.025090357, -0.042243555, -0.00050564966, -0.008686503, -0.034397453, -0.0046464815, -0.022755884, 0.0032246297, -0.005143122, 0.007057263, 0.022133857, 0.0075873765, -0.004304611, 0.0084855985, 0.004291709, -0.011813026, 0.020411376, 0.001900976, 0.008411116, -0.0016439438, -0.010050483, -0.019251268, 0.0019005339, -0.0048742346, -0.018381272, 0.004077289, -0.0062080063, -0.017304469, 0.02076325, -0.07158785, 0.011483243, 0.023391683, -0.0580843, 0.00048398983, -0.000993389, 0.021011068, -0.00042903554, -0.013742027, -0.0064564766, 0.0015102848, -0.022196988, 0.00064030004, -0.009521723, 0.007440001, -2.9500357e-05, 0.003279025, 0.0017203086, -0.012506476, -0.0037659416, 4.5703644e-05, -0.005426181, -0.017080477, 0.0033292377, 0.002044941, 0.015481564, 0.021162322, -0.0068203197, 0.005191192, -0.01122402, 0.038594272, 0.0030512614, -0.00020193608, 0.019167239, -0.011430054, 0.00033055566, -0.0028319734, -0.010043487, -0.021999639, -0.014832725, -0.007167177, -0.001270154, 0.014843597, -0.01996175, 0.059121866, -0.0027631891, -0.0003120142, -0.00124585, -0.097815804, -0.010291535, 0.01842202, 0.0034593595, -0.015973523, -0.0024245868, 3.8676935e-05, 0.032499887, -0.03094678, -0.005507313, -0.011730395, -0.009222409, 0.010293351, -0.010715963, -0.023381565, -0.025032815, -0.006558359, -0.0009828347, 0.004901973, -0.010464884, 0.013202084, -0.015691804, -0.016154537, 0.008947276, 0.0285862, -0.048373446, -0.002060344, 0.0073019313, -0.0103950845, 0.017664408, 0.017368602, -0.0069011254, -0.0037248374, -0.0048822286, 0.013706054, 0.042119745, -0.03353045, -0.0032869908, -0.013203925, -0.0021710189, 0.026486607, 0.019470155, 0.009195165, 0.008989639, 0.015696727, -0.015714318, 0.002086351, -0.0132822385, -0.00742266, -0.009107894, -0.0039977245, -0.014047993, -0.00065482524, 0.009030184, -0.01190973, -0.004694631, 0.005267555, 0.0034208277, 0.014329589, 0.027595852, 0.012678202, -0.010963915, -0.020045958, -0.0053522303, -0.02133923, 0.0044628344, -0.012296909, -0.0025093113, 0.0057142805, 0.008092074, 0.017099064, 0.015087712, 0.028430313, -0.012061653, 0.0085883755, 0.0022521496, 0.01433786, -0.0018779481, -0.05119309, -0.006909792, 0.020958029, 0.005952324, -0.01363619, 0.0011375886, 0.00052655797, 0.01096723, -0.0020841148, -0.005281124, 0.030056821, 0.005927737, -0.0082110185, -0.0058210297, 0.01158265, 0.0014255707, 0.011234335, -0.0052300757, 0.0031170114, 0.00411526, 0.01906414, -0.025456572, -0.011648425, -0.009558477, -0.0038444952, -0.0082091475, 0.007617286, -0.012612272, -0.00013754761, 0.0169886, -0.021187166, -0.021292375, 0.0095353965, 0.0022011814, 0.005588799, 0.012557881, -0.015492693, -0.0033452865, 0.00970941, 0.01383676, 0.013764501, -0.010407656, -0.0043007177, -0.018848628, -0.0390535, -0.04232096, 0.01701554, 0.00063783606, -0.020372868, 0.016438907, -0.019020393, -0.01291755, -0.0059794034, 0.012861756, -0.0134280985, 0.014549885, 0.012328294, -0.009204638, -0.027487025, 0.027601222, 0.00673447, 0.0038704034, 0.005045551, -0.0037562472, 0.008518108, 0.006109969, 0.017364282, -0.023147443, 0.0025877298, -0.018140377, -0.020402024, -0.012403659, -0.0045897565, 0.025351265, 0.012473959, -0.022037696, -0.020977277, 0.021845985, 0.006963198, 0.007873702, 0.017403103, 0.016371239, 0.0431137, 0.01609747, -0.006274582, 0.020600094, -0.022142697, 0.018921591, -0.022108162, -0.011289996, -0.0025107563, -0.0047089164, 0.0044686296, -0.023726517, 0.016417354, 0.00239974, 0.0056303707, -0.009127993, -0.0058649112, 0.015438799, -0.0011003138, 0.030007591, 0.01412981, -0.007393272, -0.010329026, 0.008984736, 0.008935624, -0.029177973, 0.009267186, -0.018582836, 0.011267196, 0.01054072, -0.016686274, -0.010016405, 0.01495601, 0.008417084, -0.02168887, 0.011414669, -0.007734947, 0.011336354, -0.010306806, 0.037765317, -0.0073511335, -0.023733202, -0.010794419, -0.03172584, -0.026203198, 0.0051717185, -0.012763285, 0.01122034, 0.0032054838, -0.023397535, -0.017495172, 0.0068102027, 0.012810073, -0.009085132, -0.0033948638, -0.023153206, 0.01578409, 0.019620258, 0.004777421, -2.5781748e-05, 0.01866189, 0.016558856, -0.011228355, 0.018813936, 0.026335064, -0.014939808, 0.018060576, -0.005509761, 0.0058310325, -0.0010425423, 0.024910366, -0.007684112, 0.014479267, -0.015398979, 0.01450485, 0.012109182, -0.004664608, 0.0144131705, 0.0067137117, 0.011256673, 0.025065774, -0.011035427, 0.012491584, -0.024240065, -0.019236198, -0.026660306, -0.040939905, -0.00014631708, -0.011075362, -0.016758028, -0.0062042424, 0.021503575, -0.009391455, 0.0028682775, 0.018801458, -0.0059083165, -0.012041088, -0.0011633332, -0.0013070636, 0.011303796, 0.010239121, -0.023480633, -0.017884009, 0.011229135, 0.013566848, 0.0012965709, 0.013081525, 0.011332301, 0.0056929043, -0.0017799297, 0.018022083, -0.028933335, -0.014297034, -0.024086483, 0.0013467476, 0.03522885, -0.020634783, -0.0008219462, -0.012415683, 0.014006721, 0.006207766, -0.008442995, 0.019894768, 0.00043883728, 0.016045999, 0.015802657, -0.0002800189, -0.0004224754, 0.008911562, 0.0022078573, 0.00784877, -0.005712359, 0.010639408, -0.02084249, -0.027253617, -0.016130907, -0.010922619, 0.011715342, 0.025941193, -0.00050518004, 0.029732952, 0.0065413136, 0.002072679, -0.017344752, 0.011237882, 0.009515682, 0.015885811, -0.024307031, 0.0065402198, 0.018340707, 0.004569262, 0.0122012645, 0.00063490396, 0.01731169, -0.0023052674, -0.019012552, -0.009047435, 0.017181784, -0.012642635, 0.0156096555, 0.008337551, 0.005479439, 0.015113673, -0.0001775725, 0.008595539, 0.021927444, 0.0062802634, 0.005196595, 0.004895009, -0.00958049, 0.01802315, -0.012262633, 0.029877411, -0.031566612, 0.027141273, 0.0028945305, -0.006224523, -0.017734965, -0.0071786116, -0.008435039, -0.022346128, 0.029556813, 0.017828617, 0.015799426, -0.004629359, 0.014602629, 0.028986199, -0.02094003, 0.010709029, 0.011377728, -0.011538314, 0.008021167, -0.031053346, 0.025216974, 0.01605205, 0.00889545, 0.012150205, -0.03366998, -0.004937003, -0.0036730377, 0.0010416872, -0.013813943, -0.02171474, 0.015942536, -0.012200161, 0.0018618156, -0.0131921815, 0.003331674, -0.014255943, 0.008035367, 0.007145655, -0.0026054513, 0.0011440237, 0.007423221, 0.016089208, 0.0054002665, -0.009148531, 0.00043009614, 0.009000593, -0.012465186, -0.008325563, 0.007261156, 0.01871877, 0.020531086, -0.0012509746, 0.0032147418, 0.022913454, 0.012343069, 0.0022026552, -0.0046906103, 0.0028104144, 0.013537954, -0.005577431, 0.008809066, -0.0058997353, 0.015240451, -0.01702858, -0.0009718239, 0.0063083377, -0.0063068527, 0.003982099, 0.00083367946, -0.011152395, 0.007602549, 0.013685888, -0.0067042387, 0.01969168, 0.017660769, 0.010239778, 0.004134452, 0.0015949527, 0.0031163336, 0.0014378263, -0.011358218, -0.019646974, 0.018535769, -0.014278243, -0.011636646, 0.0071658865, -0.0033828632, -0.0072222664, -0.0008923793, -0.0047199028, 0.015601878, -0.0023903362, -0.00071081717, -0.0037433319, 0.006765997, -0.00045766745, 0.011566869, -0.012149748, -0.01249289, 0.011631235, 0.023242828, 0.013349404, -0.011045389, 0.0018696097, -0.007653407, 0.017983671, -0.0017063515, 0.003938396, 0.019040192, 0.0065945084, 0.0110878525, -0.012846509, -0.005908241, -0.032265514, 0.008520607, 0.014979932, -0.0035051869, 0.010152241, -0.017265974, -0.012687118, -0.012872384, 3.061933e-05, -0.009310778, -0.010067511, -0.018326307, 0.030207926, -0.007625266, 0.0021730985, -0.005108444, -0.004623273, -0.0077329697, -0.018015716, -0.019952497, -0.014451437, -0.009624801, -0.022647206, -0.011389849, -0.026179502, -0.0075313016, -0.039697293, 0.0038743415, -0.0018609117, -0.004830531, 0.0015522039, -0.003424995, 9.945458e-05, -0.008969282, 0.020475816, -0.0035055783, -0.010184349, 0.02255649, 0.0057743792, 0.0074567525, -0.0016433992, -0.0078074234, 0.003946496, -0.0010850886, 0.0020296539, -0.029066117, 0.00028281764, -0.0036428897, 0.010292073, 0.007964227, 0.02171793, 0.005338791, -0.026364367, 0.012735313, 0.0010751749, -0.0066143647, -0.029241959, -0.008613877, 0.028592318, 0.01000837, -0.008346578, 0.019233016, 0.0078860605, -0.02772314, -0.0067301504, -0.014212686, -0.0030409824, -0.03135915, 0.018508503, 0.0023551944, -0.013148665, 0.003644217, -0.0052378494, 0.005589666, -0.0015253949, 0.0030528407, -0.0030782183, -0.021987947, 8.5765474e-05, -0.007380896, -0.001501232, 0.012848257, 0.0200809, -0.007057823, -0.0047943965, 0.015301386, 0.0024036604, 0.0034960245, -0.0021691776, -0.0030930806, -0.017498536, 0.004492728, 0.027568992, -0.0024101366, 0.0072159036, 0.008414515, -0.013471269, -0.0009892756, 0.026158072, 0.006594084, -0.010526611, 0.0008683089, -0.029625196, 0.017304005, -0.009150125, -0.023159346, -0.011114993, 0.007581119, -0.0071764453, -0.0049116006, 0.018204644, -0.021245603, 0.03805047, -0.003574293, -0.005864623, -0.009904274, -0.0030367603, 0.02666958, 0.018935487, 0.008853388, -0.0019535897, -0.018863713, 0.006593624, -0.005684281, -0.009538474, -0.0043855254, 0.009647485, -0.031556845, -0.00532826, -0.005941449, -0.007216437, -0.016046913, 0.004130828, -0.0035748663, -0.009287259, -0.03165934, 0.004169462, -0.001003524, -0.007625472, 0.008611462, -0.015028368, 0.009815908, 0.006177547, -0.014762597, 0.0022696326, -0.019831544, -0.009498058, -0.017651547, 0.0041326024, -0.025534825, -0.008076771, -0.014644944, 0.015903465, -0.0022077546, 0.025405072, -0.03128933, 0.00046905424, -0.035929702, -0.013776927, -0.004244887, 0.010238005, -0.004450755, 0.021203801, -0.033804014, 0.013600638, 0.054588776, -0.010441442, 0.009472792, -0.0015350229, -0.0016960594, 0.010573345, -0.0077632535, 0.018466083, 0.0020575626, 0.011307391, 0.02991274, -0.01937488, -0.009850048, -0.0030099007, 0.009149619, 0.010818439, -0.040216785, -0.018068133, -0.023530824, 0.0017317412, 0.022075668, 0.014954395, -0.01044094, 0.016672522, 0.0076643466, -0.0010667562, 0.0072219702, 0.00013591851, 0.006848176, 0.002347386, -0.006811995, 0.019591477, -0.0015822377, -0.01474409, -0.015937714, 0.0013010168, 0.001086136, 0.0105384765, 0.013560786, 0.008666215, -0.016283203, -0.023668274, -0.017769478, -0.01301608, 0.0145908, 0.007964424, -0.013588387, 0.018187106, -0.0024952332, 0.013686728, -0.009888305, 0.0044626044, 0.012789183, 0.0012792497, 0.0023846093, -0.01238607, 0.0035467264, 0.03509572, -0.0059313257, 0.006056191, -0.013066068, -0.0067910575, -0.00028145706, 0.020387566, 0.031239575, -0.0120639065, -0.029286755, -0.007351688, 0.009117521, -0.007441003, 0.013672633, -0.018771106, -0.03233244, -0.014018725, -0.0033356554, 0.17659526, 0.12474436, 0.0064144256, -0.01515519, 0.014433886, -0.0023045782, 0.007349849, 0.030273944, 0.011492475, -0.020735402, -0.018047292, 0.0048359665, -0.0004165162, -0.010887694, 0.0077615166, 0.014971231, -0.001411619, 0.0004541912, -0.0024938812, 0.0056627556, -0.015724264, -0.004344673, -0.030244227, 0.0111923395, -0.035283532, 0.008056654, -0.018103955, -0.0050849398, 0.00564682, -0.0072550355, -0.030216368, -0.017887147, -0.010748722, -0.01256444, -0.0032830115, -0.010512688, -0.006888751, 0.015027006, 0.0069105877, -0.008900466, 0.03950887, 0.013487622, -0.007089834, 0.019316992, 0.010373946, 0.013913129, 0.01537147, 0.0114353895, 0.004886136, 0.0030839227, -0.011444954, 0.0048566023, 0.013561763, 0.01312054, -0.012829058, 0.0036250863, -0.0037925309, 0.013913674, -0.012893175, 0.015175548, 0.014363608, 0.012077824, 0.007969373, -0.0021801316, -0.025407966, 0.0025334363, 0.006205937, 0.013231268, -0.00023873831, -0.008089225, -0.0038947703, 0.029106207, 0.004373432, 0.010542358, 0.004250137, 0.02214672, 0.0023815588, -0.0056937328, -0.0033127363, 0.011368882, 0.01572437, -0.011071718, -0.0096746925, 0.0037039956, 0.007613353, -0.0056473915, -0.0064909407, 0.0014656467, 0.0925934, 0.0022030347, -0.009084685, -0.015900647, 0.031587414, -0.018164527, 0.008360665, 0.040949594, 0.011233621, 0.012995519, 0.023343582, -0.0002506123, 0.02667068, -0.024154488, 0.024697762, 0.006433212, 0.028814124, 0.031771094, 0.0071909847, -0.015038192, -0.00684871, 0.0115742115, -0.0036432692, -0.007371243, 0.004373437, -0.00989247, -0.0020442891, 0.00475299, -0.009788072, 0.010301582, -0.10200608, -0.0018050522, 0.007630893, -0.0054796436, -0.0028337531, 0.00024143835, -0.030660294, -0.01810757, 0.018335834, 0.022001974, -0.013453407, -0.003172904, 0.034990765, -0.027210778, -0.023292424, -0.0027422686, 0.009979237, 0.0037045518, -0.00022960377, -0.020687584, 0.012279113, 0.010815988, -0.020389268, 0.013271098, 0.007303201, 0.01975944, -0.008772152, 0.0015440257, -0.0022515506, 0.008179166, 0.011253291, 0.025403127, -0.0056418832, 0.009312819, -0.004381851, 0.006477208, -0.012595151, 0.021728978, 0.009989728, -0.0065944744, 0.004997683, -0.012857567, -0.012066613, -0.017142657, 0.017000655, -0.0007495767, 0.005211417, 0.007202559, -0.006732071, -0.0041441857, 0.010685187, 0.009296192, 0.020417465, -0.022046091, 0.0080382805, 0.017261472, 0.0029440697, -0.0010289972, -0.02139678, 0.0048082494, 0.024584737, 0.029330553, 0.0033322382, 0.011896673, -0.017846933, 0.016741311, 0.009282154, 0.0035792, 0.00037408635, 0.0057741003, 0.0027177641, -0.012828347, 0.008877297, 0.020832255, 0.0068298182, 0.002137799, -0.041287184, 9.884882e-06, -0.0127238305, -0.011759545, -0.0006319014, -0.008166012, -0.0052102585, 0.09962836, -0.012791754, 0.009210194, -0.018890072, 0.020918518, 0.0075312206, -0.015476784, -0.019147974, -0.01570321, 0.016608633, -0.008046926, 0.0057703042, -0.015886683, 0.004628317, -0.0028375685, -0.013348022, -0.009950577, 0.0077166553, -0.029651118, -0.022337668, -0.0027206854, -0.007991581, 0.02853387, -0.024136037, 0.00064351637, 0.01779342, -0.019408904, -0.017151846, -0.0012676276, 0.026392171, -0.0076627783, -0.012428378, 0.0102153085, 0.0070143184, -0.0076046344, -0.009741982, 0.012510019, -0.011449479, 0.00011259828, -0.01125021, -0.010597987, 0.009307513, 0.0039448645, 0.0061194645, -0.010267582, 0.18874057, -0.003852309, 0.019071007, 0.0034240826, 0.022788173, -0.00010336843, 0.00319963, 0.0038650122, -0.02221409, -0.001808923, 0.0049730013, 0.0052860943, -0.008065233, -0.002868316, -0.0042183762, -0.0049621463, -0.005901933, -0.0012672229, -0.016643886, 0.013812862, -0.0025022025, -0.017579367, -0.016068978, 0.01627005, 0.0034046676, 0.022090005, 0.038138676, 0.015674494, 0.0021344968, -0.009405776, 0.005857771, -0.0066331713, 0.0073985565, 0.0024968793, 0.0002546609, 0.003177599, -0.00046081602, -0.007845583, -0.006663513, 0.015092313, -0.009130328, 0.022826033, 0.0050246534, -0.0048894007, -0.014233111, -0.015236714, -0.009086147, 0.0031801485, 0.0016278023, -0.015960718, 0.005446817, 0.014060569, -0.0033770474, 0.005080358, -0.0044450443, -0.008099303, 0.00078940764, 0.00060046284, 0.027049325, 0.004933217, -0.013083918, -0.008080915, 0.0019880182, -0.018337209, -0.003246068, 0.002820714, -0.024662819]"
Los Chapitos ‘piratean’ armamento de EU para armar a sus sicarios,https://oem.com.mx/elsoldemexico/img/25492478/1756572839/BASE_LANDSCAPE/1200/image.webp,no especificado,"Segun el expediente judicial de vinculacion a proceso de Julio Cesar N, el grupo delictivo compra armamento estadounidense y luego le saca copias",https://oem.com.mx/elsoldemexico/mexico/los-chapitos-piratean-armamento-de-eu-para-armar-a-sus-sicarios-25490750,"[-0.001955223, -0.0043790117, 0.012084533, -0.064068735, -0.0114319315, 0.0113173295, -0.0041261613, 0.032773346, -0.034545492, 0.0037054222, -0.0604173, 0.0011858175, -0.0024199868, -0.0106814355, 0.11836776, 0.005401159, -0.029478552, -0.020526895, 0.003589551, 0.012544027, -0.0025210858, 0.006653289, -0.030057829, 0.007089064, 0.030436186, -0.018783765, -0.022107385, 0.010026581, 0.017316421, -0.014074353, -0.029778447, 0.013558978, 0.0057925954, -0.016600214, -0.008857418, -0.013145836, 0.011990167, -0.025627464, -0.003975353, -0.017500512, -0.011178193, 0.0040832516, -0.0018633056, -0.007863883, -0.004594641, -0.00033278117, 0.044465147, -0.030895164, 0.0027149923, 0.00033233347, -0.0077744187, -0.009962183, 0.008213848, -0.17498545, -0.007867809, -7.24463e-05, -0.035041973, -0.005355283, 0.03953401, -0.005125054, -0.01583545, 0.014143865, -0.023845108, -0.03048944, 0.0069454783, -0.024520792, -0.006011211, -0.004677579, -0.016867775, -0.014508552, 0.0032606863, 0.023111312, 0.008570414, 0.04539035, 0.000802081, -0.033928126, -0.0006290428, 0.024483789, -0.022318814, -0.008689161, -0.036730807, -0.03694928, -0.010503519, -0.004664443, -0.007559395, -0.014813958, 0.016868757, -0.01436751, -0.030188374, 0.027029615, -0.0015913327, 0.0026328529, 0.0048296563, -0.006695116, -0.015296691, 0.0038077873, 0.011328301, 0.0032864644, -0.00546235, -0.008261934, -0.022239314, -0.01301232, 0.01380812, 0.0055834604, 0.003335003, -0.033954803, 0.01911108, -0.013764712, -0.0052045253, 0.03877451, 0.021786604, -0.0078085717, -0.018239342, 0.038231187, -0.0035259023, -0.08744621, -0.033212524, 0.012526926, -0.004007304, 0.0005592083, -0.006412777, 0.007180692, 0.011498519, 0.03074745, -0.018248262, 0.014015641, -0.0033898172, 0.013765218, -0.027873779, -0.0069794315, 0.015039031, 0.0038253192, 0.026846863, 0.007894006, 0.015544516, 0.054396376, -0.0064220475, 0.006932952, -0.03098628, 0.0034996544, 0.012308866, -0.011324279, 0.01282477, -0.009657139, -0.013235841, 0.028952599, 0.0037768562, 0.020208443, -0.0074745393, 0.010206977, 0.028814668, 0.0072268294, 0.004039477, 0.01805134, -0.0044775265, -0.031775907, 0.0030148719, 0.011547074, -0.011035265, 0.006233261, -0.017072279, -0.00022841938, -0.0022905862, 0.013657937, -0.011423254, 0.00085577305, -0.013560034, -0.016547741, 0.016378243, -0.018259881, -0.0039385147, 0.002573502, -0.02023376, -0.021445477, 0.008335878, 0.030867489, -0.005102055, 0.016575227, 0.023918172, 0.018089073, 0.008623689, 0.0046674595, 0.019849442, 0.010408481, 0.026472649, -0.039984267, -0.02086187, 0.02268215, 0.02168333, 0.005311654, -0.031390846, 0.000640425, 0.018992076, -0.026912767, 0.007429634, -0.012699639, 0.00518052, -0.014174764, 0.010169749, 0.016339444, 0.0075231106, -0.012399889, -0.0006862466, -0.005808514, -0.032727048, 0.004034885, -0.025862588, -0.012191034, -0.0060837087, 0.0032890744, -0.004205753, 0.010843272, 0.0011564338, -0.0026774893, 0.014095086, -0.00102742, 0.0039302213, -0.009176686, -0.0313313, -0.0036236134, 0.011302189, 0.0041346364, -0.008939674, 0.001382247, -0.022469144, -0.010145926, -0.004282121, 0.01115055, -0.0007252241, 0.01723557, 0.015046826, 0.012958599, 0.028569348, 0.022390636, 0.0052070715, -0.0058373515, -0.017863708, 0.005950686, 0.015896276, -0.011969925, -0.014001219, -0.014267251, -0.009409688, 0.011841066, 0.02161717, -0.02179262, 0.019076766, 0.005243658, -0.02493151, 0.008137826, -0.0035620618, 0.00028157918, 0.0008995174, 0.01400159, 0.0073108813, -0.00518935, -0.022184728, 0.0035723124, -0.036377437, -0.0224667, 0.002979761, 0.0038125832, 0.0014878612, 0.019181635, -0.020452736, 0.00551214, -0.0023461776, -0.022047605, -0.008962456, 0.0049183, -0.013421487, 0.025863385, 0.023378069, -0.021896105, -0.008547372, 0.0076067136, -0.059365593, 0.033887323, 0.014705757, -0.022195319, 0.004803339, 0.00631523, 0.010418923, 0.025251677, -0.013867484, 0.02060814, -0.029695189, -0.008138867, -0.011037698, -0.038103905, 0.006043938, -0.00833726, 0.005863013, -0.020311221, 0.02676805, -0.010998087, 0.0197196, 0.016071798, -0.011311364, -0.012008961, 0.00620039, -0.004437478, -0.012260253, 0.035776876, 0.014633364, 0.000576469, -0.028070495, -0.0018507864, 0.022829931, 0.023746071, 0.012480173, 0.0067028836, -0.0035115303, -0.020187816, 0.014143809, 0.020646578, 0.009530905, -0.0025083493, -0.01275668, -0.010668392, -0.011029662, -0.006538053, 0.0064819604, -0.008276554, -0.019833202, 0.036712218, -0.014054371, -0.02243116, 0.0038781234, -0.0031764847, 0.0061379094, 0.015568762, -0.041670375, 0.005202662, -0.009686443, 0.0066614957, -0.0013551583, -0.0254319, 0.013737342, 0.009427563, 0.022533357, 0.005445, -0.023087088, 0.020447163, -0.010552312, 0.0085975295, -0.015562243, -0.03230326, -0.0050603743, 0.0058657094, 0.04041148, -0.017402492, -0.016058907, 0.014772328, -0.036657903, 0.033113103, -0.023166839, -0.011660215, -0.0033907979, 0.0024998465, 0.0359383, 0.024909718, -0.014538705, -0.010398568, -0.025692726, 0.009870766, 0.011708886, 0.018140178, 0.02354371, -0.003254303, 0.0011899674, 0.007194263, -0.007349826, 0.0160465, -0.0031438214, 0.04265426, -0.037087094, 0.004170758, -0.0062574013, 0.011391278, 0.008349872, -0.028358681, -0.0128798615, 0.00045636785, -0.021060616, -0.005186188, -0.016275017, -0.024902292, 0.0063632997, 0.012098993, -0.014845023, -0.0029232565, 0.0063169673, 0.006087408, -0.0150431795, 0.006998155, 0.025665112, 0.011881827, -0.015442008, -0.0037448644, -0.015721116, -0.0020890983, -0.0148332175, -0.025662422, 0.029892672, -0.019081544, -0.0059288205, -0.03382666, -0.02001659, 0.02337352, 0.00012770062, -0.019578982, 0.013080531, -6.857629e-05, 0.0033867222, 0.026749138, -0.020102026, -0.008669419, 0.012533072, 0.009761761, 0.00070022757, 0.0082905935, 0.013908063, 0.011088286, -0.011809388, -0.0074067865, 0.020635374, -0.025092848, -0.0054445937, 0.006679378, -0.00071146595, -0.03134349, -0.037208512, -0.0057145916, -0.017930295, -0.009091827, -0.015609802, -0.010796387, -0.015711524, -0.0023325451, 0.038134694, 0.011596658, 0.042045083, 0.0012981527, 0.030801963, 0.008435509, -0.0009633445, -0.022076076, -0.005330955, -0.0032034586, -0.0013884604, -0.022761205, 0.019642921, -0.003621359, 0.0026831478, 0.014025702, 0.015857985, 0.0034543977, 0.0088464245, -0.0014267423, 0.008042633, -0.020698652, 0.00038868192, -0.004358348, -0.007761736, -0.019001404, 0.0041475445, -0.0062974193, -0.027990455, 0.021612486, -0.009142578, -0.03692124, -0.020580871, 0.031689204, -0.019678304, 0.01043443, -0.031539243, 0.016271539, -0.009335423, 0.009204542, 0.027910344, -0.021728875, -0.009345958, 0.020112857, 0.013147431, 0.05798101, -0.0059820847, -0.006713808, -0.006943718, -0.008297381, 0.020641493, 0.002118569, 0.005041202, -0.0016534314, 0.0007564782, -0.009903633, -0.009924166, -0.0012227962, 0.015629081, -0.015119095, -0.014087866, 0.0040393383, -0.01837802, -0.0043782718, -0.023330668, -0.01584574, 0.04128532, 0.006783911, 0.014574794, 0.011407093, -0.03383052, 0.007735683, 0.022197457, 0.009895711, 0.021926802, 0.01338308, 0.003392472, 0.0027238897, -0.0040814695, 0.017882584, -0.0028541854, -0.032065593, -0.0063174004, -0.0043704244, -0.004653522, -0.0052386075, 0.011802895, -0.0031246627, -0.008600932, -0.00023546281, -0.011235068, 0.016742777, 0.003974179, -0.0009735298, -0.002618111, 0.012456441, 0.0048492434, 0.012871029, -0.0024411383, -0.018328188, -0.0020184647, -0.021968253, -0.0108533455, -0.0016603327, 0.029744621, -0.076538585, -0.014454383, -0.026666833, -0.012859736, -0.0016315143, -0.016633658, 0.04697279, -0.014134559, 0.03509313, 0.011267245, -0.0038426172, 0.01770709, 0.030960679, 0.02284352, -0.008232607, -0.016641438, 0.022324143, -0.01924042, 0.0155759035, -0.00042735186, 0.002564422, 0.0090265805, -0.00037409292, 0.011749641, 0.027420782, -0.0002872402, 0.012742384, -0.017958581, -0.055273823, 0.013471042, 0.014569568, 0.0034122881, 0.020988619, 0.032709945, -0.019442819, -0.01764488, -0.0030528095, -0.016371403, 0.0113079995, -0.015310979, 0.01985502, 0.026249101, 0.003920953, 0.017498683, -0.023589011, 0.002824101, -0.009032403, 0.022465834, 0.012368928, -0.031937357, -0.0039820345, -0.015994295, 0.009938825, 0.02010203, -0.041601453, 0.023572208, 0.01129983, -0.021356452, -0.007901355, 0.042272802, 0.019660387, 0.0037883066, -0.007785078, 0.037483923, -0.0019978702, 0.00017739317, -0.016095959, 0.010614302, 0.0069827, -0.00067319296, -0.0019358923, 0.0026183994, 0.0011919879, 0.021508422, -0.003329096, 0.017601745, -0.005373241, 0.011802828, 0.030237952, -0.005691245, -0.042318977, 0.009708785, -0.11146989, -0.011626635, 0.016532252, 0.00059273496, 0.034119356, 0.028926596, 0.007071502, 0.007550295, -0.015343529, 0.023652826, -0.011278847, 0.018137928, -0.010923553, -0.027202744, 0.0112972, 0.016533058, -0.004776394, 0.009456086, 0.0030522079, -0.023426801, -0.002014389, 0.0029808038, 0.03746786, -0.00013494455, -0.020976659, 0.0015884923, -0.0025833498, 0.018669648, 0.00577724, -0.014998368, -0.010503419, -0.1464453, -0.008513736, 0.0056252037, -0.02530468, 0.03225726, -0.035870478, 0.020537809, -0.00322729, 0.024214348, 0.0147689665, -0.00037207425, -0.034595475, -0.034625135, 0.004725085, 0.02234949, 0.1170682, 0.020632211, 0.008338851, 0.022779785, -0.01233086, -0.010510973, -0.003583008, -0.0016757068, -0.018145422, 0.013040098, 0.0015463688, -0.004393634, -0.0025437283, -0.0062327716, -0.009185381, 0.031607814, 0.009596176, 0.031370744, -0.007252582, 0.0032055755, 0.013123626, 0.0036782508, 0.02525256, 0.009466716, 0.012049961, -0.009821117, 0.03492116, 0.013180315, -0.009454749, -0.018169133, -0.0017085053, 0.013783425, 0.015494083, -0.02582296, 0.025364185, -0.05102868, -0.08343849, 0.027720224, 0.032927163, 0.045088273, -0.035012368, -0.016266225, 0.010033682, -0.0049281195, 0.0059116366, 0.0210771, 0.021192778, 0.00066080847, -0.00782466, -0.023787074, -0.016021844, 0.030464778, 0.008341078, 0.010254435, -0.030766658, 0.010244609, -0.0016984197, -0.017880274, -0.024489863, 0.009166614, -0.0053357487, 0.010346079, 0.021555815, 0.024330912, 0.030484626, 0.03484364, 0.018293366, 0.01067303, 0.00063279003, 0.0020142747, 0.011387983, -0.004567961, -0.016123304, -0.011978679, 0.010718077, -0.0032196143, 0.007772891, -0.0076289517, -0.016239362, 0.017760338, 0.0059452434, -0.0053877737, 0.0062545887, -0.033259954, -0.01250416, -0.0032842134, -0.018295351, -0.0070633404, -0.00859912, -0.019323325, -0.0028557507, 0.001907623, 0.0053757546, 0.021801058, 0.012620394, -0.0027832105, -0.008179022, 0.014735899, 0.0027705724, 0.024921557, 0.016615422, -0.014500277, 0.012468941, -0.007398734, -0.0033977753, -0.0049293595, -0.0099381795, -0.010249182, 0.012293057, 0.019598993, -0.0057573584, -0.010580281, 0.014426771, -0.019229688, -0.04349011, 0.013358893, 0.013165979, -0.010085798, -0.0018937264, 0.015270829, -0.008578894, 0.003368459, 0.0016199291, -0.0114220055, -0.007431771, 0.014952082, -0.006650675, -0.006427791, -0.023012843, -0.004475503, -0.020734705, -0.0004796835, -0.0036596095, -0.002490168, -0.020960787, -0.0047107683, -0.011864511, 0.0046336916, 0.0032219505, -0.004660384, -0.021286683, 0.019414783, 0.002295866, 0.011458813, -0.0024815924, 0.009388227, -0.017235404, 0.0042445175, 0.0024513714, 0.0077026575, -0.017069092, 0.006113664, -0.0015281265, -0.01709568, 0.010703959, 0.009334723, -0.0010220692, -0.012926941, 0.012193752, 0.010051263, -0.0042805136, -0.0039382824, -0.008341282, -0.00082150457, 0.00081076147, 0.012410167, 0.0064755953, 0.0054355105, -0.0011308851, -0.0052097077, 0.01038721, -0.00021720689, -0.008150617, -0.005255028, 0.006385596, -0.023070188, -0.009776192, 0.034544624, -0.012340336, -0.011655014, 0.024447981, -0.004313866, -0.001776944, -0.007897419, 0.008973902, -0.0034015623, -0.008356763, -0.016568206, 0.003765655, -0.023246896, -0.009932837, -0.004560186, -0.0026427638, 0.017387435, -0.0012176692, 0.019873315, -0.0027466048, -0.004664374, 0.012703471, -0.006846357, -0.0107982615, -0.0019068513, 0.00032177137, -0.0017333002, -0.016196923, -0.016813051, 0.0042336048, -0.0021960721, -0.01654257, -0.001319036, 0.017311325, 0.0030576836, 0.0014732194, -0.006337579, 0.010441693, -0.017646493, 0.00755555, 0.013498663, 0.004852591, -0.0002519424, -0.013029364, 0.007354419, -0.00879617, 0.0036812134, -0.0050367373, -0.00015406274, 0.0071652452, 0.025406808, 0.012584459, 0.0147604225, -0.0064366665, 0.010609946, 0.011366084, 0.0026136911, 0.007990572, 0.011078846, -0.00037682024, 0.0024638409, 0.010683345, -0.012710791, -0.012766183, -0.00982733, 0.018588746, -0.009459081, -0.014371956, -0.0006642623, 0.006430672, -0.012518989, 0.021387657, 0.0038458419, 0.005725073, -0.00031943005, -0.004964098, 0.0077554756, 0.01927601, 0.00015612306, 0.0229997, -0.003774902, 0.0019483694, -0.010734387, 0.017553566, 0.0040350906, -0.0060633947, 0.006771475, -0.0096996715, 0.0070147226, -0.011607928, -0.023723023, -0.004801653, 0.014233179, -0.004583372, 0.013453003, 0.005531062, -0.004871715, -0.012775395, -0.01650328, -0.008692722, 0.009346028, 0.019651368, -0.002758549, 0.0076399874, 0.03706827, -0.0117185945, 0.00083353516, 0.010959525, 0.0074675805, 0.007279313, 0.008018557, -0.0008322717, -0.004467535, 0.0015734313, 0.0050063566, -0.010521101, 0.019786017, 0.02061255, 0.080180265, 0.0039015405, -0.011152229, 0.011269785, -0.0063468534, 0.015866615, 0.0024409483, -0.018158382, -0.0066691577, 0.008891289, -0.005573346, 0.011987031, 0.0024619147, 0.00690866, -0.0008578779, 0.0010482848, -0.0093128905, -0.0031403038, -0.006311928, -0.0065933806, 0.006803763, -0.00070004794, 0.003032252, -0.00090141024, -0.0019930573, -0.0059340573, -0.008783475, 0.00036927284, -0.005131309, -0.011191732, 0.0057720332, 0.009456944, 0.019009646, 0.0057718726, -0.008856568, -0.014646196, -0.009476978, 0.011043098, 0.005784136, 0.017995622, 0.001393475, -0.01045256, 0.0016006208, -0.012811313, 0.013464207, -0.0018296628, 0.01659928, -0.0046036397, 0.006393046, -0.00024263731, -0.006472662, 0.012443963, 0.014410783, -0.013428332, -0.012156404, -0.0051481077, 0.0016472411, -0.010187587, 0.008716563, -0.00023666001, -0.008171478, 0.0139716, 0.007972416, 0.008532323, -0.016156593, -0.009349137, -0.008029795, -0.007872298, 0.0012952655, -0.002147249, 0.0029313725, 0.004068664, -0.006711352, 0.0005762046, 0.033181407, 0.010433188, -0.020862985, -0.008705793, -0.007361065, -0.013064655, -0.008983568, -0.010010072, -0.00916955, -0.0017402015, -0.0073238844, 0.0016464795, -0.007501677, -0.012348666, 0.0076782503, -0.0017579498, 0.014150877, -0.019776534, 0.02128077, 0.012390113, -0.0054729255, 0.007244063, 0.047018845, 0.009201088, 0.0066383854, 0.009118039, 0.011452142, -0.0009608452, 0.0020580061, -0.016785504, 0.011239071, -0.0023076788, -0.007603453, 0.00037140574, 0.0011153033, -0.013243929, 0.0008072799, -0.004452117, -0.0025369485, -0.00065170304, 0.0015382537, -0.008741612, 0.0026542593, 0.017515596, -0.012551164, 0.0040626754, -0.00028243256, -0.021243975, -0.019162081, -0.015517862, -0.008437628, 0.006493037, -0.01692785, -0.004737525, 0.010017819, 0.01088782, -0.0023281802, -0.0039668987, -0.00614481, 0.006135922, -0.008092277, -0.009394926, 0.009917194, -0.0052909823, -0.011208097, 0.013528906, 6.899172e-05, -0.011417526, -0.0025300842, 0.00873845, 0.014834591, -0.010991181, 0.024422823, -0.006973516, 0.0053715045, 0.005279265, -0.0075083743, -0.028808355, 0.0077603734, -0.0056367638, -0.013568154, -0.014375275, -0.0061497362, 0.004308116, 0.0017144437, 0.0049860934, -0.003432604, 0.008088853, 0.010036007, -0.009523795, 0.0030765466, 0.004421348, 0.008863627, 0.007487579, -0.011074824, 0.0054746103, 0.009336654, 0.009151695, -0.008227345, -0.004005718, -0.0043989085, 0.017865593, 0.010201797, -0.020586591, -0.0011948735, 0.004508133, -0.009496625, -0.013957492, -0.00407191, -0.02572109, -0.012954759, 0.0010287137, 0.016866153, -0.022379303, 0.007788003, -0.019954477, -0.0055597504, -0.007458145, -0.00840869, 0.0052609905, 0.014008313, -0.008182757, -0.010579817, 0.0024010772, 0.004028845, 0.016774412, 0.0072236923, -0.004990223, 0.0062758974, 0.013481588, -0.010189538, -0.0123342145, -0.003284157, 0.0046129655, 0.00079380407, -0.003688172, -0.0021377928, -0.02939392, 0.012732176, 0.0041822135, 0.00049761106, -0.017253833, -0.01939596, -0.00421866, 0.0029560376, -0.011251906, 0.0076101553, 0.007739619, -0.01803018, -0.0030411263, 0.0008286623, -0.009271242, 0.0018666196, -0.008536684, -0.0023995594, -0.003786294, -0.010925497, 0.008017685, -0.02105135, 0.022906365, 0.00206294, 0.004770833, -0.019770155, -0.0064340476, 0.011535726, -0.0061987657, 0.012717517, -0.0052339737, 0.0041245404, -0.003018716, -0.010164434, 0.00049209985, -0.0069773523, -0.019352026, -0.027495895, -0.016631344, -8.071912e-06, -0.0083691925, -0.007596518, 0.023906857, 0.025515722, 0.011762456, -0.019307313, -0.030057443, 0.004108719, -0.016366886, 0.010564552, 0.015676396, 0.002864981, -0.0038259947, -0.008350399, -0.016540512, 0.0014417561, 0.005408763, 0.007584449, -0.007976754, 0.020446936, 0.0071221176, 0.0031297859, -0.00974901, -0.011020743, -0.018514039, -0.019580156, 0.012114933, -0.0051559117, -0.010565142, 0.012017757, 0.0022765473, -0.009136521, -0.0020467618, -0.001731229, -0.009611735, -0.0041142027, -7.600725e-05, 0.0058085127, 0.008141949, 0.012633951, 0.015695438, -0.027317777, -0.008189069, -0.020699343, -0.021375824, -0.006570195, 0.00018132225, -0.01820176, -0.0047209053, -0.000574687, 0.00022031755, -0.0040207505, -0.01417564, 0.008784361, -0.0021872842, 0.009531553, 0.0072577614, 0.011978272, -0.0112545695, -0.0012677257, -0.0029737863, -0.0063908724, 0.0028995909, 0.008529808, 0.010099881, -0.01683905, 0.006188257, 0.012040422, -0.006710189, 0.012595678, -0.015692675, -0.011127206, 0.007938524, 0.0035401303, -0.0074164844, 0.013099167, -0.0082188845, 0.0020746598, 0.0046944306, -0.004976629, -0.0005001024, 0.0043737376, 0.0073216315, 0.02087561, -0.017384464, 0.004216348, -0.005807075, -0.0065513607, 0.005884068, 0.004425046, -0.015187076, -0.002104062, -0.00040783387, -0.00044448048, -0.021912757, -0.0008574746, 0.020557813, 0.012689907, -0.0064522, -0.008742465, 0.00544656, 0.020895915, 0.0015765802, -0.0029987805, 0.007586748, 0.0026576964, 0.01304561, 0.0020609212, -0.0060825427, 0.0049391165, -0.013561391, -0.000457272, 0.015723556, 0.02530253, 0.004363002, 0.003416586, 0.00080287154, 2.6613849e-05, 0.009886007, 0.00614016, 0.018475998, -0.017422978, -0.0008015231, -0.008866148, 0.0029795272, -0.002685543, -0.0031344774, 0.02216422, 0.003495316, -0.0116874315, 0.0014300648, 0.00931503, -0.012982426, 0.0048772166, -0.011104766, 0.0010866338, -0.0034996113, 0.0035898671, 0.028251756, 0.0046192147, -0.008923954, 0.014543678, 0.002000518, 0.0003913128, -0.0025730254, 0.0043887794, 0.01751563, 0.007134637, -0.0048728324, 0.012619655, 0.012174433, -0.02940555, -0.00044048435, 0.01562529, -0.0008364431, -0.0038065298, 0.005025687, 0.018097999, 0.015512403, 0.0006698293, 0.0027823388, 0.011340031, -0.0025581864, 0.006305558, 0.011647452, -0.0010308701, 0.010115426, 0.009927098, 0.018768894, 0.006029068, -0.0012463161, -0.008294871, -0.0019675868, 0.010526387, -0.01702069, 0.0051328847, -0.0032501875, 0.007879678, 0.008261172, -0.0025041513, 0.004029611, 0.003648333, -0.016303435, 0.005887664, -0.0051097106, 0.005169553, 0.0028234534, -0.008103007, 0.00798574, 0.0021098992, 0.01010349, -0.008688139, -0.0031329289, -0.0027650627, -0.006101238, 0.00471607, 0.0038646925, -0.011045788, 0.0073644174, -0.016897455, -0.001503573, -0.0034083822, -0.0002252936, 0.005015719, -0.009212796, 0.00023099159, -0.007623528, 0.0067138327, 0.008504258, -0.00041537272, -0.007972424, -0.090760514, -0.009649021, 0.015178383, -0.010113587, 0.0038675223, -0.00045249963, -0.0066791405, -0.012900749, -0.004856962, 0.005228771, -0.0077939047, 0.016272593, 0.007140095, 0.0047932584, 0.00090271205, 0.0036212672, 0.014787672, -0.0090312315, -0.001871362, -0.009595305, -0.0048098126, -0.006353158, 0.0057127825, -0.016961236, -0.0111838775, 0.0031328334, 0.0021846446, 0.011954684, 0.016776066, 0.01476589, -0.019295972, -0.007914293, -0.015193255, 0.007990113, 0.0079674665, -0.021987017, 0.016641658, 0.0025096864, -0.13719164, 0.02064669, -0.0034256917, -0.0003959895, -0.015839683, 0.015055019, 0.017161014, -0.009647958, -0.018313449, -0.0060210545, 0.008377005, -0.0014585064, -0.0023492256, 0.0010643048, 0.00739414, 0.0024278008, -0.014047167, 0.0048456644, -0.008792212, 0.023364702, 0.012280667, -0.009031413, 0.020255882, 0.018864732, -0.008429884, 0.01088356, -0.002223755, 0.0074043013, 0.0026979544, 0.00019725364, -0.006065787, -0.011265186, -0.0057072532, 0.010224126, 0.008115787, 0.019209256, 0.013955845, 0.0030129214, -0.016850334, -0.01008909, 0.009482095, -0.024921922, 0.0035491735, 0.0067492756, 0.00046749564, 0.00916702, 0.01832443, -0.01483496, 0.0050665485, -0.0050253854, -0.006957243, -0.020443993, -0.006092608, -0.019755257, 0.008195457, -0.018089151, 0.005411807, 0.0019444529, 0.020192966, -0.0058895797, -0.009470717, -0.0022871667, -0.003551479, 0.012691416, -0.00079255074, 0.0029033665, -0.006777595, 0.015505279, -0.014988991, 0.015550035, 0.003200273, 0.021088336, 0.015167294, -0.010707945, 0.012704123, -0.013284795, 0.027021319, 0.006325452, 0.012572839, 0.0056119915, -0.007997168, -0.005725107, 0.0095136585, 0.0032823454, 0.011115446, -0.010357299, -0.0013265025, -0.006844422, 0.013215466, -0.05804585, -0.0072185113, -0.012744677, -0.017961325, -0.006732035, -0.011964043, 0.0074518495, -0.0108541865, -0.00078370544, -0.0056476644, -0.011951081, -0.0030261455, 0.002220945, 0.007826172, -0.005932109, 0.0024877053, -0.0009765217, 0.002539418, -0.018786807, 0.011053247, -0.021066831, -0.010453153, 0.0016161012, 0.0016854132, -0.0022146208, -0.008577745, -0.006431734, -0.011241745, 0.009423082, 0.0035550755, -0.028295267, 0.006674847, 0.0062013725, 0.005774997, -0.018866265, 0.035069875, 0.0041443626, 0.022367781, 0.0096653, -0.0049417606, 0.006056632, -0.016507639, -0.02027832, 0.0004381953, 0.017495586, 0.020523228, -0.011169516, 0.0017220776, -0.026708638, -0.013902333, 0.01481476, -0.0041659046, 0.015413816, -0.00019763109, 0.018118527, -0.006396401, 0.00095544785, 0.010808455, -0.0011300861, 0.0045739254, -0.0027250305, 0.006376962, 0.012398819, -0.013116502, -0.0005482023, 0.015831448, 0.015895138, 0.015374248, -0.0032107697, -2.1192129e-05, 0.0026364853, -0.012184164, -0.0024627962, -0.012963878, -0.010111577, -0.012019275, -0.010481515, 0.005603896, 0.0048861885, -0.012088211, -0.0018647074, -0.001456728, -0.0009360991, -0.005312744, -0.0020778012, -0.017196793, -0.0326928, 0.007858007, 0.005596173, 0.005786635, 0.021007322, -0.0014975731, -0.0051617995, -0.013720574, 0.005824335, 0.021102488, -0.012210703, -0.0033706597, 0.01343748, 0.0179785, 0.025751252, 0.0047945976, 0.009906004, -0.022337591, -0.0110875545, 0.0067780023, -0.009857741, -0.028391266, 0.006740122, -0.0031241032, 0.002373374, 0.0063824165, -0.026696812, 0.007799168, -0.17975466, -0.013225357, 0.016820183, 0.026399711, 0.017208647, 0.025871133, 0.01491689, -0.0029662417, 0.00739961, -0.018709872, -0.0016807757, 0.028893998, 0.010002597, -0.0066885315, 0.020910064, 0.01851631, 0.012572551, -0.015486092, -0.012478516, 0.019033689, 0.00649448, -0.01831887, -0.022693839, 0.0017909096, 0.0080788, 0.007923457, 0.026862621, -0.005062672, -0.0037004317, 0.0075968467, -0.023806622, 0.03529938, -0.007967597, -0.025157578, 0.0033943593, -0.01197131, 0.008363827, -0.0001600639, 0.018400658, 0.006693386, 0.006793811, 0.013575251, 0.023994463, -0.011102523, -0.0038298292, 0.012326449, 0.006136397, -0.009741784, -0.0063083884, 0.0018340617, -0.014121373, 0.0048455964, -0.00066013675, 0.01507704, -0.0028686519, -0.005159776, 0.027867533, -0.028197376, 0.0093090255, 0.00038473436, 0.007102472, -0.010563125, 0.012376147, 0.0051903836, 0.012735472, -0.0046517435, 0.006179766, 0.13313603, -0.042391278, 0.0007043278, -0.002265052, -0.0002930599, 0.01911458, 0.0039190087, 0.0027547136, 0.007157476, -0.009994379, -0.001746953, 0.013792067, 0.0064326804, -0.02012131, -0.022411125, -0.012799679, 0.0040125265, 0.0006037485, -0.006832642, -0.02878173, -0.022736989, -0.011208019, -0.041831546, -0.010852405, 0.017236503, -0.02341141, 0.007776236, 0.012986312, 0.026148569, 0.0081496835, 0.021163732, -0.020969352, -0.0012567336, -0.002074641, -0.005661994, -0.012085947, -0.017344302, -0.02292506, 0.008151793, 0.034266356, 0.01963864, -0.014359605, -0.006123972, -0.013491776, -0.0037254568, 0.0034803902, 0.0037567671, -0.003301579, -0.0048786895, 0.00059348095, -0.028429765, -0.008860601, -0.018710982, 0.0019976182, -0.009863317, -0.023949152, -0.025622072, 0.011668965, -0.0027066804, -0.011240456, 0.000904115, 0.0037758197, 0.008554714, 0.0037308198, -0.006946102, -0.0028037827, -0.034183193, -0.028073724, -0.004079231, -0.10917722, 0.0133336, -0.018388694, -0.009719155, -0.022366732, -0.014843601, -0.008833937, 0.0070217387, 0.010605825, -0.008074153, -0.004183687, 0.014885747, 0.008454169, 0.010118157, -0.01296206, -0.0020939927, -0.0004156848, 0.012619807, 0.01957074, 0.006847936, 0.013608959, 0.012529386, 0.005927209, -0.030899025, 0.0062518236, 0.007927458, 0.0070225243, 0.014607852, 0.0052304054, 0.021446044, -0.0053284722, 0.012028805, -0.012119189, -0.00013469701, -0.0024330684, 0.009759763, -0.026037244, 0.0035022646, -0.014168014, -0.01102542, 0.008391599, 0.00847341, 0.008991614, -0.021014942, -0.0023008734, -0.011286536, -0.007049495, 0.0012232583, -0.0019330683, -0.02189018, 0.0054284534, 0.015929975, 0.010561889, 0.0048508733, -0.023126764, 0.0117850965, 0.009111189, -0.0028474575, 0.009053442, 0.019911638, -0.021315318, 0.009805498, 0.01278658, -0.0023786766, 0.0024035696, 0.01003991, 0.018823098, -0.010672476, 0.03643678, 0.0040240875, 0.018206298, -0.009589226, 0.006089872, 0.023939973, -0.010709607, -0.0018561834, 0.0014750239, 0.005284128, -0.0050000693, -0.018016782, 0.014276265, 0.0035922443, 0.0010124663, -0.0007467878, 0.010700508, -0.009308993, -0.0071334317, 0.008517547, 0.0007077987, -0.019815452, 0.013102281, 0.017261926, 0.016328843, 0.004884217, 0.0036594216, -0.025984656, 0.011524152, -0.004478976, 0.029537056, -0.004886847, -0.0023343663, -0.0025375413, -0.018880187, 0.005457916, 0.012058054, -0.010084592, -0.009933734, -0.0127915535, 0.0019985454, 0.0019569478, -0.02575395, 0.021815391, -0.0014518374, -0.024992112, 0.005924072, -0.0029402638, -0.0055172155, 0.013882398, -0.010260276, 0.008643864, 0.009825422, -0.01207914, 0.014037197, -0.0016419776, 0.020454053, -0.02685858, -0.011974566, -0.000742066, 0.007190895, -0.003109778, -0.017211173, 0.009845293, -0.012290337, -0.011260969, 0.0061566196, -0.0109030735, 0.00915315, -0.011823133, 0.0026855012, 0.005902052, -0.021123575, 0.030345269, 0.02311343, 0.007276872, 0.023473108, -0.015342553, -0.0040243845, -0.022988262, 0.011042213, 0.004488867, 0.008239627, 0.009808147, 0.012848467, 0.0019660853, -0.007893666, 0.016818654, -0.022035534, 0.021612287, 0.0100436965, -0.02710983, -0.005853454, 0.0042969175, 0.0016995324, 0.005743013, -0.0008414489, -0.006136188, -0.020787716, -0.020305153, -0.0013967607, -0.035247866, -0.0068202238, 0.00033749235, 0.028070254, 0.0042203083, 0.012605385, 0.011665568, 0.00090111926, 0.014938205, -0.012785519, -0.06410548, 0.031791802, -0.0024595857, -0.01734264, 0.0027154065, 0.0015958811, 0.020957213, -0.004489342, -0.0012637342, -0.029855972, 0.0024702363, 0.0024728165, -0.026424734, 0.012035089, -0.008405127, 0.020648442, -0.013100889, 0.013553845, 0.0108097, 0.0003646697, -0.0009499413, 0.011674664, 0.0008955103, -0.006290461, 0.019892786, -0.014395376, -0.016900333, 0.0029741123, 0.009465894, -0.022412783, 0.0066367276, -0.00020059655, -0.012204755, -0.012477734, -0.0047398573, 0.007752814, -0.019600287, 0.036146138, 0.0011254768, -0.04436319, 0.025262026, -0.011139566, -0.04649216, 0.0072487327, 0.025224319, 0.0068264543, 0.00019594317, 0.0025279382, -0.00022904386, -0.0057258694, 0.018938094, 0.016448203, 0.0065056602, 0.022070965, 0.008889822, 0.00075117714, 0.019980015, 0.018799497, -0.022517622, -0.0058336006, 0.0056829588, -0.017360428, 0.0120669585, -0.0028661734, -0.009711484, 0.03789955, -0.018846177, 0.0051614903, -0.010849166, 0.009253528, 0.0066949674, 0.02203547, 0.0102604395, -0.018905558, -0.010495167, 0.012197671, 0.018165356, 0.00094043824, 0.009128076, 0.013138824, 0.003479727, 0.008163852, -0.0056635733, 0.040460844, 0.020718172, -0.049452834, -0.005976917, -0.08854837, 0.01253764, 0.01991062, -0.01906601, -0.016850235, -0.0010904986, 0.015818138, 0.03785594, -0.009398813, -0.012694224, -0.02304312, -0.004099131, 0.007963785, -0.0055400333, -0.00093435036, 0.007920611, -0.042261582, -0.004797711, 0.03260391, -0.006367605, 0.00842556, -0.011039324, -0.012160803, 0.018042693, -0.016094383, -0.03692966, -0.005036815, -0.009269205, -0.021724446, 0.036661573, -0.009886437, -0.010638807, -0.0025213088, -0.012493288, 0.00023916534, 0.00191462, -0.011699131, -0.012334313, -0.0007307984, -0.0032944365, 0.013478149, 0.0011841238, 0.020628827, 0.004478283, -0.016576078, -0.019309595, -0.010730436, -0.016678657, 0.022785885, 0.001495602, 0.0031191728, -0.021294594, -0.030383881, 0.0021438918, 0.010418769, 0.020703705, 0.008269855, -0.030267874, -0.0011158482, 0.016267605, 0.00018733114, 0.011056086, -0.011196516, 0.0142256245, -0.022228476, 0.007886454, -0.022729546, 0.01581252, -0.03137661, 0.007830143, -0.013824695, -0.006130484, 0.01595028, 0.019359425, -0.0011390127, -0.026187645, 0.02677506, 0.012618488, -0.021320637, -0.01923085, 0.021420034, -0.00043222742, -0.011833156, 0.007187001, 0.0017840364, -0.017300464, -0.020281374, 0.006541528, 0.00020360269, 0.007919943, -0.016588531, -0.01659741, -0.007295511, -0.003563211, 0.0108229, 0.004373997, 0.012076759, 0.018901236, -0.008821894, -0.0002638563, -0.010937672, -0.022983953, -0.024033206, 0.012077879, -0.0075296727, 0.0031229043, 0.0053453986, 0.0056400644, -0.009890481, 0.0032713627, 0.017981865, 0.005847486, 0.011941826, 0.0066329576, 0.0054648616, -0.02231332, 0.0042224205, -0.012025474, 0.016562585, -0.020203535, 0.005454387, -0.0119686555, 0.0004816729, -0.0063434513, 0.0074199704, 0.017142538, -0.003428779, 0.01625193, -0.020798977, 0.00238238, -0.020611946, 0.043973997, -0.011042598, 0.0013139007, 0.0054620323, -0.005602347, 0.0032994687, 0.021887299, 0.0027318383, -0.002298145, 0.0031847756, 0.008354822, 0.0077096485, -0.0101858415, 0.013350279, 0.0036059935, 0.009555101, 0.0016333048, 0.0051997323, -0.01692013, -0.0050141057, 0.01011142, -0.00034499823, -0.013538817, -0.023800261, 0.00402309, -0.0044852896, -0.017037697, 0.018154424, 0.00013152014, 0.007100659, -0.0049212137, 0.003896894, -0.015845886, -0.013983054, 0.0009071123, -0.0052510663, -0.0007144744, 0.005974368, -0.0022320761, 0.011716337, 0.0059928843, 0.0091518145, -0.0047898334, 0.018842936, -0.0074414974, -0.0078074355, 0.0049866457, 0.005792679, -0.008446669, -0.01718125, -0.025392115, -0.011659801, 0.021631148, 0.012036659, -0.03348489, 0.013005124, -0.00814764, -1.9406736e-05, 0.006409036, 0.0090189865, 0.015334114, -0.02438199, -0.0023618208, -0.015998077, 0.0010991433, -0.02111801, -0.011464754, 0.0015375755, 0.0021165968, 0.008848092, 0.0004776269, -0.014336855, -0.015911346, 0.015987134, 0.020127475, -0.019305168, -0.009581213, -0.01752669, -0.009157631, 0.0042507155, -0.013030531, 0.018070318, 0.009808622, 0.006404271, 0.012980346, 0.014731176, -0.0039318483, 0.048977684, 0.002486659, 0.007024794, -0.015317175, 0.0028721695, 0.016341964, -0.018643362, -0.012603615, -0.016049648, 0.00012159191, -0.0120299775, 0.017164566, -0.009371484, 0.0062723635, -0.0034152798, 0.013958492, -0.018187903, 0.009281373, 0.006656691, 0.005038137, -0.012585823, -0.0025001692, 0.015623482, -0.005094914, 0.017008577, 0.0025468091, -0.013779506, -0.029930165, -0.006034792, 0.007433873, -0.011684622, -0.0087986095, 0.010010762, -0.0037724276, 0.017682128, -0.0081463335, 0.011068505, 0.0033515764, 0.024460254, -0.00952717, -0.013890779, -0.013514144, -0.0065193353, 0.0049532517, -0.010895403, 0.006035565, -0.018656757, -0.043688864, -3.917941e-05, 0.016995052, 0.027167931, 0.002752955, 0.026565047, -0.0044326466, -0.015267357, 0.0034396304, -0.014960715, 0.0067677214, 0.003139881, 0.0041452646, -0.005032021, 0.043770768, 0.007812794, -0.030042158, 0.006509544, 0.0058032637, 0.0031536664, 0.0008011204, 0.014528173, -0.018593313, 0.0021927492, 0.0074253064, 0.027726265, -0.004823409, 0.018733412, -0.020105187, -0.017460588, -0.0110809775, 0.01165335, 0.0074699987, 0.0044150203, -0.020489106, 0.00506689, -0.016026389, -0.00093246275, -0.0060635856, 0.0028851754, 0.01744734, 0.0092111165, 0.00061852654, -0.020711228, -0.00078374246, -0.002585833, -0.005124505, 0.013894871, -0.0026142213, 0.015504791, -0.017451812, -0.004332565, -0.030140836, -0.009178982, 0.047146294, -0.0008931562, -0.023025854, -0.0023223478, -0.011796672, -0.004841968, 0.0012366431, 0.0136298025, 0.008022716, 0.0009883589, 0.014735396, 0.010774685, 0.010431997, -0.027478497, -0.0057291808, 0.029318312, -0.01467252, -0.0023742057, -0.011349344, 0.004921446, 0.008520306, -0.00616379, 0.0009767333, -0.009485109, -0.032152705, 7.1362614e-05, -0.000401865, 0.005003272, -0.0047087846, 0.0031986854, 0.0034922073, -0.0075228093, 0.019879924, 0.0209171, 0.0038307842, 0.029647175, 0.005307233, -0.0045151887, 0.002395722, -0.009028167, -0.018529838, -0.019807385, -0.0073260437, -0.018006556, -0.018715322, 0.010308642, 0.0033997174, 0.002246592, -0.021494789, -0.0026658433, 0.018515995, 0.007827543, 0.00035458937, 0.0025121013, 0.015295812, 0.0031540766, 0.0014500811, -0.010277058, 0.007494356, -0.002181456, -0.010236982, -0.018089881, 0.0018667375, -0.0029473251, 0.00084071636, -0.002486506, -0.015961964, 0.010305041, 0.0035647163, -0.015666746, -0.012218011, 0.008961683, 0.0118840765, 0.01108944, 0.020258259, -0.010540019, 0.009597397, -0.015251235, -0.0037097223, -0.016836809, 0.029999679, 0.007977247, 0.009763343, 0.008173231, -0.0052583083, 0.018751398, -0.0032273303, 0.024189482, 0.0034534754, 0.014152937, 0.0091312425, -0.008413474, 0.0047509316, -0.0021118277, -0.023973968, -0.01725043, 0.04483253, 0.005029062, 0.0020920453, 0.025551269, -0.030076874, -0.009966562, -0.006224045, 0.0067221695, 0.003443057, -0.003679364, -0.006215137, -0.018824808, 0.00037211325, 0.011073424, 0.008734024, -0.009873987, -0.0101671005, 0.019029967, 0.011421379, -0.0064586643, 0.013917463, -0.011005848, -0.01682143, 0.0089607965, 0.0026684972, -0.0026217285, 0.031638727, -0.006232171, -0.0025972102, 0.0074211927, 0.0033439717, 0.0100845285, -0.012083847, -0.0074256854, 0.004955871, -0.018848669, -0.003317994, -0.01429556, -0.0064353216, -0.0004712234, 0.0051983157, -0.005318622, -0.0068009365, 0.0020189176, 0.006773026, -0.019558348, 0.0027036413, 0.009463542, 0.0054288637, -0.026715385, -0.018086655, -0.020667357, -0.01156434, -0.023039592, -0.0035443772, -0.014769227, 0.0043251314, -0.041702025, -0.045421273, -0.00020351764, 0.0009740646, -0.016451776, -0.00047104896, 0.020188164, -0.00280234, 0.0078731645, -0.023825528, 0.0024666644, 0.010978396, 0.0061869677, -0.003667863, -0.0071049393, -0.012967579, -0.016033564, -0.01544243, -0.009458807, 0.0054463684, -0.010960923, -0.019990085, -0.0006536474, 0.0058667623, -0.0069164718, -0.005835755, 0.011189147, -0.0072619473, -0.00042315575, -0.00455112, -0.0031271419, -0.0031638325, -0.0037624736, 0.0017687707, 0.0035144482, 0.01987545, 0.0015879027, -0.028222209, -0.007767679, 0.0077489163, 0.007815783, -0.009599858, 0.019431362, -0.008854525, -0.00262517, -0.011554143, 0.00781744, 0.003945903, -0.019331861, -0.0014344984, -0.0025964647, 0.0009997527, -0.0011887895, 0.0012309613, 0.0016559247, 0.0068998956, 0.031167576, -0.02812319, -0.0010438397, 0.008149619, -0.013001473, 0.0071272897, 0.000967086, -0.013559805, -0.014868946, -0.0098458985, 0.027593032, 0.011757191, 0.002057387, -0.010147367, 0.005037538, -0.0019776376, 0.06899718, -0.02318037, -0.04464833, -0.01462664, -0.008044, -0.014122269, 0.017905574, 0.014583578, -0.0022386112, -0.008747758, 0.0010440233, -0.0036740287, 0.01431785, -0.004240657, -0.0001320142, -0.009253405, -0.014148738, 0.015275327, -0.010603029, 0.008326561, -0.013737242, -0.0076893875, 0.014141488, -0.0129115395, 0.0029244148, 0.0077280696, -0.019445553, 0.010238084, -0.0014131815, 0.014547018, 0.015832143, -0.025915751, 0.0036258674, 0.004754371, 0.0037283844, 0.0017947616, 0.0033204448, -0.007913218, -0.015325489, 0.0029448664, -0.026463032, -0.00682414, 0.0050469562, 0.0033971244, -0.0044308733, 0.0036086037, 0.0014934813, -0.012774267, 0.020245474, 0.010926611, -0.0044948584, 0.0065545193, -0.00046963562, -0.010144164, 0.022845086, -0.010040716, 0.03496572, -0.029739473, 0.008758709, 0.017759316, -0.018515453, 0.0027442926, 0.027385943, 0.0100641865, 0.023522608, -0.016495112, 0.028475447, 0.04148518, 0.0073153274, -0.010466842, 0.008337873, 0.012407149, 0.008602655, -0.0033215515, 0.010707243, 0.009545598, 0.015346938, -0.018487733, -0.0050996, -0.0046289745, -0.016057756, 0.00478367, 0.015387541, 0.0018014339, -0.0130394045, -0.012439259, 0.0015276441, -0.005868369, 0.0025892693, -0.00046013747, -0.0012905231, -0.000461032, 0.0007642093, 0.0052384, 0.0073529314, -0.0104751745, -0.0058481107, -0.0056127, 0.0006949521, 0.01374475, 0.009265, 0.007386884, 0.008239102, 0.004885561, 0.008756583, -0.005753782, 0.010752123, -0.0005733121, -0.02767814, -0.028545354, 0.00853782, 0.01023342, 0.00022945844, 0.021493016, 0.0017608454, 0.008649278, 0.022445127, -0.0056508505, 0.0011108182, -0.005038763, 0.022332514, -0.00019170958, -0.0009426164, -0.02906645, -0.007574672, 0.0032303524, 0.02737294, -0.011173311, 0.008278667, -0.008424779, 0.03676034, -0.018174272, -0.0052507343, -0.0013754284, 0.014262845, -0.016686006, -0.032394476, 0.015406437, -0.009033065, -0.010937812, -0.0013053037, 0.013348914, 0.16974735, 0.12098358, -0.0066459724, -0.0076124943, 0.024834944, 0.011801579, 0.0070486786, 0.011967237, 0.008864261, 0.0019846032, -0.005558589, 0.003283648, -0.011272392, -0.016766025, 0.007663185, 0.0011808492, 0.01436553, -0.015485568, -0.013107899, 0.0267515, 0.008755088, 0.028040426, -0.014380746, 0.008635091, -0.022471478, 0.002999854, 0.020634504, 0.00867146, 0.007151137, 0.0037614158, 0.0005145968, 0.011144248, -0.010795813, -0.01320398, 0.016803415, -0.0052583767, 0.000779047, 0.007675746, -0.002297022, -0.011206396, -0.01833102, 0.002375897, -0.0065488587, -0.004450469, -0.00945776, 0.0040025488, 0.010725497, -0.0038827222, -0.011825773, 0.018396376, -0.007406358, -0.017028596, 0.007919208, 0.006635748, -0.0094747115, -0.011465143, 0.0049931617, 0.0037325209, 0.0028166894, 0.005975347, 0.031601164, 0.006544277, -0.022568075, 0.00051246036, -0.013617394, 0.018113228, -0.010148843, 0.010980052, -0.014567025, -0.0064417156, 0.0082904715, -0.013159238, -0.011262077, 0.0044206213, -0.0027700828, 0.0050125546, -0.006614485, 0.013466873, -0.011285307, -0.00034845006, -0.0062296847, 0.0026503156, 0.009497232, 0.017740084, -0.024830014, 0.015968103, -0.0012479741, -0.014414617, 0.09305356, 0.012658021, 0.00690433, -0.01519188, 0.024512457, 0.012739646, 0.01731794, 0.055559795, 0.012323117, 0.0017032106, -0.0055679753, 0.004369991, 0.012323355, -0.026607245, 0.0035066549, 0.024297444, 0.015105677, 0.05052964, -0.012273025, 0.0036545207, -0.019288436, 0.023204146, 0.01475124, -0.0021627145, 0.0052586463, -0.018335992, -0.0031597323, -0.0038369421, -0.014714512, 0.012208222, -0.107614964, -0.009625724, 0.014304698, 0.010058894, -0.008934297, 0.022985328, -0.016740466, -0.012118642, 0.005762834, -0.008667066, 0.0037998017, -0.005088956, 0.003972642, -0.013432941, -0.007198923, 0.021849206, 0.011549706, -0.009042149, -0.0071458225, 0.0056958417, 0.00453191, 0.0037677803, -0.019636087, 0.00060653314, -0.001291188, 0.015272549, -0.0051617464, 0.0096201645, 0.010083687, 0.010063326, 0.00011795533, 0.022968154, -0.0103658885, -0.00026021394, 0.008298442, 0.013097489, 0.003171399, 0.011750614, 0.0059946678, -0.022197444, -0.0011112847, -0.016150042, -0.021699388, -0.037765857, 0.005225443, 0.01096793, -0.0023730455, -0.0066241324, -0.005964581, -0.013339768, 0.024020525, -0.02887289, 0.02012994, 0.001466049, 0.006147847, 0.023234598, 0.029870344, 0.010989565, 0.0014848809, 0.015814634, 0.024792515, -0.007130093, -0.0025316079, 0.015887873, 0.0068283724, 0.0025791463, -0.005549439, 0.003664348, 0.0035812606, -0.030834518, -0.02876618, 0.0033704238, -0.00086062524, -0.008810541, -0.0182734, 0.012437213, -0.025715068, -0.031378474, 0.017557325, 0.007009197, 0.0024140975, -0.0041732076, -0.0029846083, 0.112742245, -0.018447531, -0.006945506, 0.008479978, 0.003951534, 0.0060937437, -0.0064761266, -0.0135618765, -0.020439124, -0.010301295, -0.03613966, 0.028461227, 0.010236358, -0.0011546232, -0.008276488, -0.007485489, 0.026045753, -0.003599785, 0.0054542143, -0.023533277, 0.004002593, 0.0043435954, 0.018800395, -0.008465646, 0.0072331624, -0.01585323, -0.011041519, -0.022992695, -0.0049646706, 0.011508245, 0.008783678, -0.009129522, 0.017790806, -0.0013945757, -0.012635618, -0.00614618, -0.0017241723, -0.0059699262, 0.0041796076, 0.0017742357, 0.00037379007, -0.0027929835, 0.004638548, 0.0027107296, -0.03022592, 0.1940026, -0.006360342, -0.012356607, -0.0033556556, -0.009708536, 0.006953745, 0.0059921523, 3.485163e-05, -0.014812582, -0.00093874155, 0.008422259, -0.00849963, 9.474649e-05, -0.005252397, -0.0050931014, -0.0035627696, -0.018580317, -0.006431188, -0.00026473022, -0.018014623, 0.015868582, 0.014593301, -0.007908177, 0.019173754, -0.0046510897, 0.0010356583, 0.0028314523, -0.0030939856, 0.033229157, 0.019780507, 0.012843349, -0.015543125, -0.0032710428, -0.0044741533, -0.013734723, 0.0042717676, 0.020277917, -0.010561578, 0.016782029, -0.0106064575, -0.017191889, 0.02043074, -0.0092843855, 0.015494473, 0.018035585, -0.019593157, -0.034022857, -0.003100002, -0.015412056, -0.005005338, -0.014882317, 0.017541347, -0.024344087, -0.02700314, -0.005816215, -0.01256866, -0.021089975, -0.0146517875, 0.009737975, -0.009959362, -0.010107801, -0.0025403663, -0.014161156, -0.03154723, 0.013763632, 0.0036106429, -0.014492395]"
Nuevos jueces de Aguascalientes y Coahuila heredan mas de 100 mil casos pendientes,https://oem.com.mx/elsoldemexico/img/25476623/1756495694/BASE_LANDSCAPE/1200/image.webp,no especificado,"Hay asuntos que datan de 20 anos atras, mas los que se suman a diario y que deberan atender los juzgadores electos a raiz de la Reforma Judicial",https://oem.com.mx/elsoldemexico/mexico/nuevos-jueces-locales-recibiran-mas-de-100-mil-casos-pendientes-25476008,"[-0.002083038, -0.01771033, 0.009469321, -0.06506528, -0.015446937, -0.013936509, 0.00906444, 0.020989759, -0.0070164604, 0.037706666, -0.022692174, 0.010897833, 0.0134523865, 0.005260624, 0.11502911, -0.004444357, 0.009012512, -0.007295761, 0.0015272672, -0.017670993, 0.01237192, -0.00029187146, -0.012912035, 0.00074296753, 0.018059283, -0.020479422, 0.026265463, -0.0021739847, 0.055185206, -0.025923634, -0.011643235, 0.017185064, -0.0050735036, -0.014586609, 0.012017501, 0.016386623, -0.008531712, -0.015162944, 0.02127398, 0.028079353, 0.023118949, 0.014049624, -0.023209792, -0.0073786224, -0.032373454, -0.011205175, 0.014783711, -0.032882143, -0.009459902, -0.0020771383, -0.0051770965, -0.03236397, -0.003238332, -0.16287805, -0.021970987, -0.0097434735, 0.0051636384, 0.017228939, 7.807103e-06, -0.0014695937, 0.0060212784, 0.02059861, -0.04659514, -0.02345728, 0.024742074, -0.01566312, -0.01862494, 0.0028873475, -0.027936049, 0.0010225285, 0.011915253, -0.001350043, -0.0012742479, 0.0036579163, 0.035245568, -0.017145956, -0.002487353, 0.027705763, -0.019049793, -0.006664492, 0.009030919, -0.02631685, -0.00092602184, -0.0008134636, -0.020297155, -0.0071723894, 0.0072198566, 0.0090010585, -0.0052862526, -0.006530471, -0.014551664, 0.0062531033, 0.0061620576, 0.004788685, -0.03391938, 0.0069302474, 0.039273124, -0.009985401, -0.0039144657, -0.02366593, -0.017727273, -0.016467268, -0.0112020215, 0.013023803, 0.03119288, -0.007782788, 0.016695533, -0.0034917686, -0.012448862, 0.041485004, 0.006119986, -0.01039695, -0.01825, -0.008682184, 0.0071954317, -0.12195214, -0.02579183, -0.013670754, -0.0069138315, 0.0034350345, 0.0034753492, 0.025724998, 0.0058957585, 0.017828962, -0.025766162, -0.030161906, 0.01488961, 0.0069215647, -0.01556639, 0.004539901, 0.00819878, 0.0035688775, -0.0043322016, 0.007025622, -0.016561318, -2.956393e-05, 0.02711516, -0.016199479, 0.006393284, -0.022477763, -0.0052260747, -0.017770395, 0.01461634, -0.005116958, -0.02197188, 0.016298588, -0.00046226688, 0.006598076, 0.002810112, -0.013725807, 0.006095591, -0.024371974, -0.018513614, 0.014864324, 0.0028869074, -0.021335902, -0.005826005, -0.002498664, -0.0088233445, 0.002272359, 0.007213054, -0.0156035265, 0.01184489, 0.013138901, 0.0054863393, 0.022898192, -0.01635136, 0.04104671, -0.014345371, -0.010479647, 0.006855637, 0.008325921, -0.0068170386, -0.0063306433, -0.012984032, 0.020663137, -0.03409235, 0.0054124906, 0.019935466, 0.017391296, 0.012968999, -0.03233772, 0.009002513, -0.0016995372, 0.005900643, -0.036636714, 0.007788146, -0.010545359, -0.00016456819, 0.024588488, -0.023171425, 0.026224213, 0.0256827, -0.0076657217, -0.02175943, 0.010508052, 0.018918633, -0.0072245584, 0.015887205, 0.016135471, -0.00011675608, 0.027091382, -0.0019226628, -0.021352023, 0.0017499955, 0.037467718, -0.023862677, 0.03161727, -0.009784594, 0.01652011, -0.010977304, 0.009973059, -0.017579433, -0.00979371, 0.012742663, -0.0049844254, 0.008219318, -0.0043604495, 0.02279067, -0.032469574, -0.026661392, -0.018692208, 0.0071087154, 0.0370716, -0.020664837, -0.016707117, 0.008477903, -0.013889774, 0.014308451, -0.007931071, 0.037096836, 0.026907025, -0.02085766, 0.016734667, 0.027260322, -0.021330154, -0.002067638, 0.00096154836, 0.03854892, 0.034084592, -0.01225631, 0.013032929, -0.010200154, -0.0052805836, 0.010414933, 0.0036199463, -0.022044536, 0.008148057, -0.0012216705, 0.012824466, 0.018685305, 0.03544497, -0.003945264, 0.0033476301, -0.007405957, -0.0014823768, 0.013453209, 0.03389376, -0.029036475, -0.021127606, -0.027796574, -0.004609148, -0.026459357, -0.0066351863, -0.020728897, 0.00039389462, 0.009651071, 0.010141358, -0.035724442, -0.0048258295, -0.0033988315, 0.028542023, 0.019425133, -0.014226148, -0.013181281, -0.021217946, -0.052820392, 0.008899126, 0.011401338, -0.029434659, 0.0017777934, 0.008638935, 0.015180676, 0.009307934, 0.0061893933, -0.0033860335, -0.0074057197, 0.008653331, -0.0041440357, -0.031688977, -0.009113628, -0.0036802029, 0.005849922, -0.022472743, -3.504886e-05, -0.020042524, 0.011262566, 0.010623161, 0.038158767, -0.006534036, -0.01111405, -0.021857467, 0.007885919, 0.034423355, 0.014216725, -0.008003948, -0.0063263215, -0.007290448, -0.001093835, -0.0009020314, -0.015218688, -0.0115247695, 0.02092703, -0.010340275, -0.0014429003, 0.0019833152, 0.025099486, 0.01703166, 0.017382601, 0.0006106751, -0.0088046845, -0.020594224, -0.0017445064, -0.02193616, -0.020583417, 0.0065353974, -0.0068218443, 0.022636931, 0.0035657147, -0.023375437, -0.008545828, 0.036373876, -0.020391481, -0.0017583761, 0.009423316, 0.003127023, 0.0008027165, -0.011078909, 0.006626106, 0.013203372, -0.0095853545, 0.0041247103, 0.0013330117, -0.0043252185, -0.025705215, 0.027012656, -0.0008254256, -0.004613586, 0.02064723, -0.023426209, 0.017683312, 0.020064965, 0.016387027, -0.0032834492, -0.025662856, 0.02744641, -0.023019426, 0.011956232, -0.02888436, -0.0018796358, 0.01612847, 0.028161388, -0.0011677644, -6.192465e-05, -0.011673917, 0.013442807, 0.018010141, -0.02610079, -0.039606407, -0.024944475, 0.0023889837, 0.0128802555, -0.015310135, 0.020575726, -0.0009699047, 0.014200541, -0.0054481225, -0.016431846, 0.016928904, 0.0073229996, -0.0026366133, -0.024439126, 0.0035499276, 0.016308669, -0.017199332, -0.008067148, -0.010008724, -0.023469143, -0.008175694, -0.009295367, -0.011476718, 0.036322158, 0.007529116, -0.016080888, -0.022763029, -0.013644493, -0.01450579, -0.01894059, -0.02648028, 0.007789706, 0.0020591533, -0.01600843, 0.002719785, 0.012039321, 0.0027351761, 0.038045123, -0.0038355137, -0.016884342, -0.019183395, -0.0072513637, 0.006563114, 0.00013627196, 0.034054648, 0.022597041, 0.005719486, -0.010080751, -0.0059745614, 0.026004242, 0.0123032415, -0.007767553, -0.0075785434, 0.042487487, -0.021148646, 0.013575859, -0.010090448, 0.0053886054, -0.00042891793, -0.0084279915, 0.015551326, -0.03178736, -0.011303385, -0.029933555, -0.026877716, 0.005956913, -0.020844389, -0.00089668884, -0.006698408, -0.015323537, -0.023133932, 0.0025372826, 0.020438358, 0.01338686, -0.0074806614, 0.013409899, 0.045947127, 0.0192258, -0.02617894, -0.018424748, 0.00097450404, -0.026345704, 0.02172665, 0.02693397, 0.00069082, -0.0028608316, 0.008636282, 0.012756101, 0.010122786, -0.021195311, 0.028472032, 0.0065089907, -0.0027386898, -0.030085221, 0.0036556923, 0.0048756353, -0.008011038, 0.011606796, -0.022028586, -0.016043797, -0.0059061926, -0.00032908496, -0.04923054, -0.03258439, 0.0035185628, 0.01358742, -0.022009151, 0.011194354, 0.004115318, -0.00033856303, 0.004811528, -0.043533802, 0.017353598, -0.01630425, -0.010451739, -0.030136429, 0.03734762, 0.01730147, 0.012597027, 0.041818656, -0.011531375, 0.00917495, -0.021166855, -0.029579138, -0.008509172, -0.03162104, 0.0015379258, -0.023869373, -0.009960514, -0.026827289, -0.0048132148, -0.004230559, -0.0041209618, 0.027561305, 0.0018143198, 0.0075501744, -0.031552486, -0.019687146, -0.0030191091, 0.023817312, 0.009369022, -0.015037245, 0.00322967, 0.012969354, 0.038695257, -0.002689843, -0.020344537, 0.023675786, 0.0038694185, 0.010571873, -0.027545907, 0.0042863446, -0.022818903, -0.0049618836, -0.016477222, 0.028729774, -0.0014859487, -0.0038101627, 0.0123207765, 0.005109001, 0.012466225, -0.025189886, -0.031918835, 0.014873256, -0.01254996, -0.02410663, 0.012496951, -0.017726796, -0.017208513, 0.015006882, 0.0007077385, -0.010779341, -0.023149448, 0.013655996, -0.032543004, 0.0019474336, 0.016902598, -0.08297926, -0.0062811226, 0.01599161, -0.016970573, -0.025651794, 0.0011946615, 0.021388453, -0.0033447212, 0.015114135, 0.023327807, -0.016730847, 0.010360557, 0.0028791549, 0.00070299115, -0.027908, -0.035298795, 0.0072582234, 0.006643197, 0.013568725, 0.011347714, 0.008205356, -0.0013214025, -0.02175028, 0.0037081868, -0.001723502, -0.0030938145, 0.01767114, -0.023955505, -0.006029273, 0.0060655717, -0.0097134495, -0.0073937047, -0.0025627594, 0.016237507, -0.0030972753, 0.0027800985, 0.006067407, -0.015585673, 0.008396179, 0.023068378, 0.038310416, -0.01905789, -0.01823506, -0.03402222, -0.019294444, 0.014988941, -0.012432957, 0.02178296, 0.016481768, 0.00032548455, -0.019915612, -0.013783094, 0.005921742, 0.02099301, -0.008033497, 0.012617997, 0.0058409236, 0.017758407, 0.0048479987, 0.0084089935, -0.011781641, -0.024620049, 0.013392282, 0.019139519, -0.014646889, -0.015734866, -0.0359161, -0.007910131, 0.045278028, 0.00200969, -0.01594093, -0.017276585, 0.0071864054, 0.039312646, 0.012470759, -0.015560473, 0.018575776, -0.033474628, 0.0076829405, -0.01980292, -0.045784406, 0.0423813, -0.10037967, 0.008507613, -0.011866075, -0.025882848, -0.028266959, 0.009903307, 0.0021276819, 0.005473518, -0.015194379, 0.0038319512, -0.016649814, 0.01844129, 0.02503634, -0.016723659, 0.022862885, 0.014740013, 0.021237211, 0.009666605, -0.019212496, -0.029712861, -0.016312415, -0.014389658, 0.019650653, 0.007638934, -0.010721613, -0.00421255, -0.004084676, -0.009563145, 0.0071413065, -0.022211868, -0.024528928, -0.14371914, -0.020960037, 0.015092591, 0.008742536, 0.0108013665, 0.0016513286, 0.013790669, -0.00596321, 0.014123275, 0.006090601, -0.014145542, -0.020902982, -0.015307121, 6.079745e-05, 0.026011603, 0.10787944, 0.00502378, -0.019715812, 0.021698372, 0.0043473304, 0.005440851, -0.019000249, 0.025833644, 0.003968361, 0.013657282, 0.014131558, 0.018717073, -0.023030885, -0.041950773, 0.011619625, -0.0075288, -0.0048500053, -0.017517835, -0.00025272643, 0.015095694, 0.0068487674, 0.0033199142, -0.019100893, 0.017544944, -0.0058701145, -0.021095306, 0.0177629, -0.014344747, 0.017980991, -0.018967625, -0.035919707, 0.0058727763, 0.0064612557, -0.023839295, 0.03522752, -0.022924388, -0.079822436, -0.009686978, 0.02628811, 0.010854334, -0.01393496, -0.024836626, 0.016298572, -0.016877165, 0.0049239537, 0.0150076775, -0.006973645, 0.021039026, -0.0005609282, -0.0041508554, -0.016038382, -0.0062199277, -0.00059683365, -0.006802204, -0.015747197, -0.02499306, 0.017805485, 0.0042593237, -0.047719736, 0.0014007356, 0.009346538, -0.02078197, -0.008962761, 0.0025241459, 0.01097135, 0.027082084, 0.033141628, 0.033090964, -0.0010606679, 0.004449229, -0.0015834755, -0.007636122, -0.024146918, 0.013971727, 0.011503583, 0.01430685, -0.010155406, -0.003623344, 0.010727962, 0.04863025, -0.0071921763, 0.019495886, 0.0053526056, -0.0111335525, 0.00054254173, 0.022673288, -0.018617356, 0.008538114, 0.00544207, 0.008929291, 0.017030356, 0.011170148, -0.01632471, -0.0020745182, 0.0068723387, 0.0055804923, -0.0010182854, 0.007286092, -0.013603228, -0.0042367904, 0.011786603, -0.009442147, -0.00286379, -0.015791023, -0.023334036, 0.003701879, -0.020563873, -0.008297146, 0.010618642, -0.0061195632, -0.008149443, -0.014609949, 0.003321059, -0.01889932, -0.040123258, 0.0050258306, 0.013179665, 0.009527317, 0.0050109695, -0.016048437, 0.008365473, 0.0019245681, 0.0107519915, 0.009041532, -0.0089984, 0.0030902172, -0.0069289897, -0.0036261266, -0.010405719, 0.008895973, 0.005810602, -0.012866412, -0.010613191, -0.0025887, -0.0073157884, -0.0070450976, -0.025443317, 0.0062728478, 0.017154617, 0.002351427, 0.0044209897, 0.014813309, 0.0062174243, 0.00039956823, -0.004144947, -0.009436396, -0.0075297533, 0.016582275, 0.004094471, 0.00017201512, -0.008115164, 0.0065028253, -0.009795169, -0.0032821188, 0.014820771, 0.0096177915, -0.016278408, -0.00066949264, -0.008439034, 0.013557889, -0.0040646554, 0.01208813, -0.014695177, 0.0026313255, 0.019725844, 0.012834849, 0.017709473, -0.0073264027, 0.0004063093, 0.013315114, 0.010210883, -0.013694481, 0.006974724, 0.0024523847, -0.0015166248, -0.0027003025, -0.01679512, 0.026973004, -0.01430706, 0.00052048493, -0.008827868, 0.000858378, -0.00046235952, 0.00036346694, 0.007764566, -0.00763505, -0.007141917, -0.0015140038, 0.00012735231, -0.015435377, -0.004411276, -0.015773397, 0.013141636, 0.023228182, -0.0035254525, 0.016629826, -0.012870614, 0.010042954, 0.008701283, 0.00065346225, 0.0035190315, -0.0045670285, 0.010579425, 0.006062028, -0.0011035692, -0.0076244213, -0.014195861, -0.004556372, -0.0015607094, 0.011299644, 0.000557963, 0.00026236594, -0.003188516, 0.0039692353, 0.010936921, -0.00076629774, 0.012448042, 0.027633687, 0.006501127, -0.008913998, -0.0063478076, -0.0042514866, -0.001521394, 0.0088083325, 0.0033657812, 0.0040581394, -0.0031047268, 0.0013458414, -0.0075399587, 0.011993034, -0.0079265265, -0.008674067, -0.0012354144, -0.012146306, -0.00764848, -0.00012198216, -0.0047081867, -0.007242079, 0.004570069, -0.015702164, -0.0052907527, 0.001065624, 0.025536964, -0.009858357, -0.010818625, -0.011409086, 0.010179317, -0.0038554065, 0.012645905, 0.0018817936, 0.0056737075, -0.0004012717, -0.014913644, 0.012170684, 0.002095833, -0.0060461466, 0.014018685, 0.0077347173, -0.012433993, -0.024298957, 0.016358925, -0.007299102, -0.023534155, 0.009958546, -0.011757556, 0.004681074, 0.014294153, -0.013757228, -0.0020593202, 0.0069599417, 0.008318143, -0.0020332069, 0.010047165, -0.002628314, -0.021343116, -0.021084923, 0.0018979448, -0.0035515863, -0.0020775069, 0.013047572, 0.01862751, 0.0057810275, -0.017051006, -0.017156845, -0.014111098, 0.011245751, 0.00795155, 0.0092045, -0.005648148, 0.01396885, -0.008156454, -0.0062716836, -0.0028327901, 0.037788652, 0.008051302, 0.08103927, 0.007773286, 0.009184656, -0.009231371, 0.015041984, 0.004560513, -0.003217319, -0.019015832, 0.00043137872, -0.008508961, 0.0016841803, -0.0014442322, -0.011421486, -0.016935606, 0.010459633, 0.014524157, 0.012649585, 0.018414518, -0.021840703, -0.0057481043, 0.020049507, -0.005895171, -0.0012371718, -0.0032759728, -0.006928656, -0.011547524, -0.0033938938, 0.0077537973, -0.0020796012, 0.0030198256, 0.0010559759, 0.0063227657, 0.0016689667, -0.011923616, -0.01668964, -0.017359924, 0.0043194927, 0.017986495, -0.009772986, 0.02905838, -0.010052609, -0.014348061, 0.0103280395, -0.009108423, -0.012375871, 0.005382258, 0.002244574, -0.011508075, -0.0068091634, 0.001060261, 0.006155146, 0.01938705, -0.017971141, -0.010853598, 0.00088691514, 0.0022208358, -0.0040156185, -0.00021064423, 0.009745487, -0.019825215, 0.0035706856, 0.010029755, -0.011687286, 0.005032369, 0.0013444296, -0.008822163, -0.0015398379, -0.005831354, 0.011335658, -0.0050778314, 0.0001660428, -0.021285232, -0.011315366, -0.0055508553, 0.040166885, -0.0073118764, 0.00900029, -0.0072688675, -0.006774802, 0.008199948, 0.011207082, 0.0007716512, -0.01418817, -0.0022489438, 0.0029571238, 0.0039575854, 0.010213678, 0.006203276, 0.011882732, 0.009444025, 0.015856585, -0.007656814, -0.002129935, 0.0036654496, -0.0071658716, -0.016596448, 0.05360674, -0.0027849616, 0.0076685017, -0.0057142996, 0.022119228, -0.010564981, 0.010594011, 0.011049768, 0.008383981, -0.0067101335, 0.012197319, -0.004984568, 0.0008951289, -0.027812878, -0.002191029, -0.0029105474, 0.02158096, -0.009366188, 0.0035570322, 0.017270746, 0.02062094, -0.004239736, -0.0056795077, 0.0049601565, 0.0037654203, 0.0029348584, -0.0057706432, 0.0025414925, -0.0034209301, 0.0029591569, 0.005876059, 0.019900043, -0.0051720235, 0.002119664, 0.011913951, -0.013436224, 0.006802226, -0.014699137, -0.0050259535, 0.018600265, 0.0123151345, 0.015480353, -0.00093477167, 0.019417893, -0.00051691115, -0.009576205, -0.011899328, 0.016749682, 0.0010265149, -0.005015094, 0.021215897, 0.0060500125, 0.014944345, -0.0025993094, -0.016741509, -0.0027147825, 0.0025678459, 0.0056191524, -0.020421112, -0.0017724939, 0.0044225934, 0.018649459, 0.0006189001, 0.012050574, -0.010223837, 0.0069106724, 0.021455731, -0.022288106, 0.00031186044, -0.01063689, 0.01212699, 0.011101721, -0.01226767, 0.0072212075, 0.001418713, -0.0137386285, -0.0013359895, -0.0014718511, -0.0070591634, 0.011103826, -0.008609832, -0.006516222, -0.0121269915, -0.0003758237, -0.0019860382, 0.019219307, -0.019181354, -0.017401053, -0.0042450577, -0.018423263, -0.0046380186, 0.010939568, 0.0046988563, -0.017089669, -0.01570543, 0.008193386, -0.00492799, -0.002507205, -0.00959993, -0.007899682, 0.011027056, 0.019612992, -0.0015267971, 0.027320184, -0.022237869, -0.010918072, 0.020566652, 0.009877215, 7.4858544e-05, -0.0047478494, 0.0056965956, 0.009486921, 0.006528624, 0.014031401, -0.011807353, -0.01923057, -0.014658406, 0.028565835, 0.0022299734, -0.0031359773, 0.01802042, 0.0077271727, -0.0017541569, -0.019793788, -0.0144895585, -0.009548579, -0.020492831, 0.00706359, 0.0021802124, -0.015849704, 0.0045266678, 0.0088394135, -0.004177643, -0.00992019, -0.0023955465, -0.0058188234, -0.017931111, -0.0006011013, 0.0038973093, -0.0063364133, -0.009099006, -0.020386921, 0.010820535, 0.0073844483, -0.0036083385, 0.0011896265, -0.023872469, -0.0091949655, -0.008077913, -0.001613928, -0.026886694, 0.00781494, -0.0039109066, -0.0071004373, -0.01970295, 0.011354611, -0.008412905, -0.002653842, -0.005720967, 0.0008637012, 0.0008356989, -0.02170449, 0.0018882788, -0.008900018, 0.02044203, 0.020674694, -0.023137862, -0.0011693306, -0.015080305, -0.018138034, 0.0045364816, 0.009286008, 0.0030744956, 0.005673716, -0.007454407, -0.018865636, -0.00031436447, -0.0015585017, -0.0134145785, -0.0028322074, 0.000497711, 0.0015151112, -0.0028457777, -0.0051609487, 0.01774009, 0.015466452, -0.0058332053, -0.005077445, 0.0071448856, 0.024264038, 0.0015304483, -0.011425772, -0.003849122, -0.016171722, 0.010058766, -0.00019842277, 0.0013411624, 0.012101794, -0.02050443, 0.0029440215, 0.0011722872, -0.0033965749, -0.004162011, -0.019219382, 0.011131106, -0.00013774334, -0.0121890195, 0.0106899785, 0.008295377, 0.0014153806, 0.0049151536, -0.0031801227, -0.0012639231, -0.01875679, -0.003078027, -0.018691543, 0.0052322512, 0.03174336, -0.0012192962, 0.0047508026, -0.0036004009, 0.019701386, -0.01449604, -0.010721961, -0.011932748, -0.015165029, -0.012521196, 0.003822242, -0.015246508, -0.01684787, 0.006436076, 0.0048041516, -0.020399543, 0.012209887, -0.015296245, 0.0035771185, -0.016651586, 0.01722761, 0.00951869, -0.008816342, 0.027943332, 0.0018614352, -0.013569415, -0.018977925, -0.009893471, 0.0062807896, 0.0040162806, 0.0032171784, -0.022640865, -0.020820903, -0.0010839609, 0.0125257615, -0.0018569402, 0.008234321, -0.013566781, 0.0135487905, -0.0017488189, 0.0009862899, -0.012673564, -0.0034406164, 0.01475188, -0.015325764, 0.0052500265, -0.003978882, 0.0068270694, -0.0044897343, 0.008851236, 0.011000547, 0.0064365966, -0.0017509551, -0.0011150244, -0.024987899, 0.0059622535, 0.01043453, 0.015091261, 0.0019615414, 0.005084383, -0.0045749163, -0.01452055, 0.01455705, 0.008201471, -0.012145555, 0.018357677, 0.0076837875, 0.0046106903, 0.003536955, -0.0052693854, 0.0028272173, -0.00985123, 0.011388443, -0.0038409694, 0.0030673156, 0.002401128, 0.029145539, -0.002890176, 0.004858756, -0.01475101, 0.010247195, -0.011058813, -0.015514453, -0.01663811, 0.033841893, -0.0022440185, -0.014985813, 0.014901485, 0.0019776095, -0.009699451, -0.0016848588, 0.020017084, 0.002816951, -0.012051802, -0.0024177057, 0.018211855, 0.0006900407, 0.0073102005, 0.0033464942, 0.005835186, 0.0060722115, -0.008104596, -0.0030229192, -0.004163625, -0.0023651368, 0.0050067664, 0.0031677221, -0.010257108, 0.0292342, 0.01529833, 0.0058276174, 0.0042242547, 0.0116735725, -0.009158426, -0.008145484, 0.022554472, -0.008177728, 0.01600043, -0.014362349, -0.0130957775, -0.012421603, 0.0054355417, 0.0069491393, 0.009119119, -0.009309977, -0.000801069, 0.027172504, 0.0011776431, 0.0040732287, -0.010447362, 0.014667499, -0.0073640165, -0.008137061, -0.0038905202, 0.0061915116, 0.0018013209, 0.0040670238, 0.012060911, 0.0044838605, 0.0026930522, 0.005397859, -0.0050799204, 0.009911418, 0.0043852455, -0.004737036, 0.0060432972, -0.0033297902, -6.1630544e-06, -0.0021189537, -0.08194298, 0.012924174, -0.0042837975, 0.0119610885, -0.0045965426, -0.0035543414, 0.0143443635, -0.008177138, -0.01548621, -0.006132571, -0.012162852, 0.002489137, -0.017569112, 0.01015955, -0.0034870633, 0.004140766, 0.0015939754, -0.009131477, 0.00502528, -0.018562336, -0.0060582487, -0.002747444, -0.00733998, 0.0041262545, -0.004662342, -0.0018361921, -0.016852513, -0.01559461, 0.011980771, 0.013136578, 0.0006640263, -0.008224031, -0.0062110852, 0.007907222, 0.006328876, -0.010139175, -0.00214709, 0.010583416, -0.13759457, 0.010207392, -0.0082902685, -0.00048719038, -0.00020628369, -0.0035732428, 0.018888475, 0.00929763, 0.002555492, 0.0074576447, -0.004992388, -0.008960937, -0.005086081, 0.0041581267, 0.0024127099, 0.018339528, -0.012105728, -0.016832314, -0.014580833, -0.0067800893, 0.0023018413, 0.008400754, -0.00012123421, 0.011805286, 0.0020498517, -0.017064175, -0.005004479, 0.010411044, 0.004835786, 0.0019568752, -0.0066880872, 0.003196631, 0.0065682773, -0.0010397964, -0.011990359, -0.0012397037, 0.0041193413, -0.007938833, -0.010141602, 0.0037185203, -0.00793412, 0.009589306, 0.020580508, -0.008161456, 0.0037183303, 0.0013124627, 0.00021415413, 0.011156486, 0.016831253, -0.009511682, 0.0037880666, 0.0011143762, -0.004297168, -0.0052951174, 0.011713304, -0.019461079, -0.0010687036, -0.005914848, 0.00928811, -0.0021109239, -0.001294926, -0.009303282, -0.00047320678, 0.017844373, -0.0040361513, 0.020844342, 0.0015158124, -0.0018693234, 0.010704123, 0.012313115, 0.018792955, 0.002903661, 0.007525607, 0.005081544, -0.0045400686, 0.006373784, 0.008040698, 0.0058636256, 0.010334013, 0.005404666, 0.00937269, -0.008559666, -0.00042598796, 0.004998374, -0.0007060936, -0.012945491, -0.0006500798, -0.004743284, -0.00934667, -0.04435598, -0.01021774, -0.007919654, 0.012982262, -0.0003191551, -0.004193674, -0.010193999, 0.002215611, -0.004065766, -0.022262817, -0.0030252896, 0.009096674, 0.020970872, 0.010479655, 0.013721194, -0.0024913426, 0.0052290005, 0.0005366486, -0.021596713, 0.0133439, -0.018490555, -0.00195898, -0.0073434305, -0.0037170043, -0.007525739, -0.0069324235, 0.0115661975, -0.008093054, 0.004901496, -0.022957524, 0.007801373, 0.012821376, -0.0077120555, 0.01382066, -0.0144020505, -0.004316647, -0.004492216, 0.00016325044, 0.019218855, -0.004274472, 0.0076332223, -0.000546688, -0.005636032, -0.003248646, -0.0005944407, -0.004590363, -0.0058542574, -0.0018078829, -0.029379783, -0.010826987, -0.002180994, 4.7885518e-05, 0.00633947, -0.0042762137, 0.0125670135, -0.014283837, 0.016446892, 0.0007910126, -0.0190981, -0.023748668, 0.0032413572, -0.03622671, 0.021087626, -0.008527768, -0.0006223207, 0.008449828, -0.0044529582, 0.0088350875, -0.020801961, -0.0016474173, 0.00047886063, 0.009925616, 0.0035396821, -0.0035219805, 0.009293369, 0.008692404, 0.013598963, -0.006158351, -0.016175084, -0.008009389, 0.015990755, -0.0027925188, -0.007009043, 0.020587008, -0.003336389, -0.030530898, -0.0065060486, 0.015823198, 0.0056279455, -0.02129665, 0.010875549, -0.005060609, -0.009414869, -0.0022613613, -0.020030916, 0.0035015685, 0.010455434, 0.008512462, 0.0025232388, 0.018616518, 0.01430456, -0.0032466413, -0.031983875, 0.006604989, 0.006762808, 0.0074313576, 0.0074001285, -0.0027132004, -0.014691171, -0.014187522, 0.0018307964, 0.021576948, -0.014053236, 0.017801939, -0.16784614, -0.0056227343, 0.021880092, -0.004503534, 0.006376197, 0.009864941, -0.016237073, -0.009857924, 0.02978857, -0.0149139445, -0.011421858, 0.0045307833, -0.0030729384, -0.0115010515, 0.012308902, 0.024215372, 0.027507681, 0.013711221, -0.0042949654, -0.016521458, -0.032717176, 0.019361135, -0.0041975793, 0.03515956, 0.007728197, -0.015950093, -0.007470964, -0.007838829, -0.021900313, -0.0065978197, -0.008190349, -0.0048005586, 0.00060054305, 0.0112926485, 0.018266112, -0.008235763, 0.007167069, 0.014382271, 0.011880616, 0.00096812303, -0.007547359, -0.018591227, 0.019053845, 0.018351028, 0.004848254, -0.014547566, -0.021336164, -0.01934059, -0.0002760822, -0.012309927, -0.015189875, 0.001372043, -0.01340688, 0.0028268266, 0.00064787664, -0.02260308, 0.011267801, 0.013042928, 0.0001664011, -0.011307674, -0.0183881, 0.011075641, 0.0056690364, 0.001277895, 0.011162965, -0.02938725, -0.007018703, 0.14042822, -0.008753271, -0.0027460316, -0.0031980837, -0.026035681, 0.019873928, -0.004909519, 0.0056784363, 0.010939461, -0.018629119, 0.0025000495, 0.030612221, 0.010847518, -0.012595364, -0.015857829, 0.00041710032, 0.004355506, -0.0018826918, -0.014268019, -0.004477676, -0.01261639, -0.0122646345, -0.009608488, -0.007031734, 0.013180777, -0.019055784, 0.011124114, 0.008663392, 0.010739314, -0.004334367, 0.0043799514, -0.013954677, 0.012093649, 0.0016672903, 0.001410806, -0.011635433, 0.02086047, -0.00071285915, -0.018448574, 0.0046606767, 0.005831498, 0.00394127, -0.01038849, -0.021118388, 0.006872549, 0.0017969082, 0.009761267, -0.004644601, 0.0140915485, 0.016078081, -0.018728465, -0.018564519, -0.008087697, 0.0022830602, -0.0012566119, -0.016871866, -0.014589522, -0.012603235, 0.021610115, 0.017442256, 0.0049239434, 0.012115161, -0.014884012, 0.00605339, 0.006804692, -0.012320918, -0.013572215, -0.019982528, -0.0049906513, -0.10313185, 0.0093345875, -0.027978702, -0.012055148, -0.0005397364, -0.030996548, -0.017782815, 0.011950834, -0.00043935646, 0.004919682, -0.010467997, -0.00423435, 0.0014708103, 0.017650915, 0.0050030244, 0.011201849, 0.0014044216, 0.00909892, 0.010241462, -0.032823864, 0.0019368503, 0.0032818473, 0.005450119, -0.013681769, 0.018552028, 0.020892879, 0.020002952, -0.009409695, -0.0032918388, -0.0014570843, 0.023071827, 0.0039711813, -0.012711041, 0.0071294457, -0.014396685, -0.0043861503, -0.018710773, -0.009508519, -0.023028733, -0.017935451, -0.0014397812, -0.018724738, 0.026753167, -0.027116856, 0.0021228478, 0.007354185, 0.022480087, 0.0010317096, 0.010216257, 0.012930717, -0.012521633, -0.0031423867, 0.015263727, -0.0050646975, -0.010932949, 0.015733976, 0.0071849953, -0.010412332, -0.008857914, 0.0060680206, -0.011494426, -0.0069818236, 0.015684359, -0.004701616, -0.01560669, 0.007869929, -0.011299809, -0.018878117, 0.024548903, -0.017744066, -0.009769337, -0.045174643, 0.0019471539, 0.011027606, -0.0022148658, 0.0033822276, -0.0012063115, -0.005095789, -0.030984465, 0.029178575, -0.02119984, -0.0027442107, 0.015974727, 0.003500339, 0.026438475, -0.014423188, 0.00612445, -0.011826129, -0.025259165, 0.0045904233, 0.007027333, 0.004764845, 0.006443369, -0.015362823, 0.004784169, 0.018528132, -0.00068844436, -0.0030679484, 0.022870203, -0.02403939, 0.016470931, -0.0044377935, 0.009628168, 0.012909811, 0.01522752, -0.007541332, -0.033743825, -0.0124560315, -0.0047305403, -0.008420907, -0.016456895, -0.0020995, -0.024109371, 0.0010972117, -0.015980326, 0.015443152, 0.020395426, 0.010228967, -0.011389718, -0.03920198, 0.017937023, 0.009002214, 0.002486034, 0.004050088, 0.001352404, -0.0075351945, -0.003593521, 0.0064715035, -0.0088770855, -0.008142261, -0.00802492, 0.005453939, -0.007134579, 0.010131026, 0.0071269907, -0.0025210972, 0.024073593, 0.0026703603, 0.025480239, -0.017435653, -0.0113704745, 0.00871684, 0.012368128, 0.0083952835, -0.00020158144, -0.008838083, -0.012926053, -0.027690733, 0.004248097, -0.0064978846, 0.013379665, 0.020556757, -0.014144623, 0.001754834, 0.0032462773, -0.0059014675, -0.02146375, -0.005610332, -0.0068295677, -0.024962178, -0.0009973161, -0.0036815454, 0.0074099246, -0.0025436154, 0.009343066, -0.008649669, -0.002630137, 0.015832713, -0.0024755846, -0.021973375, -0.0014098719, 0.0005841213, 0.0028865777, -0.021225479, 0.014170782, 0.017426778, -0.0031945312, 0.014505018, 0.016412208, -0.057704385, 0.022790112, 0.0035563358, -0.012274084, -0.016125938, -0.0012036893, -0.0038821783, -0.017693186, 0.0026779042, -2.0993382e-05, 0.024568958, -0.010771392, -0.009236439, -0.014121202, -0.0016349491, -0.0011869627, -0.002108799, -0.0019278971, 0.024916217, -0.0001820859, 0.0033709414, 0.022393892, -0.005947362, 0.023040913, 0.0046993494, -0.012653193, -0.011684343, 0.012822607, 0.009883362, -0.010308704, -0.00051718246, 0.016197784, -0.021840554, 0.0054540993, -0.004662208, 0.0061575393, -0.0030324422, -0.017088125, -0.009890684, -0.050258953, -0.011884669, -0.0019295146, -0.050262243, -0.003138102, 0.019331655, 0.009490771, -0.012848735, -0.000511056, 0.029785326, 0.0043514194, 0.03176386, -0.011640155, 0.0068139443, 0.008613523, 0.011758958, 0.008417045, 0.0012169183, 0.014974857, 0.002662303, -0.014518663, 0.0011911711, -0.0042811027, 0.0037513636, -0.013323358, 0.009684489, -0.0027451825, 0.003560397, 0.016289273, -0.009138118, 0.04287662, 0.009866439, -0.019906169, 0.003192844, -0.0018167642, -0.0049888883, -0.010129153, -0.002816067, 0.007747549, -0.0037826474, 0.017164238, 0.025612146, 0.008576589, 0.004806541, 0.05089146, 0.027019158, -0.018101228, -0.0012846905, -0.09809751, 0.0022476444, -0.0025555543, -0.005883624, -0.006625339, 0.012070322, 0.001815878, 0.026402744, -0.010178737, -0.0042702802, -0.013051507, 0.017498897, 0.0007407954, 0.03169709, 0.023500975, -0.013618415, -0.020232651, -0.0011297204, 0.00036252144, 0.015468113, 0.050021335, 0.0048967097, -0.020746868, 0.03559627, 0.010007895, -0.035479676, 0.0063915155, 0.0015353938, 0.0008171607, 0.00281086, 0.016550276, -0.006294962, -0.006363753, -0.003616038, 0.019134175, 0.0068955184, -0.008877635, 0.0030976103, -0.010580532, -0.0054304553, -0.0043149795, -0.0030423054, -0.0029641557, 0.01981573, 0.01045973, -0.008103474, -0.012945812, -0.0050355094, -0.004884765, -0.020997807, 0.0037315886, -0.0326831, -0.007257971, -0.014685599, 0.009255598, 0.014563617, -0.0026260172, -0.0021814024, 0.006051744, 0.023273382, -0.00075945724, -0.0027284385, -0.023100497, -0.0041796733, -0.0016035958, 0.012548299, -0.0379531, -0.011523855, -0.017705653, 0.022571048, -0.0017507805, -0.011427205, 0.023908626, -0.02997952, -0.009594006, -0.026208278, -0.0034496034, 0.020170383, -0.048973393, 0.01144146, 0.016148774, 0.0033350056, 0.004944135, 0.009904772, -0.0103588, -0.0023095363, -0.013416641, -0.015938716, 0.0010675481, 0.020894505, -0.005451149, -0.026091393, -0.001948292, 0.00834156, 0.011099051, 0.0014175066, 0.0073948465, 0.01181983, 0.014771354, -0.01768698, -0.008718319, -0.0149563905, -0.01508878, 0.00010786997, 0.006914279, 0.011172933, 0.0012352035, -0.0070408755, 0.001882927, 0.012724307, 0.004169846, -0.0107083805, 0.013518843, -0.004876465, -0.020653402, -0.002195747, 0.010426085, 0.003089895, 0.03338641, -0.035766993, 0.0024561484, -0.021463294, -0.03824926, -0.022625593, 0.010095845, 0.009009306, -0.0013291639, -0.017009629, -0.011362906, -0.008499547, -0.0050379555, 0.022233076, -0.0101792095, 0.015548064, 0.04045233, -0.0057406663, -0.025068996, 0.017520664, -0.010401119, 0.01042305, -0.0038391016, 0.00164556, 0.007986607, 0.00059392944, 0.0136357825, 0.014259232, -0.0077843624, 0.0111464355, -0.031493936, -0.019000215, -0.018565323, 0.008110486, -0.0017400855, -0.0007010017, -0.027239423, -0.013324065, -0.00012545587, -0.024605125, 0.021615902, 0.009184199, 0.026054641, 0.0027554103, -0.01480965, 0.013673713, 0.004481672, -0.0006023142, -0.014805138, 0.0018316257, 0.009694556, -0.0061066, 0.004081631, -0.00445122, -0.018253071, -0.003174286, 0.03834309, -0.04625567, -0.00038715426, 0.01695271, -0.0070131873, -0.02402486, 0.015184096, -0.01757127, -0.015296339, 0.015781552, 0.01645646, -0.024707442, 0.010557716, -0.0024835356, 0.0069806455, -0.0022774767, 0.010655742, -0.022835204, -0.008376335, 0.00087666867, -0.005768201, 0.011021651, -0.031101722, 0.03024318, -0.014395624, 0.001081594, 0.004095606, 0.00753836, 0.0014068398, -0.032717727, -0.018728474, 0.027602656, 0.002356015, -0.00030264258, -0.024226628, 0.007286342, -0.010820107, 0.0004052926, 0.0029895634, -0.0009036124, 0.0027067563, -0.022700291, 0.02672348, 0.008888476, 0.02588352, 0.018210758, 0.015829112, -0.006284935, 0.007240561, 0.02710142, 0.011871252, -0.010093554, 0.0021450233, 0.009531625, 0.0015401209, 0.004565196, -0.00804458, -2.341586e-05, 0.010617125, -0.007950679, -0.01201822, 0.0050154426, -0.027822731, 0.0067985714, -0.00023293757, 0.017485611, 0.025480684, -0.012362436, 0.0071669878, 0.0058244606, -0.022630936, -0.016315615, -0.025111636, -0.008137611, 0.020918662, -0.004254754, -0.007233258, -0.0113861365, -0.022867383, 0.010654602, 0.01537458, -0.024211213, -0.0034989766, -0.0032667862, 0.0031238256, -0.0016587856, 0.0045830803, -0.0029467512, -0.0026172495, 0.020215191, -0.024550153, -0.014291628, 0.01922925, -0.0026907532, -0.00788704, -0.024103146, 0.0008634397, -0.01691129, 0.0009724445, 0.0033127663, -0.026085084, 0.005461436, -0.003163526, 0.0054838513, 0.003954116, 0.02655253, 0.016515192, -0.0065181144, 0.0061670598, 0.0013098004, 0.007937295, 0.0008996067, 0.0025705602, -0.01006788, -0.0019747321, 0.0009954374, 0.0174994, 0.007161434, 0.0005303565, -0.01055989, -0.0023883807, 0.00040474714, -0.0051948563, 0.023515573, -0.007479207, -0.023946209, 0.02507153, -0.040356603, -0.020226698, -0.020128118, -0.0031398458, 0.009831634, 0.02172389, -0.00054112676, 0.01483855, -0.0016713202, -0.002752931, -0.00062446063, -0.0044054617, -0.0006730543, -0.011665214, -0.024155784, 0.0072917663, -0.010129988, 0.006095665, -0.0071742954, 0.001828246, 0.017916624, 0.011818249, 0.009426162, -0.0050129746, 0.0047138357, 0.006065493, -0.010217529, 0.015452198, -0.008246772, 0.012318242, -0.0011834316, 0.0043550287, -0.004838138, 0.002480061, -0.03934978, 0.015959132, -0.009624471, -0.012473684, 0.014421414, 0.0073149763, 0.019759236, 0.013890554, -0.020332828, 0.01050812, -0.0064407997, -0.015924394, -0.018599397, 0.03610898, -0.008013307, -0.010821991, -0.00022363219, -0.0015576227, 0.0006098012, 0.022297794, 0.008417578, -0.016376732, 0.0028321468, -0.020294921, -0.006389701, -0.007986419, -0.023911128, -0.00016061577, -0.0019860503, -0.019934062, 0.010727482, -0.0048095477, -0.032090444, -0.006886008, 0.0062776646, 0.00858159, 0.0025494294, 0.0024152983, 0.0021548828, 0.0020722188, 0.016790407, -0.0026546447, 0.021626249, -0.0062211733, 0.0057088174, -0.019910894, 0.008369466, 0.021959761, 0.0011691677, -0.008499701, 0.011135883, 0.016190583, 0.025423076, 0.004662992, 0.00037269978, -0.004663998, 0.0036359464, -0.0011062179, -0.0074901474, 0.014270303, 0.0024072342, -0.0011668468, -0.013781436, -0.007875582, 0.018039795, 0.035853222, 0.0002504862, 0.0059544784, -0.0059038717, 0.011444344, -0.008397794, 0.017846141, -0.011192412, 0.039387528, -0.014780724, -0.026652344, 0.0033010042, -0.002154829, 0.008544225, 0.014279219, -0.0008343689, -0.0013657376, 0.0034005858, -0.0041407277, -0.022174334, 0.0035731478, 0.008053694, -0.017510517, 0.006383015, -0.009627258, 0.023471586, -0.016289558, -0.007446521, 0.01330962, 0.009961061, -0.004463736, -0.008400648, -0.0037642117, -0.0028692342, 0.022285268, 0.0046758996, -0.009090446, 0.014389567, 0.0007681206, 0.007733137, -0.011798144, 0.0076304246, 0.0074467654, -0.013479053, 0.00737213, 0.027515166, 0.021438286, 0.018830255, 0.012381722, -0.010491136, 0.022010565, 0.012344642, 0.0010101087, -0.018155703, 0.0022165964, 0.0038389708, -0.005993596, -0.020594768, 0.01262532, 0.011514595, -0.025776327, 0.0027791085, -0.0003719072, -0.017525882, -0.027093163, -0.011599431, -0.004228828, -0.0132372985, -0.010044964, -0.029771095, -0.0078058615, 0.012311053, -0.036695648, 0.0045695254, -0.032081544, 0.0011966506, 0.010473911, -0.016648531, 0.017753404, -0.009410917, 0.014106817, -0.0005223859, 0.006216792, 0.0026803196, 0.0006419631, 0.014184066, -0.01018546, -0.020170124, 0.0012427459, 0.001864624, 0.0063814092, -0.013672677, -0.0059796968, -0.012702325, 0.016752666, -0.000458019, 0.008598512, -0.01129595, -0.017171761, 0.0069841268, -0.008361183, -0.009043983, 0.008319051, -0.021645961, 0.0105987415, -0.009767572, -0.006741522, 0.0033521785, -0.010700237, -0.04786271, -0.02162477, 0.007556363, -0.006752066, -0.011292199, 0.0043178215, 0.007541436, -0.00068462116, 0.006097771, -0.029415824, 0.011101058, -0.018207382, 0.0084218215, -0.0055721398, 0.0016582746, 0.011050916, 0.011337541, 0.014464907, 0.035907764, 0.012125466, 0.0026841268, 0.014002549, 0.017137824, -0.011815536, 0.01198796, -0.016901331, 0.007706626, -0.010669502, -0.0065279426, -0.00018512801, -0.011899785, 0.016069448, 0.0018097245, -0.004908441, 0.004722352, 0.026594948, 0.01983217, -0.0062364745, -0.008073735, -0.03178859, 0.025372667, 0.0043300553, 0.0125425905, 0.005879669, -0.00921986, -0.015803652, -0.011368835, 0.0016303174, -0.015812946, 0.008007729, 0.011165276, -0.008780553, 0.0045940843, -0.0049366322, 0.024309607, -0.024281878, 0.014504381, 0.020100612, -0.021150615, -0.00028145761, -0.024537848, -0.009548739, -0.002897791, 0.021131393, -0.013321089, 0.006403244, -0.015814677, -0.0063808477, 0.017311353, 0.00623445, 0.020393563, -0.0018077145, -0.0109544275, -0.00656048, -0.014128766, 0.007320991, 0.0029885722, -0.030143637, 0.015984185, 0.021571252, 0.014092457, -0.013074016, -0.0053646327, 0.0043853153, 0.0018286789, -0.0072319824, -0.0064733895, -0.0088176625, -0.009543745, 0.0073597366, -0.01836034, 0.02623594, -0.009492447, 0.00089425565, -0.013310418, -0.022133926, -0.0084194625, -0.0020328169, 0.015989361, 0.0072286697, -0.0053220484, 0.025458746, 0.050085578, -0.008986872, -0.027439926, 0.01265845, -0.02001724, 0.008116359, -0.0014304286, 0.005079414, -0.011760278, 0.0012546261, 0.0008576179, 0.009581172, -0.027602963, 0.001061906, -0.0008103461, 0.020299776, -0.009558844, -0.017506044, 0.0055403477, 0.010144493, -0.004179838, -0.0067908815, 0.017212702, -0.0033168213, -0.007665002, -0.017088512, -0.02430966, 0.010145761, -0.021005426, 0.0031797301, -0.016259883, 0.015784986, -0.015345129, 0.008491722, -9.8090146e-05, 0.0086090835, 0.018329518, -0.0030278438, -0.0021395204, 0.0015375814, -0.013022236, -0.0029306042, -0.016427647, -0.004902496, 0.02249231, 0.0072668307, -0.0057042236, 0.037461855, 0.03341352, -0.016612824, -0.019721538, -0.008727531, 0.0050879577, 0.004570049, 0.001629891, -0.013376386, 0.0027681324, 0.012476932, -0.013459249, 0.027213607, -0.003698123, 0.0013847499, 0.013632392, 0.017537745, 0.0011062745, -0.012039447, 0.016158478, 0.011519545, 0.0077911867, -0.020929527, 0.019690992, -0.017925397, -0.003705886, 0.016353877, -0.008845346, 0.16441897, 0.14222293, -0.0049113263, -0.006595176, 0.0010468364, 0.0109610325, -0.011861865, -0.0047285953, -0.01288991, -0.0053001307, -0.009419388, 0.0044545946, 0.033672184, -0.021659767, 0.00035985783, 8.4978285e-07, 0.008653875, 0.0002608435, 0.009298115, 0.0022617944, -0.010268243, 0.014972318, -0.0183506, 0.008352811, 0.0037667048, 0.012031892, -0.019878324, -0.019674009, 0.010154012, -0.0008733419, -0.017412297, -0.00045923493, -0.0070407353, -0.021649502, -0.010818034, 0.015321664, -0.012287286, 0.022956979, -0.009272678, -0.0042889765, -0.010400326, -0.0005875205, 0.015529066, 0.004527401, -0.025899379, 0.01747735, -0.0021156496, 0.014998402, 0.006723169, 0.037968297, -0.0012973847, -0.014892194, 0.008682029, 0.00042381618, 0.004239986, -0.023955993, 0.009770541, 0.0008989686, -0.0015036524, -0.0016505863, 0.027980369, 0.015040613, -0.03303837, -0.0058330144, -0.009856929, 0.027728619, 0.004902028, 0.010722147, -0.01822141, -0.02767312, -0.010110093, 0.0067361267, 0.00056747784, 0.005253491, -0.011575315, -0.007890094, -0.016009985, 0.004376191, -0.015324308, -0.005337431, 0.019083267, 0.021578204, 0.0007184888, 0.0036460275, -0.0016350319, 0.002031032, -0.015282418, -0.0027007277, 0.10348759, 0.015830802, -0.005093957, -0.0284375, 0.010739807, -0.002002386, -0.0013499006, 0.06962844, 0.008009413, -0.013075515, -0.002196528, -0.018945543, 0.003363721, -0.0149281295, 0.0006483036, -0.00022617508, 0.0045725545, 0.059426796, 0.003504963, -0.002329685, -0.018047174, -0.0077339397, 0.022905366, -0.010410955, 0.007698868, 0.0038801937, -0.00873824, -0.0076761604, 0.002572735, -0.003636773, -0.0964987, 0.009279824, -0.006804273, -0.0029028899, 0.0021968214, 0.024074197, -0.0212945, -0.008457543, 0.0071687764, -0.024146596, -0.010813317, -0.0031924124, -0.0072899763, -0.022601342, 0.0019546715, 0.009190926, 0.0051649525, -0.014737266, 0.014435144, -0.0013806904, 0.012069518, 0.00838913, -0.018457796, 0.01697542, 0.002246834, 0.016664267, -0.03564747, 0.010463215, -0.005632684, 0.007667983, -0.011226968, 0.018803861, 0.0035017028, 0.023229577, 0.010321328, -0.016377946, 0.004310007, 0.034989994, 0.008824973, -0.011572964, -0.0028749902, -0.0049702674, -0.020552453, -0.025003344, 0.035187453, -0.008142568, -0.00957959, -0.021690577, -0.0014328705, 0.008958755, 0.009439787, -0.0010634445, 0.01397325, 0.020048061, 0.009709521, -0.010598771, 0.01970386, -0.019304931, -0.002314048, 0.012982671, 0.018711131, -0.015702348, 0.017967267, -0.014431198, -0.024730498, -0.016823795, 0.008900051, -0.013358925, -0.010859589, -0.0056342436, -0.028195744, 0.00401823, -0.008264647, -0.014133518, 0.0203057, 0.011983008, -0.022911819, -0.0065229577, -0.021303695, 0.024269124, 0.030874213, -0.02115062, -0.005903223, 0.10238552, 0.0051447977, -0.010739239, -0.008525444, -0.01956389, -0.0029662964, -0.013190134, -0.023325175, -0.0026814132, 0.021889945, -0.00919351, 0.004728936, 0.013137173, -0.007028765, 0.012823622, 0.006628405, -0.003503809, 0.006278573, 0.0023935665, -0.0074184127, 0.017704325, 8.011749e-05, 0.009794478, -0.0077106087, -8.746292e-05, 0.006292668, -0.028299918, -0.012400365, -0.011931038, 0.0067136837, -0.02589275, -0.012400542, -0.009684617, 0.012958752, 0.0025325294, 0.006248174, 0.0052074394, -0.0058727874, 0.0092689255, 0.0016872451, -0.010951887, -0.0101468265, 0.007452186, 0.01372694, -0.029530013, 0.19072303, 0.0070220907, 0.0061635757, -0.0154716065, 0.007584829, -0.0052010007, -0.006950928, -0.003896269, -0.03983428, 0.0062058526, 0.011945874, -0.0027987822, -0.015436747, 0.01642508, -0.00075154385, 0.0015847806, -0.012045158, 0.016541151, -0.03781965, -0.00976301, -0.011164669, 0.023481963, -0.0030134765, 0.020992009, 0.016737366, -0.021479048, 0.014424428, 0.0076151197, 0.011664905, -0.0012427572, 0.028737197, -0.0018064749, 0.019263731, 0.0044835503, -0.01505758, -0.004781271, 0.008947187, 0.006487796, 0.0066786283, -0.0103345895, -0.013222067, 0.008435461, -0.004625629, 0.00017652102, -0.010685537, -0.023343384, -0.00460149, 0.004242601, -0.0009304673, -0.025699463, 0.0055950102, -0.014553076, -0.0061695217, -0.013397268, -0.0026527727, 0.016702577, -0.0010191135, 0.0012653631, 0.0053514834, 0.009110941, 0.008571673, 0.010017298, -0.020785775, -0.009203645, -0.0039128, -0.017603466, -0.013125628]"
Obras creadas por IA no podran registrarse como Derecho de Autor en Mexico: SCJN,https://oem.com.mx/elsoldemexico/img/25471521/1756476596/BASE_LANDSCAPE/1200/image.webp,no especificado,La decision de la Corte llega tras un ano de que un particular intentara registrar una obra hecha con inteligencia artificial,https://oem.com.mx/elsoldemexico/cultura/obras-creadas-por-ia-no-podran-registrarse-como-derecho-de-autor-en-mexico-scjn-25462449,"[-0.009129065, 0.015959434, -0.011284487, -0.08185896, 0.0056652417, 0.0074863653, 0.011605689, 0.0129147265, -0.0063049826, -0.015551108, -0.02152889, 0.027086725, 0.0152288, -0.0048118797, 0.146403, 0.029989012, -0.028318767, -0.0040112585, 0.01457046, -0.015596597, 0.012035413, -0.012757852, -0.011204933, 0.001189884, -0.014335633, 0.015644565, 0.021759298, 0.028425831, 0.05715495, -0.014015226, -0.007170638, 0.013724596, 0.015863504, 0.009879149, 0.011525211, 0.017133033, 0.006475879, -0.03216978, 0.0025041958, 0.011712263, -0.004631488, -0.0027961507, -0.02223284, -7.9220714e-05, 0.01381314, 0.008306977, 0.022704422, -0.0404255, -0.021681208, 0.009898562, 0.0028963136, -0.029702844, -0.013770116, -0.17047706, 0.0007748342, 0.017862912, -0.01255137, 0.026109623, -0.0045895088, -0.020738877, -0.02336815, 0.044394158, -0.032983284, -0.02148522, 0.00070057483, 0.017560234, 0.013843219, 0.00015734497, -0.02064677, 0.019817347, 0.0100947805, -0.006676816, 0.019604487, 0.004361249, 0.006642164, 0.01996127, 0.005205723, 0.037322856, 0.00085631805, -0.006209617, -0.005307801, -0.010453189, -0.003157898, -0.018612863, -0.0035842145, -0.009281714, 0.011435757, -0.013791166, 0.0046780803, 0.002186856, -0.01897949, -0.0002967531, -0.022202853, 0.002547672, -0.013112973, -0.018231006, -0.018939938, 0.0031378653, -0.0017142466, -0.0128409695, -0.0058232383, -0.003006573, 0.03033281, -0.005300388, 0.014926701, -0.038231485, 0.022127822, -0.005700025, 0.0048410855, 0.01195972, -0.0034528717, 0.00054180704, -0.01135131, 0.024901994, 0.0012935498, -0.09800878, -0.014429749, -0.00261839, 0.0044796383, 0.01221446, 0.018295469, 0.013961154, 0.028458785, 0.014165777, -0.015806776, -0.012301963, 0.013682412, 0.018390704, -0.009692625, 0.002645345, -0.012269591, -0.012305546, 0.015740722, -0.0031028658, 0.013198804, 0.020537259, 0.012386394, 0.007312307, 0.010720608, -0.006614376, -0.016459372, 0.011287809, 0.008521279, -0.01152561, -0.008021259, 0.0024029082, 0.0062666996, -0.0038014124, 0.006358421, 0.0078564165, 0.010432693, -0.031048343, -0.018446192, 0.013068936, -0.023922073, -0.02285339, -0.0126534905, 0.0129740145, 0.015053656, 0.015868567, 0.01012635, -0.021622255, -0.002122868, 0.000658406, -0.01849347, 0.03195959, -0.0015983224, 0.013847073, -0.0016700814, 0.01462151, 0.0018944482, -0.017304635, -0.0031701766, 0.0106162075, 0.015445338, 0.013239283, -0.020829376, 0.0067000305, 0.01093598, 0.007497772, 0.006660122, -0.020018429, 0.017327491, -0.009836047, -0.008364772, -0.002687758, -0.0019410447, 0.008097675, 0.028428277, 0.014428267, -0.014175796, 0.010558571, 0.008555251, -0.007415621, 0.0021330228, -0.0029121088, -0.004569016, -0.018224055, -0.0048834733, 0.01251508, 0.029670563, -0.005844168, -0.00045310927, -0.00012226311, 0.025649423, -0.004088043, -0.047043268, -0.03244268, 0.0128683755, -0.00787086, -0.015480497, 0.030383928, -0.0073780892, -0.011907663, 0.017442737, -0.028101368, -0.031574793, -0.010471599, -0.0127426805, 0.007321048, -0.017772384, -0.0056430036, 0.017145509, 0.028073998, -0.0067158537, -0.00732917, 0.0031438407, -0.017851641, 0.031821698, 0.009117673, 0.012629224, 0.038426284, -0.009689595, 0.0010257608, 0.0004507041, -0.033024583, -0.0165596, 0.0004695914, 0.007553986, 0.0054509984, -0.00011271537, 0.027684301, -0.0074909753, 0.029846592, -0.017041823, -0.008132579, -0.0005029688, 0.008369163, -0.0055565503, 0.014479958, 0.007660268, -0.0012271509, 8.842866e-05, 0.0335827, -0.020535862, -0.0029698748, -0.025537917, 0.052710544, -0.007858653, -0.013058352, -0.02576326, 0.0070862547, -0.01891638, 0.025050892, -0.019325173, 0.011335617, 0.011887738, 0.001110676, 0.003991981, -0.010976516, -0.0059049604, 0.013603632, 0.016127622, -0.020638024, 0.0021666104, 0.017946616, -0.034962736, 0.012695766, 0.0045218044, -0.029113045, -0.01038532, 0.01624661, -0.0032026293, 0.016037323, -0.0051274127, 0.007966307, 0.0007119092, 0.010765802, 0.03845312, -0.017308448, 0.01684571, -0.0007675329, -0.014386223, -0.017443826, 0.03422813, -0.008735269, 0.00085375976, 0.031518176, -0.0015203521, -0.0005985059, 0.01575749, 0.00822442, 0.020797756, 0.055368092, -0.0033513464, -0.022657316, -0.017501557, 0.0026450655, -0.016187757, 0.01564062, 0.006901982, 0.010135268, -0.018245671, -0.013474596, -0.014723556, 0.009772093, 0.018094478, 0.015587796, 0.008553974, -0.0013346954, 0.00085032923, -0.029431807, 0.013257735, -0.022051463, -0.010099088, -0.007459427, 0.009571915, 0.0007000499, 0.01535734, -0.010293918, -0.017613797, 0.015792167, 0.009370757, 0.0014950833, -0.023315629, 0.0066808406, -0.007416641, 0.0040710643, 0.0074795755, 0.014889712, -0.029234717, -0.016154595, 0.017957646, -0.0060240612, -0.013800782, 0.04748008, 0.009659247, -0.030317295, 0.0050477437, -0.027387656, 0.018875556, -0.0040814937, 0.009785648, 0.0015541234, -0.03179971, 0.029153073, -0.03269066, 0.015098262, -0.009385094, 0.0027780614, 0.014150125, 0.003556854, -0.016045218, -0.023489475, 0.008711488, 0.0026098983, 0.0056359638, -0.0048132897, 0.008840906, -0.011141854, 0.006223102, -0.02222542, -0.0046101194, 0.015071913, 0.026199615, 0.0035699802, -0.03723489, -0.03887755, -0.02197072, 0.022569763, -0.016195074, -0.036093254, 0.011985395, 0.009146437, -0.027160116, -0.0024999185, 0.005789399, -0.002141663, 0.022424184, 0.02007707, 0.01321428, 0.010898688, -0.0089712, -0.014037018, -0.008692906, -0.00783399, 0.013180616, -0.023960441, -0.019752076, 0.015710743, 0.0025931785, -0.01208366, 0.00091730326, -0.018142479, -0.0020889842, 0.012720045, -0.014789372, -0.029148579, -0.00023334689, -0.014838556, 0.021800455, 0.0009466698, 0.015738005, 0.0042865095, 0.020965993, -0.03343189, 0.0032596109, 0.004705675, -0.010103855, 0.0040322673, -0.008056213, 0.017315, -3.368046e-05, 0.014954603, 0.010976528, -0.015270046, -0.016586, -0.027636915, 0.012949445, 0.008589273, -0.027305333, -0.030460952, -0.014298556, -0.027833967, -0.01914767, 0.0012912324, -0.016766328, 0.0031751576, -0.024995169, 0.00014079262, 0.0427417, -0.0053255386, 0.014989967, 0.010068202, 0.018042719, 0.0042253006, -0.0052492125, 0.005331319, -0.035467084, -0.010699852, -0.014720471, 0.009372725, 0.06400212, -0.013760743, 8.630811e-05, -0.018566117, 0.00883109, 0.009360323, 0.02845741, -0.0070747505, 0.023029746, 0.01245299, 0.033299334, 0.024300266, -0.0014848405, -0.001857041, 0.006595522, 0.008529231, -0.0091477595, -0.007363467, -0.015737882, -0.004382257, -0.012351398, 0.040137842, -0.028065156, 0.0034937088, 0.009875377, -0.0049760505, 0.0058308546, -0.019475674, 0.014647681, 0.014434956, -0.03537638, 0.0006241175, 0.012501666, 0.032033797, 0.004011207, -0.0025405479, 0.0133271, 0.016207589, 0.010364731, 0.004202306, 0.0010797131, -0.009866155, -0.0071562845, -0.03375996, 0.023735285, -0.022366881, -0.025417237, -0.007469024, 0.014579633, 0.0070399987, -0.008966136, 0.008326503, -0.018694095, -0.00582336, -0.012748867, -0.0035976411, 0.02829505, -0.032973535, -0.024821213, -0.008004351, 0.013799219, -0.011213883, 0.01629934, 0.021419011, 0.024661671, 0.0044481377, 0.006569571, 0.012358853, -0.0017334613, -0.005238931, 0.01394744, 0.030769534, 0.0042865886, -0.01792222, 0.0080132205, -0.030665379, 0.03288312, -0.012344273, -0.018010631, 0.029167144, 0.0054996787, -0.027583422, -0.010551296, -0.0029746168, -0.0014223658, 0.0008457042, 0.008585378, -0.021343628, -0.012290771, 0.013123618, -0.015607662, -0.03214312, 0.036883015, -0.049672462, -0.016708901, 0.004710706, -0.0034725578, -0.042079005, -0.00292695, 0.03855271, -0.03226584, 0.008640695, -0.005353647, -0.013249671, 0.018987995, -0.014232288, 0.0077761207, -0.012401429, -0.015369847, 0.029123448, -0.018885085, 0.020075036, -0.02060371, 0.03982617, -0.0041699614, 0.004347802, 0.0027563646, -0.004689705, 0.0032865007, 0.03717583, -0.012109413, -0.021809166, 0.016269991, -0.006543209, -0.0018372128, 0.0068116174, 0.0026529846, -0.011663323, -0.019766819, -0.009773772, -0.0061290795, 0.0028932986, 0.02679015, 0.0080671385, 0.006048358, -0.009143289, -0.018095069, -0.0037705374, 0.01785373, -0.017421285, -0.027350238, 0.008456631, -0.0031297395, -0.016690163, 0.003842829, -0.010358649, -0.0010532712, -0.010956168, -0.013699523, -0.013094649, -0.0031021899, 0.008738422, 0.03050912, 0.018222347, 0.011534053, 0.020793922, 0.025660561, 0.006129699, 0.011263374, -0.0077167884, -0.012462835, 0.028901841, 0.030595552, -0.01213868, -0.032015655, 0.017864607, 0.018574687, -0.0005957462, 0.022110704, -0.018059017, 0.010217056, 0.023805315, -0.02201212, -0.05503932, 0.027028259, -0.11870493, -0.008631941, -0.01094771, -0.016395565, -0.024280615, 0.02855582, 0.017720085, -0.0042566042, -0.011271373, -0.0182734, 0.001808824, 0.008215203, -0.031584002, -0.0011164715, -0.0097051235, 0.020661943, 0.022104539, -0.013793643, -0.010007049, -0.043116093, -0.015450524, -0.0017152278, 0.015296561, -0.01923987, -0.00858382, -0.014724909, 0.02238492, 0.011461766, 0.03255907, -0.0066114557, 0.00027369687, -0.15301985, -0.006817359, 0.036355034, -0.0012285088, 0.024864806, 0.0017268006, 0.019863212, -0.041329026, -0.00017379822, -0.011881359, -0.011959001, -0.005383793, -0.03892124, 0.010989776, -0.015332792, 0.09589759, 0.0074673644, -0.004010436, 0.019621102, -0.0009463313, 0.0033223017, -0.004916791, 0.009589414, -0.0021129986, 0.013132997, -0.00055949826, 0.00743478, 0.013615538, -0.03221666, 0.019580076, 0.014412622, 0.007743582, -0.0116055375, -0.0030979423, 0.0033686564, -0.011049946, 0.0031886217, -0.013496333, -0.0036075704, 0.0066651907, 0.0060679223, 0.038589854, -0.010538088, 0.005665399, 0.013227905, -0.024442842, 0.013315266, -0.00316094, 0.013992656, 0.0010517217, -0.025011225, -0.06451324, 0.03731626, 0.020480048, 0.0024205465, -0.0048305825, -0.0023059333, -0.0041347467, 0.0048841788, 0.019205708, 0.010211219, -0.021184951, -0.027587116, -0.013631898, -0.026367964, -0.025439952, 0.024652552, 0.011892844, 0.015023169, 0.009182727, 0.0034752197, 0.013060187, -0.02988234, -0.025652576, -0.020760015, -0.026194733, -0.01083737, 0.010638189, 0.021315759, 0.015887199, -0.020785667, 0.005787383, 0.0146367075, 0.02221576, 0.0005567828, 0.015131233, 0.021457607, -0.037325285, -0.026814274, -0.0030428644, 0.0024512196, 0.014947334, -0.0062798527, 0.009940192, 0.028854381, 0.0026737966, 0.011457858, 0.015572515, -0.020867955, -0.029916463, 0.016305925, 0.021230692, 0.01812548, 0.02954267, -0.0001770531, 0.013072969, 0.013889997, 0.008848255, 0.0070408816, -0.021882983, -0.006994181, 0.003204439, -0.0054750955, -0.0005201298, -0.0029279988, 0.013230655, -0.007325844, 0.0009811881, -0.008358821, -0.022226328, 0.024730923, 0.020992571, -0.015184413, 0.0102859, 0.0057785315, -0.0015959641, -0.008868411, -0.008102083, -0.00022773904, -0.055825315, 0.009945199, -0.00089279265, 0.00015030248, 0.013511686, 0.006421941, -0.003927315, -0.0034822235, -0.0052576005, -0.009464107, -0.010553669, 0.015790911, -0.014079293, -0.028205283, -0.019346625, -0.0027360246, -0.017309789, 0.013709604, 0.0038653517, -0.0018221644, -0.010796839, -0.003935596, -0.03014784, 0.013911674, -0.0011581603, 0.006389806, -0.013743835, 0.0069088377, 0.03015081, 0.011035674, 0.0060364674, 0.0012914345, -0.022476546, -0.0015105726, 0.002481742, 0.022690922, -0.00399025, 0.0072724824, -0.011922258, -0.005172704, 0.009459423, 0.0074268575, 0.007667869, -0.0012798256, -0.004476377, 0.009715217, -0.0014858587, -0.0039234892, 0.00017532313, -0.011979837, 0.0014973514, 0.006280199, -0.00073729025, 0.009241614, 0.007759645, 0.004157706, 0.024548199, -0.013751047, -0.0037741554, -0.0024686954, -0.011351072, -0.01573581, -0.016954811, 0.014719826, -0.024697317, 0.0060427175, -0.001566543, -0.013190754, 0.005467633, 0.00039086724, 0.0032358933, -0.0023705806, -0.016615406, -0.001218827, -0.0034609006, -0.01015147, -0.00954721, 0.0028414202, -0.003684148, 0.0047900937, 0.01702986, 0.021667285, -0.0012416851, 0.02087371, -0.011898537, -0.006740094, 0.008251807, -0.017389406, 0.0059406105, 0.01426619, 0.0018115431, -0.028099857, -0.0040247804, 0.0059642675, -0.0041911323, 0.004665544, -0.0035746326, 0.0018949008, -0.0066978824, 0.008462507, -0.0043558213, 0.011672351, -0.0049840985, 0.017981388, 0.012460935, 0.0040438534, 0.008522713, 0.008129571, 0.0058071273, 0.0058450857, 0.0132594, 0.014677125, 0.010816101, -0.00011457455, 0.025151934, -0.0065675154, -0.0013246073, 0.025822114, 0.011367029, -0.0047566667, 0.012796303, 0.011963202, -0.005535549, -0.003371517, 0.022215404, 0.0033478073, -0.015510485, -0.013662121, 0.028055172, -0.0031615165, -0.0034572098, -0.008729199, 0.007133581, 0.00053675985, -0.002507637, 0.006517885, -0.008427526, -0.010039813, -0.015082372, 0.002169563, 0.0076076128, -0.01616654, 0.012599043, 0.012980274, -0.011539802, -0.015351456, 0.005624375, 0.008713894, -0.003123037, 0.006868215, 5.2152405e-05, 0.0157375, 0.004737769, -0.011892604, -0.006198289, -0.009845893, 0.007267896, 0.013660526, 0.0080108745, 0.015431808, -0.019762274, -0.010334029, 0.0006064299, 0.021199962, 0.003854602, 0.008749424, 0.016459016, -0.0041229757, -0.014531844, -0.0030771676, 0.0064950925, 0.0028169788, 0.0043758177, 0.004038169, -0.017707082, 0.004462577, -0.004858079, 0.0063309213, -0.015766213, 0.0032116286, 0.016341355, 0.08965994, 0.022396442, 0.0077550877, 0.002124178, -0.01348792, -0.0023032094, -0.016216222, -0.014313907, -0.0045441734, 0.0058522127, 0.003285611, 0.021179654, -0.012577278, -0.010894341, 0.0076752547, 0.012043838, -0.002165471, 0.008038307, -0.006121261, -0.005135133, 0.0030268217, 0.021153124, 0.0041886377, -0.012850196, -0.0049930047, -0.026923439, 0.0077524427, 0.004162379, -0.0075986423, -0.010471779, 0.012118083, -0.00275119, 0.0005937023, -0.007335023, -0.030618424, -0.0033511727, -0.009666472, 0.0056394897, 0.014503988, 0.020535666, -0.00813745, -0.0060398416, 0.0061981133, -0.0023260433, -0.006918733, -0.0006143061, -0.00282462, -0.020493705, 0.009065618, 0.0042048395, 0.006227753, 0.0071979114, -0.009007819, -0.006019959, -0.007494746, 0.004157887, 0.009942744, -0.013953198, -0.006807571, -0.0044362927, 0.010344873, -0.0023533688, -0.009296666, 0.024259273, -0.009636138, -0.0130264675, 0.0064861896, -2.5123665e-05, -0.00056245754, 0.016801808, 0.013923537, 0.01239648, 0.018418316, -0.0023374853, 0.023688138, 0.011554044, 0.003257066, -0.004224835, 0.0056199515, -0.009926699, 0.022550853, 0.0014642226, -0.0071415445, -0.013038516, 0.013711964, -0.0064535076, 0.008102354, -0.013228766, 0.0015232565, -0.0042900667, 0.020273646, -0.0031853167, -0.016736768, 0.0014078117, -0.0060068592, 0.0016487419, 0.038548924, 0.0065415315, 0.0034300038, -0.019086108, 0.019583166, 0.0017541905, -0.0075564724, 0.013809697, 0.009179101, -0.0159969, 0.019917559, -0.0011376328, 0.007693324, -0.025833849, 0.0017006451, 0.0024618618, 0.007908151, -0.014418342, 0.0016297447, -0.013360078, 0.007875115, 0.011114407, -0.008719913, 0.01856627, 0.0047441656, -0.0037582482, -0.0001278861, 0.0013236492, -0.004562255, 0.004444574, -0.007542279, -0.0090747075, -0.0031440114, 0.0027793848, 0.0006451797, -0.011980025, -0.0031185069, -0.014072407, 0.0008339236, 0.004742218, 0.0066838805, 0.019735677, 0.0063213147, -0.0072187767, 0.006984144, -0.01265519, -0.012833817, 0.024206147, 0.002465023, 0.011623716, -3.4326622e-05, -0.0072460263, -0.0026796525, 3.5380304e-05, 0.02280387, -0.010495346, 0.0022341816, -0.011442419, -0.0015779403, -0.0056126514, 0.00069004425, -0.0022595662, -0.014075349, 0.0037397586, -0.004222624, 0.004407558, 0.0030220163, -0.0027151464, -0.006798767, 0.0030322406, 0.011606559, 0.002262172, -0.020656528, 0.018033294, -0.0029561506, -0.01769307, 0.023451596, -0.010324435, 0.010216504, -0.0078016696, 0.0030603744, -0.012219364, -0.0057442193, 0.002224182, 0.0027798372, -0.0037209457, 0.00083218515, -0.012030617, 0.013029804, -0.01382669, -0.0033267105, -0.014847582, 0.018145941, -0.016371543, -0.00080881437, -0.0040716003, 0.007419237, 0.018781044, -0.014542736, -0.0026079305, -7.10504e-07, 0.029421521, -0.011664558, 0.004252473, -0.0075354, -0.014385562, 0.015247616, -0.0025071353, -0.01582389, -0.012452603, 0.0077174148, 0.007832837, 0.006673349, 0.0057587004, -0.0032064645, -0.019738374, 0.018027484, -0.013839351, -0.007855653, 0.01523714, 0.008554538, -0.0044882717, 0.005254998, -0.016959645, -0.0016815333, 0.005049364, -0.022524422, 0.0053568687, -0.010214427, -0.012734489, -0.013179935, 0.018844698, 0.0074387537, -0.02520922, 0.0044185584, -0.0057448437, -0.023989767, -0.0022751563, 0.0072940444, 0.0029832912, -0.0041579586, -0.0055785133, 0.0024370041, -0.018590273, -0.003550517, 0.01034831, 0.0037176604, -0.009779162, -0.013268302, -0.014419451, -0.030492283, -0.004846893, -0.01562669, -0.017565075, -0.008131135, 0.0012838189, -0.009247822, 0.007047059, 0.0043087318, 0.003410092, -0.019490838, -0.035691254, 0.004235948, -0.01461689, 0.011943848, 0.015061221, 0.0066942815, 0.00045377744, -0.0015660158, -0.005776915, 0.020007862, 0.0004894292, -0.0063371765, -0.009283839, 0.0061950483, -0.008941989, 0.004655614, 0.0012922306, -0.0015266105, -0.006491748, -0.002169282, 0.0001480144, 0.004162266, 0.015648663, 0.010677582, -0.0005396231, -0.0060399473, -0.016109541, -0.0069682645, -0.015619775, -0.008314434, -0.010471446, 0.0007201054, -0.010321359, 0.007965563, 0.0038701459, -0.015276763, 0.003641113, -0.003707488, -0.010993563, -0.0070008943, 0.020106481, 0.0004956066, 0.00951438, 0.003159064, 0.0012508797, -0.010027042, -0.0040436406, -0.014679732, -0.012486642, -0.020608092, 0.021316832, 0.016267685, -0.0022387544, 0.023516554, 0.002629592, -0.012525014, 0.01987874, -0.0063187205, 0.0031005538, -0.0071212677, 0.0138151, -0.0008592071, -0.0025833282, -0.003669571, -0.0004300835, -0.007002684, 0.0003684273, -0.0035352546, -0.020120531, 0.004650749, 0.002465451, 0.0049917167, 0.00046650664, -0.025450943, -0.0073146597, -0.00461798, 0.008716949, 0.028925737, 0.005609619, 0.012702628, -0.0077990214, 0.005063437, 0.009797441, -0.010367069, -0.00041486789, 0.015446267, -0.0146132, -0.024568575, -0.024126314, 0.0124229295, -0.0047553987, 0.0038494715, -0.012783298, 0.0059030857, 0.010794514, 0.011802365, 0.0036140347, -0.0051333704, 0.012606176, 0.001982086, 0.007217895, 0.010003361, -0.010359321, -0.0051562716, 0.0032369392, 0.015520992, 0.0012518968, 0.006891606, 0.0005055148, -0.0006976111, -0.011208454, -0.00097644323, 0.008815777, 0.0028729443, -0.02423612, 0.009981049, -0.0017515437, -0.009323214, -0.0100104725, 0.0029383057, -0.011525626, 0.016572563, -0.011893781, 0.0053763725, -0.009949398, 0.013458288, 0.011716977, -0.0028328854, -0.003823162, -0.008095299, -0.013529664, 0.008360926, 0.024289949, -0.008121252, -0.023320451, 0.018250106, -0.0005680082, -0.022569522, -0.002913126, -0.009654695, 0.028765593, 0.00801358, 0.019658547, -0.0130499825, 0.0058541633, 0.0012453542, 0.0009614605, 0.02016554, 0.019251987, 0.0066102124, 0.00028614217, 0.0073904335, -0.0059940284, 0.00091140764, 0.0010307871, -0.011023351, -0.0006079498, 0.0016988851, 0.009421954, 0.006088944, 0.0030588727, 0.020979851, 0.0016772622, 0.002348846, 0.004695936, 0.0077421367, 0.009843662, -0.0024693143, 0.013757958, -0.0056982203, -0.013369658, 0.010771098, 0.008940693, 0.009325007, 0.0037570498, 0.0021212643, -0.006925475, 0.002052339, 0.0119618075, 0.0026161484, 0.008819693, -0.0015795602, 0.0019803299, 0.010888038, 0.006207766, -0.005782861, 0.014801079, 0.0047777086, 0.005001108, 0.011300201, -0.0024380009, 0.01333989, 0.007093803, 0.000169247, -0.007143214, 0.00025114292, -0.006607961, 0.0098701, 0.011452695, 0.008401171, -0.013724462, 0.007848922, 0.006473646, -0.012376686, 0.009251326, -0.084769, -0.0022045283, 0.00030474627, 0.011178539, 0.0074361586, -0.012545269, 0.0064206384, -0.020427901, -0.010004369, -0.0077304333, -0.0006389571, -0.0036827198, 0.010796617, -0.00034895702, -0.018880868, 0.0016009787, 0.017571278, -0.009703264, 0.012040917, -0.00081192516, -0.0016711897, 0.008549298, -0.020741355, -0.00837501, -0.002751236, -0.013437734, -0.0074992613, 0.0009908536, 0.01362929, 0.00035999884, 0.004418435, -0.015264179, -0.0047847047, 0.016975852, 0.0018921485, -0.003619668, -0.007410086, 0.022123046, -0.13417852, 0.02750423, 0.010909908, 0.010395941, 0.0064605456, -0.005297835, 0.013091536, 0.0029251562, 0.0018598592, -0.0048999987, 0.0027172002, -0.004419377, 0.019305514, -0.009735511, 0.020341562, -0.010913032, -0.0014804165, -0.0005040292, -0.0026583648, 0.0019285032, 0.0006798072, 0.009230824, 0.01605476, 0.0009874853, -0.019975688, -0.006120382, 0.0023167417, -0.01753575, -0.003948382, -0.020630552, -0.012475482, -0.010782566, 0.013195411, 0.003847499, 0.017498245, -0.013514577, 0.009296285, -0.0039106277, -0.0011238989, -0.0016026045, 0.009524622, -0.0022069053, 0.023988439, -0.0038264042, 0.0013043493, 0.011925608, -0.0068322425, -0.011613649, 0.004793531, -0.004584394, 0.013365888, 0.0019217426, -0.013618152, -0.02147538, 0.0030929134, -0.023197997, 0.0053077214, -0.0007222008, -0.008827355, 0.0072086365, 0.0025344274, 0.003979052, 0.018877728, -0.01356028, 0.006609122, -0.009350987, -0.0140148895, 0.0016941475, 0.010625889, 0.006011636, 0.005487091, 0.008817852, -0.007370645, 0.0030362497, -0.01366446, -0.0033239867, 0.018203877, 0.011889193, 0.013726815, 0.00621348, -0.008466975, -0.0026914335, -0.019509632, 0.027077293, -0.00039813784, -0.0058980808, 0.010734215, 0.010371047, 0.010934452, -0.053155247, 0.005724152, 0.0076523167, -0.016991297, 0.008215775, 0.0025522443, 0.01031043, 0.016861219, -0.008768426, -0.004084637, 0.0047778343, -0.011540733, 0.025499115, 0.013291382, -0.0016057139, -0.00040761297, -0.017511701, -0.014233542, -0.027805781, 0.0030986418, -0.020140711, 0.008353112, -0.013127069, -0.018362943, 0.006089154, -0.016611453, 0.0054114363, -0.012960677, -0.030431818, -0.0002227616, -0.010261825, 0.0037557837, 0.0013517232, 0.0018097622, 0.007683236, -0.021698017, 0.0019365099, 0.008440085, -0.0011537841, -0.0032828506, -0.0075665456, 0.011225824, -0.0073515205, -0.0043494403, 0.0049095186, -0.0026941127, -0.0068967636, 0.007032832, 0.019476203, -0.014433493, 0.021768346, 0.0023188742, -0.009343953, 0.005028863, 0.010379954, 0.00026087236, -0.0035249528, 0.008199463, -0.00086159556, -0.011607622, 0.0039467104, 0.010990912, -0.01851704, -0.003003255, 0.019317677, -0.020008689, 0.0021696973, -0.009205762, -0.0005952429, -0.009765837, -0.00026660343, -0.010900954, -0.0031177185, 0.004316887, -0.030950636, -0.010000541, 0.0072064963, 0.009247484, -0.026014928, -0.0055390373, 0.015831696, 0.0041808793, -0.012544396, 0.01957109, -0.014839217, -0.012337601, -0.038884714, -0.0054128687, 0.0067903358, -0.009840969, 0.0047895918, -0.015573972, 0.007821768, 0.016484644, -0.012671126, 0.01796311, -0.00068721076, 0.005665216, -0.012678117, 0.0157697, 0.014756501, -0.011088755, 0.0065865964, -0.019641703, -0.005058749, 0.0038583837, 0.005447909, -0.027255563, -0.010788854, -0.0052066124, -0.006973269, 0.004894189, 0.018732637, 0.0044847424, -0.19462895, -0.025393838, 0.0024378675, 0.021200536, -0.01925279, 0.008917442, -0.020680837, 0.01576441, 0.0009900529, 0.01426611, 0.01283862, 0.012588514, 0.009925868, -0.0034921046, -0.016799271, 0.007549926, -0.0070977444, 0.000937567, 0.0042046434, 0.0027636848, -0.0035000364, -0.00017247007, 0.010680813, 0.036120612, 0.000721475, -0.010015677, 0.0027400395, 0.021652212, -0.01234942, -0.0018006021, -0.0023336504, 0.0015261152, 0.010613961, -0.015739193, -0.00341695, 0.0009898165, -0.009810597, 0.02568468, 0.022504624, 0.0053572054, -0.013588663, 0.019835161, -0.011349791, 0.0035068209, -0.0125614675, 5.066064e-05, -0.014857081, -0.010482076, -0.011260276, -0.022157092, 0.008107238, 0.014426739, 0.00011864464, -0.016193824, 0.013884006, -0.014673481, 0.010769901, 0.008732085, 0.0049567358, 0.008540227, -0.024782663, 0.026295701, 0.00026452422, 0.0034008294, 0.011576726, 0.0036805593, 0.0025587208, 0.1452834, -0.032095715, 0.00767134, -0.018379807, 0.0030889967, 0.030229822, -0.00078382436, 0.021653846, -0.019446874, -0.015540711, 0.008042302, -0.0014161291, 0.010123295, -0.013909176, -0.0025082699, 0.016685234, -0.0014874783, 0.0060387114, 0.0022277518, -0.0044242437, -0.005282232, -0.015022787, -0.0085273, -0.010487554, 0.020548146, -0.019656973, 0.013162559, 0.018195743, 0.021658272, 0.0084172, -0.0030657034, -0.003625884, 0.00077308295, -0.010881994, 0.013715082, -0.031104703, 0.011151224, -0.006892645, -0.0035691103, 0.0038155192, 0.009989212, 0.020943677, -0.02139101, -0.018855568, 0.013729377, -0.0019025042, -0.008160057, 0.013560234, 0.0023914594, -0.010280038, -0.02728609, 0.00015885205, -0.018540137, -0.0009484492, 0.013220609, -0.013376033, -0.022650028, -0.0052242284, 0.00017407269, -0.0071006445, -0.014586553, 0.0053360537, -0.014217341, -0.0062742056, 0.017590908, -0.009182591, -0.008450759, -0.03136245, -0.0061709937, -0.0879433, 0.002716725, 0.02344306, -0.0006178725, -0.0022891695, -0.005297928, 0.005651031, 0.0064323177, 0.0073741283, -0.0026532323, 0.0008555371, -0.006101809, 0.0140063595, 0.019998718, -0.012312132, 0.008790153, 0.0212373, 0.03529649, 0.011809518, -0.017891219, 0.013772489, 0.018815909, 0.032586068, -0.014714431, 0.011348588, 0.0097919805, 0.011284985, 0.010632211, 0.020541789, 0.015982136, 0.020724842, -0.0010247813, -0.0031930057, -0.007978548, -0.0151510285, 0.013994952, -0.0039058488, -0.0018162056, -0.015607553, 0.009480865, -0.0027492673, -0.005377618, -0.008390253, -0.017229963, -0.010404761, -0.022223264, 0.0057950155, 0.012085424, -0.003928715, 0.00868582, 0.005447487, 0.0010950677, 0.0055990526, -0.008322839, -0.024128277, 0.012215395, 0.017915001, -0.004007794, -0.008949518, 0.0068958625, 0.01139431, -0.030822255, 0.01235135, -0.013791225, 0.0050411564, -0.012212109, -0.0008106319, -0.014204673, 0.02144771, -0.009403282, 0.014487808, -0.029549602, -0.003948146, 0.024865711, -0.0010228889, -0.0031384393, 0.0013909593, 0.007545495, -0.014058472, 0.028833382, 0.0065959683, -0.00203335, 0.012174275, 0.025871491, 0.04397074, -0.016714077, 0.013585259, -0.004882473, -0.012283859, 0.001408468, 0.015154603, 0.014998539, 0.005228555, 0.018931288, -0.014099009, 0.010097522, -0.031640492, -0.0034177217, 0.017280819, -0.016082406, 0.01514044, -0.009825088, -0.0076711182, 0.007989196, 0.0069514606, -0.0131094735, -0.021474272, 0.0076678675, -0.0039534387, -0.008362476, 0.007061485, 0.0014128749, -0.015182102, 0.008307929, 0.010535895, -0.0039447006, 0.0007714208, 0.0016999521, -0.003964993, 0.008583209, 0.007120391, -0.008264878, 0.010513018, 0.009483043, 0.011604277, -0.008130373, -0.0071049137, -0.021908963, -6.429308e-05, -0.016133385, 0.015135401, -0.018493742, -0.008104634, 0.00337156, 0.0005131846, -0.02195811, 0.037821893, 0.010924895, 0.0012298906, 0.001370793, -0.008438874, 0.01724633, 0.010673179, 0.00096518087, 0.015381886, -0.015973996, -0.010750895, -0.02301778, -0.00035544523, 0.0017710666, 0.009535931, 0.007862778, -0.0057692896, -0.005791062, -0.011371725, -0.0018028491, -0.0049713273, -0.0001890602, 0.0052144225, -0.005595159, 0.008020177, 0.013458647, -0.0053605265, -0.015678387, -0.0020392623, 0.002289347, -0.013379314, -0.0030712525, -0.012320936, -0.02128974, 0.011306873, -0.016889967, 0.027283464, -0.0077235014, -0.0013182372, -7.994146e-05, 0.009872815, -0.011165864, 0.0021734803, -0.061069313, 0.025101285, 0.03254779, -0.027007142, -0.0048608463, -0.0059853047, 2.0041685e-05, -0.0057630055, 0.002226675, -0.010192028, 0.02610038, -0.006513207, 0.006980193, 0.013873069, -0.00887111, 0.0025352794, -0.03242354, -0.028928164, 0.029879488, 0.0036595883, 0.031645283, 0.014174328, -0.02306791, -0.0070030717, -0.0008955693, -0.010680525, -0.0033074382, 0.0065010046, 0.004184573, 0.004488673, 0.012741278, -0.014627781, 0.002291672, 0.00715457, -0.013057023, 0.010286513, -0.0019578103, -0.023484107, 0.009549432, -0.046486273, 0.003798517, -0.02002015, -0.04377379, -0.005649351, -0.006241648, 0.002291584, -0.006993248, -0.009814323, 0.0030406972, -0.013297811, 0.030248603, 0.005512313, 0.0028778755, -0.014175773, -0.00043803873, -0.012521872, -0.017975954, -0.0024135616, -0.02420295, -0.008476699, -0.016551042, -0.013867231, 0.014261722, -0.015009356, 0.018036706, -0.0065845647, 0.016670585, 0.025286868, 0.0008945172, 0.025943346, 0.024217164, -0.009210681, 0.0016840139, -0.008741294, 0.0058056805, 0.008546549, 0.011529396, -0.016144512, 0.016758343, 0.018566484, 0.010719405, 0.008930922, -0.0076617086, 0.032428227, -0.0029807813, -0.015189698, 0.0015587793, -0.09345596, -0.0042535113, 0.016512621, 0.00040676905, 0.0031145301, 0.009304846, 0.013683594, 0.023395509, 0.009078726, 0.0014310211, -0.01774633, 0.005135207, 0.0018790028, 0.007569615, -0.0014865224, -0.012167957, -0.026486317, 0.0076770033, 0.0056435186, -0.0012137762, 0.018198004, -0.003414788, -0.022714209, 0.010552951, 0.0041948664, -0.03476005, 0.00084353203, -0.006006935, -0.0096053835, 0.020692522, -0.008229521, -0.012698344, -0.001797282, -0.019359145, 0.03460344, 0.031004947, -0.012645022, -0.0010359554, -0.0027734896, 0.015124217, 0.027857171, 0.015961876, -0.001088355, 0.008258321, -0.0015195572, -0.006543618, -0.00641301, 0.0071156127, 0.0053940043, 0.0072843432, -0.015934305, -0.042379525, 0.000100794794, 0.0013473064, -0.009148598, 0.0027845986, 0.012118065, -0.021024734, 0.0019512051, 0.010598721, -0.007954837, -0.013587391, 0.0016888231, -0.018961806, -0.020510353, -0.007815159, -0.026345488, 0.01079048, -0.03294258, 0.013439061, 0.005714334, -0.010880266, 0.021581592, 0.0014102713, -0.013415551, -0.008048666, 0.0017940562, 0.006507061, -0.021148957, -0.01198441, 0.013774513, 0.009070665, 0.009116177, -0.0018259436, -0.008006682, -0.014784565, -0.011625303, -0.01390594, 0.014239738, 0.018147824, 0.0015315377, -0.012048076, 0.005306915, 0.008779712, 0.0020087683, 0.014572022, 0.0026341819, -0.007386578, 0.0061006984, -0.017250957, -0.019654443, 0.0042198617, -0.012794319, 0.017210925, 0.0052173827, -0.0078909295, 0.0034513, -0.0044939034, 0.0022702673, 0.009475872, 0.029519955, 0.0024430319, -0.0057033002, 0.0013062763, -0.022728099, 0.005578205, -0.0065789996, 0.008634326, 0.007563034, 0.0008700277, -0.008274994, -0.010539803, -0.02063876, 0.0010992924, -0.0055531594, 0.014986339, -0.005696859, 0.0010169474, -0.01873592, -0.008223562, -0.027872045, 0.011640506, -0.01667946, 0.020239992, 0.009872789, -0.007262651, -0.008714967, 0.025107058, 0.005359812, -0.013123752, 0.0045452807, 0.015634846, 0.003779046, 0.0031448347, 0.012486247, 0.015026638, 0.0016713331, -0.013429741, -0.015303175, -0.010471809, 0.0031668458, 0.0063256887, -0.0062456788, -0.013581832, -0.032998625, 0.006161759, -0.004393203, -0.0007510117, 0.023566078, 0.014403844, 0.030839408, -0.0014390874, 0.0014276841, 0.023375962, -0.018830502, 0.010225448, -0.0075704823, -0.0064665396, 0.016810142, -0.018548515, -0.009932008, 0.007766423, 0.019970536, 0.016784942, 0.01949376, -0.025224103, -0.018560193, 0.0012669521, -0.001278878, -0.0062032854, 0.01107608, -0.0150935175, -0.010240233, 0.018333592, 0.0067837224, -0.01848399, -0.01235894, -0.009254538, 0.01993057, 0.0075199935, 0.003443445, -0.019366376, -0.0012279189, -0.004441869, -0.013841769, 0.008004043, -0.0109848175, -0.0009181673, -0.01771527, 0.013223284, -0.0057423287, -8.7557484e-05, -0.009637641, -0.0347026, -0.001521532, 0.012571524, -0.01954802, -0.00044394124, -0.04227679, -0.0019497685, -0.010417392, -0.014062958, 0.010048248, -0.0027978907, -0.014238427, -0.0143923275, 0.0074860523, -0.0018756052, 0.013395724, 0.006564799, 0.033107772, -0.022337813, 0.013772989, 0.009807167, -0.020606035, -0.023051033, -0.01817316, -0.019251082, 0.005415451, -0.011498255, -0.0025472934, 0.014452836, 0.0042232485, 0.008457597, -0.026123263, 0.0018163727, -0.012316351, -0.004314246, 0.008574207, -0.009953109, 0.019816715, 0.010777291, 0.0046712426, -0.01290545, -0.012463908, -0.020975685, 0.0075192126, 0.002700134, -0.0068557393, -0.0038148277, 0.0017732575, -0.014780481, -0.0005973274, -0.013274723, 0.012048944, 0.026102867, 0.015190703, 0.0029502574, -0.001611544, -0.005208246, 0.0043676114, -0.004902737, -0.019292273, 0.036746677, -0.0087334495, -0.042761825, 0.0073467144, 0.011591046, 0.0071542626, -0.019353924, 0.029627563, -0.012017319, 0.0043172687, -0.010143486, 0.00027759722, 0.013940558, -0.009612134, 0.0152531415, 0.009360088, 0.037670292, -0.0062406654, -0.0012782617, 0.029418174, 0.0112853255, 0.0077245296, -0.019736575, 0.016326016, -0.010246161, -0.012552877, -0.012147048, 0.019922733, -0.010300087, -0.017028125, -0.0018081876, -0.019911913, -0.002541731, -0.023531625, -0.006170528, 0.009580356, -0.005274826, 0.0155788, -0.007584104, -0.0117871575, -0.012163473, -0.0063043567, -0.0022888351, 0.044092473, -0.010937653, -0.010461147, 0.003622189, 0.0004904611, -0.00023289704, 0.003008286, 0.003487542, -0.033454172, -0.009443756, -0.007724527, -0.001873726, 0.009951317, 0.019286567, 0.00813888, 0.0046891, 0.034044206, -0.0024390866, 0.0075990837, -0.01601985, 0.010920131, 0.0034670045, 0.003284074, -0.0029265687, -0.019280143, -0.011109491, -0.0056433366, -0.03540363, 0.0167203, -0.004026691, 0.020409053, 0.011716432, -0.0013330631, -0.016756745, 0.00942094, 0.0008728736, 0.011816481, -0.0020312862, -0.017370794, -0.0006405692, 0.011675386, 0.015874643, 0.026940253, -0.0057120603, 0.004875188, 0.0051247217, 0.017803848, -0.0033926843, 0.01348097, -0.016120987, -0.0009134428, -0.016990244, 0.021727752, -0.01757364, -0.011728586, -0.013597953, -0.026657604, -0.008315897, -0.00892701, -0.012422239, -0.009431056, 0.008116416, -0.011899412, -0.0030274263, 0.011194287, 0.010804593, 0.002420808, 0.0046251263, -0.0045784614, -0.0016733158, -0.031834994, 0.0077465028, 0.01785164, -0.013080783, -0.0030101996, -0.0037679204, 0.0057512214, 0.010433182, -0.019315464, 0.006785219, 0.0029616796, 0.015255513, -0.0039397376, -0.0010297452, -0.00747247, 0.018607102, 0.008918125, 0.00189772, -0.0021217992, 0.010071588, -0.0072153555, -0.019461557, 0.010311009, 0.0024770447, -0.008111184, -0.011115404, 0.006747576, -0.015416511, 0.040533904, -0.0050240546, -0.0061381795, 0.02693686, -0.0065153507, -0.014891851, -0.0093940515, 0.00012359455, -0.014688577, 0.011554705, -0.012239841, 0.026641376, 0.004950433, 0.009483142, 0.0006780012, -0.015396521, -0.010595954, 0.018817648, 0.0023634136, 0.0028300579, 0.0041600903, 0.009833905, -0.006159161, -0.0037479254, 0.03194447, 0.017199978, -0.014185606, -0.0062925057, -0.015923264, 0.01541889, 0.027873052, 0.0028619028, 0.014795266, 0.0075773904, 0.0039447243, 0.0019828521, -0.008675521, -0.0021271647, 0.0078029973, -0.03228924, 0.037369937, 0.019868039, -0.011455367, 0.0131199155, 0.014488616, -0.0298936, -0.018770762, -0.001500221, -0.0013556186, -0.020766778, -0.014624955, -0.0125351045, 0.021232482, 0.012014586, -0.0034609868, -0.00747197, -0.010927832, 0.021576788, 0.0069062114, -0.004559164, -0.05627303, -0.019095128, -0.011512822, -0.009444592, -0.023966946, -0.00035332682, -0.0016885825, 0.02023781, -0.011215834, -0.012454293, 0.007930525, 0.005073134, 0.0028391257, -0.012228111, 0.023289979, 0.019070901, 0.026868157, 0.0016173491, 0.0038672423, 0.033117794, 0.011531348, 0.00887737, -0.005019657, -0.019610498, 0.004030124, -0.000252316, -0.0074197147, -0.0029371465, -0.010488176, -0.0149369445, 0.014668125, 0.02438158, 0.002728878, 0.0057664504, -0.016075226, -0.010476802, -0.011678621, -0.010400305, -0.016307857, -0.022641214, 0.014193023, -0.005955385, 0.004930127, 0.011515381, -0.018927634, -0.023375098, -0.004991011, 0.008287972, 0.0043175127, -0.023518248, -0.0071412856, 0.0044750436, -0.0015638247, -0.0055863974, -0.011838577, 0.007230575, -0.0020725424, -0.0015029513, 0.01961394, -0.018666362, 0.011419531, -0.0005004921, 0.0060363426, 0.016751243, 0.0117458375, 0.009941224, 0.028155165, 0.03277809, -0.0059579522, -0.0119568175, 0.0033362648, -0.014496363, -0.014615984, -0.0035280036, 0.026508236, -0.027858784, 0.0072251447, 0.017377244, 0.017474769, -0.0088543575, 0.01052742, 0.002528917, -0.0009748675, -0.0050695525, -0.03126722, -0.00416755, 0.017451119, -0.010267446, -0.0006352764, 0.008813289, -0.011005592, 0.0009227791, 0.0075062993, -0.0067040073, 0.0032184555, -0.019002337, 0.00084572035, 0.032314852, 0.0058245505, 0.022087777, -0.014062901, 0.007052868, 0.026539288, 0.0002484178, 0.007458541, 0.002705064, -0.027431363, 0.011517543, 0.021721367, -0.020238452, 0.009515097, 0.0006987268, 0.012536271, -0.011556603, 0.0029670908, -0.005225349, 0.0033886628, 0.003483549, -0.017731577, -0.01069031, 0.0078191785, 0.009692868, -0.014711268, 0.004500925, -0.0112391375, 0.0005940491, 0.008660869, -0.033083845, 0.018694326, -0.0077978037, 0.017433327, 0.00932486, -0.000101483114, -0.0027515322, 0.017885312, -0.013049683, 0.023581954, -0.022550758, -0.0046035456, -0.0060019926, -0.018540805, -0.0015331963, 0.0028687832, -0.012402044, 0.006179214, -0.017615097, 0.023043858, 0.04777004, 0.005671341, 2.5332549e-05, -0.010784701, 0.0064865937, 0.01139537, 0.009263787, 0.005357265, -0.01087887, 0.019458216, 0.001173609, -0.0071942867, -0.020986605, -0.012340388, -0.003926631, -0.0018356602, -0.011268403, -0.017017687, -0.0013310757, 0.0006541858, 0.022681447, 0.018339051, 0.0070366273, -0.0027612755, 0.00848348, -0.00033375138, -0.0011459107, -0.011769782, 0.014868874, 0.006144213, -0.029558979, 0.021756995, 0.007523478, -0.00091782364, -0.0044552963, 0.009972346, 0.015049055, -0.0036144853, -0.0008237694, 0.02615565, -0.001291713, -0.013408644, -0.025600309, 0.0027299393, 0.013338303, 0.029651215, 0.00036101055, 0.03506713, 0.0040838392, -0.0015018764, 0.009723936, 0.0001340631, -0.01208001, -0.0038693843, -0.0047542155, -0.015641592, -0.005690528, 0.015098381, -0.0089065675, 0.013310301, -0.019091733, -0.0013131975, 0.0033729738, 0.009710706, 0.014824501, 0.005961391, -0.008355758, 0.006080782, 0.009657471, 0.0021746247, 0.020443114, 0.008386175, 0.009263975, -0.0018122656, 0.0077669546, 0.1723686, 0.116972916, -0.028437959, 0.014446995, -0.011193219, -0.0057635363, -0.010136203, 0.0023696402, -0.00601541, -0.016009185, -0.031539474, 0.0030509667, 0.008236587, -0.0019753578, 0.006026862, -0.011780467, 0.0362324, 0.012636079, 0.006242932, -0.0028755607, -0.005582794, 0.021025099, -0.02057017, 0.007145229, -0.023272041, 0.009671217, -0.008414405, 0.01601422, 0.014359547, 0.0047669685, -0.020256676, -0.0021438473, -0.030204678, 0.0049982574, 0.023050867, 0.007319833, -0.006637455, 0.023102274, 0.0040319907, -0.014244995, -0.008681746, 0.009729372, 0.00087187, 0.008516569, 0.00059654395, -0.019319134, 0.011627333, -0.002973588, 0.0051500225, 0.01597347, -0.0016927833, -0.016041042, 0.014635068, 0.015529097, -0.0019906987, -0.026203582, 0.0051336363, 0.00582932, -0.02475113, 0.0048939534, 0.020449083, 0.03043683, 0.003216551, 0.021203164, -0.0046173465, -0.016133785, -0.009362344, 0.012051215, 0.020826412, -0.018205566, -0.025583453, 0.01797172, -0.0056071817, -0.0034251017, -0.022179216, 0.017308375, 0.0036265466, -0.0057837586, -0.012859296, 0.012814468, 0.0034361312, -0.0023157494, -0.009289402, 0.015126111, 0.0022713, 0.0028818792, 0.007953914, 0.006287217, 0.10573267, -0.0007875946, -0.0047399695, -0.02159585, 0.0010387187, 0.008794833, -0.01715139, 0.059616324, 0.011001363, 0.008957015, 0.007414254, 0.0033101842, 0.01644049, -0.017613096, -0.0039624423, 0.03725063, 0.007624618, 0.05050764, 0.02471011, 0.016293535, -0.03247325, 0.007901667, -0.01707388, -0.016986212, 0.00028651502, 0.0017765363, 0.00053760194, 0.013723423, 0.006618369, -0.007385558, -0.111358844, -0.02052634, -0.009489479, -0.004080014, 0.008528263, 0.024004085, -0.005508313, -0.024538862, -0.006510912, 0.0054661487, -0.004624027, 0.003747757, 0.0077807587, 0.005722913, 0.0064603887, 0.015745383, 0.0042060507, -0.020365389, 0.0030155892, 0.018056633, 0.022761242, 0.0071615926, -0.025213778, -0.00994914, -0.00199281, 0.011379234, -0.028611405, 0.017195746, -0.006822305, -0.005056308, -0.016201362, 0.040506236, -0.037511375, -0.0025084647, 0.007658791, 0.005064367, 0.0035624225, 0.0027163196, -0.011656885, 0.015273123, 0.010518042, -0.009619277, 0.007315024, -0.015675459, 0.03238529, 0.012957491, 0.013011916, -0.0076867593, -0.04183785, 0.0041318587, 0.010166152, -0.006670833, 0.028436376, -0.004275801, -0.013749233, 0.023545818, 0.013867403, -0.0026582074, 0.0139734335, 0.017398462, 0.01518846, 0.009697707, -0.009185471, 0.010637398, 0.01347979, -0.0045804004, 0.0032866013, 0.00025929254, -0.012067698, 0.0060196626, -0.040408973, -0.008014983, 0.0107372, 0.007588728, -0.0011533689, 0.01595395, -0.03486404, -0.029420927, 0.013893763, 0.003808815, 0.01581192, -0.008993442, -0.014984546, 0.10014026, 0.003342844, 0.017536374, -0.017654639, 0.026439931, -0.013564778, -0.021729808, -0.023853192, -0.003977657, -0.019957231, -0.022619018, 0.008026612, 0.0070451046, -0.0035348795, 7.062916e-05, -0.0037094885, 0.02956145, 0.017376048, 0.002847517, -0.007267976, 0.0007609296, -0.00998966, 0.01987118, -0.0103647215, 0.017343966, 0.012177061, -0.020319361, -0.010337242, 0.0019200833, -0.013281804, -0.0036604954, -0.009079056, -0.01586422, -0.003965744, -0.0008824488, -0.012328374, 0.00094462157, -0.007981571, -0.021612903, -0.011821537, -0.003010787, 0.02256116, -0.013472222, -0.0066841953, -0.034382846, 0.1934385, 0.012793821, -0.0029728478, -0.006298751, 0.008484902, -0.0070883874, 0.0070311744, 0.010611988, -0.01381625, 0.0065134363, 0.0073788734, -0.004496502, -0.0059302216, 0.023703646, -0.0049366527, 0.0068545896, 0.0050756983, -0.0051220134, -0.014002299, 0.0013526436, 0.0028084302, 0.0016704475, 0.0012590891, 0.02155325, -0.0021135467, -0.010843182, 0.003998214, 0.0057437, -0.0103734275, -0.011354222, 0.020092832, 0.011652684, -0.005172975, -0.0015168521, 0.002264074, -0.007662187, -0.009178769, -0.021924019, -0.0036542104, -0.007919836, 0.0061683743, 0.005526824, -0.021280773, -0.00812238, -0.025673458, -0.020829597, -0.0072019123, 0.02187782, 0.021963215, -0.026024807, -0.020703448, -0.0038836948, 0.008429713, -0.010818469, -0.015643954, -0.010053134, -0.010091096, -0.0011505403, 0.00968768, -0.008054254, -0.018931814, -0.0005179677, -0.0047420072, -0.006898628, 0.002989305, 0.007998168, -0.0006490257]"
Suspenden importacion de calzado,https://oem.com.mx/elsoldemexico/img/25449252/1756375804/BASE_LANDSCAPE/1200/image.webp,no especificado,"El decreto busca erradicar la evasion de impuestos y proteger la produccion nacional, segun Marcelo Ebrard ",https://oem.com.mx/elsoldemexico/finanzas/publican-en-el-dof-decreto-para-proteger-la-industria-nacional-de-zapatos-25449127,"[0.020472895, 0.0066416115, 0.0018618611, -0.054386478, -0.0053825704, 0.015324422, -0.017853376, 0.014629915, -0.016972885, -0.035646148, -0.031365145, -0.0016548226, -0.00019823461, -0.010073435, 0.1351334, -0.004679736, 0.006973246, 0.00062186155, -0.005879087, 0.0052593164, -0.001109347, 0.01047419, 0.009566737, -0.014803871, 0.010064889, 0.0065150876, 0.0122516, 0.010184992, 0.023892058, -0.0029856435, 0.0073739616, 0.017408619, 0.022279615, 0.021678953, 0.018549342, -0.029562922, 0.016504137, -0.003130503, -0.0016371727, 0.0044085933, -0.0062463125, -0.018085765, -0.02428918, 0.0029423013, 0.0043583903, 0.0025143197, 0.012123098, 0.0037713258, -0.007973429, 0.02096884, 0.0145439245, -0.0021541626, -0.016653895, -0.16916014, -0.0115130255, -0.0069938875, -0.003133981, 0.018321605, 0.00053403346, -0.0074572964, -0.028396329, 0.042609166, -0.003922663, -0.0034874778, -0.009559509, 0.012417666, 0.016344279, -0.0018049366, -0.015193479, -0.0068035163, 0.023103125, 0.012411856, 0.014825677, 0.02301036, 0.011298651, -0.014507571, 0.00858038, 0.010528595, 0.008584385, 0.008816656, 0.0019859911, -0.009174803, -0.008945303, -0.02753873, -0.03490895, -0.0022710843, 0.016649522, 0.02670036, -0.00081649265, 0.027487563, 0.004118122, 0.006312488, 0.0052205124, -0.014081701, -0.019858578, -0.005525859, -0.014614059, -0.017359186, -0.0046537193, -0.013897064, -0.0070096683, -0.025735943, 0.0035800964, -0.013827097, 0.025500618, -0.036698684, 0.0275493, 0.004046739, 0.0031753674, -0.005722172, -0.007525656, -0.0035913726, -0.006455318, 0.022023829, 0.014827781, -0.10404875, -0.029471437, -0.0044568707, -0.029622093, 0.0055235974, 0.006490283, 0.028472021, -0.0016083751, 0.009054899, -0.0077873706, 0.0017875852, -0.022083363, 0.025400411, -0.018129122, -0.005216707, -0.011375494, -0.009842736, 0.015170683, 0.010691273, -0.015595604, 0.046137117, -0.025391988, -0.046173546, -0.002234431, -0.016094794, -0.019212736, -0.00753273, 0.0021851636, 0.012296281, 0.013435072, 0.0051195514, 0.00033448025, 0.004921515, 0.003718554, -0.007937061, -0.00072448375, 0.00733821, -0.04125385, 0.005565573, -0.003008039, -0.030344434, -0.032467626, -0.0112915775, -0.010822735, 0.0001514051, -0.0021486534, 0.010859162, -0.0010664922, -0.024731686, -0.0048925453, 0.04695059, -0.01973304, 0.0033455407, 0.017135184, 0.009086381, -0.00020484641, -0.007342017, -0.02553217, -0.018758439, -0.0008873899, 0.022133425, -0.0146844275, 0.017242052, -0.0208859, 0.029334525, 0.003134973, -0.032696784, 0.029212054, 0.028712261, 0.01870415, -0.012490719, 0.009054978, 0.009757749, -0.013905834, -0.007898612, -0.03072941, -0.035525367, 0.0056652986, 0.00036242005, -0.0097399885, -0.0069050603, 0.00463877, 0.015579731, -0.008946148, 0.005158019, 0.019103339, 0.0038292645, 0.014735565, -0.01348908, 0.0020078311, -0.020091427, -0.03368639, -0.012320587, -0.008358124, -0.021552525, -0.0055018086, 0.023623459, -0.009354058, -0.018831383, 0.005018682, -0.017822841, 0.0008312864, 0.0075173066, -0.017896825, -0.00078215124, -0.007473321, -0.014435577, -0.018621258, 0.017615596, 0.00017531952, -0.031184718, 0.00012445687, 0.013226924, -0.030900842, -0.016471269, 0.02034649, -0.010788068, 0.02895189, 0.016340142, 0.005995467, -0.025702491, 0.01153853, -0.016344452, 0.015515429, 0.016523369, 0.0055113556, 0.02976407, 0.028246535, 0.003626689, -0.013974737, 0.013298524, 0.008401851, -0.011427749, -0.0109174205, 0.040995564, 0.006460394, 0.016562108, -0.01891745, 0.0036660552, -0.0375322, 0.013845729, -0.00059016014, 0.016052283, -0.004429291, -0.021585545, -0.01000391, -0.006245023, -0.03533061, 0.003397621, -0.006703983, 0.026661422, 0.0124301845, 0.009957379, -0.029614948, 0.010099643, 0.01580817, 0.0077519785, 0.022637766, -0.0109811565, -0.009401179, 0.0025412505, -0.051202983, 0.008263214, -0.010846575, -0.034581147, 0.008841973, -0.014057125, 0.0019271588, -0.005495918, -0.023546, -0.019129803, 0.016032698, -0.023176257, -0.0026060815, 0.0014454129, 0.009495599, 0.02448506, -0.0028279833, 0.009982674, 0.014145602, 0.0013299494, 0.016555212, 0.03867177, -0.019656934, -0.0045306706, 0.02487326, -0.017726667, 0.043056846, 0.052762907, 0.013464078, -0.0038410458, -0.0045940457, -0.030934801, -0.03178627, -0.00088305847, -0.0062169484, 0.014926159, 0.0026944575, 0.03493092, 0.00010862569, 0.028570872, 0.011883231, -0.006618887, -0.0032058202, 0.014331075, 0.0067262147, -0.02640083, -0.010630555, 0.012633091, 0.0038949272, -0.008884298, -0.0003477708, 0.012797708, 0.015865812, 0.00016507463, 0.0027793248, 0.01989515, 0.0015754834, 0.008824051, -0.0072541437, 0.018532671, 0.006659179, 0.001458917, -0.0101576075, 0.0130928615, -0.013141849, -0.013412507, -0.0096086515, 0.009641331, -0.022356873, 0.053134464, -0.010090665, -0.0019464797, -0.013662354, -0.018215107, -0.00603028, 0.02932707, 0.008526269, 0.028538998, -0.041625537, 0.02455412, -0.019596495, -0.013716338, 0.0038471573, 0.014105846, 0.012107344, 0.006487363, -0.03518673, -0.019422116, -0.017535932, 0.012831939, 0.008330215, 0.01594029, 0.008717935, -0.008625521, -0.0071197287, -0.0035772303, -0.028246982, 0.015639877, -0.0058972524, -0.0015027082, -0.018717911, -0.00348725, 0.0040247715, 0.030812392, -0.007713831, -0.02090369, 0.020955322, 0.021679511, -0.03145017, -0.0016100527, 0.019639345, -0.0066390024, 0.017304843, 0.019749776, -0.0019870428, 0.0054967166, -0.02463857, -0.0014640028, -0.024510155, 0.017447319, 0.017478038, 0.011193403, -0.0021897245, 0.004973358, 0.012705649, -0.003932465, 0.0024286585, -0.024513375, 0.007285517, 0.0071065607, -0.036377024, -0.012665476, 0.005249692, 0.013059928, -0.008925024, -0.03501735, 0.009769281, -0.015428564, -0.00034102146, -0.017486578, -0.010241839, 0.0024587258, -0.0073827873, 0.024170177, 0.0034385328, 0.002993193, -0.024280643, 0.0027142446, -0.00017705507, -0.001895327, 0.0029446685, 0.028042607, 0.011371509, -0.022142455, 0.007369524, 0.0029257336, -0.0074683335, 0.005457333, -0.0209917, -0.005310789, -0.030469492, 0.024587642, -0.01283193, 0.011417124, 0.022638591, 0.0200241, 0.0052387947, 0.01166135, 0.015154141, 0.0067711165, -0.0049192575, -0.028968712, -0.00094693183, 0.004826745, 0.010925218, 0.003095053, 0.020992983, -0.01308191, 0.0053860946, 0.040052406, 0.012564958, -0.0055028866, 0.00033809015, 0.006686653, 0.0041232225, -0.02876036, 0.03560938, 0.039428163, -0.024186736, 0.033210825, 0.014186137, -0.010716642, -0.0009996429, 0.034097947, -0.023036266, -0.018376581, -0.009668042, 0.012280939, -0.009294912, 0.018900245, -0.034800902, -0.0007549267, -0.0009064446, -0.0027445646, 0.006942116, -0.015740639, 0.00026866386, -0.001923024, 0.02071236, 0.016573124, -0.008062017, 0.0038200514, 0.0077492804, 0.020831343, 0.00046071273, -0.009783161, -0.03022764, -0.021443272, -0.02765607, -0.0057038222, -0.00030887738, -0.028569084, 0.04545163, -0.0066772983, -0.005446148, 0.009885561, 0.010487692, 0.016672952, -0.0034163003, -0.01047655, 0.0022677947, 0.013327877, 0.033087727, -0.015407995, -0.011300111, 0.00775196, -0.0050899163, 0.022431958, 0.015784869, -0.006803021, 0.010467343, 0.03754363, -0.02486091, 0.013267368, -0.033516448, -0.02109685, -0.003693537, 0.020634435, -0.0059421263, 0.01604493, -0.005991434, 0.016443158, 0.03361855, 0.006042991, -0.0096326275, 0.023122754, 0.0024980388, -0.018985204, 0.00085183716, 0.0133260125, 0.025692364, 0.03234354, 0.023412142, -0.009641108, -0.013754988, -0.029821943, -0.014683521, 0.0021081115, 0.0019060329, -0.080652185, 0.0048001837, -0.019751541, -0.020476285, -0.026791615, 0.0044895625, 0.02558149, -0.008228623, 0.0120511195, 0.000840447, -0.013498553, 0.002352359, 0.017555807, 0.007938625, -0.014524947, -0.012851347, -0.006103678, 0.00864608, 0.0356124, 0.014910163, 0.026876261, 0.021665175, -0.0075034485, -0.027897218, 0.0015056581, 0.0026044948, 0.0018266512, -0.021931967, -0.0069593643, 0.01247533, 0.016902898, -0.026863977, 0.008026321, 0.01142087, 0.0071271234, -0.0017510445, -0.014049057, 0.0036037813, 0.013066938, 0.026585981, -0.017609095, -0.0018064571, -0.0012500447, -0.009797309, -0.020174533, 0.028366769, 0.0070890533, 0.0017134708, 0.01672163, -0.0057453285, -0.008334661, -0.0026620412, 0.023872733, 0.014705815, -0.012001584, -0.0062081437, -0.01882492, -0.008894892, 0.012762591, -0.007890207, -0.010225819, -0.014754524, 0.0068179006, 0.042720184, 0.01821468, -0.011932708, -0.04379845, 0.0066863247, 0.036543466, 0.015020599, -0.019179355, -0.0074131708, 0.02694937, 0.026099972, 0.036096904, 0.026127081, 0.0018935547, -0.0043303436, 0.043701474, -0.011993965, -0.031348404, 0.016888618, -0.09801564, -0.0040228623, -0.011095825, -0.012332581, 0.007302955, 0.03522764, 0.010315819, -0.02425025, 0.002668985, 0.016038362, -0.00698872, 0.011913435, 0.018914767, -0.035066303, -0.014344929, 0.029718665, -0.007162643, 0.0005966413, -0.030163236, -0.0356459, 0.007934099, -0.0031551498, 0.00061053707, -0.021557566, -0.00813973, -0.025621573, -0.016748404, -0.036119897, 0.01731102, -0.036640864, -0.018249685, -0.1269745, 0.0068009114, 0.026271852, -0.00337359, -0.0055743624, 0.024685705, 0.034570716, 0.007150982, -0.019610157, 0.0048166914, -0.015041707, -0.0021814199, -0.0093171485, -0.0116267055, 0.023525976, 0.1337705, -0.012700185, -0.005395897, 0.041116673, -0.0046460717, -0.019275542, -0.009631188, 0.011048566, -0.0060397866, 2.8500699e-05, -0.012781877, 0.03685822, 0.0070858295, 0.006415889, 0.004817094, 0.016003989, -0.005747135, 0.02010423, 0.024244638, 0.010530427, -0.042604253, 0.0030708318, -0.005014805, -0.029478952, -0.0066881008, 0.025962394, 0.021664556, -0.007720936, -0.0053860354, -0.0150231775, -0.007860004, 0.01743131, -0.009363574, -0.008930908, 0.006463358, -0.026174227, -0.077133425, 0.019497706, 0.02570786, 0.015998423, -0.010763791, 0.0012898019, 0.03181927, -0.0131618455, -0.0066721896, 0.02720389, -0.034397446, -0.03842264, -0.0005563943, -0.005728587, -0.035555426, 0.008503766, 0.030848214, 0.012740098, 0.0064034704, -0.0004917991, -0.0006005073, -0.003914317, -0.013659637, -0.0038282867, 0.0058780992, -0.03706764, 0.024414476, 0.011485754, -0.0035185462, 0.0063066464, 0.00040647035, 0.007553888, 0.03395738, -0.016577123, 0.006818947, -0.0004910914, -0.03376688, -0.02260587, -0.002612997, 0.002880792, 0.012410569, 0.018016577, -0.00059822627, -0.0023566033, -0.015200276, 0.026885781, 0.0074779377, -0.0072243204, -0.021814864, 0.022524958, 0.024503397, 0.011346934, 0.0059183226, -0.0068828994, 0.005794534, 0.035192247, 0.004569442, 0.007853522, 0.0019186453, 0.0020724686, 0.0022028815, 0.009018242, 0.017693039, -0.006166691, 0.01885915, 0.018888546, 0.0027887195, 0.008568917, -0.03106639, 0.02646522, -0.0014618604, -0.025147697, 0.013421251, -0.00039164323, -0.020651102, 0.008227819, -0.0029397532, 0.01968595, -0.039614752, 0.016646445, 0.013912033, 0.004518272, 0.0017278817, -0.011292607, 0.011030238, 0.010835501, 0.011662887, -0.0013578602, -0.0031831278, 0.03313736, 0.003000407, -0.0047102375, 0.00863778, 0.010006225, -0.012493444, 0.0007192379, 0.005491185, -0.0058007557, 0.0058034565, 0.028766723, -0.028706253, 0.006896443, 0.011463607, -0.011219276, -0.0044509084, 0.002106427, 0.00064264255, 0.016422175, 0.0023254391, -0.011001735, -0.018722214, 0.019550525, 0.029479446, 0.016570562, -0.013483242, 0.0023540515, -0.0065738168, -0.009620261, -0.003501727, 0.009402655, -0.0028600493, -0.019211788, -0.00022481466, -0.01028049, -0.0018194694, 0.011451803, -0.013357752, -0.006686565, 0.01245447, 0.0049960087, 0.015876245, 0.010802849, -0.009793893, 0.007981152, -0.00884192, 0.008739204, -0.01583723, 0.0075187604, -0.023000946, -0.0036953762, -0.021665705, 0.012655847, -0.0065265605, -0.008593041, 0.0046892236, -0.006688195, 0.007655334, -0.0041266247, 0.0012425784, -0.0022511478, -0.013858445, -0.0121589145, -0.0041455645, -0.007970272, -0.018646931, 0.0004788231, 0.0027788675, 0.010120083, 0.01620101, 0.013423544, 0.011682636, 0.002885491, -0.029856578, -0.020105649, -0.004964784, -0.006650484, 0.01753644, 0.0046095704, -0.009016165, -0.024912369, 0.009030382, -0.015504241, -0.002166061, 0.022407357, -0.0128353955, 0.017492805, -2.3082254e-07, 0.0015461798, 0.018733231, 0.001576862, 0.004976489, 0.015484498, 0.0060930345, -0.010154973, 0.013659711, 0.008806092, 0.008225353, 0.017234607, 0.0009126491, 0.005196135, 0.0006251243, 0.011226634, 0.0036424545, 0.0029456392, 0.0047846483, 0.0066043604, 0.01664244, 0.0074099833, 0.009706839, -0.0077821957, 0.030606432, -0.0003952845, 0.004337197, 0.009914346, -0.010417732, -0.009539202, 0.00998054, 0.003286034, -0.0042682025, 0.0006615036, -0.009552539, 0.00067863305, -0.0055742864, 0.021115286, -0.011652441, -0.011833291, -0.006689826, -0.0015653298, 0.0064380853, -0.011521792, 0.0097772665, -0.001988922, -0.00672595, 0.005895202, 0.02025053, -0.0060724686, -0.01216899, -0.0051713698, -0.0027921419, -0.015113527, 0.009013124, -0.022358375, -9.023472e-05, 0.0011041911, 0.0053108446, 0.014986696, 0.022764573, -0.0077998117, -0.01110837, -0.011389686, -0.0030188903, 0.021118885, 0.010034894, -0.018607134, -0.00084901205, 0.0060484847, -0.019483114, -0.0082314275, 0.0034079368, 0.0048719416, -0.0154133905, 0.02293209, -0.0069366433, 0.018129516, -0.012103161, -0.0122998785, 0.0047907545, 0.017795326, -0.004163685, 0.083610214, -0.0062353467, 0.010455994, 0.012917434, -0.009354473, -0.010888318, 0.0026931812, -0.018956898, -0.0016131285, 0.008227099, -0.008049281, 0.010924815, 0.0048595946, -0.0033433212, 0.009870269, 0.009030304, -0.018287355, -0.01778577, -0.007422669, 0.021925839, -0.0038046897, 0.008898263, -5.9063263e-05, -0.014351381, 0.010503764, -0.013394273, -0.0044082636, 0.011124612, 0.017683195, -0.016603794, -0.017077949, 0.02272971, 0.014878185, 0.006041869, -0.020151922, -0.0060623595, -0.008543035, 0.013622766, 0.014593506, 0.014236618, -0.009256396, 0.006588241, 0.01055996, -0.0069744126, 0.009967198, 0.0058174906, -0.0037874873, -0.0063166646, 4.36849e-05, 0.01026987, 0.0006846548, 0.0049552103, 0.014009988, -0.010600371, -0.0055959453, -0.0034574412, -0.0039345725, -0.015263169, 0.0037997533, -0.0042276303, 0.011572668, 0.013253216, -0.0032998964, 0.014445993, -0.002376518, -0.009798272, 0.0018745135, -0.018786334, -0.0019544659, -0.003700669, 0.00055002084, -0.007828988, -0.00717917, 0.0036198182, 0.03718135, 0.009641554, -0.010144743, -0.009424212, 0.0011060986, -0.0024654719, 0.026130019, -0.009950384, 0.00083915365, -0.01306295, 0.00075885834, 0.009699402, 0.023553682, -0.008729029, -0.003696692, 0.0025208832, 0.010336471, -0.0062064915, -0.014573335, 0.009386669, 0.0018304812, -0.0009972951, 0.054853085, 0.014429041, 3.7212816e-05, 0.012660413, -0.01826741, -0.0008591785, 0.012147165, -0.005867492, 0.0029427183, -0.010338851, 0.0145770535, -0.014490009, 0.007789221, -0.012990706, 0.0016143982, -0.006146298, 0.0047067315, -0.012913732, 0.005681773, 0.012272015, -0.0002832953, -0.0024509986, 0.00066313567, -0.0016619307, 0.0014048348, -0.015493902, -0.008540164, 0.0020935738, 0.003963098, 0.009517973, 0.004311189, -0.0018839138, -0.014163066, 0.0023014054, -0.0059527, 0.0017140864, 0.009455876, -0.0098744575, -0.005268682, 0.0036307727, 0.016006064, 0.023046587, 0.023126042, 0.0029610274, -0.008159877, 0.0018544868, -0.005896194, 0.0020990423, -0.0035494121, 0.015408897, 0.00096858747, 0.006024592, 0.0031183274, -0.0089382995, 0.01480253, -0.019085044, -0.0018508502, 0.0018052732, -0.011378181, 0.019838575, 0.010725967, 0.0019509308, 0.00203848, 0.011807546, -0.008461945, 0.0041316585, 0.0023329114, -0.017321246, -0.014874427, -0.0043424265, 0.001972104, 0.007945119, -0.002100476, 0.015810106, 0.008862339, -0.00043050878, 0.0017173116, -0.012743416, -0.01714789, 0.006923987, -0.017367039, -0.010245588, -0.0014595039, 0.0072703077, -0.016761491, 0.0036727677, -0.023768121, -0.0015154247, -0.0016545161, 0.001000167, 0.0027164978, -0.017418314, 0.021577278, -0.020322008, -0.003711115, -0.0020121208, 0.0043832376, -0.001081839, 0.0024501644, 0.003259277, 0.009675787, -0.005956558, -0.005294433, 0.002803722, -0.008436302, -0.01610386, 0.0008994626, 0.0033142164, -0.012013168, -0.0051005855, -0.012111276, -0.0055792066, -0.011453544, 0.01224339, -0.0042433944, -0.028268304, 0.017841907, 0.003366632, -0.0059753633, -0.009813164, 0.010035165, -0.007513397, 0.016910233, -0.01374994, 0.015453922, -0.0044509023, 0.003911337, 0.01262777, 0.01990898, -0.005753044, 0.009903962, 0.021942312, 0.002996494, -0.008636489, -0.010614232, 0.006750541, -0.01964498, -0.0017494356, 0.01984076, -0.00025551784, -0.01090131, -0.0020785867, 0.009020376, 0.0017149462, -0.006463858, 0.015981847, -0.0030849657, 0.008033071, -0.00047650695, -0.009414783, -0.021467661, 0.0067866123, -0.0058053476, -0.0010186281, 0.0007491286, -0.0071628704, 0.016294776, -0.00784399, 0.0041166176, -0.0011329495, -0.022691943, -0.034597784, 0.006234639, 0.0059911986, 0.006433219, 0.014504662, 0.009937426, -0.0015494088, 0.0032849838, 0.0077789095, -0.0016872047, -0.003247142, -0.003378889, 0.0065804017, 0.014059425, 0.0013122455, 0.006632667, -0.00951371, 0.018253714, 7.272841e-05, -0.011815913, 0.0037496774, -0.0038017093, -0.011030367, 0.0068907156, 0.01597935, -0.014954995, -0.011160956, 0.022147745, 0.0028313103, -0.005781725, -0.0109451385, -0.010915388, 0.005015072, 0.0069462894, -0.0066620214, 0.00345502, -0.002600985, 0.010527351, 0.0056974282, 0.00013701506, 0.009658398, 0.009025409, 0.010257925, 0.010268053, -0.006943817, -0.00866486, 0.0067528966, -0.011662029, 0.0011011261, 0.0026355202, 0.013686764, 0.013625845, -0.0047602938, 0.0074269096, -0.013827611, -0.012061099, 0.015957693, -0.01257232, 0.00507912, -0.0007392831, 0.010930667, 0.0069612493, -0.018810518, 0.0024548112, -0.006976884, 0.0063366247, 0.0045945453, 0.007204402, 0.0073761265, 0.0020772219, -0.0047636502, -0.00471091, -0.0029730347, -0.011629525, -0.016104396, 0.0028662474, 0.01973609, 0.012693576, -0.00053052494, 0.016517678, 0.011223687, -0.017018931, -0.008807216, -0.019264748, -0.0051666503, 0.014168377, 0.010877056, -0.007976253, -0.024442637, 0.0075234007, 0.007326866, -0.0077104117, -0.011879471, 0.0033766802, -0.0036589615, 0.025711969, -0.00331685, 0.0006270398, 0.0075082965, 0.008645099, 0.008282999, -0.0014792876, -0.00046074713, 0.011678269, -0.0016744507, -0.013938569, -0.0067401147, -0.0038807532, -0.00254897, -0.0066771354, -0.011086165, 0.00033871262, -0.0029532465, 0.007309917, 0.004066478, 0.0146510145, 0.0017877707, -0.0068591004, -0.020209555, -0.00071896304, 0.0055448394, 0.018398829, 0.0059831263, 0.0009020756, 0.022469986, 0.00017979085, -0.0134428395, 0.0017446826, 0.017450858, -0.0019049417, -0.004593485, -0.0008691181, 0.029985437, -0.01823535, -0.01851341, 0.010931939, 0.0062365653, -0.015024275, 0.006034167, -0.016634954, 0.00775207, 0.002310033, -0.0047908784, -0.0034251362, 0.004621522, -0.019301968, -0.00023815696, 0.016899819, -0.00010829439, 0.008312549, -0.0029588644, 0.020138578, 0.0129184155, -0.005088393, -0.007355988, -0.010296596, -0.0062261513, 0.004236404, -0.012349532, -0.0029395833, 0.0022066974, 0.0099149365, 0.0044107297, -0.0068195453, 0.0018096254, -0.0004207053, 0.019637028, 0.010533622, 0.00787681, -0.00328067, -0.016705368, 0.009577681, -0.008093425, 0.022137973, 0.01091811, -2.4740857e-05, -0.008129408, -0.001677492, 0.019443685, 0.01863745, -0.019708795, -0.0030869897, 0.0005867847, -0.021210039, 0.0022226274, -0.007385964, 0.0150467185, 0.018906908, -0.012659766, 0.00046657215, -0.008667983, 0.0034752665, -0.0072319116, 0.013304865, 0.006533337, -0.0078047086, 0.0038224563, 0.018460257, 0.008804376, -0.0060734884, -0.0140765095, -0.0111093, 0.00044827722, -0.01860373, 0.0038389843, -0.090312324, -0.021976585, 0.0118938815, 0.017544389, 0.017243277, 0.0117361285, 0.002999044, -0.02398709, -0.01523773, 0.0054912213, -0.0019841357, 0.0069261575, -0.005784443, 0.011591716, -0.0056396187, -0.011964987, -0.00628773, 0.006243609, 0.006698874, -0.00084219844, -0.0084692985, -0.003451269, -0.003887553, -4.651542e-05, -0.015536837, -0.01748209, 0.012154057, -0.0055265706, 0.009991638, 0.0050992514, -0.0029669295, 0.0039225705, 0.007365006, 0.009758658, 0.010044361, 0.021409726, -0.0023554873, 0.014065305, -0.13448367, 0.018663768, 0.01145133, -0.0040136334, -0.010096198, 0.008634801, 0.005149812, 0.0016923532, 0.012711329, 0.006202282, 0.005390132, -0.009281318, -0.003801732, -0.016680988, 0.0043225577, -0.0018065989, -0.007740476, -0.0011903418, -0.0064155078, 0.0017579837, 0.0093309535, 0.0139044, -0.007852912, 0.017954098, -0.016979018, -0.0024699494, -0.0074647223, -0.007320116, 0.012909391, -0.0121133495, -0.0015720283, 0.005105092, -0.006874133, -0.015316827, 0.00022178033, 0.00016338736, 0.0033730154, -0.0017214814, -0.010579879, -0.0056575025, 0.008926586, -0.0024379462, 0.010342095, -0.0026228838, 0.010359144, 0.0023145203, 0.0048999595, -0.021631919, 0.009578449, -0.008616015, 0.0020254566, 0.007730936, -0.00081061135, -0.00021920477, -0.007782505, -0.0041861474, -0.0017164815, 0.0041365586, 0.012395901, 0.0102563705, 0.007074152, 0.0072971373, 0.018954897, -0.00017841044, -0.0024306541, -0.00014361959, -0.0006447951, 0.0010184471, 0.014428756, 0.0018194959, -0.013614822, -0.0012445285, -0.010539325, -0.0017006869, 0.0023410826, -0.004247446, 0.010425843, -0.0111334985, -0.002977712, -0.0028755907, 6.336773e-05, -0.0127666695, -0.013469204, 0.01254565, 0.006032868, -0.016277656, -0.0024876448, 0.005217725, 0.0007290094, -0.0470379, -0.012663871, -0.011233637, -0.014235431, 0.009920312, 0.019470632, -0.0065663196, 0.010193498, 0.011349242, -0.003865352, -0.019421648, -0.009369696, 0.0032643026, 0.0070114876, 0.027883966, 0.0047198497, -0.035233825, -0.0021626228, -0.026954478, 0.007490129, -0.015344222, -0.0077997786, 0.004000521, 0.0014161334, -0.01264202, -0.005412735, -0.010404638, 0.00339894, 0.008458526, 0.01768227, -0.0021711886, -0.0012203098, 0.005821856, 0.012823574, -0.015953034, -0.024756048, 0.014284008, 0.017993204, 0.0077369716, 0.0051009622, 0.0052991193, -0.012745082, -0.00036453636, 0.009123814, 0.010254051, 0.0015889063, -0.015814098, -0.0040813433, 0.0025911059, 0.00266315, -0.021339381, -0.00053948147, 0.0070376024, -0.00903493, -0.00011442522, -0.013248151, -0.0048401123, 0.014596317, 0.015176414, -0.017754652, 0.008076921, 0.0035665634, -0.018460676, 0.003183613, 0.012419895, 0.010876184, 0.0030655316, -0.022038007, 0.0039546113, 0.012303251, -0.005497125, -0.009923314, 0.0136214895, 0.013623816, -0.02140309, -0.01076134, 0.014704943, 0.006433419, -0.011142709, -0.033644896, -0.00576513, 0.0033839815, -0.009083612, 0.018374389, 0.013650212, -0.009040826, -0.014700459, -0.002152912, -0.0008300092, 0.0072268443, 0.014646568, 0.0033734408, -0.001955225, 0.015819225, -0.008837393, 0.014860808, 0.006471719, 0.007488331, 0.00733863, 0.010676138, 0.002674284, -0.015634306, 0.022484098, 0.0044074706, -0.0059684087, 0.013730861, -0.001727587, -0.0015999019, 0.0012736914, 0.009881126, -0.003042892, -0.0051913303, -8.371164e-06, 0.0077213086, -0.17064822, -0.022039518, -0.0076982845, -0.012309567, 0.0020196307, -0.010558314, -0.023077412, -0.0010659476, 0.010635274, -0.012889788, 0.03382906, 0.036207516, 0.020275505, -0.024559472, -0.002480614, -0.008549526, 0.01272683, 0.027906574, 0.003240693, 0.0083710775, -0.052140113, -0.008806943, -0.02318428, 0.015641546, 0.004508692, -0.0072425483, -0.000275223, -0.00044479172, 0.008833858, 0.0057199914, 0.009774474, 0.010083452, -0.0059678424, 0.017607579, -0.01263737, 0.0083339885, 0.005648626, 0.018870115, -0.0003146867, 0.011915498, 0.008995319, 0.001732951, -0.0069033476, -0.017577505, -0.004103285, -0.009096093, -0.002077051, -0.014259964, -0.01184079, 0.015206775, -0.0010188374, -0.0034477066, -0.00533347, -0.014019042, 0.008167712, -0.030507848, 0.012497593, 0.012528893, 0.018948672, -0.009236222, -0.0074673356, -0.002392471, 0.021834102, 0.023787647, -0.0029650154, -0.0057050986, -0.006407369, 0.14118685, -0.018410623, 0.014372027, 0.009852636, 0.00031415827, 0.02023733, 0.023395207, 0.010080097, 0.015788343, -0.042398565, -0.013221398, 0.001388359, -0.007479668, -0.01342738, -0.0230842, -0.014287537, 0.012681141, 0.01438111, -0.020591982, 0.0059455778, -0.018423436, -0.010398465, -0.025532277, -0.0047977297, 0.008353358, -0.011468408, 0.0032138682, 0.005838964, -0.0045485594, -0.021384299, 0.023553807, -0.041410763, -0.015305138, -0.0043171267, -0.018844463, 0.0038665025, -0.015273811, -0.013110105, -0.010304295, -0.010849643, 0.013298977, 0.020145483, -0.019600702, -0.011451154, 0.012063358, 0.030204207, -0.00270636, 0.014643796, -0.0021611217, 0.015254951, -0.022357784, -0.0042576347, -0.017111205, -0.005032846, 0.0013785985, -0.008541564, -0.008016033, -0.0038536733, 0.008583594, 0.020258669, 0.021149732, 0.008444486, -0.016009906, 0.028471164, -0.0046718814, -0.0064212284, -0.001198384, -0.009474595, 0.0040853545, -0.101649664, 0.026230745, -0.018756399, -0.02366868, 0.0008074818, 0.008280801, -0.0074256156, 0.0065993834, 0.017321222, -0.01834479, -0.010386558, -0.006804372, 0.01285489, 0.01771915, -0.00650354, 0.01957729, 0.018600402, 0.00778329, 0.014937907, -0.0041438295, -0.01297579, 0.010813113, 0.0094950795, -0.010849857, 0.0066546258, 0.020404046, 0.0141663905, -0.0009785584, -0.00662911, 0.007247881, -0.00016727166, 0.0054447283, -0.0013205432, -0.0052895686, -0.031533867, -0.0034701528, 0.010221063, -0.0051711774, 9.958107e-05, -0.006352521, -0.026967365, -0.004579813, -0.01668629, -0.016543487, -0.007570438, -0.012424157, -0.007974307, 0.023392277, -0.0064415745, -0.023429897, 0.012059455, 0.02508581, -0.0055358293, -0.012159724, -0.03559258, 0.014562306, 0.026765577, -0.006967382, -0.012481792, 0.0020924332, 0.002527315, -0.0054147225, 0.005007075, 0.016929405, -0.024071395, 0.008259036, 0.009194084, -0.008886557, 0.02800541, 0.0065116636, -0.01717463, -0.008149333, 0.021608263, 0.017496575, 0.00631824, -0.005399262, -0.0015986102, 0.010602577, -0.010546595, 0.013677268, -0.013127729, -0.018151, 0.04063338, 0.003200363, 0.029411882, -0.008821102, -0.011620751, 0.01132381, 0.0026881676, 0.015732756, -0.017753936, -0.00075024355, -0.0018922493, 0.011651504, 0.0057314276, 0.0067463727, -0.0013043861, -0.004260506, 0.018348083, -0.0063125202, -0.010444577, 0.011544156, -0.0186998, 0.004177664, -0.008034429, -0.010661998, -0.022729611, 0.0052272948, 0.0061090523, 0.034303844, 0.0027155725, 0.009165693, -0.03137817, -0.014897242, -0.0030405333, -0.0013066668, 0.0037555404, -0.008203387, -0.0018422831, 0.0064770114, 0.006741453, -0.0035081713, 0.039335836, -0.0029117682, 0.0039909985, 0.0064155366, 0.005322976, 0.00458978, 0.020314204, -0.00013266111, 0.0063356124, 0.023403695, 0.0062994324, 0.016664494, 0.007061961, -0.012118505, 0.0069116293, 0.014933119, 0.012246572, 0.016325051, 0.019279128, 0.022495113, -0.007862444, 0.009089611, -0.0015351427, -0.024404356, 0.0127273565, -0.021313882, -0.0023539679, -0.014368859, -0.004370202, 0.0021735302, -0.029770527, -0.0036967392, 0.014628172, -0.0069184406, 0.013447686, -0.0022191838, 0.008231913, 0.015924314, -0.019307014, -0.0025456026, 0.019780718, -0.012799053, 0.0051677683, -0.005164167, -0.029557265, 0.010073158, -0.03189317, -0.027243866, 0.0074350955, 0.0010667072, 0.014756818, 0.011801543, 0.0099108815, -0.028409585, 0.008231893, 0.01738875, -0.008951339, -0.058007177, 0.010422177, 0.006932716, -0.0052331113, -0.0021343345, 0.007199987, -0.004204389, -0.008299636, -0.005443539, -0.0067816195, 0.037737247, -0.027021123, -0.024545107, -0.012554309, 6.29533e-05, -0.008967974, -0.010537679, 0.009784963, 0.019071916, 0.00043260973, 0.02011209, 0.0025515684, -0.009353438, 7.346885e-05, -0.0024841807, -0.0052249217, -0.013386882, 0.006025165, 0.0023790249, -0.013517463, -0.0032844255, -0.035563856, -0.020835249, 0.01631055, -0.00768858, 0.0008417134, -0.00940199, -0.020546975, 0.0038459187, -0.047434762, 0.0149367405, 0.00074039993, -0.033805836, -0.007163863, 0.021244098, 0.0014962541, 0.010077907, 0.024830835, 0.017871499, -0.01657215, 0.0051734676, -0.0045387144, 0.01683451, 0.014359657, 0.0052317753, 0.009362154, -0.0033808912, -0.009167423, 0.0026278005, -0.00078352273, -0.00648303, -0.010501541, -0.009439263, 0.011565132, 0.0053584864, 0.0027158738, -0.014791081, 0.010185167, -0.00046568824, 0.02614443, 0.029692214, -0.006137078, 0.02221916, 0.007082213, -0.016665047, 0.003301391, 0.023258753, -0.00845821, 0.021951789, 0.03278575, 0.016869232, 0.020853011, -0.0061099385, 0.054734837, -0.009620308, -0.010230545, -0.010569063, -0.08750126, 0.0015357945, -0.0028081804, -0.0071640825, 0.012056896, 0.026703272, -0.023918945, 0.03835679, -0.009321184, -0.01257289, -0.014061624, -0.011871486, 0.01647978, -0.020786706, 0.00047399363, 0.0043900823, -0.02292214, 0.007670715, -0.0028806159, 0.004351805, -0.0002702739, -0.015625708, -0.015819952, -0.00061716395, -0.0075901304, -0.032788508, 0.012548924, 0.01320263, 0.005130211, 0.0040594554, -0.007304764, -0.014692719, -0.007856909, -0.015301136, -0.00527836, 0.005886198, -0.018871715, -0.0065163975, 0.0055909916, -0.010406057, -0.0012762658, 0.019770877, 0.008764141, 0.012429904, 0.008615385, -0.016037878, -0.018617474, 0.0002467434, -0.0029401227, 0.012983585, -0.015571431, -0.02350113, -0.018734844, -0.020734658, -0.009201469, 0.0083266795, -0.033121943, -0.026147129, -0.0106147, 0.009748076, 0.018989375, -0.0053811492, -0.0025467533, -0.0136682, -0.0061402535, 0.026807358, -0.037931193, 0.008625982, -0.020486321, 0.021105047, -0.0024913305, -0.006960254, 0.018022863, 0.007934691, 0.0027033857, -0.022718854, -0.007638505, 0.009432502, -0.014313476, -0.016745504, 0.027416991, 0.03370143, 0.0069586635, -0.0023553302, -0.01617685, 0.01034193, -0.0034828049, -0.017116113, 0.022924263, 0.0024266804, 0.028739773, -0.0015458445, 0.01487072, 0.0010961108, -0.00738721, 0.0070239957, -5.9905237e-06, 0.0023011994, -0.011442172, -0.00076240324, 0.006527947, -0.016536904, -0.02217089, 0.0017650719, -0.0009719631, -0.0079647405, -0.0030334885, 0.008542377, -0.0016269867, -0.00813829, 0.023377586, 0.0014125048, 0.025780033, -0.0098698875, -0.009171216, 0.017280104, -0.015614792, -0.00591087, 0.0068803, -0.002293781, -0.014232324, 0.0027826957, -0.03691299, -0.013352569, -0.0016041002, -0.0058179777, 0.0039496673, -0.007858394, -0.031968493, 0.0034787753, -0.015567464, 0.014004898, -0.005118009, 0.0154416505, 0.012852042, -0.02471604, -0.010198939, 0.006964759, -0.012395352, 0.011856056, -0.01427346, -0.0006968149, -0.0039838823, -0.0020328471, 0.02340019, -0.02838017, 0.008957763, 0.011791031, -0.021505583, -0.012602274, 0.01428745, 0.013067757, 0.0078075305, -0.012736401, -0.020634072, -0.010007917, 0.0023691952, -0.004096218, 0.006770222, 0.003917433, -0.0015400904, 0.00943167, 0.0026115885, 0.016439883, -0.030634293, 0.006396428, -0.018423233, -0.006196625, 0.012567337, -0.015152129, 0.0057516135, -0.005587617, 0.018804668, 0.004566087, 0.014014684, -0.0057217903, -0.0068950015, -0.012645221, -0.0012228562, -0.02722025, 0.00883294, -0.011885732, -0.014103851, 0.0045949374, -0.008098229, -0.01370026, -0.014629207, -0.016726905, 0.0049489443, 0.011182249, -0.00044626943, -0.02146915, -0.0037963418, -0.008535936, -0.00926845, -0.016017513, -0.0046719774, -0.011991682, -0.015441088, 0.016927298, 0.0058044028, -0.019992191, -0.0064272326, -0.03078885, -0.016272297, 0.001841448, -0.02264392, 0.016004808, -0.029732343, 0.019823678, -0.010508006, -0.008657926, -0.009858686, 0.006137025, -0.013503583, -0.00940216, 0.0065386626, 0.0063122706, 0.025492897, -0.009550182, 0.027492145, 0.019903839, -0.0009161941, -0.0013507403, -0.0015270263, -0.02074004, 0.0110602435, 0.0006874752, -0.0019503885, 0.0025462012, -0.011399401, -0.011320061, 0.0019498162, -0.00018613816, -0.022251338, 0.0065352353, -0.0015051059, -0.01062841, 0.013036157, 9.133331e-05, 0.01519511, 0.011893599, 0.014520065, 0.01967964, -0.020955235, -0.037921388, 0.0027666313, 0.0013489872, 0.012912679, 0.0053895917, -0.009934865, 0.0018016268, 0.0027436388, 0.005832487, 0.009247, 0.026577886, -0.0063025136, -0.0041472134, 0.00045124395, -0.0037322065, 0.010967513, 0.003252133, -0.004868773, 0.004886836, -0.02421655, -0.005466783, 0.003253123, 0.017518144, 0.00716987, -0.012485973, 0.029046819, -0.029872142, -0.03944596, -0.010233603, -0.0021370295, 0.018675473, 0.006830059, 0.023318408, -0.014140846, 0.008779674, 0.0072766254, 0.009440768, 0.005232973, -0.0074856523, 0.027305039, -0.020055855, 0.016088989, -0.017782744, 0.00478946, -0.015404571, 0.016234176, -0.023422772, 0.0095629385, -0.014690195, -0.013766177, -0.008655413, -0.0042090323, 0.010045088, -0.0011882832, -0.026680157, 0.0008374637, 0.017026203, -0.01174593, 0.003550622, 0.0011484167, 0.015900368, 0.035697013, -0.0076503344, 0.002315039, 0.008603118, -0.003816277, -0.0083283605, -0.01951702, 0.007850206, -0.014416436, -0.022631051, -0.001970099, -0.011101787, 0.010222969, 0.033166483, 0.003096398, -0.0026743752, 0.008266875, 0.007972546, 0.015362498, -0.002265734, 0.008067632, 0.012317115, -0.010038655, 0.007075768, -0.0004924207, -0.018762808, 1.4384016e-05, -0.03164328, 0.0021714473, -0.0036872458, 0.0040651765, 0.00869351, -0.0025880951, -0.013922999, -0.0029990806, 0.018539017, 0.008039285, -0.014115871, -0.00079762796, -0.0018167723, 0.013821169, 0.0023086213, 0.010661764, -0.013479148, -0.019929493, -0.010676056, 0.00338651, -0.004189395, 0.021842303, 0.005488946, 0.019238643, -0.008678238, -0.002889903, 0.014173357, -0.019090455, -0.0066269278, -0.02058318, 0.0009434167, -0.0009411323, -0.014479755, 0.00042139535, -0.016718842, 0.018604293, 0.009322101, 0.014542515, -0.0030607355, -0.020525094, 0.024847224, 0.016924283, -0.009210847, -0.017259033, 0.01961875, -0.00671384, -0.003769539, -0.027278023, 0.019636765, -0.018034384, 0.0085978955, 0.0035856932, 0.011468147, -0.006253325, 0.017858697, 0.004359207, -0.017921453, -0.003218331, 0.011029145, 0.005168217, 0.008214105, 0.0047345157, 0.0047210087, 0.0006940392, -0.024937758, 0.0085149845, 0.0066908393, -0.0019854389, -0.019666307, -0.011530251, 0.0127179045, 0.0049035577, -0.0021631431, 0.009495762, 0.015180746, 0.0030379726, -0.00837632, 0.012166707, -0.0021850488, 0.015298339, -0.0052585327, -0.014262554, 0.035255432, -0.030763038, 0.007980374, 0.018150095, 0.0007093554, -0.029707871, 0.022838412, -0.007276515, 0.012287061, 0.015722496, 0.0119285295, -0.0026032208, 0.005342757, 0.014069527, -0.012196839, 0.0015537583, -0.013857852, -0.009119521, -0.0031864252, 0.020897875, -0.0030490726, 0.010647808, -0.015245567, -0.010758276, 0.021640364, -0.0026578922, 0.026542086, 0.014172438, 0.0074618114, 0.012581046, 0.027836027, 0.01179632, 0.0021484096, -0.024429472, -0.012909339, 0.009721476, -0.028820897, -0.009811533, -0.01809896, 0.00035447674, -0.0036610526, 0.01489666, -0.003477049, 0.011829002, 0.0060070297, -0.0012466046, 0.010980368, -0.008113254, -0.00013210441, -0.017764514, -0.020416299, -0.012180328, -0.021849694, -0.015761765, -0.020904666, -0.025556177, 0.006604493, -0.04088746, -0.023365432, -0.012390827, -0.00016537485, 0.01863251, -0.01488349, 0.0070271, -0.017037045, 0.009560918, 0.011970694, 0.016185708, 0.002609165, 0.02052141, -5.104105e-05, -0.0073649324, -0.031884596, 0.00059339404, 0.011015147, 0.0038164959, -0.011508847, 0.012688467, -0.03476102, -0.0060003144, 0.008210672, 0.0029068408, 0.0059268377, -0.0025791514, 0.007163527, -0.017966982, -0.008544707, -0.0046226606, -0.03201744, 0.02080943, 0.0027052837, -0.015767397, 0.0029005825, -0.017442737, -0.018416595, 0.003275638, 0.0062580165, -0.005930579, 0.004865193, -0.0017314798, -0.0073648887, 0.0035879104, 0.0009781119, -0.008238268, 0.010850982, -0.021129882, -0.005900386, -0.010991527, -0.021147188, 0.008994273, 0.014170937, 0.002949601, 0.031127822, 0.0030108455, 0.0015888043, 0.029017136, 0.008176608, -0.01026626, -0.0018134484, 0.018158475, -0.0048624347, 0.009385347, -0.012023957, 0.012853903, -0.013674582, -0.022963785, 0.017836977, 0.005340429, 0.007868096, 0.026118355, 0.0062349774, -0.007654135, -0.023540933, -0.017167477, 0.015917078, -0.011292314, -0.011951471, 0.0021349506, -0.005203415, -0.00021741069, -0.008741824, 0.009665842, -0.0013960883, 0.0021753944, -0.0068272366, -0.033588223, 0.0065277494, -0.017088732, 0.009639261, 0.019333608, 0.0075791995, 0.0049719554, -0.021734158, -0.004730202, 0.0077187167, -0.029108075, 0.01328147, 0.017152784, -0.0063355444, 0.021792168, -0.0031868801, -0.0052165682, -0.0022126315, -0.010011059, 0.00893453, 0.00810143, -0.022550987, -0.010662959, -0.0055990866, -0.029385712, 0.022550827, -0.00023505579, 0.03164443, -0.002296432, -0.023980545, 0.0011165981, 0.0030807953, 0.0059900084, -0.003537469, 0.011350517, 0.0009333456, -0.004503768, 0.015831308, 0.023277717, -0.0035328448, 0.031932876, -0.007966101, 0.016205924, -0.0198532, -0.034316987, -0.0031130414, 0.029994257, -0.0019714783, 0.014443309, -0.025990803, 0.025271274, 0.038139742, -0.013812896, -0.029128151, 0.0029517561, 0.008169355, 0.001635928, 0.018634235, -0.003595666, -0.0004779585, 0.024000641, -0.005562583, -0.0057002124, -0.01767107, -0.017666902, -0.00025014646, 0.019414479, 0.009553353, -0.009639517, -0.011593456, 0.019038182, 0.005335693, -0.009406146, -0.008622372, -0.009732998, -0.003756035, -0.007893409, -0.0027486233, 0.015909126, -0.004945946, 0.0011538111, 0.009629007, 0.010204119, 0.01946491, -0.00077045726, -0.0010194648, 0.0013982336, 0.010879513, 0.014740857, 0.010673577, 0.01898133, -0.010140396, -0.019848082, -0.015735645, -0.014788178, 0.015478575, 0.012985175, 0.01540621, 0.007971672, 0.002093062, 0.007779703, -0.0008873313, 0.011470002, -0.00053071865, -0.023632873, 0.02166686, -0.001238426, 0.0022699542, 0.011479912, 0.0155888535, 0.002447007, -0.007418342, -0.0068611186, -0.0011531574, 0.0135838855, 0.012702998, -0.032276787, 0.009140182, 0.0015320738, 0.017638277, -0.0016710148, 0.03063792, -0.0018293202, -0.010313218, -0.015303554, 0.004840867, 0.16656844, 0.1259793, -0.0075646434, -0.001432309, -0.009531885, 0.0032601121, -0.03590926, 0.0004040283, 0.011652205, -0.0043201176, -0.0073033865, -0.0065882117, -0.0029521752, -0.0212187, 0.025126526, -0.005784203, -0.0023809886, -0.005389563, -0.007838827, -0.0038374972, 0.00013078435, 0.023184506, -0.016705846, 0.013887663, -0.028401438, 0.015142644, -0.02061003, -0.013496463, -0.0037416378, -0.013128721, -0.021367785, -0.00670036, -0.018906176, 0.003900028, 0.020762578, 0.011473596, 0.015506896, -0.009596239, -0.016375108, -0.0057167457, -0.020506091, 0.01892199, 0.008801115, 0.015683684, 0.017921014, 0.006212047, 0.029298427, 0.0034786738, 0.0033817366, 0.005394129, -0.02617547, -0.009332539, 0.014774169, 0.01628998, -0.0026429247, -0.02494943, 0.021590628, -0.0064304816, -0.0012449786, 0.004221861, 0.012607385, 0.00048956025, -0.010400888, -0.025329566, 0.0012792463, 0.015129432, -0.004802205, -0.008422874, -0.0020943028, -0.016371362, 0.010544287, 0.0025701127, 0.002703985, -0.00035583347, -0.014922775, 0.018162135, 0.013248965, -0.023714967, -0.0016105602, 0.012606148, -0.0059500705, 0.010710496, 0.02890463, -0.024205541, 0.009587854, -0.003100152, -0.008353727, 0.00019005792, 0.10443148, -0.0032208886, 0.009283675, -0.007323931, 0.026006725, 0.016315408, -0.011221041, 0.06159377, 0.024430448, 0.007044523, 0.010238712, 0.000914537, 0.013526732, -0.034287307, -0.0075062863, 0.016630499, 0.023317708, 0.04466524, 0.006025666, 0.0035863956, -0.029075375, 0.0069101425, -0.017869046, -0.01391318, 0.012101196, -0.014023978, -0.017471928, -0.0011585336, -0.01464379, 0.004508145, -0.099107884, -0.012660086, -0.0012043361, -0.0141272405, -0.009694289, 0.047552355, -0.011829922, 0.018467227, -0.00049738365, -0.013296281, 0.008409169, -0.0019845548, 0.010678146, -0.007609546, -0.022279052, 0.008054732, 0.01504642, -0.014742533, 0.0012839276, -0.007117523, 0.020826036, 0.032567263, 0.00437172, -0.020165931, 0.009503862, 0.017025366, 0.021294747, 0.015097364, -0.012566587, 0.008590147, -0.01240218, 0.001652819, -0.013031805, 0.01906316, -0.009157745, 0.0005134278, -0.007224628, 0.021807685, 0.005893519, 0.0028548753, 0.011507594, -0.014859608, -0.0018340559, -0.010709224, 0.034906417, 0.013025205, 0.0032482168, -0.016813314, -0.008699774, 0.012963428, 0.005226689, -0.0146963345, 0.020328112, -0.015005448, -0.018568797, -0.0017110504, 0.010903673, -0.021122606, -0.004084637, 0.0010165503, 0.01391521, 0.007056563, -0.010743077, 0.01930224, 0.012715045, 0.0062653674, -0.0074920086, -0.0014860542, -0.0051277564, 0.009804177, -0.031061133, -0.024970159, 0.017821634, 0.00844163, -0.0021694242, 0.011470854, -0.024210988, -0.0015371332, 0.0063706464, 0.0053027533, 0.01244767, 0.011156835, 0.007046798, 0.12997675, -0.01203392, 0.029760128, -0.0036524776, 0.0034544903, 0.009158796, 0.01194099, -0.015726909, -0.024554227, -0.012339598, -0.024172287, 0.016607363, -0.0035955172, 0.0028657762, -0.0065466086, 0.00049165444, -0.010961653, 5.2267576e-05, -0.028591786, -0.017289093, 0.006751994, -0.028698668, 0.020071145, -0.008116567, 0.00097707, 0.0076811295, -0.010892386, 0.023568204, -0.013659331, -0.006406581, 0.015726568, -0.02429884, 0.0033783917, -0.0018996279, 0.00058490795, -0.017970473, 0.0041954927, -0.010837333, 0.007334754, -0.012405848, 0.006009202, 0.0064315405, 0.019429326, 0.0055336026, -0.03725964, 0.19042125, 0.0131567065, 0.00938196, -0.008916116, -0.008582635, -0.005953528, 0.014383626, 0.01590021, -0.033698127, -0.0032553189, 0.022072433, 0.0049419007, -0.013424593, -0.0054484988, -0.016488517, 0.0045358725, -0.00817325, 0.0026268028, -0.013919619, -0.005744808, -0.0018516934, -0.020872083, -0.0050853556, -0.002356002, -0.0048755263, -0.008847658, 0.009381589, 0.005878673, 0.0077413064, -0.01608612, -0.0028774247, -2.9560371e-05, -0.0049744477, -0.014074585, -0.006242444, -0.004397562, -0.0053557516, -0.004136829, -0.0019083286, -0.010953604, -0.010289599, 0.0021753192, 0.0008525631, 0.0015400246, -0.0024589517, -0.0036488348, -0.011873836, -0.0005975246, 0.007222305, -0.009178048, -0.014703841, 0.0044805408, -0.0045904303, -0.013380682, -0.016506858, -0.0029699646, -0.011582179, -0.009239732, 0.019361107, -0.02020178, 3.4374152e-05, -0.0023616494, -0.03137437, 0.002464045, -0.0008883273, -0.015399444, -0.0027183539]"
Acusa Tesoro de EU a carteles mexicanos de colaborar en redes chinas de lavado de dinero ,https://oem.com.mx/elsoldemexico/img/25451723/1756384303/BASE_LANDSCAPE/1200/image.webp,no especificado,Los dolares son aprovechados por ciudadanos chinos quienes buscan evadir los controles monetarios en su pais,https://oem.com.mx/elsoldemexico/mexico/acusa-tesoro-de-eu-a-carteles-mexicanos-de-colaborar-en-redes-chinas-de-lavado-de-dinero-25451091,"[-0.009633997, -0.0069764885, 0.0029880197, -0.086924285, 0.016235042, 0.024344442, -0.0007667616, 0.023206934, -0.009660205, 0.016147355, -0.010635303, 0.016595628, 0.0020691766, -0.01746772, 0.10706885, 0.01192045, 0.021320857, -0.009135382, 0.01307587, 0.002378555, -0.025030745, -0.0010749014, -0.008548924, 0.014334853, 0.025247892, -0.01672427, -0.035904594, -0.018607127, 0.010028129, -0.0047571734, -0.002177927, -0.009335322, 0.015489718, -0.005680758, -0.023245098, -0.012595492, 0.008587554, -0.009531597, -0.001816188, -0.011979174, 0.011065418, 0.028594106, -0.004111359, 0.02475699, 0.008060056, 0.010017549, 0.034801364, 0.01800061, -0.010581909, 0.020216303, 0.0017568776, -0.022311807, -0.010493934, -0.17458485, -0.01983358, 0.0075423843, -0.030588156, 0.022808976, -0.0006193927, -0.01824669, 0.008709232, 0.023836656, -0.006845658, -0.047593478, -0.013547743, -0.032398384, -0.0019504848, 0.026159683, -0.032638688, -2.068811e-05, 0.0038396793, 0.008313357, -0.010043614, -0.0029155612, -0.006193851, -0.0028520017, -0.01781484, 0.029461024, -0.0035800934, -0.023656169, 0.0067095794, 0.020126762, -0.0062329355, -0.007469852, -0.01805805, 0.003352321, -0.009543408, -0.002017102, 0.018965507, 0.010271095, 0.0028467157, -0.0018981575, 0.03497589, -0.009147936, -0.013303746, 0.017643621, -0.0143228, -0.026819019, -0.01256753, 0.0041671162, -0.0145580005, -0.0020485194, 0.0007868922, 0.007888876, -0.005254232, -0.050569646, 0.011977843, -0.012211649, -0.004195539, 0.038002297, -0.012122719, 0.0067895507, 0.0016810116, 0.013179977, -0.021073451, -0.09886028, -0.03593694, -0.033683475, -0.011234098, 0.020417204, -0.021277327, 0.006294273, 0.030808974, 0.013762229, -0.020700665, -0.009137743, -0.031064361, -0.0068094656, -0.011857834, -0.02001625, 0.011147981, -0.028860742, 0.0005346289, 0.03575198, 0.001253352, 0.03882616, -0.024824437, -0.034315605, -0.022999626, -0.012069004, -0.0007817538, 0.02031918, 0.0074864794, 0.0013365239, -0.017451081, -0.0067249727, 0.0060442514, 0.019251855, 0.0039836164, 0.012836129, 0.00044847207, -0.016595706, -0.039179403, 0.029583605, 0.01722011, -0.05643968, -0.0051211007, -0.01512135, -0.01855817, 0.02922706, 0.023444228, 0.017652577, 0.0068103336, 0.012192813, -0.018558392, 0.0028373736, -0.0048710885, 0.018653518, 0.012639213, -0.01692991, -0.003576574, 0.015372116, 0.0030647675, -0.0058857985, -0.0018645992, 0.020607116, -0.0129678575, 0.003877587, -0.009540351, 0.0005430641, -0.003451939, 0.0056827385, 0.0023290867, -0.0038837658, 0.011966059, -0.041091107, -0.011329632, 0.0091787325, 0.0004608835, -0.01305764, -0.059904777, -0.016840518, 0.02283302, -0.040463913, 0.018985871, -0.02314154, 0.027255775, 0.026334884, -0.0011919907, -0.0008573236, -0.0005872486, 0.004087856, 0.01307052, 0.012393517, -0.008035681, -0.023004003, -0.008440612, -0.0077102166, -0.0018825296, 0.015169385, -0.0087990705, -0.004466946, 0.0005442088, -0.010325372, 0.005342972, -0.009684796, -0.0082878955, -8.8692046e-05, 0.00538201, -0.024698908, 0.024273451, -0.0045006284, -0.005446126, 0.0020943163, -0.013083725, -0.007838534, 0.0034724707, 0.029443292, -0.025626943, 0.008973254, -0.0062870514, 0.030042987, 0.006300699, 0.004425415, 0.0026945332, -0.022095457, 0.018078238, -0.013969538, 0.00089932984, 0.0053807916, 0.024156824, 0.00286571, 0.0042333486, -0.017413955, -0.0061164894, -0.00010904761, 0.020117985, -0.013246629, -0.01583596, 0.024432523, -0.00829589, -0.0034685628, -0.0051678843, 0.0025114291, 0.0009713075, 0.0030976604, -0.034801662, -0.0034092444, -0.006060612, -0.0130929705, -0.004252387, -0.015798155, -0.0048129866, 0.012567783, -0.00061121373, 0.037015986, 0.011462709, -0.016534118, -0.031844392, 0.0064100088, -0.022957262, 0.028741669, 0.0053868885, -0.018886924, -0.028930524, -0.0024322285, -0.057474025, 0.017947141, 0.011661443, -0.013746518, 0.0056756367, -0.0033065928, 0.010934593, 0.03535661, 0.0101010725, -0.007349699, -0.030118018, -0.030808864, -0.01079997, 0.0036117912, 0.008318533, 0.021966293, -0.0005922548, -0.010521115, 0.02118735, 0.0089269215, 0.017745735, 0.034904283, -0.0074187233, -0.01518927, -0.0087658055, 0.009552067, 0.021809181, 0.019264746, 0.010493301, -0.013991295, 0.0011288571, -0.019528849, 0.019114276, 0.019119622, 0.015475694, 0.0070205443, -0.012377569, -0.019416276, -0.006940599, 0.007986225, 0.023561282, -0.0014809017, 0.0054293782, 0.00025331168, -0.015438341, -0.0037895623, 0.00423351, -0.030398171, 0.003461187, 0.016551055, -0.027742758, 0.012911392, -0.013772172, -0.018810196, -0.009888526, 0.0026851192, 0.0011315944, -0.0023597863, -0.017779943, 0.011618244, 0.027587539, -0.01720408, 0.023486529, 0.0052870247, -0.0083310865, -0.010881108, -0.0118643865, 0.010558788, -0.048409082, 0.01212511, -2.4591256e-05, -0.037750307, -0.017376898, -0.014449493, -0.0088931285, 0.0010463797, -0.00958977, -0.025277363, -0.02059496, -0.0016231671, -0.020198848, -0.009223643, 0.026496535, -0.02036232, 0.0007011193, 0.00435677, -0.0089593595, -0.005904279, -0.0028773467, -0.008332883, 0.007311777, -2.3294193e-05, 0.0001248631, -0.012208739, 0.010719041, -0.0074975165, -0.0153694125, 0.028095646, -0.016744163, 0.011363293, -0.018872514, -0.009056759, 0.0029442909, 0.011397518, -0.008076755, 0.0002196133, -0.0049175327, -0.0023941158, -0.013836141, -0.0035934963, 0.013256214, -0.011684456, 0.01074221, 0.008365731, 0.015643364, 0.0027945263, -0.00583417, 0.0014504049, 0.004069162, 0.0021591736, 0.0069716396, 0.016152704, -0.0067125554, -0.029925397, -0.0022568463, -0.010881281, 0.015467921, -0.04007321, 0.0091726165, 0.02532085, -0.0035522636, 0.014139835, 0.0124001, 0.02880842, 0.037274092, -0.024418423, 0.00072704215, -0.0350208, 0.040614933, -0.0073521216, -0.021108823, -0.002134178, 0.014940845, 0.0021858143, 0.0023665077, 0.0023261043, -0.031665858, 0.008743455, -0.020736719, 0.0002996073, -0.016790727, 0.014214844, -0.028791307, 0.016523065, 0.000288937, -0.030413158, -0.007519697, -0.013755331, 0.006756678, -0.0068237754, -0.013195655, -0.0068182303, -0.03348152, -0.002122258, 0.0032528157, 0.0010294345, 0.021969805, 0.040209208, 0.008322586, -0.021137558, -0.008041654, -0.011603531, -0.0068950756, -0.03473136, 0.009855849, 0.0012271388, 0.016561208, -0.009856148, 0.011905867, 0.016174972, -0.0063451254, -0.016130557, -0.007092688, -0.014800541, -0.010786135, 0.008297001, 0.012884906, 0.021918956, 0.011207922, 0.013989527, 0.0018677088, -0.0022854828, -0.014006853, 0.018085299, -0.0069517707, -0.036907706, -0.016074149, 0.040413525, -0.036222897, 0.024015965, -0.017587595, -0.00016259443, -0.017694913, -0.026898842, -0.0022735826, -0.007061316, -0.020207966, 0.01022991, -0.009727932, 0.013517439, 0.000946135, -0.00427707, 0.005076289, -0.006206388, 0.014439622, 0.0005500818, -0.010704618, -0.015463631, -0.003204818, -0.029627202, 0.031115014, -0.007856754, -0.018966982, 0.021758968, -0.020456573, 0.024940116, 0.01278792, -0.0049263267, 0.0028020928, -0.004725242, 0.018375296, 0.012919788, 0.048462264, 0.0135815265, -0.02031815, 0.027493132, 0.0291449, -0.02407791, -0.00045345843, 0.00012237352, 0.011864453, 0.032331105, -0.0022486344, 0.025526287, 0.01024073, -0.015095458, -0.026243195, 0.0027603135, 0.019613504, -0.01595079, -0.0032104447, -0.0067166337, 0.029499086, 0.0132797295, -0.011468876, 0.03574492, 0.005885812, 0.0031366232, 0.009422514, -0.006388419, 0.0046232753, 0.02192516, 0.020117693, 0.005509999, -0.010190218, 0.01935762, -0.017475415, 0.00525387, 0.018136812, -0.06992146, -0.004138144, 0.003778627, -0.01332212, -0.015152943, 0.010155725, 0.034932252, -0.0025901266, 0.03496032, -0.0038430085, 0.0062212627, -0.009088048, 0.029769372, 0.0014824359, -0.020853546, -0.0019266164, -0.0019260923, -0.009473298, 0.0073948125, -0.0010892268, -0.006609761, -0.014790883, 0.008686716, -0.009023582, -0.01623604, 0.00072000345, -0.029810706, 0.0002759059, 0.023591941, 0.0032125688, -0.0013122469, 0.00974285, -0.012373198, 0.0073385094, 0.010465138, -0.003268651, 0.014395108, 0.0035762775, 0.0049404716, -0.007504097, -0.025095385, 0.004288897, 0.005532076, -0.03756267, -0.045305587, 0.018186938, -0.022373807, -0.0063657495, -0.010386061, -0.011630854, 0.0026755023, -0.01940802, 0.020777656, -0.0037602056, -0.027266897, 0.0066623865, -0.0014167466, -0.010406729, -0.0002429215, 0.041895, 0.0021280688, 0.009338364, -0.009244548, 0.030542945, 0.0047760527, 0.01897136, -0.02740103, 0.0023616215, 0.0098209, 0.009436032, -0.009856776, 0.010669591, 0.015529288, 0.023567647, -0.0036758634, 0.03431246, 0.0074354615, 0.007387245, 0.030759037, 0.025176872, -0.029767279, 0.033318985, -0.08646413, -0.007003988, -0.004878561, -0.011250001, -0.0024038171, 0.012771196, -0.010932532, -0.015953489, 0.010915381, 0.013775967, -0.006806385, 0.0047839666, -0.036974244, -0.033047218, 0.021280596, 0.025638396, -0.0110280765, 0.015795, 0.0032000283, -0.0369328, -0.011757023, -0.008394895, 0.017321287, 0.009846982, -0.013678683, -0.005184663, -0.030119505, 0.018350909, 0.022624938, 0.0031631603, -0.018623464, -0.1463604, 0.015254187, 0.012675608, -0.021810241, 0.03725699, 0.005072128, 0.038335364, -0.009220185, 0.00050404464, 0.012726395, 0.023479506, -0.028232427, -0.024642937, -0.025157366, 0.031039806, 0.12035599, -0.006981993, 0.03411617, 0.02187593, -0.0017131768, -0.017666005, 0.007919052, 0.0043329294, -0.021833183, -0.0067220093, -0.012265279, 0.01553993, -0.012847105, -0.03313359, 0.023686197, -0.0019862854, 0.010104152, 0.046298157, 0.0018825533, 0.017532194, -0.043137837, -0.014889791, -0.01898959, 0.007824778, -0.0014802271, -0.018175578, -0.00012742, 0.01839249, 0.0043999655, -0.0018095374, -0.013669407, 0.020721113, -0.0403944, -0.01499422, -0.0017322386, 0.001563438, -0.062583886, 0.012503432, 0.0058460557, 0.029998742, 0.018211765, -0.018085437, 0.03570624, 0.0043703266, 0.024106933, 0.009566215, -0.013807946, -0.01848193, 0.0009464486, -0.012384211, -0.02371851, 0.0101069985, 0.0012815123, -0.00045636273, -0.011232784, -0.0016032477, 0.027444335, -0.017001728, -0.052261688, 0.015075386, -0.025040954, -0.003820522, -0.0029397353, 0.028697576, 0.037708797, 0.018004652, 0.007898572, 0.008170023, 0.008642818, 0.015186099, -0.018895386, 0.032688633, -0.03384889, -0.013744464, 0.0020421727, -0.007270405, -0.018823365, -0.018823288, 0.00090435805, 0.047521945, -0.0048815534, -0.0009391152, 0.024981895, -0.011794419, 0.028645588, -0.013900398, -0.016645372, 0.010729485, 0.036733624, 0.026647985, 0.01630557, -0.021787867, -0.004869831, 0.026338745, 0.025069991, -0.009697786, 0.0128534185, -0.020014124, -0.009170841, 0.002962091, 0.014557055, -0.002812335, 0.014625937, -0.00087052665, -0.01731782, 0.0072999373, 0.000108059015, 0.0011869377, 0.0070124497, 0.00960106, -0.009198184, 0.0007642033, 0.012171143, 0.0041617956, -0.04026795, 0.0062043834, 0.005006823, 0.015485791, -0.0023540317, -0.00033511026, -0.0031169492, 0.0042823013, -0.0019594124, -0.0011162547, 0.0013842902, 0.020568853, -0.0016050128, -0.015921561, 0.007403877, 0.0043295696, 0.002365128, 0.0014680692, 0.026858954, -0.007905314, -0.03162031, 0.0048397114, -0.021403901, 0.014587149, 0.012275356, 0.01573187, -0.008845993, 0.020480433, 0.0030049435, 0.012675195, 0.01327627, -0.0043939273, -0.016487109, 0.0087607205, -0.0031710956, 0.021007542, 0.011374403, 0.007156002, -0.0023904531, -0.0077033844, -0.0018829482, 0.010670144, -0.004948065, 0.009042898, -0.007276596, 0.0061891987, 0.004203056, -0.0009177005, -0.013481846, -0.0014064998, 0.005445386, -0.0028966223, 0.007919747, 0.012807441, 0.0104225725, 0.0045501147, 0.010709605, -0.015398994, -3.451326e-05, 0.01180153, -0.0010446868, -0.009541488, -0.014241659, 0.0354813, 0.00022619563, -0.0036647865, 0.010355083, 0.018082488, 0.026513856, 0.0037913243, -0.0035223898, -0.000995758, -0.000115792885, -0.0057658334, 0.00888782, -0.002360982, 0.0230746, -0.011175179, -0.0037591138, 0.021604825, -0.0092928605, 0.008055565, -0.0057388376, 0.021650651, 0.0031496226, -0.00957448, -0.003961147, -0.010417907, -0.003868154, 0.0035850736, -0.0017204123, -0.007996328, -0.02881852, -0.0060211793, -0.007447999, 0.01957642, 0.018888434, 0.016312135, -0.003901973, 0.007374092, 0.0031842482, -0.01007689, -0.0042711366, 0.013169462, -0.003752758, 0.0046096663, -0.008525841, 0.002525827, -0.0027471867, 0.016149852, -0.0011438538, -0.009776807, 0.016481787, 0.00077314954, 0.020491662, 0.005119841, -0.017643878, -0.0014080083, 0.024394488, -0.0071443543, -0.0058383415, 0.018999571, -0.0050967615, 0.012351077, 0.010154569, 0.0026026308, -0.00016866146, -0.024209455, 0.0069789058, 0.0077061267, -0.0009211651, -0.005020703, 0.008859654, 0.004573533, -0.0017391674, 0.007085883, 0.011785572, -0.006183526, 0.0054000975, -0.0010163614, 0.015305947, -0.025816554, 0.010373797, 0.00729898, 0.014406866, -0.0039813644, -0.0065112775, -0.013807103, -0.006368487, 7.873144e-05, -0.012727641, 0.0048302547, -0.005849035, -0.024734328, -0.00038242943, -0.0004872486, 0.0029329623, 0.0058524567, -0.0063958378, -0.0048254505, -0.0074711777, -0.008058162, -0.010808949, 0.0094443215, 0.0063202195, 0.0035850909, -0.0037062408, 0.009570603, -0.004672717, -0.008227141, 0.011991255, 0.016567104, -0.012035864, -0.0028428768, -0.013724753, 0.0072736545, -0.0064029293, 0.013187773, 0.006722729, 0.018467827, 0.012784014, 0.0774576, -0.0110390745, -0.001058961, 0.023873042, -0.010562021, -0.00062173576, -0.006642518, -0.011798272, -0.012817853, -0.009774091, -0.008263928, 0.012946969, -0.0003760063, 0.003957085, 0.016457912, 0.0125994, 0.00059222063, 0.0073630605, -0.016888544, -0.0024078921, 0.0020627764, -0.0036761945, 0.012591013, -0.0060414053, 0.00021224622, -0.004632199, -0.015436917, 0.0029942433, -0.009452037, 0.005870943, -0.0010235914, -0.008932687, 0.014749476, -0.007895465, -0.009279146, -0.016282674, -0.018289957, 0.012157614, -0.014329514, 0.02265452, 0.007623195, -0.0028908257, 0.0029350468, -0.0051194453, -0.0077048773, 0.0048334836, -0.0016316043, 0.000389586, -0.0019906743, 0.019783022, 0.00046349538, -0.0018208168, 0.0012691247, -0.01197165, -0.0027388234, -0.008193693, 0.0071667396, -0.017916584, 0.007730296, -0.0022104515, -0.0022006629, 0.0069532525, 0.0040674815, 0.008922793, -0.016233286, -0.015208572, -0.00051313924, -0.0030349623, -0.0062744226, -0.00013969069, 0.00089345843, -0.003531531, -0.010402202, 0.001788699, 0.021459205, 0.003087662, -0.0076450687, -0.013469424, -0.003133402, -0.0122801615, 0.0030637588, 0.0011320545, -0.0019892587, -0.015390998, 0.001467252, -0.007220624, 0.0022896705, -0.0099021215, -0.0074175713, -0.0031960236, 0.016014153, 0.00250833, 6.741826e-05, 0.018016316, -0.00756188, -0.011429193, 0.04588398, 0.00045205923, 0.0007953359, 0.011061706, -0.002305135, -0.012897704, -0.004308601, -0.00064869155, 0.0045643556, 0.0005887725, 0.017664492, -0.0048029716, -0.00836304, -0.009656223, 0.0011918725, -0.0044442425, 0.010245494, 0.012674406, -0.0033219622, 0.012311734, 0.00050566683, 0.010198711, -0.007483103, 0.0038892403, -0.0017011496, -0.00089346216, -0.005660157, -0.010108967, -0.007919765, 0.0053080823, -0.016330035, -0.0102288015, 0.010802443, 0.016706437, 0.024356084, 0.001554459, -0.017383726, -0.0052448963, -0.0070860656, -0.0008456669, 0.015606169, -0.0038196626, 0.01601628, -0.001419164, 0.0071909153, -0.0021489495, -0.022873133, 0.009419715, -0.004674972, 0.0043697716, 0.027268149, -0.0053693396, 0.014317839, 0.0081744315, 0.006279707, -0.023453174, 0.019914137, -0.0012100099, -0.014220831, 0.005919304, 0.008638359, 0.012605105, -0.011244273, 0.000120053, -0.0030001572, 0.020771073, -0.008193137, -0.012277892, -0.0012317672, 0.009050125, 0.005021244, -0.0036109856, 0.009947279, -0.0026286072, -0.0006997934, 0.0070848432, -0.01500038, -0.0017097393, 0.0003101324, 0.020592345, -0.0050600152, -0.009537191, 0.010802177, -0.0067011784, -0.0135173425, 0.0012492606, -0.003534778, 0.0054597165, 0.0012500145, 0.009180107, -0.009649146, -0.024502233, 0.0062010363, -0.009761964, 0.0039235326, 0.004912843, -0.006808004, 0.0055771056, 0.031096244, 0.029911539, -0.0022915916, -0.002401625, 0.0111908475, 0.0055326903, -0.0042934185, -0.013500265, 0.008705442, -9.005914e-05, -0.025432603, -0.006837464, -0.0039758105, -0.0058575883, -0.0020647075, 0.0072972877, -0.00525821, -0.020049037, 0.0068984386, -0.016835677, 0.0012391384, -0.021217234, 0.007896604, 0.0060633784, 0.010479642, -0.0065223575, 0.017214011, -0.01160707, -0.012082296, -0.0067845415, 0.005391481, -0.016449582, -0.006301811, -0.020742662, -0.004212791, -0.037608262, -0.019103536, 0.018128112, -0.0158865, 0.01497816, 0.01089265, 0.02733982, 0.012934546, 0.005313364, -0.0033163233, -0.008130241, 0.025071055, -0.00769849, -0.0024991764, -0.014291091, 0.001591851, 0.0046242923, -0.014673731, 0.0013326854, -0.0052584093, 0.0013479, 0.004659853, 0.011847151, -0.010935034, -0.0038412446, -0.0023675961, 0.0076955413, -0.017044375, -0.031027716, 0.012470397, -0.014824198, 0.0100362, 0.011820024, -0.019985775, 0.005196974, 0.0014326046, -0.0074095847, -0.0031848724, 0.016048461, 0.002023731, -0.005553289, 0.0064631724, 0.0022691227, 0.0048230253, 0.0035405261, -0.002296313, -0.00024985432, -0.00079986145, -0.0005755509, 0.0066361725, -0.028269192, 0.0064914767, -0.0044482425, 0.0015675256, 0.0063903416, 0.0026323616, -0.009106322, -0.0032425532, -0.010384153, 0.007717823, 0.0050126654, 0.015174198, 0.020533197, -0.012724181, 0.006668126, -0.01561991, -0.0077485647, 1.1900223e-05, 0.014220461, -0.0022988855, 0.006731982, 0.0028557375, -0.0103760185, -0.0029884225, 0.0037464863, -0.0062803524, -0.0012982857, -0.014307348, -0.0140083665, -0.00364634, -0.022233926, 0.0037618002, -0.008817343, 0.0004132049, 0.0009636901, -0.013062997, -0.011375098, -0.0059671532, 0.0051015904, 0.013535062, 0.008122494, -0.014678288, -0.013243623, 0.0023552696, 0.006138268, 0.0075658653, 0.0031439106, 0.00032253188, 0.0071120095, 0.0052287206, -0.0023081936, -0.0010997383, -0.02233399, -0.007580369, 0.0009616383, -0.0004949911, -0.02085116, 0.014769041, -0.016703231, -0.0116055915, -0.020705406, -0.00937407, 0.0057158424, -0.011139659, 0.009842076, -0.019162597, -0.010505894, 0.017772844, 0.00576498, 0.007048821, -0.016597444, -0.013980845, 0.004681893, 0.015875945, 0.011949421, -0.018512173, 0.0013106739, 0.008319938, 0.009698775, -0.007829499, 0.011413768, 0.0015469345, -0.0022948668, 0.009390931, 0.010824446, 0.00906342, 0.00045383966, 0.0022261296, 0.0039667585, -0.0021804904, 0.004893831, 0.0015839738, 0.009244086, -0.015143707, 0.0005498268, -0.0016923747, -0.0012928187, 0.00078470696, 0.0049388316, 0.016813062, 0.008199508, 0.0017885579, -0.004202181, 0.0022197198, 0.00048181874, 0.0025247023, -0.005113988, -0.0073482725, -0.019391593, 0.0111629, 0.043142866, 0.012991376, -0.027582323, 0.002476765, 0.00032259797, -0.011176662, -0.010491226, -0.0009634534, 0.0038126768, 0.0049346, 0.0020298567, -0.0075876755, 0.00575288, -0.00714993, 0.0010209962, 0.008369533, 0.0113044195, -0.018009815, 0.0067411615, 0.019409709, 0.02604138, -0.00908611, 0.016339146, -0.0023650525, 0.0025890386, 0.013728738, -0.0011468828, 0.006155198, -0.00051339867, 0.012211353, 0.010871529, -0.0019442246, -0.0041002333, 0.01588554, 0.00061464956, 0.008240708, 0.017031606, 0.009960242, -0.016764438, 0.015709236, -0.01676585, 0.009938468, 0.002744519, 0.0034702441, 0.007853436, 0.0068981275, 0.014320818, 0.018779606, 0.008443685, 0.0035256583, 0.021719586, 0.0016907572, 0.028501675, -0.022982422, 0.014653421, 0.010913306, -0.013700527, 0.011027788, 0.0007010061, 0.0122076245, 0.0094366735, -0.014077348, 0.002914316, -0.00086748775, -0.0010964165, 0.008820919, 0.007635264, 0.0048731472, -0.006702244, 0.00030318284, -0.00068362994, -0.007696337, -0.012409992, -0.09322327, 0.008415853, 0.0013458586, 0.02504624, 0.009746596, -0.026770722, -0.007761473, -0.016758917, -0.029728333, 0.005415355, -0.0067621474, 0.02108545, 0.0061689345, 0.011538822, 0.0011434477, -0.009823729, -0.0011197199, -0.020461595, 0.00039893924, 0.01602803, 0.006531401, 0.001992521, 0.014013759, 0.0070587522, -0.0027535472, 0.0012612862, 0.0120515525, 0.0003875873, -0.004826019, 0.006663214, -0.007033709, -0.014185741, -0.0013467977, 0.008560215, 0.030638674, 0.00019339747, -0.004396837, 0.010211387, -0.13856123, 0.0032385401, -0.0032716135, -0.006837726, -0.010537369, 0.03296407, 0.008883867, -0.0064764647, -0.010921085, -0.0101412395, 0.0026989311, -0.019574687, -0.0021454692, 0.0039850385, 0.020984914, -0.0052067866, -0.01901757, 0.011147979, -0.014360709, 0.00830841, 0.01923453, 0.0048888456, 0.0032657837, 0.0151255075, -0.010910017, 0.0013384417, 0.014751018, -0.008793886, 0.016136725, -0.007989009, -0.012005235, 0.006994937, -0.0022605113, 0.007976549, 0.014050575, -0.00443333, -0.018389432, -0.005431804, 0.00051459053, -0.0062367436, -0.0021873082, -0.011237532, 0.0067153657, -0.022732597, -0.005445766, 0.021556363, -0.0047956617, -0.02126816, 0.001990006, -0.013423257, 0.0025005771, -0.002561483, -0.008639136, 0.0034548317, 0.012240476, 0.0039153732, 0.013585822, 0.0055330517, -0.0017700102, 0.015961243, 0.009615958, -0.017828925, 0.0018803843, 0.0011846551, 0.009501482, 0.023814488, -0.009115809, -0.008607591, 0.014207164, 0.018958462, 0.00544347, 0.022663554, -0.01957056, -0.010193613, 0.005140203, 0.01931065, 0.011312641, -0.005099032, 0.01824017, -0.0053961035, -0.02667466, 0.007746345, -0.0106313685, 0.0054134834, 0.015869383, -0.010291902, -0.005294478, 0.013356191, 0.010208614, -0.04649409, -0.022997508, -0.016599229, -0.012165378, 0.014147354, 0.004356312, 0.000178895, -0.006368281, 0.0065995883, 0.003063419, -0.003152675, 0.018654302, 0.0027278112, 0.017309634, 0.008434758, 0.018351242, 0.009651953, -0.01355121, -0.003971734, 0.004342644, -0.00047579408, -0.017789794, -0.015053639, -0.011594125, -0.020039711, 0.009400986, 0.003613832, -0.00917333, -0.004054373, -0.013826232, -0.011666676, 0.003578504, -0.03507952, 0.010799692, 0.014285222, 0.006847852, -0.006362284, 0.003935807, -0.013885218, -0.013522376, -0.009950036, 0.01170012, -0.027747748, -0.00088060804, 0.02876848, -0.01453972, -0.018020837, -0.02197789, -0.037769012, -0.00053807074, 0.006685802, -0.011580044, 0.022857703, 0.004009506, -0.0037254677, -0.02100418, -0.012460862, 0.0076589426, -0.01685519, -0.0040903054, 0.0025605015, 0.011306142, -0.02893614, -0.01597028, -0.009429515, 0.00934917, -0.0020179064, 0.00094484666, -0.00019936892, -0.01825069, 0.012438455, 0.023712654, -0.019600306, 0.005724065, -0.014928425, 0.0146670565, 0.0026902414, -0.0007683507, 0.005148593, 0.003937063, 0.03524551, -0.007344643, 0.017205458, 0.0042126817, 0.0006550567, -0.019118506, -0.010021755, 0.0024629338, 0.020078763, 0.012940606, 0.006922961, 0.017558772, 0.0015048593, -0.008222787, -0.018650888, -0.0063189464, -0.0021004928, -0.00039321996, 0.004178155, 0.0058074975, 0.010657078, -0.002731986, 0.021354495, -0.023650948, 0.017058402, -0.013316954, 0.007991402, -0.0043134186, -0.018429305, 0.0026739843, -0.017960904, -0.003727483, 0.011182111, 0.0046193083, -0.18115146, -0.0057890527, 0.006205255, 0.0024042705, 0.0061676293, 0.0050419285, -7.907014e-05, 0.007778187, 0.0011686374, -0.014330727, 0.02347443, 0.0035925547, 0.004848601, -0.013637193, 0.011112616, -0.008912762, 0.007850722, -0.013784794, -0.01949789, -0.00018619026, -0.013688599, -0.020912886, 0.0031805222, 0.03892112, 0.02690628, -0.006831107, 0.015498482, 0.00043851027, -0.026891444, -0.008388928, -0.0011893323, 0.008642569, 0.016484968, 0.0028851705, -0.028264586, 0.011015483, -0.0025963453, -0.011961719, 0.0012361271, -0.014820536, 0.01661419, 0.024366405, 0.015959434, -0.007302862, -0.028023882, 0.0013948475, -0.00858923, 0.0046777157, 6.315609e-05, -0.0012907797, 0.015600649, 0.021014348, 0.021626929, -0.008880127, -0.010083193, 0.016318567, 0.008490547, -0.007135875, -0.009316109, -0.014305909, 0.010646102, 0.0018982504, 0.006694336, 0.005779414, -0.002857514, -0.0016797876, 0.0055013676, 0.12791885, -0.010070369, 0.01384219, -0.00068235816, -0.014934023, 0.0034476295, -0.010319853, 0.0076867645, -0.016803842, -0.033079036, -0.008299168, -0.0175608, 0.023616508, -0.017896628, -0.005981648, -0.0058319075, 0.010078402, 0.0027733913, -0.0071322024, -0.0013845733, -0.01806335, -0.011951971, -0.0084232, 0.015390331, 0.020972354, -4.4508713e-05, -0.02154798, 0.009307146, 0.0070841266, 0.00024765474, 0.0071185175, -0.024242995, 0.0105263125, -0.018881312, 0.01650456, -0.0015828358, 0.009762395, -0.0008252885, 0.0028180825, 0.0022236211, 0.020043314, -0.017575433, 0.0020430037, 0.00417046, 0.006428311, 0.019239826, 0.007104977, 0.014607474, 0.0029490048, -0.008678738, -0.0040458874, -0.016596932, -0.01620396, -0.011335736, 0.0027371305, -0.016427444, -0.014708507, -0.019623885, 0.007086601, -0.0028866995, 0.013588657, -0.041345745, 0.0018827472, 0.028613713, 0.0015703847, -0.020992031, -0.013973186, -0.013582829, 0.012449466, -0.09818862, 0.002770084, -0.014228467, -0.014911672, -0.008287185, -0.03280402, 0.019462764, -0.0043282164, 0.0028342141, 0.00037269993, -0.012178004, 0.016120957, -0.009830204, 0.037227463, 0.008249763, -0.0013879616, -0.0051660775, -0.0058518755, 0.011802539, 0.0100153405, 0.014623096, 0.04426896, 0.003614858, -0.016342683, 0.006250348, 0.0026681612, -0.0074684788, -0.01268579, 0.0025146666, 0.011005064, -0.0036114592, 0.016167654, -0.003062776, 0.021138031, -0.026355987, 0.01027675, -0.003683667, -0.0028066023, -0.0038248184, 0.0042468687, 0.007498203, 0.0012993899, -0.0025760916, -0.025575478, -0.00039314548, 0.0013121624, 0.026660033, 0.0115158325, -0.012529482, -0.0012317973, -0.0037609541, 0.016774418, -0.0005979609, 0.01117641, -0.030668736, 0.01985173, 0.00852714, -0.01988311, 0.006614167, 0.012919241, 0.013095379, -0.012073849, -0.00057537213, 0.008534901, -0.01049363, 0.02954211, -0.028562715, 0.01130818, 0.009646505, -0.0050436584, -0.006040832, -0.01751545, 0.018501153, 0.022165805, -0.02207561, 0.006410599, -0.006798667, -0.002419741, -0.011592186, -0.005164758, -0.009334924, 0.0069476706, 0.021796517, 0.003646342, -0.005240037, -0.008485537, -0.0014347068, -0.022380404, 0.01765607, -0.008017627, -0.0007269096, -0.012712171, 0.013163142, -0.018501867, 0.020329097, 0.01291418, 0.028477738, -0.019822069, 0.021817079, -0.0065796277, -0.0036614907, 0.0040782467, -0.0016194608, 0.0049476433, 0.013999383, -0.020796878, -0.015038245, -0.009252962, -0.018564371, 0.019335197, -0.00789913, 0.002254931, -0.033597197, -0.010045393, -0.015772164, -0.0077144173, 0.012383383, -0.008779741, 0.006945596, -0.0012757756, -0.0006232786, 0.0086791925, -0.008003084, -0.0020373557, 0.0004897178, -0.013172429, 0.0040490893, -0.008388141, 0.0053532175, 0.0050183292, 0.014014037, 0.022971362, 0.0062944735, -0.0022870377, -0.0025967814, 0.0030640531, 0.0027533325, 0.008515797, 0.010303785, 0.0013617387, 7.6914286e-05, -0.0055623236, 0.010991898, 0.008064989, 0.014699698, -0.028413653, 0.0018292345, -0.0095120175, -0.0029538784, -0.014115635, 0.01492532, 0.013623373, -0.009457452, -0.02015244, 0.0115043465, -0.004529521, -0.014358268, 0.009293059, -0.014089473, -0.017131303, -0.0110691525, 0.012705728, 0.027259963, 0.007341739, -0.0014732565, -0.019122902, -0.026084917, 0.006785761, 0.0016323682, -0.02232561, -0.002709462, -0.009096197, 0.021705471, -0.0029353853, 0.014627029, -0.0015021771, -0.0052168034, 0.02044171, -0.008616886, -0.06570323, 0.01697511, 0.00043910602, -0.003172805, -0.019833213, -0.011029383, 0.006872542, -0.02459418, 0.020341184, -0.026232338, 0.017792745, -0.005385053, -0.025440086, 0.0048092892, -0.0037886542, 0.018041933, -0.036137536, 0.00031504396, 0.016205736, 0.0023105438, -0.00033651007, -0.0027003959, -0.0039257845, -0.009571333, 0.02345081, -0.011761976, 0.0062449947, 0.0029562996, 0.0029842365, -0.01862393, -0.009437773, 0.022754714, -0.011881239, 0.006110257, -0.0036898158, 0.012949389, -0.007822868, 0.023695417, 0.0122658, -0.06301231, -0.0014081566, -0.020247884, -0.025798311, -0.018239895, 0.004948612, 0.014479359, 0.0039497484, 0.013457845, -0.0040091453, -0.010866013, 0.001474079, -0.0024570469, 0.006738067, 0.012804059, 0.000422663, 0.017708512, 0.0026603877, 0.00061579526, -0.0018653958, -0.0092981495, 0.00047210272, -0.018502852, 0.03236757, 0.010034943, 0.0011350019, 0.00579878, -0.015608658, -0.0041310266, -0.0033107712, 0.02341578, 0.030419132, -0.0028228082, 0.033339534, -0.010932995, -0.018184507, -0.010380262, 0.0012152646, 0.017138591, -0.015457495, 0.022070548, 0.02024636, 0.01666035, 0.00015653543, 0.050660864, -0.009281712, -0.010533844, -0.008182158, -0.084575966, 0.010763835, -0.0016288398, 0.0067590997, 0.0070429742, -0.0035047897, -0.016198114, 0.028828427, -0.0066826455, -0.0032569892, -0.016867114, -0.0034886263, 0.009173172, 0.00018953078, -0.00036037355, -0.009936717, -0.06304355, 0.0026650536, 0.0059027076, 0.008449532, -0.004275308, 0.007492799, -0.016716506, -0.0063099563, 0.013705341, -0.033702705, -0.0035883053, -0.013082457, 0.00095543906, 0.013079113, 0.0059304624, -0.0011317835, 0.01186771, -0.013777488, 0.008170787, 0.0056010038, -0.024166605, -0.011584591, 0.0036444906, 0.014657159, 0.0037870607, -0.0094122635, -0.0024446172, -0.0020367722, 0.003877162, -0.00022756084, -0.008016737, 2.622309e-05, 0.017494991, -0.026840603, -0.0019059816, -0.028488582, -0.027640935, 0.0012502755, -0.001771954, 0.011698169, 0.0087892525, -0.027532596, -0.00440386, 0.0019406747, 0.015382271, -0.0059061074, -0.012171058, 0.022549778, -0.0035842645, 0.013766737, -0.019979274, 0.0061272224, -0.035280574, 0.012831711, 0.0024973315, 0.0023464852, 0.005976164, -0.015874416, -0.019743802, -0.004619593, 0.004964938, -5.1923187e-05, -0.0074402844, 0.00770826, 0.020551858, 0.01060245, 0.001090445, -0.015501215, 0.012073783, -0.018810222, 0.0008553718, -0.015081162, 0.0160676, -0.012392268, -0.0019047104, -0.021030612, -0.007452987, 0.0104254875, -0.013729212, -0.0085592335, 0.0033391481, 0.00875083, 0.015632067, -0.009972523, -0.0017262051, -0.015588988, -0.018836757, 0.017227821, -0.009531827, -0.0003246119, -0.017022064, 0.006186746, 0.0040674414, 0.006572229, 0.015019231, 0.0027583889, 0.022250518, 0.0012949693, 0.0009501999, -0.0037189906, 0.020796316, 0.010324048, -0.009183206, -0.024265647, -0.02304548, -0.00048780208, -0.022546316, -0.00046698484, 0.011000894, -0.011323329, -0.010632526, 0.0022841142, -0.013396303, -0.0023632376, -0.005530778, 0.008008419, -0.014087258, 0.015641168, 0.012884738, 0.0030064378, -0.001797417, 0.0062783486, -0.013862348, 0.012417135, -0.0139737595, -0.0051727025, 0.019859321, -0.0013518967, 0.0038207767, -0.0062554516, -0.010080684, 0.0039533833, -0.01184123, -0.014061225, 0.007629195, 0.00028102688, 0.023141729, -0.0063101775, -0.019837653, 0.0013595087, 0.010679064, -0.0013983406, 0.010097663, 0.0051587755, 0.010079588, 0.008479561, 0.00569014, 0.012751268, -0.0060502305, 0.0052829147, -0.0121363625, -0.0041206996, 0.0013050108, 0.011019442, 0.011238559, 0.00032164063, 0.02968588, -0.0135679655, 0.017430725, -0.007844695, -0.018273175, 0.009353054, 0.003907225, -0.021367852, -0.009001124, -0.010472309, -0.013785828, 0.027275845, 0.01938294, -0.025137454, 0.015281346, -0.014420382, -0.001035815, 0.017345356, -0.01095041, -0.022508692, 0.008200829, -0.0103620095, -0.015639547, -0.00344129, 0.0036689108, 0.0162264, -0.0074463505, 0.021805646, 0.024126885, -0.03899093, -0.012701092, -0.03631638, 0.0050465227, -0.0014027228, -0.010070139, 0.012107713, -0.026017867, 0.017625839, 0.004405647, -0.0071977447, 0.00549928, 0.012232, 0.004733916, 0.008268103, 0.004517032, 0.0064963824, -0.0044285255, -0.0022916992, 0.015239512, -0.02282561, -0.009461519, -0.007970436, -0.013978273, -0.02362922, 0.00039347803, -0.00019020647, -0.0017505847, 0.0023082478, 0.017945971, 0.011920888, -0.0011692946, -0.004100047, 0.003719893, 0.016910864, -0.010336678, 0.020426596, -0.0012579783, -0.014107609, 0.004966108, 0.019161366, 0.022712046, 0.008975124, -0.04667114, -0.0016730264, -0.014095913, 0.01020353, 0.013521875, -0.0055678375, -0.020019818, -0.005133601, -0.0018949172, 0.008866677, 0.0084644705, -0.01715939, -0.0018626644, -0.014136973, 0.011162248, -0.017174637, 0.00092750933, -0.0033541594, -0.007505297, 0.023841057, -0.031226756, -0.016021587, 0.000815032, -0.0054942714, 0.005785631, 0.007339483, 0.021462834, -0.014167685, 0.0011143334, -0.023753392, 0.0020678397, 0.009926111, -0.021941593, -0.010701651, -0.012278373, 0.023339974, 0.0059010996, -0.03976836, 0.005309164, -0.004988464, -0.0053169625, 0.0036205635, 0.016709827, -0.020096479, 0.0067071663, -0.015372296, 0.03353637, 0.011468174, 0.010535545, 0.007456083, -0.0057601947, -0.0011525364, -0.0066067157, 0.0010111033, 0.00073154754, -0.021465914, 0.04763458, 0.009814864, -0.00852091, 0.006054034, 0.0024412565, 0.015648, 0.007876718, -0.005852568, -0.014549319, 0.0029059113, 0.005469327, -0.0027979647, -0.0072958316, -0.008964316, -0.0054468615, -0.03482995, -0.0074212183, -0.013690328, 0.0075859744, 0.024093146, 0.018643199, -0.016198184, -0.006738891, -0.004198177, -0.0113807935, -0.019599497, 0.0087423995, 0.0052594114, -0.0005966127, 0.0050525777, 0.012164023, -0.008553287, -0.015715186, -0.009598207, 0.028528186, -0.0021772592, 0.006441717, -0.017893387, -0.011440167, 0.0033203717, -0.008617668, 0.02151506, -0.0011259761, -0.016916187, -0.0023388052, 0.0077712443, -0.012938576, -0.012938135, -0.0020447294, -0.00955254, -0.02528291, -0.0049957037, -0.006847679, -0.0036888497, 0.017178169, 0.0045299786, 0.012189958, -0.007189722, 0.01126705, -0.010771148, -0.010639609, -0.0046968227, -0.03132969, -0.0030683423, 0.0029343, 0.015722422, -0.008825645, -0.011391053, -0.00084172824, 0.0078315195, 0.01669924, -0.010570203, 0.03589576, 0.0050921147, 0.015551068, -0.0034995503, -0.0067469897, 0.014225189, -0.010891307, -0.0029464266, -0.014268158, 0.0049979435, -0.0048038345, -0.0054424084, 0.0020982584, 0.0037711735, 0.0002114145, 0.0027473299, -0.0052526677, -0.007949358, 0.013864703, 0.0041111894, -0.016745517, 0.00077862816, -0.002287233, 0.013575664, 0.0072827456, -0.020707965, -0.011519396, 0.030242095, -0.0022763684, 0.0046106256, -6.221583e-05, 0.0005306571, 0.016798709, -0.02108501, 0.025227306, 0.0143388845, -0.021866752, 0.0008097758, 0.01928342, 0.002563529, 0.01827446, 0.007040732, -0.009187458, 0.03902688, -0.009629327, -0.012158761, -0.011044882, -0.005864254, 0.003929421, -0.014846087, -0.00097623596, 0.004914886, 0.0036440133, 0.0010057265, -0.010637019, -0.00787728, 0.029101996, 0.020011965, 0.0050078104, -0.015320204, -0.014204385, 0.026390191, -0.0075040124, 0.018263444, 0.0029233713, 0.0072112, 0.0009229004, 0.018151749, -0.01032367, 0.01911454, -0.027244546, -0.015941357, -0.002749859, 0.010761943, 0.0016557225, -0.007810168, -0.014323364, 0.018435458, 0.011606433, 0.01976075, -0.022553397, -0.014449558, 0.000503636, -0.008870911, -0.0039275447, 0.010662595, 0.024472002, 0.0017239872, -0.026192727, 0.025376048, 0.0066590807, 0.008469923, -0.029149959, -0.0036318684, -0.008561903, -0.009545354, 0.0032955098, -0.0074703875, -0.0025245408, 0.0012128814, -0.04866916, -0.024115397, -0.0071404525, -0.00013753177, -0.0025342903, -0.00801562, 0.014150329, -0.020261098, -0.018551188, -0.013237712, -0.013988702, 0.027697377, 0.0022472965, 0.017419025, 0.0014663917, -0.018581, -0.009868104, -0.034701124, -0.006433788, -0.008055575, 0.007984854, -0.025435254, 0.009661172, -0.014404755, -0.008141891, -0.004383137, 0.014079659, -0.010479354, 0.008201688, -0.0072412603, -0.012453938, 0.012915677, 0.03276412, 0.0013782759, -0.023044629, 0.0037683393, 0.028930347, -0.0198454, -0.0022128576, 0.015897755, 0.021061426, -0.012629671, 0.008029819, -0.020111946, -0.009232441, 0.020374956, 0.008493598, -0.0073117865, -0.01438672, 0.0018312591, -0.0019920797, -0.009315341, -0.0007758933, 0.0013164076, -0.0028640602, 0.0046497467, -0.005411305, -0.015286068, 0.02572528, 0.0051969923, -0.0070964303, 0.0037576272, -0.0045392145, -0.02487905, -0.008675603, 0.00917983, 0.0073470864, -0.0075168987, 0.0016128588, 0.0036538157, -0.011554976, -0.009984252, 0.030091558, -0.021029197, -0.0099955965, -0.0070439363, -0.031100705, -0.013732118, 0.029056344, -0.004116425, 0.0035339613, 0.0013570238, -0.0031456698, -0.0136571005, 0.011730675, -0.00065155694, 0.010157291, -0.005624287, -0.025765354, 0.004873557, -0.022459464, 0.011260454, 0.011944848, -0.02778039, 0.012568977, -0.014513512, 0.0016164007, -0.01052212, -0.022197146, -0.013491069, -0.0060991514, -0.011187006, 0.005309707, 0.01264353, -0.0029263436, -0.0065718605, -0.0004274215, 0.019771807, -0.027337262, -0.014927124, 0.00012242202, -0.0024914597, -0.026980897, 0.0040218364, -0.004122995, 0.015055783, -0.0062492522, -0.009132224, 0.007481325, -0.013981638, 0.021100169, 0.015956482, 0.0013099168, -0.0019834738, -0.013120658, 0.010270865, 0.027032297, -0.027584665, 0.0020228983, -0.039551318, -0.0014128607, -0.01614509, -0.014683482, 0.021711556, 0.025112681, 0.013517948, 0.015898922, -0.018193915, 0.0072797798, 0.038185596, 0.013139287, -0.010335957, -0.0061638155, 0.007032719, 0.017694699, -0.012170727, 0.002739426, 0.012958361, 0.010344749, 0.020644331, 0.00816128, -0.01750013, -0.0036006197, -0.006537116, 0.0069456156, 0.0027686825, -0.018212123, -0.008583503, 0.011535903, 0.0017183729, 0.012351217, -0.0034075666, 0.03853668, -0.010008803, 0.00088597764, 0.009343925, 0.007983674, -0.0018706397, -0.014587275, 0.004024893, -0.018701453, 0.011615427, -0.005537345, -0.015608477, 0.012596932, 0.0025335583, -0.0134945605, -0.0064139236, 0.016014377, -0.021108601, -0.0051991385, 0.009358723, 0.006787519, 0.00052082696, 0.02028968, 0.01631342, 0.029978225, 0.00019640758, 0.0055952724, -0.010764287, -0.0008595988, -0.004988032, -0.006857796, 0.024274668, 0.009455512, 0.005966884, 0.029671948, 0.010725485, -0.0061057247, -0.00011880052, -0.0072951294, -0.0043515423, 0.005790742, 0.009032082, -0.029236212, 0.007554918, 0.0056256857, 0.005147299, -0.039590355, 0.023781622, -0.008334731, -0.0103534665, 0.0070757912, -0.00011892128, 0.17327891, 0.12155279, -0.019099139, 0.00962778, 0.013289293, 0.00046374561, 0.0021528732, -0.018445197, 0.024249278, -0.018011885, -0.020945232, 0.0019677973, -0.009853932, -0.016465165, 0.009231421, 0.0031917454, 0.00264877, -0.002999575, 0.0015114116, 0.017222181, 0.012223263, 0.028446855, -0.011880194, -0.014009348, -0.013049096, 0.037463743, -0.0063737347, -0.011192541, 0.022120813, -0.0019109016, -0.013721167, -0.008223176, -0.007687685, 0.013269534, 0.021848252, -0.0015659893, 0.003062421, 0.027490366, -0.01838653, -0.006068832, -0.0069621583, -0.007981319, -0.025060501, -0.011545314, 0.0077612395, 0.0015417947, -0.0054691415, -0.004569705, -0.015746973, 0.027432425, -0.012555513, 0.020853017, -0.00894768, 0.011566181, -0.010016628, -0.0026181496, 0.0066179982, 0.017180141, 0.0013174294, -0.01368577, 0.030123014, 0.010376014, -0.019196777, -0.00953818, -0.015494927, 0.006525786, -0.0031624401, 0.0011359112, 0.00060215563, -0.0020640695, -0.004417523, 0.0006754874, -0.00092219055, 0.009554712, -0.0210681, 0.02421717, 0.01085657, -0.0067920308, -0.0280825, 0.0024913072, -0.022699943, -0.012319182, 0.02051726, 0.03014245, -0.014052996, 0.005104935, 0.004456206, 0.010109696, 0.11358219, -0.0006478881, -0.014357305, -0.0041776276, 0.006827808, 0.029091032, -0.0065585505, 0.04526891, 0.02125305, 0.014724682, 0.011628359, 0.00049309176, 0.0017224965, -0.02398375, 0.0035443527, 0.028247885, 0.008667884, 0.030814668, 0.017583633, -0.0092714215, -0.023613526, 0.009137573, -0.005796611, 0.017378727, 0.002815373, -0.013635299, -0.0012499811, 0.0024744743, -0.019479219, 0.0036957357, -0.100320086, -0.028352952, -0.012730526, 0.01201763, 0.015251993, 0.009820277, -0.016046429, -0.03569192, 0.011454133, -0.01368694, 0.014733974, 0.0005590777, 0.022365218, -0.00013727625, -0.025404623, -0.010182328, -0.013630716, -0.004022076, -0.0029461232, 0.001808954, 0.00825093, 0.0018785577, -0.024468487, 0.004099823, -0.006931253, -0.0005683117, -0.012247165, -0.011308936, 0.014882376, 0.007549538, 0.013444882, 0.008286702, -0.022556534, 0.028095266, 0.006599724, 0.0033684669, 0.0063041565, 0.01509767, 0.021736125, 0.008033283, 0.0033266565, -0.011855526, -0.012797455, -0.025549047, 0.0054704794, 0.018266935, 0.0133482795, -0.004210892, -0.011117056, -0.0074755247, 0.024015145, 0.011130794, 0.008039197, -0.0026360215, -0.0015122523, 0.005691377, 0.023869831, -0.033128705, -0.00554063, 0.01974644, 0.005599805, -0.028109655, 0.0056195543, 0.019805418, 0.016775476, 0.024619099, 0.0016171302, -0.0012049668, 0.0073185586, -0.004285992, -0.026442548, -0.000618937, -0.0041040066, -0.004337331, 0.015348223, 0.022700803, -0.046456575, 0.0020441904, 0.015690897, 0.0035023459, 0.010111933, 0.0062303105, 0.007892018, 0.11745319, -0.020683777, 0.015694147, 0.005320851, -0.00017468065, -0.025493143, 0.012308191, 0.002406508, -0.01316989, 0.007972993, -0.027687905, 0.016658423, 0.010772361, 0.0028282132, -0.002523493, -0.021357903, 0.025936587, -0.013422922, 0.006401158, -0.01841778, -0.020058308, 0.014002016, 0.02036302, -0.00083824183, -0.008660762, 0.0051061916, -0.01722493, -0.0041510784, -0.024363017, 0.014865248, 0.0024803232, -0.01766783, -0.013036252, 0.0033028913, -0.015715111, -0.020633535, 0.013298089, 0.008100142, 0.0053776545, -0.007620247, 0.022540834, 0.018111413, 0.02212006, 0.011835479, -0.022721982, 0.19408321, 0.013783964, 0.006508278, -0.011964556, 0.008114434, -0.0026412331, -0.0073995194, -0.012835066, -0.00566011, -0.011223011, 0.016826736, -0.010750206, 0.0020294886, 0.010495236, 0.007178, -0.019843666, 0.0042806105, -0.011139977, -0.008242148, 0.013338649, 0.007972398, -0.013718808, -0.0019437778, -0.0037898936, -0.008676485, -0.0023391675, 0.0011599361, 0.0007085468, 0.020791795, 0.010850033, -0.011583128, -0.00510217, -0.019270279, -0.0018016412, 0.027238917, 0.012155623, -0.0042455946, -0.02007086, 0.021666236, 0.0004134573, -0.017193476, -0.0042433576, 0.011113117, 0.002686472, -0.0040019173, 0.013971536, -0.00598883, -0.01104824, -0.016884778, -0.026207516, -0.01075054, 0.0014394022, -0.0042636874, -0.0053790775, -0.0140299015, -0.013246406, -0.012110539, 0.00410482, 0.00603164, -0.009492419, 0.012061174, -0.004991228, -0.009914925, -0.024572121, -0.00060253567, -0.012344827, 0.0012512682]"
Dan prorroga de 15 dias a transicion en tribunales con jueces temporales,https://oem.com.mx/elsoldemexico/img/25450132/1756380170/BASE_LANDSCAPE/1200/image.webp,no especificado,"En el acuerdo, plantean declarar como dias inhabiles, pero laborales, los primeros 15 dias de septiembre en aquellos tribunales que queden vacantes",https://oem.com.mx/elsoldemexico/mexico/cjf-prorroga-15-dias-transicion-a-nuevos-jueces-y-magistrados-en-tribunales-vacantes-25449764,"[0.012454688, -0.0020988078, -0.018494235, -0.061919343, -0.022524279, 0.015834438, 0.02423309, 0.0012947815, -0.0035151478, 6.302747e-05, -0.042504553, -0.03009934, -0.020443078, -0.0034630338, 0.11662623, 0.028877532, 0.0066850916, 0.0025588165, 0.016597548, -0.026944147, 0.011999778, -0.020372128, -0.022577394, -0.009303565, -0.0033489245, 0.003733418, 0.024717698, 0.011018789, 0.041205313, -0.026616694, -0.0013810913, 0.034450255, 0.026172906, 0.025664495, 0.0046932106, -0.001624661, 0.007258032, -0.007850314, -0.01660907, 0.0047837077, 0.011875867, 0.031649675, 0.0015386313, 0.009054761, 0.019617163, -0.009084103, -0.0014875983, -0.037518248, -0.019157415, 0.019386454, 0.00056832604, -0.010732763, -0.001907324, -0.16231005, -0.005584976, -0.018312873, -0.0005996594, 0.023067096, 0.00994752, -0.0015744669, -0.031883292, 0.031255964, -0.022269338, -0.02744686, 0.0060609034, -0.022767298, -0.0063952347, 0.024455022, -0.045387316, 0.0033412874, 0.02065831, -0.028708754, 0.0015003064, 0.01140423, 0.020972582, -0.02754842, -0.008570498, 0.021807542, -0.022238767, -0.009661718, -0.008322144, -0.03828398, 0.017695203, -0.0007028505, -0.010841108, -0.00633618, 0.0144511, 0.010614542, -0.0035361224, 0.0012784122, -0.024043176, 0.0126716215, -0.023826513, -0.022633402, -0.013246783, 0.002096908, 0.008662562, -0.004887645, -0.02206253, -0.028601337, -0.0072082537, -0.02028084, 0.0012083303, 0.005623104, 0.030595815, -0.025376055, 0.017698534, 0.012937234, 0.004656277, 0.011392986, 0.0067736176, 0.005856236, -0.017518537, 0.026900977, 0.007995164, -0.11997896, 0.00027574936, 0.010050821, -0.050308485, -0.0151782865, 0.02633392, 0.007217554, 0.022752555, 0.016193159, -0.005489487, -0.043972816, 0.040471565, 0.004279494, -0.027163047, 0.0023056786, -0.0077938116, 0.00071923534, 0.016965702, 0.020529263, -0.01106148, 0.012081573, -5.7902453e-05, -0.013804642, 0.0117836185, 0.0010078849, -0.012620292, 0.020259364, 0.0075166896, -0.01583159, -0.042862896, 0.024715107, 0.010577934, -0.021755949, -0.005289491, -0.01007461, -0.009288123, 0.004426466, -0.031861566, -0.0098638, -0.019485617, -0.019934528, -0.004914519, -0.0017180166, -0.019492127, 0.0025684074, -0.00965089, 0.009702954, -0.0017054403, 0.018096544, -0.03233768, 0.014503454, -0.008643661, 0.028628439, 0.0003980663, 0.010941171, 0.013466462, -0.0012551468, -0.01812092, -0.009612314, -0.01773604, 8.054925e-06, 0.007641077, -0.0050642677, -0.0035208783, -0.0017888957, -0.013192812, -0.017026816, -0.002792138, 0.01315702, 0.023875339, 0.0082075475, -0.004949049, -0.021575259, -0.012085106, 0.02304863, -0.02520417, -0.013003974, 0.0023049044, -0.031028166, 0.011509862, 0.004801376, 0.03565766, 0.012449605, 0.012187693, 0.01773389, 0.0051963045, 0.03361523, -0.011438886, -0.01644397, -0.012011573, -0.0046426365, 0.004981817, -0.0112061845, 0.010218608, -0.00090370903, 0.0063071484, 0.011933828, -0.02772249, -0.017520295, 0.005319503, -0.019202577, 0.002721953, -0.016182706, -0.005124439, -0.021354947, 0.0077837138, 0.01145272, 0.007244927, 0.011491305, 0.009103547, -0.01250975, 0.02767532, -0.003409442, 0.0059484704, 0.007221045, 0.0028553212, 0.0029469186, -0.024214275, 0.022254745, 0.023907833, 9.436843e-05, 0.03030702, 0.01599767, 0.013251839, 0.008812294, -0.013441863, 0.01105852, 0.005150378, 0.015499367, 0.043416835, -0.002622323, 0.007744441, 0.011151233, -0.0043764305, 0.024579285, 0.03682756, 0.057453256, 0.007066537, -0.0069508543, -0.040069398, 0.017316451, 0.0048972005, 0.011091289, -0.015378921, 0.0034957032, -0.018928261, -0.005769768, -0.011064325, -0.0070420494, -0.011655392, 0.012569191, 0.01742131, 0.024439039, -0.0178022, -0.026049448, 0.026638476, 0.0044014817, 0.013186749, -0.039176665, 0.0011749867, -0.0231563, -0.08176101, 0.024829948, 0.011146376, -0.0036709756, -0.023162058, -0.011798902, 0.004615321, 0.009284919, -0.0053810617, 0.011674734, -0.010437656, -0.013109037, -0.018063897, -0.012069566, 0.009409577, -0.0033497552, 0.016346283, -0.02129195, 0.020380039, -0.020555766, 0.013815951, -0.021756977, -0.0037330065, 0.0113611445, 0.005426273, -0.0066849366, -0.0026361009, 0.05788774, 0.0017097722, -0.013001967, -0.012962927, -0.0021688386, -0.007029541, 0.0010057284, 0.01972379, 0.01509859, -0.01605767, -0.020830227, -0.015545777, 0.0017951473, 0.0096946815, 0.025910936, -0.0067428867, -0.0010391283, -0.020555554, 0.0042595956, -0.0036130662, -0.023926692, 0.025738025, 0.004241238, 0.00603568, -0.000536391, -0.0064409594, 0.0021389385, -0.023021944, -0.005544185, 0.007696708, 0.018853402, 0.019021343, 0.0018852776, -0.009672788, -0.0060631926, -0.005293668, -0.009335282, 0.02234449, -0.029837675, 0.0038515902, -0.006451015, -0.0077444855, 0.05139974, -0.009378184, -0.005944349, -0.011774824, -0.03708074, 0.010950723, 0.016417384, 0.015260449, 0.012065057, -0.0032163737, 0.021305649, 0.0030944166, -0.0149061335, -0.021315107, 0.023718877, -0.0116693005, 0.0105790645, -0.015771236, 0.009300602, -0.011885622, -0.023649173, 0.0021672712, 0.003113307, -0.021441208, -0.033666547, 0.0020826007, 0.022735061, -0.044539046, 0.010717415, 0.0045667887, 0.0139467865, -0.011200556, -0.012375205, 0.0122325625, 0.019053506, -0.011438245, -0.010761772, 0.014968392, 0.020168865, -0.017111052, 0.00020103564, -0.005896351, -0.0041735684, 0.024447743, 0.015449895, 0.011286487, 0.02224056, 0.012305778, -0.0078367265, -0.00577499, -0.007707834, 0.02596913, -0.0007256016, -0.019916406, -0.0027174216, 0.010854224, -0.009979914, -0.0068512214, 0.008863292, 0.0014249324, 0.034999575, -0.024635687, -0.023357162, -0.0018261689, -0.03878202, 0.007964162, 0.01438533, 0.013541911, 0.0033836279, 0.04100023, -0.014121721, -0.00037198543, 0.011652841, 0.04283229, 0.024115577, 0.017054316, 0.036310945, -0.019373503, 0.019348731, 0.009639323, -0.013429702, 0.021621536, -0.00817145, 0.016419556, -0.0046440843, 0.0058898353, -0.0301071, -0.0040817, 0.014216779, -0.003183145, -0.006438263, -0.015217923, -0.0102140205, -0.008601875, -0.008452032, 0.0119544165, 0.019924276, -0.02573079, -0.01783164, 0.018460792, -0.012687602, -0.014144091, -0.020377705, -0.008486858, 0.0037574766, 0.048381273, 0.0043414966, 0.007836403, -0.009967198, -0.011747677, 0.0137991505, -0.009013292, -0.022346469, 0.0219191, 0.017268047, -0.003284288, -0.029751375, -0.0009850817, 0.033834696, -0.018523639, 0.014364984, -0.011819709, -0.03171849, 0.0041865837, 0.007338718, 0.024373572, -0.026417388, -0.015440577, 0.017427363, 0.008656947, 0.00039868048, 0.005658116, 0.0013732538, 0.021061571, 0.0042221225, 0.0071271313, -0.020264411, -0.029026657, -0.023583159, 0.0014095512, 0.035022877, -0.014183822, 0.029205892, 0.005485174, 0.003096332, 0.019089377, 0.015961962, -0.00051760423, -0.0012280827, -0.008135975, 0.00544235, 0.01268433, -0.007635717, -0.013663708, -0.007872381, -0.019547755, 0.010891167, 0.018039754, -0.007973299, -0.025665415, -0.004064699, -0.0058523347, 0.014518525, -0.0032177188, -0.02508204, -0.0060913316, 0.0021229105, -0.00081423373, 0.012719624, -0.006325126, 0.005641146, -0.024217859, 0.012889811, 0.0091217365, -0.015381266, 0.0075795474, 0.0037798502, 0.007685146, -0.0041040666, -0.04255846, -0.01007584, -0.005938603, -0.012474442, 0.0006866986, -0.004160194, -0.025415422, 0.032008234, -0.019640075, -0.004197693, -0.011457164, -0.030284207, -0.039076056, 0.02380266, 0.018512934, 0.021298155, -0.020637607, 0.007206583, -0.021402553, 0.020097554, 0.021666003, -0.093142666, -0.0054417304, 0.012313443, 0.005382552, -0.016405368, 0.005714883, 0.018610282, -0.020863298, 0.017951403, 0.034150783, -0.016747609, -0.0038737748, 0.014951815, 0.0022768204, -0.03210108, -0.030321022, 0.010152341, -0.015158586, 0.021977112, 0.012261788, 0.011151099, -0.0016819021, 0.01238659, 0.0136082135, 0.003638204, 0.0077680694, -0.00512469, 0.0001261914, 0.014519706, -0.025529888, -0.015316995, 0.03211122, 0.02483509, 0.008242768, 0.030013064, 0.009606882, -0.003862167, -0.0061093676, 0.010403425, 0.020735405, 0.0049871835, -0.009403003, -0.015992315, -0.013501379, -0.025044806, -0.015520169, -0.0055720196, 0.021026671, 0.011533205, 0.005256199, -0.02491741, -0.015159798, -0.016042542, 0.018253507, 0.0021277352, 0.008330425, -0.016475797, 0.009354588, -0.021355549, 0.008670044, -0.015031249, -0.004919296, -5.151771e-05, 0.009953932, 0.003757468, -0.030366082, -0.024810543, -0.0041098087, 0.023264794, 0.035585247, -0.015823338, -0.047372248, -0.009086537, 0.029731179, 0.015765589, -0.013931162, -0.012917895, -0.00894428, 0.0015822459, -0.006147341, -0.017482582, 0.027672164, -0.09776693, 0.0134059815, 0.0045092427, -0.023796532, 0.008626728, 0.007853265, -0.017260399, -0.013436081, 0.015187216, 0.032549206, -0.011044272, 0.0018199454, 0.004468707, -0.013234905, -0.008032115, 0.01262673, 0.021717254, -0.009221446, 0.03060412, -0.03599832, -0.0025042696, 0.00713311, 0.0061858688, -0.012130373, 0.00710584, 0.007934534, -0.01262167, -0.0021462427, 0.027868874, -0.017023752, -0.0081174, -0.15388627, -0.013020374, -0.012096546, -0.0110494625, -0.0018382596, 0.014067715, 0.033019137, -0.023261808, 0.0363429, 0.005053977, -0.01498338, -0.01520192, -0.027140412, 0.032062586, 0.021219924, 0.09116384, 0.02678535, -0.009726388, 0.017064435, 0.01569008, -0.01984721, -0.0102123935, 0.016505465, 0.012146947, 0.005378068, 0.005433932, 0.011747736, -0.008639091, -0.0006825151, 0.0071515273, -0.0026509678, -0.010409874, 0.035918966, 0.023292897, 0.001923807, 0.021262433, -0.007960856, -0.00020497703, 0.0072786887, -0.0091758, 0.008642305, 0.020134011, -0.011477968, 0.009476198, -0.002185771, -0.036614314, 0.000997024, 0.017271204, -0.025521846, -5.2662865e-05, -0.025134781, -0.06018391, 0.017149633, 0.026377298, -0.008262423, 0.00043841443, 0.008031006, 0.025014423, 0.017426386, -0.009792315, 0.007992269, 0.014859759, 0.029101392, -0.006172679, -0.031631548, -0.018821409, 0.009519114, 0.006701767, -0.018419662, 0.004857616, -0.019375036, 0.031528525, -0.019933589, -0.0106059825, -0.022436948, 0.018570215, -0.01016423, 0.015281991, -0.021641457, 0.0031330201, 0.012452754, 0.038013984, 0.011978097, -0.006368393, -0.0054642144, -0.0072483695, 0.017475637, -0.009218536, -0.004264943, -0.0026249294, 0.013945391, -0.014777849, 0.0030512176, 0.003949782, 0.020140775, -0.0025346058, -0.013621768, 0.017923784, -0.01902117, 0.01653785, 0.009179289, -0.0038842275, -0.0071816808, -0.017863989, 0.022630438, 0.0037651702, 0.030522637, -0.018276347, 0.015313342, 0.0021210664, 0.000976607, 0.0041613444, -0.0045865136, -0.0016402345, 0.02254228, 0.014220977, 0.006985415, -0.017914185, -0.016862953, -0.01847685, 0.0025081986, -0.0021769577, -0.00574484, -0.0021548544, 0.008036255, 0.0057491893, 0.004790256, -0.017698165, -0.015634634, -0.04051276, 0.008095099, -0.009783695, 0.007065198, 0.0015453296, -0.012527441, 0.00635428, 0.0005556209, -0.0073732585, -0.012021311, 0.0006145099, 0.018946383, -0.002511114, 0.0039544143, 0.0030205867, -0.017122218, 0.0066524353, -0.009162693, 0.0016123815, -0.0031226834, -0.0137147615, -9.657753e-05, -0.013297128, 0.013215058, 0.0022242526, 0.0127964895, 0.011031775, 0.0107924305, -0.011212342, -0.00684946, -0.0026061104, -0.0020457255, -0.016135123, 0.010187822, 0.022847366, -0.012876424, -0.008163476, -0.0042297156, -0.025602933, -0.0067352485, 0.0122923665, 0.008894789, 0.0028118095, 0.0023014457, 0.003469838, -0.0031483623, 0.0012268244, -0.006189339, 0.0072459746, -0.023149338, 0.0033698932, 0.016635507, 0.005949097, -0.013840455, -0.004541152, 0.017949568, 0.008770834, 0.0022157887, -0.005062776, -0.0080264965, -0.02762182, 0.0118600065, 0.004173942, 0.013981514, -0.013128839, -0.00059172435, -0.003355269, 0.013037212, -0.011072184, -0.018860416, -0.0045179944, -0.0031253754, -0.0097622825, -0.0011990631, -0.010691587, -0.013138664, -0.02312036, -7.0915085e-05, -0.00033819175, -0.0007336435, -0.00053070724, 0.01563186, -0.008157087, -0.0015089912, -0.0130845, -0.0007637019, -0.00221992, -0.0024342982, -0.0009174056, 0.0011207116, -0.01555969, -0.002643075, -0.004969836, -0.008361101, -0.004578335, 0.011369894, 0.0022098378, 0.011735706, -0.0008842319, -0.011286963, 0.012813492, -0.003340511, 0.0066908225, 0.010734593, 0.008051601, -0.0041143754, 0.00668775, -0.005902817, 0.009044173, 0.01033406, -0.011011569, -0.015099293, 0.0029127891, 0.015601949, 0.0044915066, 0.0007486278, 0.000957217, 0.0046137394, 0.008261601, -0.014278014, -0.0021497482, -0.0029867324, -0.0057485877, 0.023958156, 0.017990664, 0.00045927046, -0.008524895, -0.0056032706, 0.00226909, 0.0054240697, -0.008086525, -0.004025985, -0.004869044, -0.0046801, -0.006132149, 0.003462639, 0.0014983836, -0.011209284, -0.0032340703, -0.0017121333, 0.016783783, -0.0038423892, 0.007416619, 0.009908579, -0.0011980848, -0.0009964005, 0.008230304, -0.0116814375, -0.014167459, 0.01413028, -0.0259347, 0.0069031245, 0.009778348, -0.0040513254, -0.020762626, -0.002066124, 0.0006508749, 0.012773476, 0.0060905977, -6.343941e-05, -0.01355258, -0.011758649, 0.00431813, -0.018877847, -0.001449603, 0.005388628, 0.004410579, 0.013733783, 0.0026092138, -0.021353366, -0.00814092, 0.008633935, -0.011763725, -0.004497978, -0.0027049726, 0.00996065, 1.8029566e-05, 0.008069724, 0.002061049, 0.017222073, 0.0056125033, 0.08319706, -0.0018908104, -0.0041326126, 0.016756, -0.0036911787, 0.015597773, 0.014224909, -0.015987528, 0.01135201, 0.0022150888, 0.004992076, 0.015394368, -0.014235528, -0.0056943935, 0.019422404, 0.0047877035, 0.007793396, 0.01881477, 0.003837648, 0.007125698, 0.008503922, -0.0028280772, 0.0033808579, -0.015897954, -0.00011767086, -0.016724259, 0.0070031034, 0.004578247, -0.01754062, 0.002282686, -0.004978502, -0.0028772342, -0.0018406024, 1.2605977e-05, -0.015060249, -0.021508276, -0.015953468, 0.0018340236, 0.009650983, 0.010521902, 0.0026239252, -0.0029335362, 0.002806699, -0.017810097, 0.005461367, -0.0067972513, -0.03810177, -0.005442253, 0.008282172, -0.004083317, -0.00021809783, -0.0023365552, 0.00053996564, -0.013656938, -0.00725759, -0.005855865, 0.0010366853, 0.0039602155, 0.012119253, -0.0068015684, 0.0065530566, 0.02349547, -0.01485301, 0.004801587, 0.004041298, -0.010064824, 0.0065565538, -0.009717362, -0.008319156, -0.016973445, 0.009450904, -0.004822042, -0.0015880802, -0.004718141, 0.035191447, -0.0066652354, 0.00704213, -0.0068278555, -0.0022898135, -0.013892141, -0.0027148447, -0.001079019, 0.0010549059, 0.013779498, 0.011511253, -0.0023333528, 0.0041554016, -0.008024128, 0.009555392, 0.013906617, 0.014904268, -0.019522518, -0.0057651075, 0.014154007, -0.0145593425, 0.01459895, 0.06961472, 0.019674763, -0.0021045902, -0.009295928, 0.014047587, -0.030657873, 0.0049974937, 0.0047466503, 0.01618281, -0.014156252, 0.01763869, 0.008940851, -0.00035241526, 0.0054075527, -0.0026391642, 0.00087943213, 0.020708052, -0.0030497664, -0.0084778, 0.00064309005, 0.01425454, -0.004598586, -0.006545846, -0.008640837, -0.009993696, 0.010019471, -0.012034988, 0.010997218, -0.013177902, 0.005967834, 0.001221091, 0.0044396613, -0.004216875, 0.014584247, -0.012038294, -0.0003394205, -0.024297493, -0.003001871, -0.0068828776, 0.0060852123, 0.018303463, 0.013558161, 0.010258916, 0.006484116, -0.014397276, -0.0009078676, 0.0017723985, 0.0026174292, 0.008710406, 0.002280706, 0.009935899, 0.00094387744, 0.01646695, 0.0005884796, -0.0019853031, -0.014703134, 0.0063946173, -0.01901178, -0.0036379192, 0.0051687513, 0.010021799, 0.00282154, 0.008825259, -0.0062361388, -0.02066303, 0.0015300253, 0.005109825, -0.005299164, -0.009624387, 0.013855412, 0.019556088, 0.019135073, -0.011341141, 0.006403574, -0.0027589477, 0.014248783, 0.011819838, -0.008781258, -0.0052268044, 0.0076227076, -0.01399262, -0.018133339, 0.002760809, 0.023805412, -0.012068889, 0.00047375943, -0.019373497, -0.019031603, -0.009460193, -0.002245718, -0.016872162, -0.017856179, 0.008065604, -0.024942998, -0.011288831, -0.020865306, -0.00700936, -0.013064783, -6.595608e-05, 0.015435421, 0.009641861, 0.012805673, -0.0047936332, 0.027959296, -0.015031068, -0.011349981, 0.0056046257, 0.00082792813, 0.0026527455, -0.010684805, -0.0006345146, -0.0032239815, 0.0062431027, 0.004009022, -0.0046065394, -0.019886231, 0.0022997553, -0.003772083, 0.015799494, 0.011191103, 0.0074680788, -0.0034097082, 0.018398548, -0.0045471825, -0.0022890773, -0.004556821, -0.029762719, 0.0047345133, -0.00977427, 0.0039043496, 0.0057564285, -0.008806728, 0.0059507005, -0.0071736383, -0.011805084, 0.009985784, -0.0055648545, -0.0055655814, 0.0043420116, 0.0037648987, -0.009499987, 0.007739059, 0.0032699287, -0.013674781, 0.0140650645, 0.013597096, -0.01621725, -0.007965202, -0.021384038, 0.0071573043, -0.012917855, 0.010343173, -0.0047705737, 0.00020308828, 0.009368324, 0.00083896646, 0.0039155744, 0.0006451415, 0.010488557, 0.00059746846, -0.001360341, -0.03716114, 0.01760511, -0.003371008, 0.009976759, 0.0130083505, 0.0012722398, -0.000985809, 0.00473398, 0.005927611, -0.0025551808, 0.015736537, 0.001971302, -0.003258972, -0.002288389, -0.017102182, -0.0056762914, 0.010816808, 0.0068500917, 0.003221472, 0.0056862873, -0.012575441, 0.01349333, 0.004604965, 0.006284479, 0.0036246541, -0.00259842, -0.009572629, 0.0073328405, 0.0074629304, 0.010705179, 0.0047181174, -0.016925275, 0.0053177336, 0.03343126, 0.004800748, 0.00635426, 0.017486427, -0.01165965, -0.0074498826, 0.0053145876, 0.010307179, 0.0057744044, -0.0058077853, 0.013453725, 0.0029189845, -0.005704213, 0.0067668604, 0.010865528, 0.0037139854, 0.0034786332, 0.00922684, 0.010816383, -0.0058873384, -0.006962218, -0.015149988, -0.0054756003, 0.03651784, -0.0052171694, 0.0009524445, -0.00045566907, 0.016005717, 0.010182988, -0.004649924, 0.006730616, -0.029647535, -0.012572981, 0.013512183, -0.013917496, -0.0033800406, 0.0072186897, -0.008956248, -0.012545198, 0.00840216, -0.017695494, 0.00041289363, -0.024410285, 0.013145062, 0.009711583, -0.025227226, 0.024073437, -0.009641539, 0.006508796, -0.01259582, -0.017447032, -0.00482114, 0.0094045885, 0.007952935, -0.012729644, -0.029143723, -0.003949049, 0.014147626, 0.0067337574, 0.003686504, -0.015768055, 0.00923406, 0.0005509932, -0.013931627, 0.0071029225, 0.007849684, 0.012410715, 0.0035852843, 0.0023686078, -0.00221094, -0.00022060858, -0.018049713, 0.02534012, -0.0063815573, -0.0004103128, 0.004272014, 0.0007455989, -0.021410586, 0.0026887606, -0.014449349, 0.013749541, -0.0014168568, -0.0066965465, -0.006642222, -0.018387517, 0.008205581, 0.012135175, -0.007700586, 0.02949845, 0.009450024, -0.0046166247, 0.003722515, 0.0052080196, 0.01059696, -0.0058747074, -0.009715135, -0.009993698, 0.0060259374, 0.006534672, 0.04125476, -0.012774699, -0.0007882457, 0.002829676, 0.00015606906, -0.023298886, -0.0008939592, -0.00066492805, 0.025298238, 0.00670223, -0.0023958785, 0.007868573, 0.0029159328, -0.0004513897, -0.00989091, 0.007252773, 0.0067756986, -0.01053414, 0.005658427, 0.006783823, 0.022038832, -0.005645781, -0.0014219977, -0.011054019, 0.0074397135, 0.017733553, 0.001482446, -0.0067767925, -0.006535906, 0.0034528782, -0.0024599342, 0.010527554, 0.020229828, -0.0029014898, 1.6870506e-05, -0.013559365, 0.004626747, 0.0027921053, 0.0032780257, 0.015017161, -0.0076075085, 0.011703003, 0.009578004, -0.020491717, 0.006630934, 0.020150596, 0.016357247, 0.006919318, -0.0035704535, 0.008636501, 0.016549485, -0.020058682, -0.026723476, -0.0030593537, 0.008536257, -0.001652574, 0.00146192, -0.00097322895, 0.0043349536, 0.001894466, -0.0038369233, -0.003883496, 0.00086228584, -0.0053263716, -0.004619159, -0.009626079, 0.015501325, -0.009726027, 0.0053663263, 0.00805781, 0.00501095, -0.0026584088, -0.013807778, -0.08585684, 0.003936731, -0.003015876, 0.01439091, 0.0070679137, -0.0065012136, 0.003776118, -0.0073181563, -0.00069108716, 0.0046975003, -0.004884153, -3.6957164e-05, -0.008524192, -0.025897183, -0.0009073055, 0.0080066845, 0.0038051603, -0.008552398, 0.0026614664, 0.0105635775, -0.008346802, 0.008254028, -0.016497852, 0.000803991, -0.00041065336, 0.0031650614, -0.0046083033, -0.0031866187, 0.007869065, 0.0073511666, -0.00429864, -0.010113384, -0.0030814707, -0.0004965595, 0.01379486, -0.0024301808, 0.0015456981, 0.013233945, -0.1386804, 0.014934105, -0.0057753143, -0.0054162256, 0.004406101, -0.0040615294, 0.012867851, -0.0032254823, -0.0038819923, 0.01738066, -0.0052562836, -0.007058058, -0.00028096457, -0.013776168, 0.004536471, -0.009832902, 0.015119917, -0.0145036755, 0.009253269, 0.008413374, 0.0025237575, 0.0005080833, 0.01266627, 0.003427143, 0.0017685349, -0.01622715, 3.8705948e-05, 0.010319563, 0.008584981, -0.00869935, -0.0073698475, 0.016816584, 0.0021017778, 0.0013914828, -0.0011464403, -0.0009929488, -0.002549605, -0.0042517083, 0.004954366, 0.023967298, -0.0021617832, 0.021165058, 0.0019935844, -0.010935301, -0.005439135, -0.0060918746, -0.0057819183, -0.013330728, -0.0018167408, 0.0043438165, 0.0008562394, 0.013536318, -0.0080488995, -0.0074309846, 0.017861506, -0.004662254, -0.0074524675, -0.009937197, 0.0026443878, 0.003497919, -0.0024834005, 0.012640425, 0.00027471638, 0.007992072, 0.0033292577, 0.018500287, 0.0014574406, -0.0010327023, 0.011289933, -0.007201766, 0.012605352, 0.022353971, -0.0062418957, 0.021482239, -0.020279692, -0.006130542, 0.018002242, -0.005179207, 0.013462131, 0.011463889, 0.0009540628, -0.0045745615, -0.026322603, 0.015883757, 0.0065371436, -0.02028161, -0.0040467153, 0.012523212, 0.0046341913, -0.057142667, 0.0070865867, 0.013314542, 0.010620318, -0.0009853874, 0.00043608944, 0.028273338, -0.024425032, 0.0004152655, -0.0015230493, 0.011371584, 0.012527966, 0.0134616885, -0.005174625, -0.004655513, -0.017168295, -0.003924022, 0.012940098, -0.0042507034, 0.009326179, -0.0019541858, -0.0023105624, -0.009433958, 0.0086065745, 0.008449864, -0.0055646785, 0.007555346, 0.0059348615, 0.0031484738, -0.023617988, -0.010389944, 0.0152726425, -0.030482965, -0.0005368781, -0.00762462, 0.015872352, 0.0038143375, 0.0007283977, -0.0026573993, 0.002394952, -0.0109571535, -0.01045236, 0.0024032404, 0.002295689, 0.011184255, 0.010223204, -0.0053410428, 0.0025911601, 0.006975782, -0.010863967, -0.012715652, 0.017474636, 0.0062522977, 0.0040514492, 0.018698482, -0.018212056, -0.0038908492, 0.0019938496, -0.0006159548, -0.0063143233, -0.014526901, -0.034295436, 0.006999613, 4.9815084e-05, -0.0065352647, 0.036421727, -0.0028063941, -0.0017032179, -0.02104372, -0.01956861, 0.0029064717, 0.0071896235, 0.022177517, 0.018846396, -0.0022905732, -0.0015516317, -0.011393079, 0.0069320854, 0.011766618, 0.017567791, 0.011237349, 0.016610255, 0.014414777, 0.024392413, -0.01740861, -0.018393153, -0.011213244, 0.014837924, -0.00770097, -0.02731812, 0.015924638, -0.0036551093, 0.011887033, -0.002397731, 0.0032627801, -0.009966415, 0.009236523, -0.010176638, 0.0019813583, 0.0050408044, 0.016519712, -0.019789958, -0.014287657, 0.02065217, -0.001370917, -0.0059904843, 0.013837712, -0.023828924, -0.010104225, -0.011179142, -0.011981483, 0.005673949, 0.0026343972, 0.020647371, -0.16737646, -0.021600442, -0.020088961, -0.010594709, -0.010843559, -0.0028489174, -0.015111153, -0.013286761, 0.036623877, -0.02259367, -0.0016502974, 0.01726792, 0.0036628386, 0.010432938, 0.0019233592, 0.029317675, 0.007975161, 0.018915983, -0.003979888, -0.0029913338, -0.03463637, 0.0037591772, -0.014460773, 0.021212548, 0.0122904675, -0.023084443, 0.012418071, 0.00906686, 0.0008951862, 0.02325861, 0.016547011, 0.016531905, -0.011407923, 0.02043485, 0.018727416, 0.010181209, 0.007970956, -0.011779106, -0.019705052, 0.0025242062, -0.01678556, -0.001459324, -0.015070567, 0.005185333, -0.0037147182, 0.009217904, -0.0072823246, -0.010677723, -0.011689165, 0.010532166, 0.0044142017, -0.021394081, -0.0029318966, -0.0018004228, 0.0045150607, -0.007963457, 0.013861777, 0.012493194, -0.010217669, -0.0067098406, -0.015215672, -0.009134811, 0.016222911, 0.0021823503, -0.0024432682, 0.012717957, -0.0018828186, 0.14736342, -0.0068047545, 0.00096329226, -0.002961529, -0.03228078, 0.025944844, 0.0031152505, -0.0061015137, -0.018678635, -0.023604708, 0.003353981, 0.0070261196, 0.006660693, -0.022753753, 0.0027399976, -0.00699325, -0.00184973, -0.0022264493, -0.015153514, 0.012653038, -0.004863734, -0.006491264, 0.0021550264, -0.021712359, -0.016954016, -0.006057575, -0.0072488897, 0.005670731, 0.014650423, 0.017789561, 0.005001776, -0.0016552393, -0.0051338957, 0.009834761, -0.0025064384, -0.013771759, 0.004329313, 0.0048075393, 0.00014403483, -0.007234769, -0.014166212, -0.0147290025, -0.005363238, -0.02913147, 0.020975258, 0.019029386, -0.014634981, -0.0077868435, -0.00063090987, 0.006733412, -0.02697885, 0.004678035, -0.0008449406, -0.011604722, -0.00504869, -0.022601916, -0.013816632, -0.004205692, 0.011737789, -0.0050655534, 0.011151455, 0.024300149, -0.0105985245, -0.003958928, -0.01210485, -0.012070701, 0.0012044882, -0.014759475, -0.0065431916, -0.107877396, 0.0049926224, -0.020073539, 0.005644607, -0.01524535, -0.026693817, -0.0050141593, -0.006109271, 0.01011388, -0.011770945, 0.0065466957, -0.00010431628, 0.018729279, 0.008516706, -0.019756922, 0.021559663, 0.017790796, 0.003119423, -0.009240683, -0.02030801, 0.010711283, 0.013779949, 0.0069230297, -0.018030614, -4.363084e-05, 0.0030578803, 0.0025235438, -0.0093778325, -0.004348258, 0.0140838185, 0.010323073, -0.01437614, -0.018545158, 0.006540429, -0.012617173, 0.010995926, -0.019580433, 0.0028904567, -0.015728466, 0.009611913, 0.0034348553, -0.0155077, 0.004017269, -0.026031066, 0.007750771, -0.0010431665, -0.03122045, 0.009444836, -0.0015688218, -0.022671957, -0.009370096, 0.008352207, -0.0015970987, -0.003046058, 0.00981148, -0.0098707555, 0.0044729654, -0.0218282, 0.009611554, 0.0009650761, 0.013091763, -0.0005807627, 0.007660591, 0.0027533981, 0.022867948, -0.019198686, 0.0047541177, -0.0035124226, 0.0068343943, -0.034128286, -0.011133508, -0.022814663, -0.0024180056, -0.0057120277, 0.013801462, 0.0020146812, -0.008146423, -0.013735694, -0.0015303167, 0.0025726222, -0.011538487, 0.0053527793, 0.0044441423, 0.0020432894, 0.03482134, -0.023689585, -0.0010833279, -0.0029940875, -0.009284183, 0.007938597, 0.008115104, -0.0061121476, 0.0072024385, -0.010739391, 0.0028934996, 0.01568056, -0.01911821, 0.006684396, 0.012475166, -0.0016433739, 0.016860701, -0.018172866, -0.0036163707, -0.0040650293, 0.007947856, -0.022937365, -0.010069526, -0.019498084, 0.011957288, 0.005779713, -0.012838554, -0.008065227, -0.0118610095, 0.0002550628, -0.0021084042, 0.010364086, -0.006901327, 0.0073173516, -0.0028317624, -0.031026507, 0.0067246947, 0.012346543, -0.0020591326, -0.0013274761, -0.008230561, -0.002118845, -0.007823392, -0.010074913, 0.011442739, -0.0027240452, -0.01801707, 0.00014115387, -0.00088264415, 0.011391066, 0.017350147, -0.017943759, 0.015475259, 0.028293705, 0.022498107, -0.008470463, 1.2763744e-05, 0.027305596, 0.0006190229, -0.0004232573, -0.007581746, -0.024022914, -0.008579497, -0.025184492, -0.0023414507, 0.010101514, 0.0023717477, -0.00530248, 0.007478598, -0.009864408, -0.010107384, 0.0075630527, -0.006529852, -0.009793366, -0.005305001, -0.025112646, 0.005283845, -0.021932783, 0.0032985434, -0.00020393709, 0.009709257, -0.045688897, 0.014119967, -0.008122762, -0.026844576, -0.024824513, 0.008772862, -0.013571751, -0.018642854, -0.016678032, -0.009742962, 0.01329676, -0.02199296, 0.0063164034, 0.0105774235, -0.083398126, 0.019130368, 0.005074345, -0.0111515615, -0.010964293, -0.0088998, 0.0007838394, 0.008207256, -0.008806076, 0.004419191, 0.0081435945, -0.011063993, -0.011715167, -0.008401913, -0.009567046, 0.0114770895, -0.013572132, 0.0012058505, 0.023921553, -0.002205128, 0.013270806, 0.011284733, -0.016675634, -0.008216819, 0.020159217, 0.0031442759, 0.0033957188, 0.008961614, 0.014001287, 0.023895137, 0.0017356403, -0.005926464, -0.009544601, -0.0140195815, 0.013174876, -0.0071667177, -0.0021004463, -0.011452685, -0.00032811097, -0.06810553, 0.018278742, 0.0005284388, -0.069143966, -0.003703729, 0.017575024, 0.016971393, -0.01999241, 0.0019990238, -0.001182421, -0.025690041, 0.015842486, -0.0015305904, 0.007917682, 0.018296387, 0.016452974, -0.023364406, -0.0059582293, -0.004773243, 0.019288111, 0.002280596, -0.0064977054, -0.013486497, 0.0116447415, 0.013771265, -0.00058606546, 0.014057826, -0.0022590037, -0.019559164, -0.009354088, 0.011723929, 0.013237373, -0.023949211, 0.033342816, -0.02030816, -0.006891015, -0.00629366, 0.0055514886, 0.013553773, 0.007953561, 0.007157208, -0.006592229, 0.018299326, -0.0131256655, 0.062617, 0.012906094, -0.023513434, 0.0020310448, -0.08154091, -0.0014258085, 0.022912549, 0.0041194735, -0.017223712, 0.0028262779, 0.010990276, 0.043122582, -0.019170616, -0.00078127877, -0.012239198, -0.017500602, -0.008292601, -0.022673525, 0.00022768103, -0.015541148, -0.020991707, -0.0007115965, 0.016013417, 0.0067592566, 0.031683587, -0.010325995, -0.0082692355, 0.012739845, 0.0055799847, -0.0349675, -0.012925054, -0.0038608226, -0.021132367, -0.008102955, 0.02357282, -0.0071709133, -0.010424517, -0.0009362464, 0.021522086, 0.014232651, -0.009762843, -0.0018587703, -0.019210713, -0.0077835433, 0.0052180234, -0.0067222845, -0.010727594, 0.01740474, 0.015775723, -0.017590003, 0.008998396, 0.017414546, -0.0304785, 0.015976531, -0.0061303554, -0.036963884, -0.012663912, -0.0066381167, 0.018114831, -0.008083555, -0.01212848, 0.014300596, -0.0019570412, 0.017043298, -0.007838265, -0.015783465, -0.027631221, 0.0046835626, 0.0070225536, 0.001913255, -0.005375411, 0.014373943, 0.0055278223, 0.020300198, 0.01410294, -0.0012048766, 0.018056627, -0.0050116084, -0.0061271074, 0.0067903567, 0.0061126486, -0.014939269, -0.03082943, -0.008774617, -0.002321618, -0.0042601908, -0.0059737563, -0.001290401, 0.01445979, -0.009040679, 0.0016528155, -0.013492846, 0.018324308, -0.0038397345, -9.138995e-06, -0.017323969, -0.006881052, 0.005696564, 0.028878158, 0.0015309047, 0.010663883, -0.0028000206, -8.346155e-05, -0.015599241, -0.012327476, -0.0030840044, -0.026764933, -0.009593497, 0.0011184735, -0.015742363, 0.009641643, 0.009889306, -0.003496584, -0.008506894, 0.010589708, -0.0159885, 0.00924214, 0.019842258, -0.010862781, 0.012124019, -0.009237353, 0.006946325, 0.014526132, -0.010166367, -0.018666651, -0.0007000111, -0.030031422, -0.024992395, 0.011113436, 0.014081088, -0.020541616, 0.00057793094, -0.005144217, -0.008662634, -0.00044404992, 0.01664981, -0.02009994, 0.0011200971, 0.023544684, -0.005042896, -0.024036027, 0.008740233, 0.008155552, 0.0010761503, 0.012170276, -0.01098759, -0.013050044, 0.013306455, 0.02309577, -0.013357815, -0.011021801, 0.0064945905, -0.025999328, -0.014072489, -0.007856979, 0.0053231707, -0.00828961, 0.00057677575, -0.040096816, -0.018401098, -0.012035195, -0.013010543, -0.00041584866, 0.0036222343, 0.032915283, 0.013663377, -0.008654407, 0.003571264, 0.0026214933, 0.009560328, -0.016990315, -0.00284083, 0.014179597, -0.013875705, 0.017401014, -0.004855948, -0.011424885, 0.007331367, 0.0062580463, -0.0029375579, -0.008854226, 0.0088595655, 0.019284196, 0.00036460615, -0.00015913598, -0.023077097, -0.0030792423, 0.0010658286, 0.0074264775, -0.017277962, 0.020440063, 0.0073869675, 0.01073999, 0.010918102, 0.004803368, 0.005397496, -0.0014042053, 0.014252943, -0.008932051, -0.020340692, -0.028976627, -0.0012383568, -0.013521672, 0.011009312, 0.009889131, -0.008271189, -0.009059345, -0.025976269, -0.0073193396, 0.006592319, -0.016264819, 0.005667127, -0.021609291, 0.001583516, -0.021414688, -0.020477088, 0.00438748, -0.005780251, -0.007352087, -0.0034944164, 0.01986194, 0.0048103244, 0.0016706334, 0.014015492, 0.02006725, 0.00016878145, 0.005575791, 0.018190492, 0.010144292, -0.006668815, -0.009878616, 0.025027705, -0.0023268848, -0.0072475877, -0.009660892, -0.0033133803, 0.0020948753, -0.0047544506, -0.012927792, 0.016725972, -0.015776444, 0.013072077, 0.021933012, 0.019009024, 0.0036371746, -0.0072048404, -0.0010049423, -0.007572671, -0.013182045, -0.01876979, -0.024091132, 0.019515248, -0.00055587763, -0.010305264, -0.023984501, 0.018708685, -0.013309729, 0.013455676, 0.0036969748, -0.0015289944, 0.0009658853, 0.0037437873, 0.018091695, 0.003921099, -0.0071360613, -0.016724082, -0.023220338, 0.0240374, -0.02023587, -0.008563484, -0.001320389, 0.016193653, -0.013492537, -0.012940401, 0.008693883, -0.010217927, -0.011508934, -0.018917637, 0.0035784813, 0.025103183, -0.0050137383, 0.0090519255, -0.0106008, 0.016057938, 0.007041649, 0.006866629, 0.0073511875, -0.00022778299, 0.02260162, -0.0061626597, 0.012974152, -0.006664259, 0.021601338, -0.010138952, 0.011399803, 0.0010842341, 0.01714333, -0.016689206, -0.01933403, -0.0006174589, -0.0066268034, 0.0042971238, -0.006374885, 0.015082462, 0.014692027, -0.0037580898, -0.019072132, -0.007310562, 0.0075327046, 0.018184913, 0.010191747, -0.011905927, 0.017954068, 2.7751985e-05, 0.005438432, 0.0097355945, 0.010013827, 0.010272635, 0.008481772, -0.022140466, 0.014119034, 0.008791866, -0.016960835, 0.008476412, -0.02347929, 0.025501776, -0.0048654326, -0.007546146, -0.005734882, -0.0077698217, -0.005130513, -8.094358e-05, 0.0168991, 0.002945839, 0.013712218, -0.023652451, -0.0149441, -0.017728403, 0.021785967, -0.01648372, 0.00138423, -0.0072522187, -0.010900648, 0.0017977053, -0.0066688186, 0.0131173525, 0.02226586, -0.015071653, -0.0058680964, 0.0026600244, 0.0016105617, -0.017532699, 0.02289006, -0.011731227, -0.023824727, -0.007654267, -0.004964617, 0.008832516, 0.005810335, 0.021329524, 0.005256174, -0.01899102, 0.01870866, -0.00011998194, 0.00026592257, 0.0135416435, -0.0013031017, -0.015406776, -0.034898303, 0.005145323, -0.02165953, -0.014585653, 0.002745952, 0.008185441, 0.015725931, 0.008942972, -0.0006268465, -0.012305914, 0.01862726, 0.02861845, -0.00013329257, 0.015976105, -0.005980732, -0.0028296113, -0.007829642, 0.018426051, 0.019126605, -0.021460585, -0.0261367, 0.007426068, 0.013885293, 0.01535702, 0.0057940963, 0.0013935893, -0.017641777, 0.0016680504, 0.008843384, -0.0064484375, -0.020540254, -0.0027064357, -0.011095714, -0.020204639, -0.0047230935, 0.0113195265, 0.006199428, 0.00045275252, 0.0055772215, 0.0012212794, -0.00046659837, -0.009000402, 0.006615276, 0.003354816, 0.020964429, 0.0033601753, -0.0030168723, -0.0020377496, 0.0073617664, -0.002379391, -0.030381992, 0.012951373, -0.007382734, 0.01706547, 0.013955677, -0.020806113, -0.01595674, 0.01767858, 0.00971758, -0.007864091, -0.0034630073, 0.0060541704, -0.011061763, 0.0008738893, 0.003418003, 0.0103272535, 0.007612557, -0.010867788, 0.011561201, 0.0004087327, 0.018421225, -0.010543477, -0.015014388, 0.019199835, 0.020680213, 0.011940913, 0.0040370836, 0.0064341296, 0.019938102, -0.00068369677, -0.0052741324, -0.007858411, -0.0029120205, 0.010464708, 0.026184943, 0.0026408837, 0.025509577, -0.0057134526, -0.0075456817, 0.0030348797, 0.009423203, -0.0049027, -0.008072075, -0.004475497, 0.019514203, -0.009800761, -0.017322272, -0.005344191, -0.0027774968, -0.01182821, -0.035918612, -0.0024706735, -0.021123271, -0.0055573145, -0.02949402, 0.0013134665, -0.044680737, -0.0046539493, -0.03956286, 0.014852017, -0.013157111, 0.0030327945, -0.00014462437, -0.013478947, 0.021204285, -0.042998273, 0.014995255, -0.0034360678, 0.021276075, 0.018618297, 0.0035305012, 0.003981434, -0.005013443, -0.010854136, -0.00030401026, 0.0011088462, 0.0030183773, -0.0092070475, 0.015314704, -0.0030214256, -0.020070031, -0.012694835, -0.0040026745, 0.013498915, 0.012320976, 0.005398184, 0.012641571, 0.004629106, 0.0026859627, -0.009027471, 0.022036279, 0.0075282627, 0.011222713, 0.014295182, -0.015122973, -0.018667312, -0.004564689, -0.006036357, 0.016514916, -0.023221716, 0.01341308, -0.015961692, -0.009221773, 0.006120663, -0.03392962, 0.0004122807, -0.005037509, -0.0043408377, -0.009306328, -0.0049704267, -0.002848779, -0.013632666, -0.008194696, 0.00028652942, 0.011198219, 0.0032723946, 0.011080974, 0.0047593256, 0.004779519, -0.0064057284, 0.011188326, 0.025398497, -0.018015515, -0.009969512, -0.00120045, -0.004916767, 0.0004804194, 0.009144602, 0.01301165, 0.012574065, 0.027057674, 0.028663574, -0.03514061, 0.022177225, -0.01892592, 0.020618994, -0.0057202126, 0.0009962854, 0.0076449346, 0.0035551267, -0.011427323, -0.0073704445, 0.005865682, -0.030715281, 0.023264991, -0.009173405, 0.005891197, 0.0008954491, -0.030118674, 0.02267667, -0.011594514, 0.023974765, 0.017855644, 0.0037048983, -0.0018391534, -0.015021409, -0.0027607158, -0.008986165, 0.016201615, -0.015743664, -0.018071584, -0.01264497, 0.014649508, 0.0062425113, 0.029567618, 0.028897276, -0.0014213031, -0.017514192, -0.027067455, 0.0056504207, -0.011471687, 0.007228396, -0.006905424, 0.047903106, -0.00020159256, 0.00668286, 0.005479418, -0.014074174, 0.022998942, -0.014010563, 0.006249033, -0.032137502, 0.005707363, -0.009280091, 0.02750174, -0.01872219, 0.009687689, -0.025544157, 0.022351153, -0.038490377, -0.016952189, -0.019673279, 0.029738506, -0.0082637295, 0.014888774, -0.013593053, 0.014176077, 0.047537778, -0.004384749, -0.0063838735, 0.021576446, 0.0102851195, -0.009314609, -0.0064704795, 0.025263516, 0.012940443, 0.021026041, -0.01612912, -0.004281763, -0.022344226, -0.00833801, 0.017562356, 0.010650824, 0.01813151, -0.02702416, -0.023375496, -0.0050987806, 0.007158662, 0.002547735, 0.014156995, -0.0065247705, 0.011006084, 0.020812323, 0.015234979, 0.016976567, -0.00135863, 0.0064397003, -0.00063364505, 0.023143986, 0.014828104, -0.0043941583, -0.0016071502, 0.005416872, 0.0067488244, 0.01882091, -0.0032532928, 0.022622013, -0.022697754, -0.005951188, -0.033651892, -0.02029176, 0.0064414525, -0.007516396, -0.021778474, 0.034822553, 0.023154497, -0.014195787, -0.015126658, -0.0050577316, 0.0034006885, -0.01802821, -0.01055824, -0.0123235, -0.007597318, 0.022079648, -0.011084739, 0.03019493, -0.033786297, -0.0002833741, 0.014217595, 0.02840412, 0.032394703, -0.015542698, 0.009503144, -0.004118621, -0.007805738, -0.0084712505, 0.030322699, -0.008864128, -0.008241802, 0.006586035, -0.0042870375, 0.17278427, 0.13005076, 0.019657511, -0.021765351, 0.0038655063, 0.012656305, -0.0050662532, -0.0011044102, 0.010550185, 0.005022563, -0.020619813, -0.0064070374, 0.0031098651, -0.013015932, -0.0030085617, 0.0023782083, -0.0146028185, 0.014879166, -0.006021759, 0.01043171, -0.01629965, 0.016161023, -0.01377531, 0.008468486, -0.009082192, 0.020990483, -0.0034723063, 0.002467193, 0.0148279155, -0.0056349305, -0.015051482, -0.01879801, -0.00021250665, -0.010738422, -0.0025630228, 0.0035223442, -0.00839297, 0.026738463, -0.015312037, 0.022100497, 0.014440233, 0.0044525675, 0.02707786, -0.009447623, -0.009984882, 0.022741787, 0.017995423, 0.0052909246, -0.0014210944, 0.019596651, -0.0046961373, 0.0057230643, 0.014357672, 0.0044269213, -0.0072720726, -0.00082911015, -0.002474213, 0.00071543927, 0.011066755, 0.020051403, 0.0092918975, -0.011753628, -0.015776126, 0.023139702, -0.012280499, -0.008142728, -0.001214875, 0.015142353, -0.029078843, -0.024131538, 0.003542376, 0.0019598745, -0.00037678442, 2.3724011e-05, -0.021959526, 0.024603302, 0.016239837, -0.01693204, 0.005868958, -0.00472508, -0.00089804287, -0.0010712534, 0.009672955, 0.01616632, 0.008915772, -0.0025931401, 0.000103629034, 0.016989436, 0.11455182, 0.0032889822, -0.014961521, -0.033085372, -0.01065257, -0.0010370223, 0.011323295, 0.068248086, 0.012070766, -0.0032270723, 0.018862156, -0.038965724, 0.026969725, -0.015461045, 0.026676225, -0.0029381549, 0.0033129386, 0.049405348, 0.0069327457, -0.0062347343, -0.011629718, 0.004366525, 0.0066686855, -0.008247823, 0.007137936, -0.0026643458, 0.011717088, 0.003403299, 0.021394828, -0.014211873, -0.10077007, -0.011745794, -0.00086967833, -0.0119289225, -0.00937277, 0.013978566, -0.016376726, -0.013166318, -0.0015753836, -0.014167939, -0.002547649, -0.00952975, 0.011256476, -0.004956659, -0.0058843633, 0.015523441, 0.014124621, -0.016286753, -0.0084474245, -0.0147398105, 0.0016964016, 0.0077373195, 0.010794861, 0.0129609695, 0.0026688827, 0.021368513, -0.020323642, 0.029640684, -0.005200956, 0.00037163353, -0.005382617, 0.009496009, -0.014365547, 0.016386691, 0.010554882, 0.03468857, -0.0055493377, 0.012452469, 0.022353565, 0.017687649, -0.0054475986, -0.0026306491, -0.012427478, -0.016853126, 0.023538101, 0.0015578694, -0.023409404, -0.007070574, 0.0052409624, 0.006447818, 0.014875039, -0.010215017, 0.01668225, 0.004672132, 0.009243096, 0.013890294, 0.011686692, -0.019777432, -0.00078986527, 0.018203389, -0.004631677, 0.008551276, -0.005751815, -0.0024791237, -0.025087446, -0.0070250425, -0.006577951, -0.01064964, -0.0006546346, -0.0008786746, -0.010934882, 0.012937477, 0.02682204, 0.0031435492, 0.004905758, 0.0020502491, -0.024381991, -0.006749354, 0.002009022, -0.0018213928, 0.00027511106, -0.028606554, 0.007841945, 0.11075398, -0.002668643, 0.016591309, -0.014366639, 0.007949401, -0.0165171, -0.027905626, -0.03520296, -0.0014309471, 0.008242963, 0.022316262, 0.0065257526, -0.014087827, -0.013791259, 0.0116972, -0.0042400137, 0.006705439, 0.017192617, -0.009443153, -0.016293705, 0.001481813, -0.0056971605, 0.008233563, 0.014680893, -0.012661417, 0.0033296687, -0.013575643, -0.01906731, 0.011300188, 0.0055509643, -0.016577963, -0.01525718, 0.018555192, 0.0051198984, 0.014977835, -0.01453869, -0.004771894, -0.0080613885, 0.001193334, -0.005524504, -0.015738616, 0.0038525779, 0.039380815, 0.0050290227, -0.039632022, 0.1826156, -0.003362537, 0.0040644635, 0.0012750525, -0.012600984, 0.012622678, -0.011242922, 0.0020894366, -0.031037193, 0.008484878, 0.019866198, -0.00091970514, 0.0118593555, -0.0013479728, -0.00534286, -0.002442396, -0.011458514, 0.011999949, -0.029255675, 0.006426899, 0.01043992, 0.004069634, -0.025671173, 0.012253818, 0.009025682, -0.009887713, 0.020963397, 0.018759651, 0.008751962, 0.017441876, 0.0030397058, -0.008686769, 0.001962601, -0.0016781705, -0.0054952814, 0.0072625643, 0.014676973, 0.0033861517, -0.010842523, -0.026710935, -0.002673543, 0.02542167, -0.0040382575, -0.00096997205, 0.0007329412, -0.012662398, -0.009075615, -0.0020152528, 0.015535473, 0.0021855899, 0.00290757, 0.008354404, 0.006157086, 0.004200969, -0.0007692332, 0.0107897, -0.004620831, 0.014019807, 0.012740515, 0.0073368778, 0.0047500585, -0.0037387777, -0.017386554, 0.012446399, 0.0026280105, -0.001436464, -0.022040585]"
"La mitad de los miembros de bandas haitianas son ahora ninos, segun la ONU",https://oem.com.mx/elsoldemexico/img/25458173/1756442503/BASE_LANDSCAPE/1200/image.webp,no especificado,Unicef registra un alarmante aumento del 700% en reclutamiento forzado de menores en Haiti,https://oem.com.mx/elsoldemexico/mundo/la-mitad-de-los-miembros-de-bandas-haitianas-son-ahora-ninos-segun-la-onu-25458191,"[-0.021138834, -0.0060291328, 0.0022251545, -0.06828667, -0.0090339305, 0.055519465, -0.009353478, 0.0146025065, -0.025892518, 0.008860897, -0.014167942, 0.003320062, -0.001743451, -0.028093565, 0.12156115, 0.024183864, -0.02437572, -0.00012318326, 0.0075616925, 0.0064589195, -0.008518392, -0.020418545, 0.00763494, -0.022220055, 0.0034046127, -0.024383875, -0.040853426, 0.021907372, -0.0036496553, 3.3256954e-06, -0.0011997642, -0.009865499, 0.021192953, 0.012879679, -0.020883681, 0.008756936, 0.016743995, -0.022252465, 0.02698844, -0.008508637, 0.021085901, 0.0055684457, -0.019037377, 0.014936085, 0.008346308, 0.00260166, -0.014210663, -0.04113385, -0.007947812, 0.016199846, 0.0051407497, -0.007960281, -0.0032189414, -0.18073015, -0.025282856, -0.01634049, -0.008678497, 0.036512733, 0.0049669715, -0.01829424, 0.022004938, 0.0004692496, 0.007222318, -0.028922005, 0.014363274, -0.016337657, 0.0053943093, 0.026303723, -0.003891095, -0.030321287, 0.008841742, 0.043734238, -0.004655934, -0.0050805104, 0.0014944377, 0.023599664, -0.0013088104, -0.0042079375, -0.03408506, 0.0039391387, -0.023556259, -0.002170928, 0.003885719, -0.011565195, -0.018977448, -0.03806356, -0.015365014, -0.031419765, -0.014501377, 0.040130775, 0.034484304, -0.0019330344, 0.0007331553, -0.02500268, 0.01290621, 0.010377999, 0.04053207, 0.0072186803, -0.024433454, -0.01662385, -0.03702974, -0.017919866, -0.01062482, 0.024212437, 0.016728029, -0.01644014, 0.017675396, 0.014026688, -0.007999135, 0.030129619, 0.010574136, 0.020047499, 0.013472125, 0.007838719, 0.018321445, -0.10250072, -0.031950526, 0.023292135, -0.028930506, 0.0005265415, -0.030203363, 0.01974035, -0.0025446864, 0.030915909, -0.009737906, -0.0073181097, 0.0034643605, -0.020081306, -0.01939679, 0.00987186, 0.012115065, 0.0073241163, 0.015921136, -0.020915536, 0.01148492, 0.038965404, -0.02255147, -0.015712222, -0.0076838383, -0.025368009, 0.004186069, 0.00051359716, 0.013188893, -0.008863605, -0.021994442, 0.013222091, 0.01978828, 0.023568075, -0.010899916, -0.009494909, -0.007749912, -0.0015482197, -0.018435549, 0.026372774, -0.0028182704, -0.016285457, -0.027188255, 0.0069385166, -0.011597962, 0.0027029929, -0.018527122, 0.003995343, 0.005403577, 0.006321773, -0.0084300805, -0.0029661672, -0.013429972, 0.012629361, 0.012415053, -0.0014101964, 0.008553705, -0.012880156, -0.0047174077, -0.013132492, -0.024981815, 0.01137934, -0.030386673, 0.01764085, -0.0041264337, 0.008791472, 0.0033300011, 0.0005414495, -0.0124055045, 0.0051082163, 0.031068804, -0.06598138, 0.001321888, 0.0073376657, -0.01790001, -0.016245957, -0.022112615, 0.001803197, -0.0148240365, -0.033671454, -0.0073732003, -0.031365085, -0.005338563, -0.0084711155, 0.031174915, 0.018097237, 0.00966719, -0.025436815, 0.021689786, -0.0054801307, 0.005331637, -0.0123332795, -0.026181715, -0.0093700625, -0.0062124017, 0.00637967, -0.011375779, 0.037479695, -0.008182027, -0.0041980646, 0.0052550803, -0.02520497, -0.014678334, -0.004630433, -0.0006017691, 0.010019572, 0.008818779, -0.016013855, -0.019184021, 0.010654896, 0.0096064955, -0.035197284, -0.0002344097, -0.012182831, 0.019897247, 0.01042864, 0.0069357078, 0.009918144, 0.018288586, 0.02340611, -0.013285284, -0.02836783, -0.015489699, -0.013579341, 0.015827967, 0.04277802, -0.026717901, -0.028962402, -0.010422491, 0.0052666347, 0.000106564294, -0.020671891, 0.006296588, 0.016179815, -0.014489704, 0.00044118628, 0.024614198, 0.03280273, 0.023488034, 0.013296726, 0.006279125, 0.0046720724, -0.0080015585, 0.033098467, 0.005104932, -0.013531703, -0.02662464, 0.0028253421, -0.02778763, -0.004136839, 0.01700903, -0.0059904475, -0.011460516, 0.003956561, -0.016122045, -0.027556928, 0.015091808, 0.007905355, -0.0029041294, -0.0009223791, -0.030606678, -0.0063840654, -0.043923922, -0.00024077123, 0.0059143053, -0.0011234849, 0.0019275339, -0.010577302, 0.028839175, 0.034001485, -0.0004223674, -0.038141325, -0.01007162, -0.024137313, 0.0096074585, -0.009238672, 0.02712157, -0.013110416, 0.023534277, -0.0016322623, -0.011635796, 0.029532567, 0.000904584, 0.019253481, 0.009819812, -0.026824662, 0.0024096877, 0.018229656, -0.0049991636, 0.048746508, 0.0040322132, -0.04009134, -0.01940113, -0.011292484, -0.0037609255, 0.010710947, -0.012144515, 0.0049441764, -0.011517911, -0.015478376, -0.0153142605, -0.009362974, 0.0017607649, -0.03662069, 0.009698551, 0.007110113, -0.0016818971, 0.01321544, -0.0016106587, -0.009445018, 0.011721792, 0.021116676, -0.0040843734, 0.020771053, -0.0013448092, 0.010685264, 0.043109175, 0.022621213, 0.003511519, -0.0009173679, -0.01752733, 0.02166803, 0.023452288, 0.005690594, 0.012873599, -0.01841276, 0.0033929606, -0.050460372, -0.027906373, -0.017048549, 3.3338507e-05, 0.035898954, -0.0014546782, -0.00859084, 0.016991021, 0.021143239, 0.0020173634, -0.014315969, -0.0105339205, 0.002650728, 0.008531617, 0.028953372, -0.021076087, 0.014794819, -0.010955394, 0.016047481, -0.009232313, 0.007247436, -0.0047201524, 0.0069446997, -0.02027705, 0.007521933, -0.0076546394, -0.023061965, 0.0035567358, 0.008993004, -0.01812735, 0.021235203, -0.012256435, 0.011885692, -0.010977643, 0.010487024, 0.006947342, -0.0025800436, -0.016334727, 0.022617687, 0.025371235, -0.006597296, 0.008617887, 0.009479076, -0.01280553, 0.009729019, 0.0012820901, 0.019754892, 0.0049925, 0.0009043205, -0.026515095, 0.024003655, 0.0034677533, 0.009428076, 0.0023630208, 0.011576727, 0.0011709268, -0.0037533117, -0.00094944204, -0.014074631, 0.004226701, 0.0084150955, -0.0006488922, -0.009963726, 0.013638361, 0.02216043, -0.009516262, -0.010705453, 0.011792926, -0.0026813613, 0.028199047, -0.021231417, 0.01565793, 0.01058166, -0.018820668, -0.007753238, -0.009239084, -0.02341991, 0.003194653, 0.029690111, 0.015552889, -0.011861027, 0.027306197, -0.006084239, 0.022046896, -0.015222188, 0.0010505266, -0.0063563855, 0.03499074, 0.0046477783, -0.019747479, -0.03172249, -0.0061298353, 0.018236775, 0.014274747, -0.011336144, 0.0048077255, -0.007713637, -0.013335567, 0.0053599756, 0.0107855685, -0.014791769, 0.007944441, 0.004676534, 0.027799478, -0.007407739, 0.011511882, -0.016189577, -0.007897328, -0.0043762415, 0.017085627, 0.0016564061, -0.0014906506, -0.030813718, 0.007936068, -0.015465725, -0.01273468, -0.019683221, 0.010155359, 0.006711162, -0.034016464, -0.009668208, 0.026957223, 0.013550446, -0.008706085, 0.013332685, -0.011379712, -0.020655956, 0.035475794, 0.013493777, -0.01250861, -0.013025183, 0.00011405772, 0.022675287, -0.02314993, 0.004031879, -0.02531618, 0.028071547, 0.008550018, -0.015297872, 0.0024658234, -0.012063789, -0.008659749, 0.014151948, 0.017832903, -0.0039594155, 0.015419023, 0.02304604, -0.0052269283, 0.016115308, 0.011371354, 0.012481302, -0.0060304767, 0.00417425, -0.004937477, -0.02634277, -0.009485292, 0.00063982885, 0.016123509, -0.034207184, -0.021669999, -0.011278926, -0.007072008, -0.0046443124, -0.00038402792, -0.0097838575, 0.020543152, 0.0065354863, 0.007925506, -0.01729515, 0.002355216, 0.03755071, 0.029337063, -0.013919464, -0.027924247, 0.016509838, 0.019207932, 0.002299371, -0.0184374, -0.01919996, -0.025007932, 0.021542214, -0.0036354444, -0.004681236, 0.005805568, -0.015006069, -0.002280461, -0.010400451, 0.006984201, -0.015226513, -0.020433346, 0.021062486, -0.0009326151, 0.007792644, -0.033250615, -0.034106866, -0.00032067287, 0.023329444, -0.01816743, 0.009670454, -0.011426099, -0.014233634, -0.010506382, -0.018339131, 0.03158121, -0.07533034, -0.0098465495, -0.022456735, -0.012009434, -0.003368301, 0.008368486, 0.03026082, 0.004505144, 0.014134801, 0.02477045, 0.016470004, -0.025117064, 0.013126283, 0.02573316, -0.03487544, -0.023675257, 0.0074266205, -0.018082209, 0.021641629, -0.005856162, 0.005398119, 0.0022353434, -0.0039280127, 0.027513832, -0.0029724152, 0.0058982605, 0.028676504, 0.01679521, -0.003595552, 0.0280113, 0.024780914, 0.030452292, 0.0009751553, -0.011760477, 0.014419588, -0.019049823, 0.000791001, -0.014056295, 0.00029561037, 0.013922569, 0.0079390425, 0.008784058, -0.01205918, -0.028212074, 0.007245267, 0.0117143905, 0.025545862, 0.031153224, -0.0008139941, -0.013370169, -0.013055407, -0.020473167, 0.0009674345, -0.013035457, 0.004467045, -0.0036303552, -0.031833194, -0.0053060628, -0.033266317, 0.0032794892, -0.0014962734, -0.006553382, 0.0073953527, 0.046934143, -7.6032935e-05, -0.01686806, -0.012947938, 0.010587356, 0.017603748, 0.0038658644, 0.013771036, 0.0008099127, -0.014110788, 0.023485914, 0.008512825, 0.0067950008, -0.00081644545, -0.00021475031, -0.02032004, 0.008239867, 0.017307518, 0.0030652513, -0.08733689, -0.0010331899, -0.013547475, -0.0015525251, 0.015395805, 0.02062941, -0.013747718, -0.038575243, -0.00767166, 0.0145147275, 0.0141861, 0.01337837, 0.004493775, -0.010598054, -0.00012964707, 0.036485568, -0.014116007, 0.0022682159, -0.010899724, -0.03377663, 0.008434373, -0.006321183, -0.012037329, -0.002774814, -0.0028058207, -0.0035421045, -0.0058909683, -0.007673736, 0.024433285, -0.050323762, -0.010440604, -0.11807501, -0.020314034, 0.03182814, -0.01587814, 0.030892938, 0.012087547, -0.010587633, 0.010819294, -0.004677991, 0.011669974, -0.0018752868, -0.025607247, -0.038133755, -0.0117320055, 0.014830548, 0.10921923, 0.0055044745, -0.0076311, -0.00052017503, -0.01379634, 0.023833072, -0.009996069, -0.009054816, -0.0231907, 0.0095264, 0.0129318405, 0.02902099, 0.017014442, 0.00428999, 0.012210071, 0.03949248, 0.037990503, 0.020489438, -0.025110802, 0.003462124, 0.01037326, 0.008241021, 0.03783872, 0.01367689, 0.031047726, 0.025471611, 0.007237305, 0.02475484, 0.013814623, -0.015672704, -0.03138379, 0.015760647, 0.009298502, -0.0012145235, 0.0077597788, -0.0028209717, -0.08754777, -0.0014699495, 0.025495885, -0.0018983614, -0.00059026404, 0.005950606, 0.005289633, -0.0051291636, 0.017976316, 0.022778481, 0.0012456138, 0.00302346, -0.0017060285, -0.031822544, -0.016014045, 0.024390018, -0.005449111, -0.023633422, -0.030545024, 0.01217593, 0.019635297, -0.027648408, -0.02684186, 0.0056215613, -0.014734412, -0.006588138, 0.046475958, 0.020956442, 0.016427133, 0.0012157838, -0.019056167, 0.017283317, 0.002825348, 0.036294304, 0.010157208, -0.0033380582, -0.06718349, 2.4766015e-05, 0.019312954, 0.0109583, 0.0060262415, 0.011415586, -0.022257732, 0.013300786, -0.0053769713, -0.00092791487, -0.0026981272, 0.004145985, -0.012477109, 0.015404966, -0.0019621735, -0.022449275, 0.02110219, -0.005063681, 0.0096127, 0.014657279, -0.016378911, 0.012281272, -0.0029761388, 0.02550418, 0.007339773, 0.00025110785, 0.0019339102, 0.009339408, 0.011164762, -0.005296973, 0.015913103, 0.0061346563, -0.009512868, -9.761988e-05, -0.011687315, -0.021937124, 0.008969235, 0.014553637, -0.013608101, 0.0054292656, 0.009717241, -0.0012724802, -0.05204818, 0.027123991, -0.0088618705, 0.010954484, -0.007908374, 0.0017055887, 0.022388251, 0.01210559, -0.010718945, -0.0024218843, 0.0011038766, 0.0152108325, -0.0009811127, 0.0046473756, -0.010870929, 0.0021672528, -0.009275501, -0.00432061, 0.0022267157, 0.0030997805, -0.007843431, 0.0012599095, -0.0067181233, -0.007624181, 0.0074872533, -0.0046660863, 0.012660034, 0.017575495, 0.007993239, 0.013050821, -0.011126503, 0.0019009215, -0.007616846, 0.005597332, -4.4242588e-05, 0.0065051415, 0.006574882, 0.012597951, -0.0024115455, 0.0068781185, 0.0049184477, -7.355132e-05, 0.010991228, 0.0007866039, -0.004597057, 0.0003143307, 0.0011274468, -0.012470148, 0.007858877, -0.022672867, 0.008720985, 0.011643839, -0.0060508987, 0.020773858, -0.005679985, 0.0121370675, 0.02567155, -0.006938812, -0.000199937, -0.00021028813, -0.00091896777, 0.0028765341, -0.022443948, 0.035312545, -0.008502568, 0.0006414535, -0.0033258707, 0.01828374, -0.021468528, 0.00094427454, -0.0062073604, 0.0061513204, 0.00047370244, -0.01147798, 0.010761523, -0.009735029, 0.010417877, -0.0084561715, -0.0032196844, 0.024772547, -0.006568905, 0.024935327, 0.0008204964, 0.023241833, 0.0017748323, -0.012428116, -0.009592597, 0.0030207203, 0.007332932, -0.0013596226, 0.01819208, -0.017293908, 0.004977492, -0.002302413, 0.0069246874, 7.630189e-05, 0.0142742265, 0.014679972, -0.0052112928, -0.008098052, -0.0036746082, -0.0063540647, -0.011576192, 0.008578422, 0.0083711995, 0.0010704522, 0.008174306, 0.008938076, 0.007111612, 0.006000213, 0.012839996, -0.003913286, 0.02018541, -0.007883663, 0.0043274346, 0.00409399, -0.008056424, -0.0035518324, -0.0054954956, -0.014246211, 0.010565867, -0.004149955, -0.017099975, -0.025333172, 0.017754795, -0.009373596, -0.011186084, 0.0014476245, 0.029278912, -0.0048255455, -0.0127991745, -0.010364791, -0.016982026, 0.008129172, -0.0057919803, 0.005458112, 0.0056923353, 0.015630908, -0.0041451077, 0.015820209, 0.0024811723, -0.008020234, 0.008768155, 0.009070961, -0.00842608, -0.021073598, -0.0016544373, -0.024098203, -0.003999877, 0.0015436582, -0.0066664573, -0.013133819, -0.0057591754, -0.0133095365, 0.0025035, -0.005035184, 0.0129650375, -0.0044181664, 0.003262822, -0.0011988508, -0.010733371, -0.013308693, 0.0032986838, 0.0031149115, 0.0010809791, -0.0015674427, 0.00040982, 0.011043013, -0.019094314, -0.00016589076, -0.001159223, 0.02181427, -3.0980922e-05, 0.0064975293, -0.0066797477, -0.0060398146, -0.021473037, 0.008690237, 0.019666357, 0.009913031, 0.00942923, 0.08309688, -0.0018855693, -0.005796551, 0.0009649473, -0.010700366, -5.366103e-05, 0.0034674103, -0.013548275, 0.00853882, 0.0008058975, -0.015939692, 0.012690593, 0.0051646866, -0.0023769913, 0.0027301703, 0.0017588182, -0.016007204, 0.0033858556, 0.005729559, 0.017318374, 0.0086802, -0.011955434, 0.011655202, -0.02582763, -0.0025175249, -0.001028103, -0.0065775174, -0.016076738, -0.0048149927, 0.008299963, -0.001665782, 0.008060467, 2.7679695e-05, -0.0010825265, -0.030567285, 0.028266933, -0.0011643389, 0.014716489, 0.004480618, -0.0054590832, -0.0150876045, -0.019445892, 0.010172327, 0.003186311, 0.013397274, -0.009395315, -0.02121675, -0.011667328, 0.005754099, 0.0088102305, -0.0053672898, -0.010469828, 0.0014657631, -0.0023228778, -0.0033151603, -0.004942124, 0.0024454396, -0.0014966264, -0.0011939385, -0.015928958, 0.006061658, 0.00455294, -0.0068604676, -0.005052104, -0.0033712855, -0.013201067, -0.0014881693, 0.0042352267, -0.004938187, -0.008639432, -0.011398046, -0.009164628, -0.002767112, -0.006223071, 0.010967891, 0.026833799, 0.0039745714, -0.006796718, 0.00055581506, -0.011671877, -0.008896503, -0.0011608128, 0.00091567094, -0.0032187076, -0.006716514, 0.011208631, 0.0011535361, -0.010456334, 0.0062546586, 0.00081604044, 0.015943633, -0.004611029, -0.0012604705, 0.0115121575, -0.010404965, -0.004360592, 0.05299884, 0.019317051, -0.021898264, -0.011126615, -0.013064549, -0.0007598944, 0.0025224925, -0.016008917, 0.0048898025, -0.0015235419, 0.035150256, -0.003348155, -0.0015969734, -0.0017471518, -0.009420943, 0.004580353, -0.0016163345, -0.014115707, 0.0067784963, -0.0067033996, 0.021324126, 0.0034580554, -0.0064081387, 0.010366117, -0.014353129, 0.0005396648, 0.017319158, -0.013252869, -0.010295739, -0.002114796, -0.005658822, 0.021895595, 0.0071137366, 0.0069102533, 0.015697313, -0.006627017, -0.015334379, -0.016019117, 0.002568603, 0.0070317835, 0.0019154397, -0.0036769577, 0.00035189098, 9.8477896e-05, -0.0034763436, -0.0056331204, -0.007848721, 0.018179815, -0.0036949844, -0.012621502, 0.007276839, 0.018760232, 0.014882874, 0.008863939, 0.0016824562, 0.0047365376, 0.0110675255, -0.002954569, -0.022876393, 0.01532394, 0.008700291, 0.0025591778, -0.010125704, 0.025987431, -0.006447375, 0.0012840453, -0.00016411203, 0.0143659, 0.015375282, 0.02402389, 0.004692566, 0.006685109, 0.0016232703, -0.012198614, -0.023552207, 0.008374333, -0.015251127, 0.013165611, -0.017712831, 0.0040840805, -0.010922997, -0.0135748405, 0.004416284, 0.009223716, -0.00121884, 0.0018767372, -0.0043962677, -0.005900207, 0.0048817396, -0.008624833, 0.005349859, 0.0003774112, 0.015875278, -0.0214509, 0.011945848, 0.018019168, -0.011838752, 0.0050602327, 0.010655424, -0.013912537, -0.0023390402, 0.004026925, -0.0120538855, 0.01698937, -0.0044755493, 0.0016547132, 0.0065211453, -0.006553035, -0.0007561808, -0.0058980724, -9.1454414e-05, 0.0013198996, 0.0127727445, -0.010881578, -0.0017480843, -0.016622545, 0.0072232443, -0.002328392, -0.015185962, 0.004833074, -0.008693023, -0.002452147, 0.008067603, -0.027568702, 0.014401436, 0.0038545174, -0.012888089, -0.028757066, -0.0072750975, 0.008750063, 0.012258874, -0.000904721, 0.0016812931, -0.01817603, -0.0014887351, 0.0064339973, -0.010931183, 0.010193576, 0.017092986, 0.013997104, 0.0055190716, -0.0062654708, -0.0027586357, 0.0026094308, 0.012792356, -0.017020354, 0.0018220289, 0.014042977, -0.00059680786, -0.0071797483, -0.0019592764, 5.63385e-05, -0.01814525, -0.0028042325, 0.009047796, -0.010206504, -0.00035350065, -0.016501693, 0.010819256, -0.0151894055, -0.0026055893, -0.017293122, -0.0021226024, 0.020375697, 0.033255313, 0.0033564689, 0.020672424, 0.006479667, 0.01070942, 0.0071725626, 0.01182777, 0.01254738, 0.008709464, 0.014140323, 0.016899131, -0.008156102, -0.0131499525, -0.014227945, -0.00013501092, -0.006408391, -0.012223023, -0.0055089328, 0.010084254, -0.012791363, 0.008244043, -0.0012206644, -0.0018509888, -0.005868253, -0.0077067306, -0.0008329951, 0.017967116, 0.0008738814, -0.008563866, 0.021945965, -0.0008864451, -0.0060560224, -0.027331928, 0.011967086, 0.009910865, -0.0084242355, -0.011889741, -0.008903334, -0.006688579, -0.007869136, 0.008078392, 0.0017886853, -0.01936501, 0.010439752, -0.018517787, 0.01848145, 0.0023549634, 0.0009596019, 0.008703266, -0.014839337, -0.00053120195, -0.0053901356, -0.014615783, 0.012860968, -0.0035511293, -0.0041579856, 0.005297755, -0.016322669, 0.016886983, -0.007194235, -0.01115935, -0.013187323, -0.0054421593, 0.020982848, -0.0010492533, -0.007386395, -0.0016912393, 0.000629455, -0.005434656, 0.017015466, -0.006557163, -0.021583226, -0.0160033, 0.01960283, 0.007176642, 0.009874836, -0.003685925, -0.008845201, -0.009179326, -0.010663364, 0.0114947595, -0.000116863856, -0.0027924147, -0.015312587, -0.030403744, -0.016814351, -0.0020440747, 0.01370326, 0.010352967, -0.005986991, -0.022619074, -0.009241848, 0.018752487, -0.005922244, -0.011534938, 0.010101362, -0.021193555, -0.0015218093, 0.016459903, -0.0041283485, 0.013509026, 0.006552931, 0.010411124, 0.007780288, 0.016774097, 0.0011427125, 0.00068004284, -0.004469565, -0.0020739126, 0.008244246, 0.015921842, 0.014411138, -0.011752675, -0.009562353, -0.019911958, -0.007030764, 0.0022895755, -0.009118631, 0.0052740043, 0.008788826, -0.0012403916, 0.0044450685, 0.005160459, 0.015086923, 0.0094512515, 0.003936278, 0.00564808, -0.023390073, -0.0050915116, 0.02840699, -0.0056433487, -0.009841379, 0.01886728, 0.00021597685, -0.0010808627, 0.008589084, -0.0043542306, -0.0037786716, -0.008859791, 0.0036436042, 0.004728945, 0.003884111, 0.013560293, 0.008694, 0.028445426, 0.0055934526, 0.0071709873, 0.010618442, 0.018321674, 0.02182408, 0.019047322, 0.0035531712, 0.0069378098, -0.0077479403, 0.004922344, -0.014543589, 0.015076516, 0.027467532, -0.0069060544, 0.023001298, -0.0077638393, 0.0044068866, -0.0066794804, -0.011973573, 0.013027393, 0.015008113, 0.012214491, -0.0058057215, 0.003462779, 0.017546305, 0.013973369, -0.020604702, -0.02279404, -0.004151043, -0.005260128, 0.007345867, -0.0022430096, 0.007209985, 0.017824028, -0.0069844048, 0.0007314994, 0.010520177, -0.016251575, -0.0029288756, 0.0005279146, -0.0024279281, 0.0029226562, 0.0154271675, 0.0015032734, 0.005091201, 0.005758744, -4.7353526e-05, 0.009535561, 0.007092794, 0.0050304537, -0.0037586542, 0.005371103, -0.015009531, 0.016061213, -0.0016009252, -0.0025433192, -0.006363348, -0.08361014, 0.0034632753, 0.013557859, 0.016181508, 0.018915374, -0.025056524, 0.0041741184, -0.021668468, 0.00045092922, 0.024694024, 0.012642796, -0.0022077106, 0.009009256, 0.0005061374, 0.0017941634, 0.017235443, 0.0070428774, 0.0049437443, 1.9689462e-05, -0.017299522, -0.0036623082, 0.009145478, -0.012352165, 0.0022103766, -0.003339548, 0.012242298, 0.004071242, 0.0032622693, 0.016075388, -0.005400312, -0.0066334307, 0.0030943041, 0.01318353, 0.0018508808, 0.011565385, -0.01527048, -0.00136347, 0.021833003, -0.13637885, 0.008893973, 0.017259577, 0.006411844, 0.011188788, -0.006657167, 0.008696732, 0.0119004855, -0.010531949, -0.01602055, -0.0061426894, -0.0042355526, -0.008803659, 0.005319289, 0.009116577, -0.009335459, -0.005579547, -0.023077462, -0.005496874, 0.012480321, -0.014893569, -0.014247568, 0.00096055167, 0.008593763, -0.006547907, -0.011298895, 0.016650934, -0.0062172916, -0.011543343, 0.010869063, -0.00044812853, -0.01138641, -0.007094637, 0.0049202517, 0.0038482859, -0.020222086, 0.014872177, 0.010850328, -0.014789235, 0.01831255, 0.003685411, -0.003350036, 0.022861596, 0.014653758, -0.005601265, 0.007661278, 0.0032578097, 0.008569987, 0.0005226996, 0.0061227307, -9.7357544e-05, 0.0020244843, -0.0019800796, 0.00060445763, 0.008661817, -0.004502476, 0.00846449, 0.0070110443, 0.0057328246, 0.012395856, -0.0027259605, -0.0028269233, 0.009707624, 0.013206537, 0.007988919, 0.0040445835, 0.016961068, 0.020876104, -0.009337114, 0.012457026, 0.026240446, 0.0027959766, -0.011280904, -0.013931001, 0.026283255, 0.010150763, 0.030210134, 0.034189936, 0.0045992862, -0.002668015, 0.00753539, 0.010398405, -0.019331332, 0.012641077, 0.017039398, -0.019401064, 0.019582044, -0.021872438, 0.017911186, -0.04285156, 0.013730742, -0.051729925, -0.018949142, -0.005168136, -0.016760532, -0.015725672, 0.009671729, -0.0017712289, 0.0063523273, 0.014884261, 0.00395726, 0.01090255, 0.0015036893, -0.012842253, -0.006418247, 0.00055615464, 0.014022306, -0.034177728, 0.016107136, -0.0027571046, -0.0244158, -0.0016115863, 0.00013539763, -0.007363638, 0.03822001, 0.0017542233, -0.00830879, -0.0019881362, -0.007307942, -0.0068619647, -0.001031159, -0.017812846, 0.0054015946, -0.005361509, -0.014963195, 0.016558496, 0.006187558, -0.026195174, -0.020880144, -0.014840893, 0.0007841223, -0.010683775, -0.010247891, -0.0025228248, 0.030062702, -0.010191601, 0.025911076, -0.008235927, 0.004486641, 0.0020808447, -0.011051936, 0.0015087824, -0.0023819958, 0.012195547, -0.005064518, -0.0013391546, -0.011754179, -0.0066430117, -0.0021538623, 0.0015712098, -0.0038961233, 0.009444724, -0.020711657, 0.011531906, 0.00034035317, -0.0038905381, -0.0054345797, -0.015111436, 0.003666389, -0.023361206, 0.011390218, 0.010522377, -0.008602881, -0.009064793, -0.024192993, 0.034440238, -0.0040419577, -0.005461425, -0.011262009, 0.017781168, -0.0030191925, 0.013269114, -0.000118831, 0.031188376, -0.021175558, -0.004169765, 0.011440281, -0.007515917, -0.012435395, -0.009632618, -0.008240049, 0.01124874, -0.015639963, 0.011202081, 0.01902367, -0.013738137, -0.00016076493, -0.006167675, 0.00630861, 0.016028663, -0.00065509946, 0.005397936, 0.0018763792, -0.0071076476, 0.0031571276, -0.009621801, -0.004127198, -0.017826714, 0.0020802934, -0.014734838, 0.012922045, 0.015687896, -0.0037603858, -0.1823418, -0.0068264855, 0.0135135725, 0.005508105, 0.03011419, -0.007048968, -0.008250786, -0.029242104, 0.029247345, 0.006262841, 0.001480089, 0.012455712, 0.019667858, -0.024111094, -0.0052725114, 0.007094691, 0.012952397, -0.0016233773, -0.007786133, 0.01742976, -0.061539657, -0.01247536, -0.01010621, 0.008297747, -0.012674254, -0.017240196, -0.0049716607, 0.013284444, -0.0044079535, -0.0054505556, 0.0053822324, 0.0018023709, 0.0030700362, 0.0023770535, 0.0040934114, 0.0038077668, 0.0054677567, -0.011927184, -0.0029824923, 0.00456845, 0.0047481526, 0.011381662, 0.019458668, 0.0022169792, -0.009242992, -0.013001706, 0.0006514326, 0.005203457, -0.022138804, -0.0062520066, -0.0026380855, -0.0013973914, 0.0011463634, -0.020798584, -0.0058447313, 0.003729623, 0.015265306, -0.00089835434, 0.042767543, 0.007425589, -0.0056355526, 0.0010021513, -0.0015616571, 0.0032608984, 0.01450243, -0.0021152548, -0.015368275, 0.13376206, -0.032772318, 0.008727976, 0.013283743, -0.016094133, 0.011480985, 0.0076166503, -0.005586621, -0.010081445, -0.006355923, 0.0010881001, 0.029316233, 0.014049243, -0.022360954, 0.0011808067, 0.0035557856, 0.001093737, 0.0054391106, -0.023077225, 0.013326561, -0.015519057, -0.0056510335, -0.014038602, -0.013002948, 0.0131759895, -0.019579226, -0.0330914, 0.03761158, 0.0016528498, 0.021452451, 0.048510764, 0.007493298, -0.003947141, -0.005436088, 0.009807397, -0.0039494936, -0.015596036, -0.00096651155, -0.016121436, -0.009118424, 0.0071047996, -0.008288665, -0.009905428, -0.0064072763, 0.008018685, 0.008688321, 0.0007359216, 0.019113457, 0.015502651, 0.00633442, -0.042912155, 0.0066472506, 0.0001800801, 0.0078050382, -0.0075374697, -0.02629671, -0.009737941, 0.008616029, 0.014893326, -0.0031838808, -0.0031595763, 0.04426138, -0.03160518, 0.0050423276, 0.0073974486, 0.019643, -0.021531485, -0.017605422, 0.0080736345, -0.08569181, 0.0077795167, -0.011159918, -0.010711517, -0.016621111, -0.014968985, -0.004940018, 0.01094192, -0.0046902625, -0.0044613555, -0.0055395933, 0.0035425825, 0.019449737, 0.021385487, 0.015456353, -0.005964052, -0.00066708785, 0.008971722, 0.008759173, -0.008603311, 0.019735008, 0.004605279, -0.010478176, -0.014502634, 0.012680869, 0.004095306, -0.0019602296, 0.007108343, -0.0013143013, 0.009013074, -0.011732205, -0.008569313, -0.012521717, 0.009246172, 0.0062273527, 0.0014129587, 0.0077828257, 0.0002294808, 0.01450402, 0.003539566, 0.0045379368, 0.011174445, 0.0035089413, -0.02397057, -0.009235628, 0.000120917844, -0.008596, -0.006933906, 0.0041563674, -0.00042218185, -0.008781699, -0.013193561, 0.003384512, -0.00981567, -0.0021884951, 0.0069095506, -0.003775064, -0.0051382394, 0.009349506, -0.0007570437, -0.0029180385, -0.015178176, -0.0035194338, 0.0080069, -0.018807843, -0.0017605484, 0.005754794, -0.001052771, 0.016815165, 0.008989919, -0.02433079, 0.0051701353, 0.0020573162, 0.02436193, 0.0052246633, 0.009356851, 0.009527584, 0.01610151, -0.01694414, 0.0036919317, -0.0049172966, 0.0030817816, 0.008718427, 0.006292946, 0.027996117, -0.0007968834, 0.013798296, 0.0071335956, 0.011639644, -0.026199162, 0.018211652, -0.0010540463, -0.0020506948, -0.009136603, 0.052885648, -0.00045889974, -0.018435176, -0.0076819183, 0.023826122, -0.019414889, 0.0132999215, 0.015686337, -0.018051319, 0.0042095557, 0.0013746853, -0.007833781, -0.013982142, -0.006403976, 0.00074924214, 0.021613996, -0.0047645434, 0.01077764, -0.0049698497, 0.0043766676, 0.0034743585, -0.016075807, 0.0029678938, 0.0007056213, -0.015195884, 0.010178853, -0.006693513, 0.0020579312, -0.008673308, -0.003937596, 0.006238337, -0.007904758, -0.016937664, -0.009247737, 0.017806586, 0.005548628, -0.0032251559, -0.00037196715, 0.013406504, 0.0005781725, 0.002678971, -0.0025160864, 0.0071850494, 0.008829882, 0.02012774, 0.035089564, -0.030161278, 0.019877732, -0.0020855619, -0.008393052, 0.011627941, -0.00025845482, -0.0007344944, -0.017899202, -0.02489743, -0.011979071, 0.004558557, -0.0059139146, 0.0015558912, -0.02602409, 0.0031291894, 0.001965338, -0.01049806, -0.0005678033, 0.010717413, -0.0020262136, -0.0063319798, -0.006775814, 0.016126767, 0.0093801, 0.017825438, 0.0032897189, -0.0011198261, 0.007744229, -0.022296082, -0.020590372, 0.0016873889, 0.018594597, 0.014337525, 0.020661874, -0.003996095, 0.018039724, 0.0016326284, 0.015695116, -0.009313119, -0.070576735, 0.014577044, 0.005395194, -0.010565226, 0.017930463, 0.015711974, 0.005418787, -0.008060401, -0.0064893262, -0.021275753, 0.023418732, -0.010339382, 0.010898331, -0.020676496, 0.0015894758, 0.007883834, -0.026643423, 0.029046642, 0.008729608, -0.0024676786, 0.0207927, 0.0041909833, 0.024302693, -0.011814534, -0.0026038017, -0.015771408, 0.012930257, 0.0010800089, 0.0044206697, -0.023314187, 0.0036475337, -0.00088796776, -0.007844792, -0.0010662436, -0.0004426396, 0.012368231, -0.0043526604, 0.016980441, -0.008949295, -0.041348506, -0.022635125, 0.0108108185, -0.038312014, 0.0123953335, 0.018451009, 0.0047429786, -0.009167091, 0.008775122, 0.021130586, 0.004306762, -0.0008945662, -0.003917337, -0.0029071067, 0.008414721, 0.02124598, 0.018356852, 0.0067738565, 0.020331973, -0.006052317, -0.00779357, -0.0047106827, -0.013252397, 0.0047577918, -0.001596555, 0.018200355, 0.019651487, 0.011944354, 0.02172812, 0.0003884957, 0.012616789, 0.009477504, -0.00041141166, 0.032095637, 0.0041195494, -0.006232545, 0.019053241, 0.0073794764, -0.018538289, 0.021659613, -0.00024278663, -0.001334291, 0.03713779, -0.0013132252, 0.060601432, -0.010262841, -0.009513935, -0.0048507005, -0.09193512, 0.0071377032, 0.019296404, 0.007638027, -0.011380652, 0.0045718835, -0.0050593615, 0.027717397, -0.007239671, -0.004182303, -0.02274553, -0.007425888, 0.012619472, -0.0013006314, -0.00010925047, 0.0041572438, -0.012241953, 0.0022839322, 0.010591543, 0.005708791, 0.020517072, 0.010227339, 0.0019398112, 0.013731642, 0.027819943, -0.053720195, -0.009552892, 0.005263987, 0.007460472, -0.004761667, 0.0024691743, -0.018213717, 0.0017144603, -0.017701428, 0.00389905, -0.0065643145, -0.016154412, -0.010761001, -0.013929062, 0.0122457305, 0.022920981, -0.015243669, 0.027985513, 0.021647505, -0.0015712834, 0.006884373, 0.010205503, 0.013205085, -0.0020143439, -0.011761701, 0.0071540982, -0.048752602, -0.0043283664, 0.017454652, -0.008887446, 0.020511465, -0.0040971343, -0.025957042, -0.0059212684, 0.0058170436, -0.003098846, 0.006661404, -0.01520945, 0.011673799, 0.003511888, -0.0013504844, -0.011326082, 0.013830338, -0.04745194, -0.007187121, 0.008197664, 0.0039891866, 0.024333837, -7.99781e-05, -0.016450983, -0.007146113, 0.012510423, -0.003442753, -0.012301833, -0.01132223, 0.032159865, 0.0057750237, -0.0057311193, 0.0124988435, -0.018995399, 0.0040919227, 0.015260714, -0.009973524, 0.0006571782, -0.027022319, -0.013671065, -0.004605621, -0.016084572, 0.0075216666, 0.013293387, 0.0011861267, -0.00050003105, -0.009875927, 0.007929718, -0.005648834, -0.023316506, -0.006273047, 0.0014474873, -0.010466585, 0.018193044, 0.017003637, -0.0071472973, 0.016792215, -0.0017087862, 0.010421798, 0.013374291, 0.008009089, 0.016085258, 0.013334815, -0.012079522, -0.018507712, -0.016917685, 0.00089336664, 0.0060027475, 0.0028399285, -0.00051425677, -0.022779593, -0.0055555394, -0.010180166, -0.0093130255, -0.0051375716, -0.01061655, -0.003602823, 0.030427124, 0.0024962653, -0.012258511, -0.0035146037, -0.026965756, 0.013897929, 0.013248208, -0.0014673456, -0.013904417, 0.007635653, -0.013532323, 0.0019186893, -0.0031404241, 0.0007278638, -0.0022431645, -0.012488667, 0.0010001638, -0.007146436, 0.016182497, -0.00026684772, -0.0076595624, -0.0124796415, 0.0026587052, 0.004002893, 0.02450513, 0.00040524857, -0.018239198, -0.013432849, 0.012741742, -0.017824685, 0.021837257, 0.0031180077, -0.006499222, -0.0037689987, -0.02753414, 0.023444016, -0.01089349, 0.0062232926, -0.002844282, 0.0021826103, 0.017312434, 0.01039104, -0.00035404536, -0.012960223, 0.0050299405, -0.009620847, 0.017283428, -0.01199093, -0.008593146, 0.017266598, -0.012137579, -0.010295541, 0.005570236, -0.0063216584, -0.0001898375, 0.007847792, 0.017392077, -0.0055074394, 0.006237138, -0.008735529, -0.007915904, 0.023514695, -0.008581679, -0.005452201, -0.010358939, -0.0035224806, -0.031856786, -0.01746335, -0.009741342, -0.0053727436, -0.0035379995, 0.02810818, 0.025870148, -0.016988555, -0.018662587, -0.03423835, -0.012571483, -0.006927347, 0.007300274, -0.0051135337, -0.0476397, 0.0070418282, -0.010428034, 0.0036088552, 0.021524288, 0.016008733, 0.010579246, -0.022688288, 0.02178903, 0.014511663, 0.008319697, -0.0049146363, 0.012190597, -0.0042377813, 0.014086485, -0.008231713, 0.0014410978, 0.004926733, -0.03174057, 0.03707675, -0.009015066, -0.0085284505, 0.0034501303, -0.0058925953, 0.019272035, -0.004211729, -0.006659269, -0.022273581, 0.011315195, 0.026079014, -0.019119542, 0.009693175, 0.013012729, 0.018540256, 0.004472268, 0.0056643845, -0.013751427, -0.03372565, 0.0010981843, -0.0032653115, -0.018081725, -0.0142769795, 0.0056537753, -0.0045823255, 0.0004973079, -0.020504164, 0.013464435, -0.0059074447, 0.026081283, -0.009511267, 0.008376809, -0.030978922, -0.0029917674, -0.004612757, -0.0040542656, 0.015032139, -0.007946375, -0.004899249, -0.008715098, 0.009377486, 0.0044047027, -0.024347948, 0.0050912187, -0.0036954621, -0.016749926, -0.01492646, 0.004082211, 0.008196593, 0.0029330438, -0.011263919, -0.007741307, 0.029438453, 0.0034965083, -0.013849694, -0.0065046535, 0.0023586408, -0.016733993, -0.0058417018, -0.0078113517, -0.010524574, 0.0009378063, -7.802276e-05, 0.019204242, -0.02327781, 0.004133747, 0.0063985116, -0.0021435036, -0.008533819, -0.01135006, -0.014362788, -0.0053131306, -0.01092981, 0.028596908, -0.011231694, -0.044965085, 0.004427251, 0.011960054, 0.0038919002, -0.003678321, -0.010691481, 0.008922157, 0.0067080148, 0.0055873515, 0.010282853, -0.01825896, -0.017318329, 0.01392895, -0.020228814, 0.008632534, -0.0074033756, 0.015663052, 0.018788707, -0.010182448, -0.025943046, -0.011489195, -0.018024111, -0.013107857, -0.0066907187, 0.009997039, -0.005436395, 0.005507219, 0.017725505, 0.006001062, 0.015737046, 0.0035621938, -0.022321178, 0.017936165, -1.3662977e-05, -0.009340775, -0.0046542357, -0.029578043, -0.008188526, 0.0020574504, 0.016602807, -0.0061859023, -0.0292517, 0.000461708, 0.010589532, 0.01655854, -0.017682578, 0.008796868, 0.01461906, -0.019370642, 0.008928063, 0.02228227, -0.00042873638, 0.00026544736, 0.002982377, -0.0047720387, 0.007206355, 0.012763884, -0.021897778, -0.028642293, -0.016466875, -0.010006472, -0.018457396, 0.00613715, 0.005292847, -0.008058633, -0.016372245, -0.0033666394, 0.010265742, 0.0150169125, 0.0008136193, 0.0032246462, 0.0041865655, 0.00497962, 0.019496964, 0.011671279, -0.018148407, -0.022944156, 0.00022022988, -0.021814724, 0.025743283, 0.0061187427, -0.0005802555, 0.0066783307, -0.0060037836, -0.0029443621, 0.015677102, 0.0030038196, 0.01799441, 0.007874993, -0.006792825, 0.0001571042, 0.0072598783, -0.021258324, 0.0034315318, 0.008226071, -0.00509229, 0.009721585, 0.013545213, -0.015518892, 0.0032207672, 0.0012904397, -0.003818697, -0.014651822, -0.0046077017, 0.013230041, -0.019910553, 0.036675747, -0.010334268, -0.004650369, -0.0021496778, -0.021605833, -0.009400455, -0.004767242, 0.023562446, 0.005571892, 0.021326942, 0.003137612, -0.021360025, 0.01751319, 0.0016408155, -0.0015052949, 0.0053746733, -0.017919468, -0.0035145523, 0.0047570765, -0.0034537606, -0.0086282445, 0.010037397, 0.011493932, 0.017496048, 0.0010993681, 0.015207759, 0.0057979557, 0.012861877, -0.0045652497, -0.021031698, -0.018539576, -0.0049346033, 0.0018488433, 0.015168443, 5.948397e-05, -0.007395827, 0.009616614, 0.013247781, 0.006864984, -0.005423099, 0.004007981, -0.0152070355, 0.015559415, 0.0025452618, -0.024400044, -0.013597371, -0.00095356215, -2.3725524e-05, 0.0026315507, -0.0076811654, 0.0077208653, -0.009463756, -0.008350258, -0.016226947, 0.015881252, 0.011845195, -0.025516054, 0.023572892, 0.009969306, 0.017140504, -0.007290213, 0.005761289, -0.008779195, -0.015923165, -0.025864048, -0.0008656941, -0.023215158, 0.0070272586, -0.02966583, 0.005718249, 0.0033137219, -0.0062862393, -0.0011761538, -0.002469137, 0.010272639, -0.001043338, 0.012365306, -0.0009529519, -0.0076061953, -0.013422837, -0.018337224, -0.0041191764, -0.007755068, 0.00020239415, 0.003293379, -0.004153239, 0.009655953, 0.0060416465, 0.009415662, 0.0003777218, 0.01232184, -0.011787563, 0.015319756, -0.0172098, -0.0058662165, -0.001705839, -0.008009447, 0.025499307, 0.019488778, 0.02418839, -0.015178051, -0.043106984, 0.021236114, -0.006276894, 0.022735659, 0.0018409789, -0.007820225, 0.006605878, -0.00078803755, 0.010226337, -0.017941562, 0.017380273, 0.003827279, 0.0017458652, 0.021429664, -0.008904935, 0.0044646948, -0.0025694275, -0.018777741, 0.03522904, 0.017356666, -0.007651765, 0.011309759, -0.002182705, -0.0029130515, -0.022873677, 0.0045777257, 0.021407714, -0.0030306117, -0.0035280602, 0.0003263735, 0.0070914943, -0.0015590878, 0.027930962, 0.008958161, -0.009538297, 0.029897802, -0.009899501, 0.00032781632, -0.020053009, -0.013496906, 0.014791276, -0.0022973926, 0.012663359, -0.008599213, -0.02309564, -0.024869628, 0.020543002, -0.0032386074, -0.013161286, -0.00089373515, -0.028668601, -0.029839763, -0.008575568, -0.0025125928, 0.00088879996, -0.010344608, 0.0022385484, 0.019509073, -0.009143035, 0.014142687, -0.021387894, -0.027876744, -0.00047404174, 0.03763756, 0.0054760845, -0.0037616717, 0.0068345796, -0.0016542862, -0.0016866669, -0.0034732323, -0.0009948307, 0.00023589261, -0.015442845, -0.004917102, 0.0037964075, -0.0114927525, -0.013004615, 0.0033609702, 0.015215956, -0.017130837, -0.0042047575, 0.016338708, -0.03137409, -0.0024278446, -0.006689498, -0.012910697, 0.037621804, -0.016315226, -0.0037277357, 0.032504268, -0.009374239, 0.014113997, -0.016080609, 0.0024413248, 0.0034843697, -0.0028959333, 0.0069793435, 0.03314258, 0.030255904, 0.009446749, -0.011538601, 0.010942593, 0.032848585, 0.023302298, -0.012264318, 0.01183095, -0.012332573, 0.01864439, -0.007017909, 0.030481828, -0.0050676633, 0.003918868, -0.015127237, 0.008094941, 0.005963213, 0.0009761257, -0.0021654891, -0.016327074, 0.009543237, -0.003494492, -0.02052329, 0.018583436, 0.005843609, 0.005822785, -0.002639248, -0.007077265, 0.0026994965, 0.026634738, -0.0048706844, 0.009439951, -0.0073528686, 0.021487748, 0.0067885355, -0.010783926, 0.0117992805, 0.0034782975, -0.018833416, 0.013217316, 0.014733642, 0.009542189, 0.0067518447, 0.029984513, 0.02115473, -0.0016460116, -0.011279559, -0.002399174, -0.00505746, 0.0023223765, -0.0042567793, -0.006419438, -0.02354831, 0.030452626, 0.02533936, -0.028878499, 0.0111533785, 0.019363128, 0.0037515706, -0.021638675, -0.014669541, 0.0075630546, -0.0040549124, 0.01635348, -0.008520401, -0.023924865, -0.0076926816, 0.009149531, -0.010808738, -0.01092656, -0.008546801, 0.0136148315, -0.011510153, -0.010410065, 0.02350286, 0.0087629575, -0.028340736, -0.016375002, 0.0040781423, 0.16221942, 0.12863138, -0.024711661, -0.013248473, 0.013316728, 0.00025595044, 0.0031488487, -0.034098376, 0.020407975, 0.0046240166, 0.0015707893, -0.017834896, -0.009875291, -0.0029931862, 0.0115395775, 0.006321553, 0.040182065, -0.011232126, -0.0046631005, 0.013551794, -0.0003564818, 0.017846322, -0.0036025296, -0.0003284104, -0.020610655, 0.014195452, 0.006912601, -0.008186467, -0.0016055957, -0.021315843, 0.017842423, 0.011656025, -0.005527162, -0.012110839, 0.0003037627, -0.02244708, 0.0073652947, 0.016022801, 0.001233363, -0.0034223036, -0.02816616, -0.009617063, 0.0016869623, 0.021022465, 0.0011708474, 0.020123897, -0.02548958, -0.0007805465, -0.006599263, 0.02724874, -0.014573131, -0.011536763, 0.0030040473, 0.01236743, -0.021378726, -0.00269306, 0.028039757, 0.0032366603, -0.0073104636, -0.005612993, 0.013267807, 0.038704693, -0.0032820518, -0.0022981106, -0.0030372893, 0.0156050315, 0.00903173, 0.015453751, 0.00536858, -0.019096576, 0.002311833, -0.0077298116, 0.0105066085, 0.024674, 0.0031672276, -0.00086788175, 0.016332533, -0.020308796, -0.027777847, 0.0010773663, -0.012356426, 0.0012274565, 0.016014619, -0.0066936547, -0.012382069, 0.0020364018, -0.025219094, 0.02806052, 0.09500359, 0.0032617375, -0.013080623, -0.013991988, 0.0013067519, -0.00034218797, 0.008205993, 0.059407428, 0.0026274698, 0.01337231, 0.0028429523, -0.0123719415, 0.005909041, -0.013009057, -0.018430881, 0.006071864, 0.008395756, 0.024236325, -0.017312625, 0.0015346017, 0.00035944252, -0.009963113, 0.0120351175, 0.0015767751, 0.0186074, -0.0037232558, 0.008700275, -0.003312326, 0.021001963, 0.0017934704, -0.08123078, -0.00019230909, -0.008486906, -0.0046893866, -0.0021183197, 0.04554872, -0.04136913, -0.0029574481, -0.0054190154, 0.018905528, 0.005124831, 0.011021879, 0.031184187, 0.0042025684, 0.002335575, 0.028819881, 0.016889025, -0.027668396, -0.008348203, 0.003863979, 0.014458647, 0.011131655, 0.010396448, 0.0047672745, -0.021505985, 0.0063136364, 0.01184997, -0.00058411947, -0.016100807, 0.010811901, 0.0054643354, 0.0063603, -0.007806124, -0.0109070875, -0.016429212, 0.016421894, -0.005723432, 0.009210739, -0.0036677832, -0.017532438, -0.013735968, -0.0006126239, -0.012132428, -0.017730296, 0.0036411772, 0.00062383956, -0.026104694, 0.009325555, 0.017772185, 0.012220219, 0.0020975855, 0.00570942, 0.014962333, 0.0062550236, -0.007954379, 0.0054137455, 0.010923785, -0.015387668, 0.00898195, 0.02620849, 0.020938562, 0.024948517, -0.0010391994, 0.020426309, -0.027840776, -0.012792429, -0.008215793, -0.004231396, 0.004696331, -0.0036292425, -0.022596207, 0.006492357, 0.0028112738, -0.009606569, 0.008002658, -0.0011868614, -0.029279768, -0.0038297914, 0.012688273, -0.0042897332, 0.013912037, 0.013532846, -0.019083643, 0.11401567, 0.008190269, 0.019374233, 0.010916588, 0.017744258, -0.0070935623, -0.02752519, -0.020099927, 0.017728018, -0.012566039, -0.014050396, 0.033633668, 0.008192994, 0.01265267, -0.0015766749, -0.0067481436, -0.0017401797, 0.021342043, 0.0024891738, -0.026662298, -0.0072505097, -0.011775914, 0.038153764, 0.0029254085, -0.009574636, -0.002793142, -0.0013420217, -0.029188054, 0.0027250275, -0.00058150024, 0.009441995, -0.037516855, -0.0074275136, 0.00031912047, 0.003092043, -0.012808587, 0.0096234, 0.027147401, -0.028371241, 0.0026602924, 0.0038437916, 0.014567841, 0.017601961, 0.005931964, -0.045928612, 0.19909714, 0.0074985237, 0.008177807, -0.014177438, 0.007347105, -0.017311972, -0.0043400247, 0.0041053854, 0.0042310553, 0.03272774, 0.015533059, -0.0021221426, -0.017332098, 0.015052927, -0.0041683763, 0.0010699343, 0.009447695, 0.02378717, -0.021082094, -0.014010887, -0.003287768, 0.0055559706, -0.006236405, -0.008338294, 0.0011291339, 0.010340957, -0.002958023, -0.0017348283, 0.015095249, -0.00718294, -0.0033266365, -0.0036454157, -0.0024786303, -0.019385962, 0.019064529, 0.0037444632, -0.013935848, 0.010211607, 0.008008141, -0.027682513, -0.013215028, -0.016391998, -0.005614443, 0.012717859, -0.005026333, -0.01421101, 0.0128971245, -0.009791429, -0.0076911347, 0.01646178, -0.0020171255, 0.006932324, -0.018879797, 0.0011430748, -0.001878253, -0.008150801, -0.012880303, -0.00061915396, -0.008216218, 0.00723536, -0.023689352, -0.0013888186, 0.0063162385, 0.010181597, 0.015408818, -0.011714972, -0.0029753172]"
¿Por que ciertos paises aceptan recibir a los deportados de EU? ,https://oem.com.mx/elsoldemexico/img/25462313/1756442450/BASE_LANDSCAPE/1200/image.webp,no especificado,"El Salvador, Panama, Costa Rica, Uganda, Ruanda, Suazilandia y Sudan del Sur aceptan recibir migrantes expulsados, gracias a acuerdos que no se hacen publicos",https://oem.com.mx/elsoldemexico/mundo/por-que-ciertos-paises-aceptan-recibir-a-los-deportados-de-eu-25462341,"[0.009198023, -0.018433103, 0.03428995, -0.06679522, -0.0038034432, 0.038809776, 0.02753399, -0.01752566, -0.014084164, -0.023620142, -0.013671215, 0.031066343, 0.0011196482, 0.009115606, 0.12165681, 0.03787068, 0.022480553, 0.010099279, -0.017285734, 0.023521908, 0.022716502, -0.019936414, -0.017664753, 0.01754097, -0.009435244, -0.0054979404, 0.014109315, -0.011872911, 0.008609166, -0.05265644, -0.006371468, -0.01477414, -0.0050988193, 0.039547358, 0.01379257, 0.011601025, 0.021183867, -0.0022110355, 0.007436156, -0.018316774, -0.003381227, 0.018713268, -0.011549112, 0.013870916, 0.022325607, -0.017792344, -0.0064734994, -0.01263719, -0.042576265, 0.030020524, -0.001663827, -0.014470762, 0.009459635, -0.179924, -0.01390587, -0.003428886, 0.014632339, -0.015205377, 0.018186908, -0.012108525, 0.0023190312, 0.014477838, -0.02297206, -0.030775424, -0.0036122943, 0.0037795813, -0.029495832, 0.013606234, -0.010092123, -0.01084426, 0.036983803, 0.0072604474, -0.006855988, -0.018985229, -0.00047303332, -0.0029574917, 0.03852755, 0.003151153, -0.0031477334, -0.042077605, 0.005370782, 0.017765867, -0.015699996, -0.00039334098, 0.02010671, -0.011960174, -0.011237368, -0.033376116, -0.0147854285, -0.006643639, 0.018253013, -0.026065998, 0.023934336, -0.039691273, 0.008756495, -0.008190003, 0.0039128843, -0.015788516, -0.016337613, -0.008295048, -0.0072538718, -0.027012749, -0.005384836, 0.002974624, 0.01519819, -0.023274442, -0.0014650868, -0.0040195948, -0.01634136, 0.007542222, -0.0012379512, -0.018794313, -0.012555455, -0.012272618, -0.0017882213, -0.0957639, -0.010681443, -0.00795255, -0.0031216345, 0.0051945387, -0.020336658, 0.011656534, 0.012828151, -0.001646524, -0.005121689, 0.017454613, 0.00684683, -0.0013575008, 0.01644261, 0.009193177, 0.019310825, -0.034335274, -0.010395673, 0.010433645, -0.007819297, 0.015253791, -0.014992391, -0.03896809, -0.01946194, -0.0037195887, -0.01900636, 0.013140201, 5.459649e-05, -0.01162405, 0.016481804, -0.019128866, -0.010522772, 0.0053684446, 0.003777388, -0.019016905, 0.02482233, 0.0032562374, 0.023328627, -0.0034245127, 0.012889388, -0.03547888, -0.005114781, -0.012486318, 0.024215242, 0.030278362, 0.002733453, -0.005898133, 0.017661575, 0.009816776, -0.015975572, 0.049121764, -0.018800335, 0.019676615, 0.015650176, 0.026247777, 0.001451883, -0.003595069, -0.023710538, -0.011545121, 0.018548891, 0.0094320085, 0.0020647964, 0.03840526, -0.023341238, -0.022795085, 0.0026105605, 0.025344089, 0.017737648, 0.025964908, 0.015439051, -0.012013659, -0.0034415396, -0.011520437, -0.01802746, -0.014789008, -0.0015017479, 0.02030131, 0.00833438, -0.024706624, -0.023549322, 0.011510541, 0.0059983158, 0.021287978, -0.0014074821, 0.00029693477, 0.009290301, 0.022679318, 0.014501382, 0.014503057, -0.019548163, 0.0011871052, -0.020189106, -0.015678564, 0.0070931423, 0.004337019, 0.002898, -0.031934835, -0.031477503, -0.015453352, 0.022661077, -0.00788429, 0.00094730867, -0.0040784795, -0.020265317, -0.028804613, -0.012165895, -0.013233462, -0.007642445, 0.0024300588, -0.00741188, -0.034872234, 0.005581737, 0.007646067, -0.018310582, -0.010938156, 0.020706518, -0.0020406272, 0.03176762, 0.011724412, 0.03839552, -0.03217436, 0.010834214, -0.014051907, 0.013156343, -0.0007887659, 0.0151575785, -0.014435425, 0.0056363363, -0.029039048, 0.014898584, 0.01747435, -0.0064725108, 0.031106154, -0.005408079, 0.0026983714, 0.0026089975, 0.011167327, 0.003834207, -0.0037804449, 0.0041478043, 0.0149206165, -0.026426516, -0.009265516, -0.022611324, 0.0048204246, -0.0107187675, -0.022621155, -0.022974756, -0.010281156, -0.021216681, 0.02547382, -0.013678762, -0.014153988, -0.023316395, -0.01154872, -0.01496718, 0.024605738, 0.018979125, -0.003950706, -0.007849847, -0.011417316, -0.08061593, -0.002049588, -0.013140167, 0.02534623, 0.016076423, -0.012519243, -0.011010638, 0.025785336, -0.005883396, 0.010245999, -0.032766208, 0.00068126025, 0.03135736, 0.0019474328, -0.015190303, 0.011182943, -0.005602857, -0.040425416, 0.007082892, 0.0017804633, -0.008878685, 0.002843428, 0.0030645179, -0.0017192565, -0.0022531103, 0.024105785, -0.011213346, 0.029120293, 0.028398573, 0.0056194807, -0.009416025, -0.00365449, -0.0107231075, 0.01852473, -0.0063520954, 0.0032675508, 0.0024185102, 0.0071423906, -0.0139849195, -0.022388801, 0.023030857, 0.0018586436, -0.005322485, -0.013918451, -0.012370394, 0.023091594, 0.006936418, 0.013863506, -0.006711764, -0.0077604386, -0.022649115, 0.0026145543, 0.035284434, -7.9392485e-06, 0.014097303, -0.0223174, 0.017524958, 0.023790821, -0.0032496033, -0.0147524765, 0.010851437, -0.029861068, 0.008523412, 0.02213711, 0.00014517638, 0.022969645, -0.008258799, 0.017339746, -0.01282177, 0.016665045, -0.03439802, -0.022841746, 0.0051059215, -0.038025975, 0.018488206, 0.0042002415, 0.019534465, -0.012468205, -0.008519849, 0.0143582085, -0.015762921, 0.010671421, 0.015418196, -0.024371317, 0.0041296943, 0.006070533, -0.0028494594, -0.007804335, 0.022199461, 0.0038710828, -0.013420248, 0.016232835, -0.005438211, -0.01497411, 0.011987368, -0.0006483684, -0.009586049, -0.01248447, -0.0028178003, -0.0053594573, -0.004895234, -0.0012777761, -0.0011033881, 0.019173881, -0.0028090596, -0.0071903993, 0.009907282, 0.012646937, -0.02740099, -0.007024833, 0.008395621, 0.00780199, -0.009405697, 0.020351456, -0.0025241645, 0.0026515366, 0.00080511597, -0.001968548, -0.015490759, -0.019504566, 0.0101340655, 0.009689464, 0.0069632065, 0.022074515, -0.010865204, -0.020772763, -0.0037406597, 0.009665653, 0.008207287, 0.015932707, -0.00067310425, -0.020763258, 0.0132522695, 0.0030551043, -0.0073158606, -0.00931971, -0.031855937, -0.018224826, 0.013234152, -0.005603391, -0.03339039, -0.0025346428, 0.02034046, 0.036778204, 0.008907922, -0.0055371057, -0.019544428, 0.024223765, 0.0011666511, 0.004588494, -0.018205494, 0.0070782756, 0.008195687, 0.012633248, -0.007876699, -0.0073345513, -0.020294638, -0.027903728, -0.017070413, 0.010848241, 0.008023083, -0.014887502, 0.008238473, -0.020044452, 0.0031175686, -0.004741805, 0.0015244496, 0.014782343, -0.00926131, -0.006267775, 0.004845152, -0.01133124, -0.019420039, -0.0035769178, 0.0251624, -0.0030005113, 0.0042934604, -0.03261514, -0.004848713, -0.013460191, -0.02141511, -0.00079001393, 0.024655817, 0.0070467857, -0.035745658, -0.027625265, -0.005528136, 0.02029424, 0.010399302, 0.011574881, -0.016967004, -0.0047071083, 0.002977559, 0.013318239, 0.005336073, -0.018232318, -0.020377336, 0.024181651, 0.0006847837, 0.006899505, -0.030330783, -0.0050894106, 0.026998993, 0.023244165, 0.038748983, -0.0037494397, -0.015041789, 0.0072448836, 0.0032333722, 0.012589717, -0.003691812, 0.010107227, 0.03361453, 0.009182497, 0.026791854, 0.015678866, -0.0030162307, 0.0057086647, -0.031597696, -0.019095914, -0.008587509, -0.012826449, 0.012944532, -0.029031783, -0.0074389963, 0.0069323275, 0.030119704, 0.004774329, 0.0026794812, 0.0011083469, -0.014863123, 0.008621206, 0.0065529495, 0.0061455513, -0.02375563, -0.018355485, 0.006046385, -0.0033088324, -0.0207346, 0.0012070908, 0.00039697211, -0.011838809, 0.0022388573, 0.009663698, -0.050426673, -0.004153708, 0.025201555, 0.028287474, -0.027195662, -0.0005794787, -0.01574171, 0.054744054, 0.0050433185, -0.002595782, -0.0058374633, 0.010561155, -0.008761835, -0.009475791, 0.034774754, 0.0015105705, 0.00568291, -0.008581884, 0.008980249, 0.011742509, -0.016274063, -0.0098046, -0.027263852, -0.0010722356, 0.022033459, -0.09811286, 0.009500606, 0.019386169, 0.008754165, -0.011126385, -0.007721963, 0.00841743, 0.016664904, 0.013820368, -0.0074901828, -0.02617261, -0.007376957, 0.021647684, 0.0079961065, -0.045510694, -0.0147692235, -0.003476066, -0.0076330313, 0.038088776, -0.027692838, -0.00021366174, -0.026247995, -0.0072506648, -0.00045846967, 0.02780993, -0.0020934658, -0.016393626, -0.022892958, 0.015330116, -0.01422463, 0.01362315, -0.012668097, -0.02106363, 0.019251617, -0.005584441, -0.004314288, -0.01434055, -0.013331885, -0.011201805, 0.0044036964, 0.021541791, -0.008013982, -0.0038852196, -0.028911045, -0.010398535, 0.010121426, -0.0061229803, 0.021879863, 0.019500762, -0.026808592, 0.006156118, -0.0044862223, 0.0023631565, 0.034261774, 0.00035685202, -0.008460966, 0.021103129, 0.02487534, -0.0058058095, 0.015012215, -0.011957628, 0.029102186, -0.007157682, 0.017804474, -0.007633339, -0.03400323, -0.011994761, 0.021747107, 0.017587712, 0.009144869, 0.015423063, 0.0017774616, -0.016476357, 0.02558613, 0.027072204, 0.0016853167, 0.0149480635, -0.0028924632, 0.0062861834, 0.0050088638, -0.016807588, -0.0097437035, -0.09272375, 0.018249616, -0.026372528, -0.024494587, 0.00029647452, 0.031227866, 0.017287835, -0.008576174, 0.0026893283, 0.024557956, -0.022842415, -0.0013910964, 0.0007924254, -0.03567326, 0.024515033, -0.003645313, 0.008203731, -0.0103131365, 0.03680833, -0.028872719, -0.0041816193, -0.027190698, 0.0335544, 0.015433823, 0.011343209, -0.010138085, -0.025207372, -0.010592835, 0.020333825, -0.03036286, 0.009435966, -0.15207368, 0.017280476, 0.023489287, -0.017586628, -0.0016969107, 0.025367463, 0.008988017, -0.031206366, -0.0010208299, -0.0014697656, -0.0069107027, -0.026181033, -0.050574273, -0.0075179394, 0.015573515, 0.10164643, -0.011578019, -0.011234412, 0.021864383, -0.0017450128, 0.007293016, 0.008338562, -0.023098812, -0.01495633, 0.0010387104, 0.003162763, 0.023461442, -0.01425944, -0.0136866, -0.0008182283, 0.0035864355, -0.010851961, 0.008855498, -0.0040011345, 0.03410204, -0.0024021792, -0.0053583477, 0.004671727, -0.0042769867, -0.0068760645, -0.020941256, -0.022809152, 0.000488555, -0.005612428, 0.017075539, -0.011414822, -0.013025889, -0.0039421767, -0.009484184, -0.0037991619, -0.009536424, -0.07162583, 0.008454171, 0.026448468, -0.0031334183, 0.006430368, -0.0060024825, 0.02037562, 0.008800203, 0.01775046, -7.197704e-05, -0.013202532, 0.014303076, 0.022408629, -0.006805766, -0.005402105, 0.028260862, 0.0021469896, -0.012611967, 0.008191957, -0.012344712, 0.008420756, 0.013136432, -0.020429982, 0.008139565, -0.021259826, -0.0018781126, 0.0029353288, 0.022048842, -0.0011459491, 0.037002474, -0.0065836306, 0.00918102, 0.053877573, -0.011301563, -0.0017844583, -0.015900455, -0.025167674, -0.011258785, 0.03274942, 0.009332771, 0.015824981, -0.00051160395, -0.013640631, 0.024371024, -0.0035830417, -0.00037138234, -0.003626208, -0.005132596, -0.0020287503, -0.0060142092, -0.020554539, 0.0076562185, -0.014542285, -0.0072944188, 0.022254432, -0.011609902, 0.005062769, 0.027164275, 0.0028932057, 0.01371974, 0.012169521, -0.013068358, -0.001490299, -0.00040162582, 0.008182215, -0.028215177, -0.009163615, 0.0012754176, -0.014555374, -0.0023851458, 0.0024210638, -0.00033532435, 0.0007156425, 0.017435294, -0.0063041607, -0.00038598035, -0.005756733, 0.0059033586, -0.05143439, 0.02530741, 0.0018328489, -0.0034836698, -0.0041584736, -0.0026683547, -0.006448226, 0.007909599, -0.007725138, 0.0068942094, -0.0021099374, 0.009988504, 0.008103748, -0.0014225268, -0.001418927, 0.007728648, -0.0028064556, 0.0012908143, 0.0030249523, 0.016602352, 0.0006465709, 0.038392022, -0.014087921, 0.023077264, 0.011238889, -0.001668115, -0.013223614, 0.030280286, -0.00033063063, -0.016451597, -0.00998806, 0.012961521, -0.02564207, 0.0013695585, 0.014811233, 0.0073591433, -0.018652977, 0.0020135478, -0.018285539, -0.008384358, 0.014221496, 0.010170084, 0.019160459, 0.0065244646, -0.014338916, -0.010251513, 0.0096195955, -0.0085195815, -0.0011161665, -0.0054723206, 0.0015522185, 0.011620148, -0.008752411, 0.009665533, 0.008264817, -0.0004337299, 0.008586504, 0.0029436953, 0.013278175, -0.005191947, -0.012711811, -0.019269535, 0.018255994, 0.032159768, 0.0033063348, -0.014305741, 0.008327122, 0.0020754281, -0.007089659, -0.00035257818, -0.004422789, -0.0057773734, -0.010567956, -0.016734758, -0.0022274947, -0.004598049, -0.01416486, 0.0036069842, 0.014567384, 0.0059258733, 0.016208332, 0.012946502, -0.025148997, -0.0019141802, -0.011925885, -0.0021355555, -0.02385826, -0.0037981672, -0.0072110314, -0.0025468164, 0.0110158585, -0.027217915, -0.00031540456, -0.0062218457, 0.0035376078, 0.017957482, 0.012221233, -0.00229895, 0.00013072204, -0.00739432, -0.003896354, -0.021170259, 0.007715068, 0.007013398, -0.010179171, -0.0028127232, -0.0135314595, 0.0054271566, 0.021479722, -0.015473391, 0.0031444915, 0.00010177366, -0.0032263543, 0.0011580255, -0.0014732516, 0.0047365124, 0.011459374, 0.0075886487, -0.0049202107, -0.014014935, 0.0026404136, -0.001386683, 0.0038431769, -0.0033569443, 0.016449664, 0.019385165, 0.004601572, -0.003249355, 0.0016707862, 0.001993532, 0.006022591, 0.0018142161, 0.0046572015, 0.006958411, 0.0020979627, -0.0018107994, -0.0036198578, -0.00605161, 0.022076638, 0.00025335947, 0.008879536, 0.0096490625, 0.015298326, 0.01513261, 0.0018118321, -0.0057474077, -0.0020152605, -0.014579373, 2.9682213e-05, -0.007346751, -0.005876466, 0.0056158598, -0.016973883, -0.019429993, 0.0054439274, 0.0055683837, -0.0007736064, 0.033164598, 0.00074512576, -0.0013991192, -0.012029525, -0.028437017, -0.0070026754, -0.0018017362, 0.034979783, 0.021595497, -0.009169877, 0.017395556, -0.019125236, -0.019644767, 0.020017998, -0.0007381341, 0.008938454, -0.004239226, 0.0047449577, 0.0017872894, -0.015031187, 0.0045200293, -0.0022032969, 0.01712591, 0.0077885236, 0.064030744, -0.003583281, 0.005029096, 0.0047990717, -0.018864574, -1.2640642e-05, 0.028598633, -0.023572832, -0.013553425, 0.01393627, -0.0061939326, -0.006593753, 0.011779216, 0.00033762777, 0.0077527524, 0.009014506, 0.010949701, -0.006206446, 0.0032477768, -0.0053114337, 0.0029972661, 0.00476772, -0.011658143, 0.0041670403, -0.010976684, 0.0013588959, -0.010556205, -0.0052823056, 0.00014406972, -0.0068951007, -0.0051968493, 0.0057094, -0.0021197377, 0.012621933, -0.008630916, -0.01114433, 0.0034173583, 0.015141948, -0.010881098, 0.017197568, -0.0031604937, -0.008089098, -0.0016996716, -0.0041317423, 0.00031646257, 0.0047656377, -0.021987991, -0.0075219246, -0.0022513352, 0.0015081118, -0.015215872, 0.00837916, -0.006666713, -0.0013351694, -2.9477733e-05, 0.006795552, -0.018271284, -0.011989914, 0.019783683, -0.0003360871, -0.0012798847, -0.005341171, -0.012063809, 0.0015818467, -0.03096345, -0.006326625, 0.009340674, -0.015615949, 0.008779968, -0.009689547, -0.008554736, -0.0015214753, -0.005706313, 0.008495851, 0.026095325, -0.010064977, -0.00031840178, -0.012558208, -0.0046414384, -0.00050013326, 0.0060583306, 0.011202401, -0.003370464, -0.0047080815, 0.013520478, 0.019820916, -0.0031585793, -0.0030757976, 0.0042470307, -0.007157039, 0.021302918, -0.011457243, 0.014426309, -0.0007220111, -0.0010989265, -0.002131887, 0.055941038, 0.004928664, -0.019379538, 0.0020700744, -2.9593459e-05, -0.009670384, 0.0071278224, -0.004824089, 0.0025237878, -0.020413393, 0.024742592, -0.016960103, 0.0011861413, -0.0035501043, -0.009443372, 0.009865942, 0.0017839975, 0.009010777, -0.00808149, 0.0069023217, -0.008468084, 0.012032777, 0.009656818, -0.00036222863, 0.002194996, 0.014970802, -0.0217049, 0.010682899, -0.009982679, -0.006283824, -0.0036402065, 0.0077066207, 0.016189462, 0.015349942, 0.0043185386, -0.0020175772, 0.008949751, -0.0045961924, -0.014504662, -0.0008503648, 0.010943689, 0.0019796717, 0.018821644, 0.0041781594, -0.024053527, 0.010350256, -0.015742455, 0.0091072675, 0.006208043, 0.0020702558, 0.009417725, 0.0094180545, -0.002166666, 0.00038703863, -0.0032991143, -0.018188154, 0.013330901, -0.013962398, -0.0147336, 0.022954088, -0.0029243764, -0.0015994804, 0.02117469, -0.0081420895, -0.00884824, -0.0072016492, 0.017728226, -0.014862218, -0.013885429, 0.015309381, 0.014654032, 0.0029890651, 0.010978274, -0.003258696, 0.0017168766, 0.003813977, 0.0041240524, 0.011884732, -0.009838644, 0.009026595, 0.017076751, 0.0028207302, -0.002900182, 0.0006755073, -0.006878866, 0.0040219002, -0.008709992, -0.0022782695, 0.005546134, -0.0072565298, 0.0068660364, -0.0068611363, 0.0017547631, -0.011449542, -0.012588801, 0.014310119, -0.013437938, -0.0073792674, 0.0023150134, 0.00046560587, 0.0143911885, -0.014561075, 0.018603561, -0.0032510161, -0.007255702, -0.022057801, -0.004926749, 0.0001564211, -0.00073017913, 0.014254551, 0.0016010742, -0.0015829722, -0.004966159, -0.012936177, -0.004144753, -0.027725749, 0.007496626, -0.011123904, -0.002101761, 0.0042676996, -0.005925546, 0.016642168, -0.00096456404, 0.010192107, 0.0038015945, -0.014472383, -0.0026183918, 0.01061383, -0.021079885, -0.012311282, -0.0006523057, -0.0023034865, -0.011847352, -0.014352391, 0.00695951, 0.014432078, -0.02044157, 0.011252275, -0.008521934, 0.010688459, 0.0061217872, -0.0016925157, -0.0061245225, 0.008649282, -0.0133312, -0.004589152, -0.006433477, -0.011608163, -0.0048635798, -0.0018128826, -0.018429527, 0.00057943916, -0.0007133987, -0.00961486, -0.0021769474, 0.018375738, 0.00090129895, -0.0060821096, 0.024207737, -0.001039108, -0.0009725124, -0.027639527, 0.017009694, 0.0056616184, 0.009508009, -0.00056866475, -0.0016873043, -0.0044091595, 0.0043159365, 0.00538777, 0.008984238, 0.0038049226, 0.00525861, 0.0119883735, 0.009681921, 0.0012455438, -0.013864441, -0.015055819, 0.012063578, 0.0042861584, 0.0047868034, -0.008097415, -0.0056607397, -0.0025407132, 0.006144184, 0.0014075568, -0.00378707, 0.0068676644, -0.016433287, 0.01470289, -0.01918006, 0.006331341, -0.011296074, 0.008347067, -0.0060439548, -0.0027584666, -0.0053449096, -0.00893064, 0.019734336, -0.012957409, -0.011984435, 0.007658231, -0.00823924, 0.0108640315, 0.0039023254, 0.014373801, -0.0075239995, 0.008817125, 0.0036725118, 0.0025026554, 0.0068260124, 0.022883583, 0.007898228, -0.014417757, 0.007287637, -2.2899518e-05, -0.009454377, 0.027599223, -0.0010789209, -0.0038980704, 0.00348587, -0.0077243065, 0.003940352, 0.0022385865, 0.0034435852, -0.0016440279, 0.011776919, 0.0054131323, 0.0030983614, 0.004349433, 0.0006915772, 0.0016506929, 0.00922232, -0.0020718526, -0.0035678858, -0.015330962, -0.0098090395, 0.01596154, 0.009379903, 0.0033148485, 0.005513575, -0.008364258, -0.0074862847, 0.0027416174, -0.0074837417, 0.006192035, 0.0056428015, 0.0062350924, -0.009273325, -0.0036574048, 0.0010939423, 0.0012712519, 0.0027320944, 0.011288898, -0.0007207103, -0.01504455, 0.016534131, -0.008832148, -0.0044333204, -0.002325918, 0.010039473, -0.013787445, 0.0072894716, -0.012122539, -0.0069076805, -0.0031103813, 0.013142874, -0.009970904, -0.005603084, -0.007177906, 0.008196178, -0.01727993, 0.0002356521, 0.004048172, 8.004735e-05, 0.0112812035, -0.0029248227, 0.0030129983, -0.018830847, -0.0038577677, 0.0149598485, -0.015032476, 0.029311355, 0.0032306667, -0.020457849, -0.0037912596, 0.0025283166, 0.023499621, -0.007147722, -0.009017003, -0.012026513, -0.0064697973, 0.0009245041, 0.032461055, -0.018285353, 0.0006401645, 0.0331668, -0.0002222986, 0.0058700084, 0.019227343, 0.008979761, 0.0114810215, 0.0019995612, 0.011951386, 0.005558785, -0.013310801, 0.0015762239, 0.010840496, 0.011907228, 0.012682106, -0.0008979095, -0.0012051765, 0.01841305, -0.0013065913, 0.016936239, 0.009859039, 0.026943406, 0.020784542, -0.009901678, -0.011060598, 0.007975463, -0.0002491269, 0.0019884685, 0.014455455, -0.00423661, -0.011199822, 0.016176658, -0.0037820037, 0.0029696147, 0.007945706, 0.001707099, -0.014787245, 0.016106205, 0.0023926059, 0.016607305, -0.0041409545, 0.020946542, -0.0024977203, 0.01853608, -0.0009602939, 0.011900186, -0.013172422, -0.0063923355, 0.013167628, 0.013698391, -0.0032900318, -0.0218908, -0.015382084, 0.0019507565, -0.0045352317, 0.0045249676, 0.004519428, -0.012102628, 0.0063055046, -0.0057426384, -0.0019455388, 0.00807931, 0.0029099113, -0.0028504862, -0.0014284167, -0.00022738913, -0.009678384, -0.0019073361, 0.015616251, -0.0073170774, -0.002269472, -0.103442855, 0.008941821, -0.011328305, 0.016835328, 0.023311669, 0.005082813, -0.0026391817, -0.026727494, -0.01888659, 0.0071186684, 0.019114722, 0.0010988483, 0.011364192, 0.0015279021, 0.008776595, 0.03391542, 0.011751429, -0.006944335, 0.0016219289, 0.01045298, 0.0076998994, 0.008225554, -0.0016205034, 0.0047500758, -0.013902624, -0.0007759157, -0.012313533, 0.0014286595, 0.0055612954, 0.013141789, -0.01762141, 0.0064335535, 0.012396996, -0.008700524, 0.009247284, 0.033036128, -0.0036792404, 0.00432801, -0.14671887, 0.009530255, -0.0088810185, -0.017105155, 0.00095378014, -0.00812314, 0.012653457, -0.0018510632, 0.009180584, -0.014053268, 0.012837298, -0.0014052114, -0.0056480165, 0.0053501446, -0.004321018, 0.0054467036, 0.0039308514, -0.0012723623, 0.019675681, -0.0007241357, -0.01751662, 0.025111785, 0.0044039674, -0.008052545, 0.0026574484, 0.0026410697, -0.017665774, 0.0045680925, 0.0062271627, -0.0014902762, -0.0018554557, 0.0005783896, -0.003186754, 0.018444382, 0.006427387, 0.0033224353, -0.018461628, 0.010629756, -0.012805189, -0.0031500405, 8.089524e-06, -0.0032268055, -0.015276296, -0.0017098953, -0.003406126, 0.0011440591, -0.0005250697, 0.012186969, -0.012697764, -0.008027251, -0.0030588368, 0.01262198, -0.006257178, -0.0076064114, -0.009590122, -0.0148553355, -0.0005459469, -0.003546192, 0.011157207, 0.015363479, -0.00367535, -0.034023073, 0.003926783, -0.011915052, 0.022977108, 0.009004477, 0.0027145878, 0.014044967, 0.01857814, 0.007000989, 0.0070153335, 0.012203004, -0.0026680944, 0.0024994665, 0.008728629, -0.008041778, 0.01907049, -0.021737523, -0.009730476, -0.0030888794, -0.010726414, 0.009406979, -0.0038787958, 0.016868962, 0.01176883, -0.03910643, 0.012791538, -0.0009070638, -0.0033346482, -0.037753683, -0.009814659, -0.015304928, -0.014406719, 0.028240705, -0.010875056, -0.01894572, 0.01574602, -0.004818231, 0.00081664725, -0.010601664, 0.011161309, -0.00039129565, 0.022785991, -0.007852226, -0.0028972917, -0.013479116, 0.003181319, -0.024539657, 0.012883274, -0.012945228, -0.019923199, 0.0066929255, 0.0059553143, -0.0031763632, -0.008754782, -0.007780392, 0.012136078, -0.0065639718, -0.015925486, -0.019866537, -0.011977673, -0.019413147, 0.004932558, -0.0033320037, 0.0041585546, -0.013336574, 0.00846432, -0.009338609, -0.0013645578, -0.011930268, 0.0040993965, -0.014269759, -0.010488234, 0.015127156, 0.0006074122, -0.01672164, -0.013010957, -0.012290869, 0.016674127, -0.003900031, -0.033791557, 0.010193294, 0.01320294, -0.009391955, -0.0032403623, -0.0071094697, 0.008027312, -0.024303468, -0.012484727, 0.020089626, -0.007355851, 0.008793235, -0.017762607, 0.010765528, 0.007486648, -0.01401832, 0.004352245, -0.03144977, 0.00046175317, -0.0029194257, -0.013963847, 0.0068322136, -0.0070774443, -0.030208467, -0.01310406, -0.00885532, 0.022991426, -0.01908284, 0.0056536593, 0.0003864681, -0.010197918, 0.008355511, -0.009416431, 0.00088590453, -0.016579116, -0.0053171352, -0.013537636, 0.009643312, -0.021634284, 0.0046219463, 0.005964071, 0.0010545689, -0.022853406, 0.016923964, -0.012456211, 0.0059816064, -0.012057201, 0.0010528028, 0.013818669, 0.0005422772, 0.009041726, -0.0007382975, 0.0123314, -0.0011639136, -0.027205847, -0.018975, -0.0103036035, -0.0017069714, -0.0021556541, 0.01556523, 0.0008647991, -0.019052776, -0.0005372568, -0.18068634, 0.0015609554, 0.0035496193, -0.01712079, -0.0025690508, -0.002533454, 0.0010983424, -0.020370003, 0.014585082, -0.0073080957, -0.0008836022, -0.005040123, 0.005449227, -0.025815161, 0.014305561, 0.01297734, 0.028719489, 0.01254082, -0.018942524, -0.004218769, -0.05486692, -0.011876392, 0.002501492, 0.019366527, 0.00010658765, -0.028541626, -0.026583098, 0.0074168807, -0.013253328, 0.0010176722, -0.0076482357, 0.017448587, 0.0055143586, 0.01040873, 0.014588538, 0.02740157, 0.009143131, 0.0145160835, 0.0020615524, -0.00029036193, 0.000874825, 0.0019881143, 0.0072971242, -0.015681872, -0.0058221533, 0.0014998311, -0.007015451, -0.024153112, 0.0038686348, 0.016833024, 0.016729364, 0.008101502, -0.0061487476, -0.003845657, 0.006271093, -0.0062060053, 0.006252888, 0.014854186, 0.0018845379, -0.00642789, -0.021812487, 0.0010221164, -0.007904758, 0.005046881, -0.0152745545, 0.0075222203, -0.003319049, 0.13003606, -0.018986931, 0.03317732, -0.008886488, 0.018991051, -0.0018553382, 0.016329883, -0.009761569, -0.011921264, 0.023384288, 0.031996492, -0.015968816, 0.024030048, -0.010104722, -0.0065635075, -0.018540049, 0.020873763, 0.009412827, -0.029020546, -0.017511992, -0.009685088, 0.006358475, -0.0037661854, -0.007259241, 0.008481378, 0.007415882, -0.016660355, 0.003715231, 0.024201155, 0.0042331684, 0.015925353, -0.016200965, -0.009589548, 0.010244518, -0.019902324, 0.008301126, 0.00073940627, -0.0006846243, -0.020276187, 0.007271488, 0.008286964, 0.001424431, -0.006183691, -0.008839592, -0.012613963, 0.0001602865, 0.0125503205, 0.034592908, 0.006868708, 0.0015771694, -0.029768944, 0.006439827, -0.008504568, -0.007201186, 0.020049362, -0.019021874, 0.0066678063, -0.029346656, -0.00094931154, -0.02722347, 0.008787003, 0.014345368, -0.0028093338, 0.015507749, 0.021890206, -0.00052043155, -0.0074894987, -0.0025199887, -0.0068122204, -0.11537561, -8.156404e-05, 0.0014423914, -0.013437505, -0.01375999, 0.009963954, 0.010828037, 0.02369702, 0.0035208545, -2.8171873e-05, 0.018823484, 0.021485364, -0.021008855, -0.003740131, 0.008301496, 0.00077712105, -0.0267766, -0.003964514, 0.004542147, -0.005998918, 0.012604724, 0.02017059, 0.032938473, 0.009980347, 0.020395674, -0.0082401, 0.003513214, -0.0012877738, -0.0016906889, 0.03228945, 0.012917796, 0.014593521, -0.0099859005, 0.0074461475, 0.0024702777, -0.015940085, 0.011818708, 0.012070651, -0.02619983, 0.018997258, -0.016196182, -0.013522711, -0.0053424393, -0.0053599905, -0.0023121624, 0.0020251274, -0.0152588785, 4.6263172e-05, -0.01262835, -0.0049409256, 0.0075163147, -0.014087445, 0.035082787, -0.009361315, -0.02280268, 0.0048170956, -0.014501696, 0.0051462944, 0.006563138, -0.0069630747, -0.005191751, -0.01281694, 0.00052460824, 0.01815489, 0.0070617134, -0.02287727, -0.014162006, -0.027017789, 0.0016544872, 0.0024063305, -0.012843439, -0.02147753, 0.012492926, -0.007847357, -0.00018040657, -0.015703682, -0.01241064, -0.0083204005, -0.016260821, 0.0014894903, -0.024664324, -0.004908435, 0.022561785, -0.004111591, 0.007569526, -0.015844813, -0.013927238, -0.0076273954, 0.0013279371, -0.023495823, 0.0028327042, -0.020543588, 0.0016775598, -0.017261574, 0.027767744, 0.014080278, -0.01658322, 0.005771934, 0.007495402, -0.008186763, -0.009359319, 0.015220514, -0.013444849, -0.012306337, -0.022852177, -0.014903716, -0.012441572, -0.021213116, -0.011325872, -0.00379627, 0.0042811795, -0.007132829, -0.0057335044, -0.004110903, -0.0031009973, -0.0002746324, 0.0016396897, 0.0004882483, -0.0019165454, -0.0076807085, 0.021009965, 0.003520296, 0.0008476826, 0.0023562934, -0.0023821744, 0.010119673, -0.0033996257, -0.0032501984, 0.023899917, 0.001347354, 0.020307792, -0.0033206397, 0.007887284, 0.016614802, 0.007877801, -0.0015880462, -0.008975833, -0.00036771825, 0.010207872, 0.010396152, -0.0036624488, 0.024847748, 0.025711194, 0.02515094, 0.0067009632, -0.006578603, -0.005989716, -0.021829544, -0.008161557, -0.011189487, 0.023191785, 0.014918421, -0.017114984, 0.021038475, -0.0009385879, 0.0014751212, -0.020374052, 0.021280563, -0.001981524, -0.01868963, -0.019247051, 0.023936294, -0.0068728696, -0.010293619, 0.00396865, -0.012702475, -0.016489414, 0.0041942415, -0.024665793, -0.013284486, 0.010838191, 0.0029438043, 0.02414555, 0.0004971654, -0.011882419, -0.0017668616, -0.0015910917, 0.022001961, 0.021456612, -0.06495493, 0.00087228406, 0.013534962, -0.0061276783, -0.00984781, 0.018707212, 0.0014980787, -0.022011137, -0.006819122, -0.010400228, -0.010966311, -0.025259228, -0.02064757, -0.01008959, -0.006964329, 0.0119225485, -0.016203439, 0.0051869415, 0.02442, -0.011072671, 0.0053288736, -0.001458371, -0.009654022, -0.0037140483, 0.0024365126, 0.013647503, -0.0019336641, 0.01271726, 0.005555211, -0.008319575, -0.0033368692, -0.011575846, 0.007061586, -0.0047124783, -0.016225718, -0.013574244, -0.0026212428, -0.0028351387, 0.018641325, -0.046499796, 0.020436836, 0.005072718, -0.044569284, 0.0072690723, 0.023597635, -0.011965689, 0.0025641385, -0.0038082034, 0.011332868, 0.004156201, 0.038511224, -0.00054558075, 0.0034228405, 0.026631655, 0.004221676, -0.005422579, -0.0006363643, -0.018314693, -0.030070992, -0.003261292, 0.010941933, -0.0053584417, 0.024605049, 0.0032273752, -0.004589231, 0.011673528, 0.0060905623, 7.104947e-05, -0.010753885, -0.0093542505, 0.016334506, -0.0011203612, 0.006209959, 0.003316562, 0.015517279, -0.013580339, 0.01685984, 0.0011060658, 0.013514568, 0.030393142, -0.000616421, 0.008792302, 0.0091686435, 0.03735734, -0.00634806, -0.0022846328, -0.02108668, -0.074316554, 0.016508374, 0.021770723, -0.013660572, -0.02652847, 0.0010994389, 0.002126011, 0.026014334, 0.01323345, -0.018506998, -0.0162903, -0.019460581, 0.007209017, -0.008328795, 0.019383252, -0.010823882, -0.04207742, 0.0035327377, 0.014953412, -0.012775085, 0.0017105603, 0.002463034, -0.028934298, 0.007392526, 0.010358299, -0.064078405, 0.008811808, -0.00032289597, -0.024593262, -0.002872282, -0.008197898, 0.00091618625, -0.009786135, -0.009874606, -0.0032305792, 0.0062549356, -0.014571854, -0.0049091345, 0.018331587, -0.0003154666, 0.028049333, 0.00925312, 0.0037597928, 0.012190985, 0.011983195, -0.0132179335, -0.01617671, 0.0071220184, -0.02409616, -0.011011372, 0.007432838, -0.01350771, 0.0061474284, -0.0052575944, 0.021584613, 0.01581946, 0.0042822585, -0.020541139, 0.017426303, 0.023368403, -0.021173222, 0.0149485795, 0.0047904225, 0.018800944, -0.008629225, 0.012159158, -0.010774695, 0.009037768, -0.050456136, 0.009311028, -0.0034591684, 0.00022756153, 0.0066914363, -0.021467512, -0.0059655807, -0.004787061, 0.004184389, -0.029785233, -0.013907037, -0.004587767, 0.011300221, 0.0035214005, -0.0025348917, -0.0055422895, -0.0053942013, -0.01377995, -0.024332248, 0.0035963263, 0.017016387, 0.0010643749, -0.00069216616, -0.0068933223, -0.032050494, -0.008727555, -0.012042265, 0.00095075206, 0.005666396, -0.010693611, 0.0076409215, -0.014040422, -0.007005671, -0.010149337, -0.004473818, -0.00031472536, -0.011020042, -0.015169901, 0.003422167, 0.009512299, -0.0041553285, 9.4692085e-05, -0.0148975635, -0.004456426, 0.007857419, 0.007755387, 0.007817483, 0.01395682, -0.0203026, 0.022680663, 0.008185208, -0.03197437, -0.014915893, 0.005761065, -0.016937714, -0.009689636, -0.0014056399, 0.004597253, -0.01540101, 0.0058272895, 0.0022115684, 0.014753039, 0.016918598, 0.011325614, -0.016087556, 0.0067533217, -0.004894787, -0.004864778, -0.004066197, -0.0106218485, 0.00010558353, 0.008001282, 0.0020135618, 0.009626368, -0.0031183532, 0.00666176, 0.04447335, 0.00918241, -0.0010121285, -0.0067099202, -0.009439521, 0.011419195, -0.012277521, 0.009556507, 0.0061083185, -0.0047912193, -0.028512722, 0.006204072, 0.021317976, -0.015078707, 0.014318155, -0.0017615987, 0.022385392, -0.025760923, -0.012384638, 0.016616164, -0.00997796, -0.009060023, 0.0022054082, -0.0050653783, 0.003808875, 0.006677401, -0.0026619523, 0.013146395, 0.018782245, 0.0040489146, 0.028351529, -0.0053504617, -6.700709e-05, 0.015991231, 0.0027762167, -0.015329077, -0.0012003919, 0.022040479, -0.023759792, -0.006572919, 0.0041784034, -0.020639941, -0.0014739652, -0.019394511, 0.0018180317, 0.01216139, -0.01469839, -0.0019763936, -0.005010312, 0.006209738, -0.016039891, -0.015014211, -0.009529557, -0.012850364, -0.014658636, 0.0014458173, -0.0025503838, -0.011932067, -0.015292309, -0.009555511, -0.009152751, 0.018383954, -0.02213967, 0.014913108, -0.005599925, 0.030355576, 0.004557761, 0.014094962, -0.004502378, 0.017980931, -0.009984647, 0.00422685, 0.018167514, -0.0018243548, -0.0021320486, 0.0021717388, -0.0009762174, -0.008688435, 0.0049397107, 0.0037394082, 0.012391901, -0.010691198, 0.008307452, 0.009989495, -0.0109028155, 0.0049807862, -0.0023086057, 0.0035645468, -0.0074493047, 0.004411279, -0.00866968, 0.006048932, 0.0032228928, 0.006486144, 0.0039353846, -0.0015647078, 0.0031797036, 0.030263938, 0.016643109, -0.0051261843, -0.02136991, -0.0065817023, -0.011015669, -0.0035019068, -0.003187053, -0.011962368, 0.005467274, 0.014589076, 0.008214033, 0.013066083, 0.0036807777, 0.0023704958, 0.014353388, -0.0015329359, -0.011261227, -0.017529339, 0.00033563055, 0.0025203675, -0.014804486, -8.322342e-05, -0.018950457, -0.012805998, -0.009932699, 0.025907893, -0.0064181723, 0.017803933, 0.021158397, -0.002079509, 0.006306008, -0.02496765, -0.009188432, -0.00952052, -0.0068378327, 0.011080897, -0.0021723201, 0.015816214, 0.0070824227, -0.0085723605, 0.002975619, 0.0099297725, 0.0146077275, 0.013171462, 0.005279661, -0.006950887, -0.020271027, -0.015001392, -0.0026129386, -0.02039147, 0.035419665, 0.005459469, 0.00051716703, -0.0024838648, -0.0017117646, -0.00099882, 0.00097246194, 0.014256389, 0.00034225697, 0.010050581, -0.00035121327, -0.011928334, 0.004623432, 0.013512838, 0.014450536, -0.037944816, -0.015633237, -0.0024924313, 0.0022345653, 0.0018369921, -0.0015660597, -0.005362744, 0.00041470592, -0.005154589, -0.02967665, -0.024363006, -0.011943799, 0.010355694, -0.00453303, -0.027453769, 0.022154868, 0.0074698487, -0.008368483, -0.004181237, 0.015955467, 0.010887551, -0.011469174, 0.026481694, -0.011473997, 0.004104433, -0.0140880775, -0.0017554183, 0.005019762, 0.0046705795, 0.01236728, 0.01631687, -0.008355643, 0.017877856, -0.024221217, 0.01664779, 0.0023856405, -0.005352169, -0.019758606, 0.009696519, 0.01607905, -0.010688742, 0.017920284, 0.0029721728, -0.020854274, 0.007813398, -0.012137656, -0.0054998295, 0.017387057, 0.018250337, -0.015940769, -0.0048179748, -0.030922165, -0.00095066143, -0.021872148, -0.02719328, 0.00107068, 0.0014478174, -0.019844336, -0.00034266047, -0.006903432, -0.023574755, -0.0057589603, 0.014112395, 0.014665658, 0.009981547, 0.00229057, -0.0010514297, 0.0048190188, -0.0025241629, 0.0040808427, 0.018197367, 0.002096126, -0.016379327, -0.014550472, -0.021172727, 0.00016640894, 0.01958253, -0.016108548, 0.011577588, 0.0027241814, -0.008531394, -0.014519306, -0.00965749, 0.023919668, -0.0066154064, -0.002705395, -0.0017397527, -0.0024896446, 0.0025496848, -0.010804032, 0.0012523804, 0.0070927115, 0.04071796, -0.0039554816, -0.00904348, 0.007372326, 0.004152945, 0.007001748, -0.017811144, -0.00023018153, -0.002626669, 0.009571695, -0.020492593, 0.0044009704, 0.009573332, -0.012923384, -0.0020353294, -0.013124274, 0.002408429, -0.0037275117, 0.009155913, -0.0071594166, -0.015066548, -0.0077784895, -0.0035600956, 0.014086984, 0.013023772, -0.015589138, 0.020366013, 0.012758361, 0.01216422, -0.013015668, -0.0038299102, 0.015112077, -0.0067503583, 0.005299715, 0.019309152, -0.0082280515, 0.0036735744, 0.0075452123, 0.0084649455, -0.0086301, -0.005310876, -0.010073835, 0.008361975, 0.0016844103, -0.017825847, 0.01938694, -0.012536314, 0.022736005, -9.634239e-05, -0.00416631, 0.000117708565, -0.0043985997, -0.00814407, -0.013420016, -0.02672443, -0.009668157, -0.0037741608, 0.010781584, 0.011500798, 0.0006624162, 0.014844809, -0.024625918, 0.0005367174, 0.03608533, -0.00912275, -0.033470124, -0.015986884, -0.011312577, 0.0010603678, 0.007112465, -0.00730419, -0.016696798, 0.005192544, -0.072318316, 0.0038373603, 0.004956511, -0.006333293, -0.023364682, -0.026325077, 0.014853525, -0.029015943, -0.012338815, -0.0090184435, -0.035241473, 0.002618832, 0.011023206, -0.016451046, -0.00020393865, -0.02905638, 0.0043816166, -0.005030858, -0.007066449, -0.009150425, 0.0078067775, -0.030049546, -0.007965797, -0.006435569, 0.0036204776, 0.0081019215, 0.0086386595, 0.009499043, 0.017525705, 0.012784366, 0.03859075, 0.0022917006, 0.03332364, 0.01627874, 0.014083514, 0.0021187696, 0.007209885, -0.015694687, 0.0012295026, 0.011927522, 0.008322949, 0.0028693492, -0.0017068355, -0.0069079357, 0.012657793, 0.0055979495, 0.004056446, -0.015444919, -0.008465577, 0.0048700767, 0.0016647797, -0.0030840684, 0.0029276407, 0.0014641787, -0.007862216, 0.00881962, -0.0064048516, 0.009572579, 0.026147328, -0.020098772, -0.0031836242, -0.013702296, 0.009854775, -0.005942567, -0.0034622368, -0.0100687295, 0.022048004, -2.7185428e-05, 0.005318447, -0.0069724354, 0.005848889, -0.000605626, 0.02474847, -0.010322543, 0.022249874, 0.024797069, -0.035172474, 0.031257775, -0.0014012771, -0.0028130282, -0.0008850201, -0.018945264, 0.0031410253, -0.006194052, -0.0024158277, -0.020414885, -0.0025614165, 0.014704892, -0.017044468, -0.016355492, -0.01395132, 0.008688149, -0.017219339, 0.015862465, 0.012972258, -0.024566257, -0.013081697, 0.0037280603, -0.017493699, -0.0017412871, 0.022933403, 0.013488336, 0.033015512, -0.0011086647, -0.0033207801, -0.003086049, -0.0005232597, 0.011280458, -0.012084838, -0.02678863, 0.0023237907, -0.001251416, -0.0065924134, 0.01017677, 0.0044506094, 0.03205648, -0.00608521, -0.02190292, 0.0131702665, -0.0036580889, 0.0020633922, 0.004814154, -0.00010966117, -0.021259634, 0.009569137, -0.0006600256, 0.005483851, -0.01065776, -0.007119923, -0.008225546, 0.0030203634, -0.002804608, -0.037671268, -0.0013444148, 0.03335627, 0.0013701154, 0.00046684968, 0.009627993, 0.013719582, 0.04192028, 0.0060765217, 0.0053510624, 0.021242458, -0.018035416, 0.0038869798, 0.0021931783, -0.0083091585, 0.014560034, -0.00063377334, -0.018473353, 0.0011232923, -0.016695052, 0.023336703, 0.0040722443, 0.02109686, -0.012139767, -0.0192175, -0.006466389, -0.00550719, 0.007650744, -0.0027840626, -0.0018723197, 0.024966013, -0.011241049, 0.0023743103, 0.017041817, 0.0043063457, -0.013885604, 0.010839771, 0.014432724, -0.0054497435, 0.0062772045, 0.0069993236, -0.00581133, 4.556036e-05, 0.012843719, -0.008785513, -0.0035381014, 0.0043960977, -0.017886491, 0.0018606015, -0.006607871, 0.0036913555, 0.009566202, 0.015506114, -0.015754411, 0.027303277, 0.00690504, -0.008626152, -0.003488805, 0.021606218, 0.008793494, -0.002711341, -0.0030047395, -0.0029534514, 0.0048627616, 0.0078688385, 0.010502271, 0.018957593, -0.014793292, 0.0037648352, 0.013447762, 0.013593749, 0.021112833, -0.008378151, 0.018806638, -0.00670156, -0.006800886, -0.022173077, 0.014834443, 0.0069595114, -0.013495546, 0.0032144133, -0.018056538, 0.17092264, 0.14699657, 0.006516749, -0.00217778, -0.030723393, -0.019199373, -0.017121349, -0.0055567063, -0.009428784, 0.018990813, 0.0015504712, 0.010800132, 0.015626358, -0.023627061, 0.0014630838, -0.004320963, 0.013862562, -3.0059446e-05, -0.0041827164, 0.030133348, -0.016179178, 0.0023458137, 0.007895211, -0.008338599, -0.03518876, -0.0010469926, 0.011092942, -0.01399799, -0.0053580906, 0.0039613796, -0.024946814, -0.010220446, -0.014986969, 0.0019460712, 0.009604652, -0.0058474564, -0.0059116483, 0.0045768465, -0.010708962, 0.030286163, -0.003415431, 0.011653155, -0.011257246, -0.012354331, 0.014644302, 0.008124028, 0.005773145, -0.0037230842, -0.0035569726, 0.008876734, -0.027277233, 0.018349107, -0.026507739, 0.010040022, 0.0035269896, -0.0021031918, 0.008199899, -0.016914552, 0.004583323, 0.00852353, 0.0065938174, -0.0038345887, 0.0018290938, -0.0048872833, 0.012886717, 0.0099935625, -0.0006821526, 0.0040683593, -0.015343728, -0.012056266, 0.016615268, 0.021955334, -0.0017361934, -0.009461711, -0.01642207, 0.0051065423, 0.027275711, -0.027196331, -0.021833088, 0.008244253, -0.012836309, -0.019251628, 0.008259531, 0.018658357, 0.004290108, -0.00095460546, 0.02839071, 0.025153792, 0.11366941, -0.014004336, 0.02060131, -0.014165194, 0.011921289, -0.010962322, -0.025416654, 0.069083765, 0.014553003, 0.0061773993, 0.011594684, -0.01833804, -0.0068385415, -0.012645773, -0.005220464, -0.0006307146, 0.017230392, 0.029376686, 0.0026181766, 0.008420427, -0.016319403, -0.004677593, 0.0016548674, 0.03541722, 0.015179568, -0.026413284, 0.007109212, 0.0059255883, 0.004157416, 0.0343047, -0.09745683, -0.0011628862, -0.030426042, -0.007379313, 0.011974164, 0.0257748, -0.023087842, -0.024890697, 0.01628114, -0.021922672, -0.0029053509, -0.017719768, 0.015679536, -0.022321615, -0.027073128, -0.017673457, -0.004674049, -0.015572728, 0.017054051, -0.008613699, 0.005142476, 0.0074993414, -0.016712489, -0.005553791, 0.010975168, -0.0082867285, 0.011914241, 0.02113021, -0.0026023888, 0.007243749, 0.00475268, -0.0024494124, 0.0014035148, 0.020707585, 0.0060822316, -0.0058349445, -0.0022403577, 0.025581848, 0.011594869, -0.011437077, -0.0031443383, -0.0069623576, -0.002923401, -0.017329203, 0.012005664, 0.0030317395, -0.002330604, -0.016891, -0.009863563, 0.004645677, 0.0064509204, -0.008465777, 0.028107183, -0.003451254, -0.013529422, -0.005257846, 0.0049782135, -0.01887797, 0.00027260874, -0.003536319, -0.020575652, 0.0013554916, -0.02608141, -0.0002534263, -0.011273726, -0.028444352, 0.009811439, -0.002785244, -0.009170276, 0.0031702404, 0.019826546, -0.0018096665, -0.00089664315, -0.014626632, -4.9180733e-05, -0.013932372, -0.01862378, 0.014568746, -0.0075740214, -0.000705758, -0.008527998, 0.0038837963, -0.0017110736, 0.10586458, 0.010282532, -0.0038636664, -0.016522348, -0.021772418, -0.00029955374, 0.011444317, -0.016030066, -0.002975032, 0.014650384, -0.006034097, -0.00042314798, 0.0037889075, -0.008956333, -0.008460372, -0.0071865944, 0.007695085, 0.014880996, -0.0072306045, -0.03758522, -0.032794807, 0.007151378, 0.02167469, 0.027817957, -0.013288832, -0.022077227, 0.008335465, 0.01966082, 0.00039386327, 0.0016732262, -0.0031626308, -0.008628445, 0.0006240859, -0.015382336, -0.0031692574, -0.02100827, -0.014772999, 0.01178238, 0.011152187, -0.005723274, -0.012353484, -0.0013131936, 0.017950889, -0.014090739, -0.06904199, 0.19500823, 0.006587285, -0.023825755, -0.034206755, 0.0030455138, -0.0041911667, -0.003534445, -0.021027545, -0.00050677377, 0.008431104, 0.0100360345, 0.018137423, 0.027107487, 0.014501963, -0.00034172903, 0.003360079, 0.027916737, 0.008475063, -0.017412439, -0.0018373083, -0.015112876, 0.011646075, -0.0135867, 0.013631362, -0.019550866, -0.0042958385, -0.00010597346, 0.0025949464, 0.014470223, 0.015939547, -0.011783614, -0.007443777, 0.00027268683, 0.0014827336, 0.01744998, -0.0030020825, -0.007879336, 0.003076803, 0.01568599, 0.0009978593, -0.0042387084, 0.009820345, -0.0073338454, -0.01529927, -0.004037138, -0.005894749, 0.0123855835, 0.009300095, -0.027582759, 0.017334392, 0.015978966, 0.009732942, -0.02721882, 0.00274807, -0.0021345206, 0.0010672186, -0.005665106, -0.017344343, 0.0060472633, -0.016509019, -0.010079143, -0.0069526318, 0.012831282, 0.0081059225, -0.01856204, 0.014633402, -0.013347776]"
INM renueva equipos de revision de biometricos en aeropuertos internacionales ,https://oem.com.mx/elsoldemexico/img/25440281/1756365729/BASE_LANDSCAPE/1200/image.webp,no especificado,El organismo del Gobierno federal asigno tres contratos por 247 millones de pesos ,https://oem.com.mx/elsoldemexico/mexico/inm-renueva-equipos-de-revision-de-biometricos-en-aeropuertos-internacionales-25440011,"[-0.010635974, -0.01515064, 0.0130995335, -0.07807647, 0.0008922634, 0.013477769, 0.012948632, 0.033047043, -0.031013677, 0.024729682, 0.00017058673, 0.01993233, -0.017414324, 0.003106756, 0.12127482, 0.023543488, -0.003532985, -0.006497522, -0.009343996, -0.010357678, 0.0131357815, -0.023373721, -0.016264772, -0.007080447, 0.0036501007, 0.020706305, 0.012056379, -0.02146102, 0.028527712, -0.017171029, -0.015168358, -0.006619049, 0.0051525165, -0.0031127122, 0.005354754, -0.0038454256, 0.023852864, 0.0008153596, -0.01536138, 0.006094412, -0.023374822, 0.018150475, 0.001763572, -0.027856907, -0.0049172356, -0.0335953, 0.038386244, -0.008609121, -0.021453198, -0.0050772335, -0.0077100135, -0.0054931003, -0.008130862, -0.15480627, 0.003448667, -0.007664962, -0.0012485589, 0.023157142, 0.00045771268, -0.0269899, -0.008411806, 0.02056547, -0.02379544, -0.024807135, 0.008023479, -0.0266433, -0.0009676923, 0.0020753948, -0.036523137, -0.024146976, 0.023915974, 0.0052556954, -0.001840447, 0.00021217136, -0.02405723, -0.014983858, 0.009105169, 0.010187454, -0.023427682, -0.015205348, -0.015480546, 0.00068724446, -0.0021232371, -0.015820663, 0.032482542, -0.014375971, 0.0058698314, -0.00069026917, -0.009944529, 0.0019887732, 0.002147865, 0.0045562615, 0.0061605102, -0.021243103, -0.025416093, 0.010310349, -0.0071385317, 0.010944633, -0.0022691067, -0.019404393, -0.012133458, -0.009243555, -0.007616136, -0.00904822, 0.029195214, -0.009876523, 0.0027244012, -0.012932651, 0.006881478, 0.010146347, -0.005771867, -3.711243e-05, -0.009314728, 0.037586696, -0.0095507605, -0.11131268, 0.00512852, 0.013297739, -0.0006926226, 0.023546096, -0.02103024, 0.029535629, 0.014668229, 0.017344693, -0.040056016, -0.010649401, -0.014500241, 0.016582357, -0.0036238118, 0.00021531258, 0.0122047225, 0.0035077117, 0.034628436, 0.01601355, 0.02550315, 0.014846199, -0.0065828194, 0.013485223, -0.0006748236, -0.01268441, 0.00042834313, 0.0017456309, -0.0010909626, -0.033958267, 0.0007470992, -0.025629193, 0.0074269795, 0.012207273, -0.010234844, -0.002972791, 0.028430812, -0.038666185, -0.041223433, 0.011927191, -0.008687768, 0.005667966, -0.009269034, -0.011367107, 0.0036132273, 0.002368022, 0.0033483352, -0.004856356, -0.014119418, 0.009077684, -0.0055168513, 0.04991246, 0.0030795627, 0.01547933, 0.01314646, -0.0075900825, 0.018169252, -0.0029382445, -0.013374845, -0.025094375, -0.018715732, -0.0032119942, -0.021368226, 0.0035573754, 0.014343536, -0.0033946394, 0.0011078086, 0.018252442, 0.008611268, 0.007932723, 0.021271879, -0.01898887, -0.016663456, -0.013890777, -0.016059084, 0.029270472, -0.062013224, -0.012070789, 0.010761332, -0.04244893, -0.023886712, 0.010814935, -0.0050980626, -0.009899006, -0.015736356, -0.004801695, 0.0105070155, -9.050117e-05, 0.0025829568, 0.01476934, -0.0010153388, -0.019463954, 0.0055126497, -0.0096023185, 0.0067301523, 0.019706646, -0.033213794, 0.003857684, 0.00655109, -0.030742804, 0.010756309, -0.0013244334, -0.004696087, -0.00042874395, -0.03172937, -0.004734886, 0.0060770307, 0.004174988, 0.0068281027, 0.026446305, 0.0029279436, -0.013229505, 0.021696499, -0.005596109, -0.021609066, -0.014773954, 0.0056482945, 0.015220429, 0.014594842, 0.016055932, 0.014185234, -0.015920753, 0.01040325, -0.0018057463, 0.02676065, 0.011895123, -0.00022919962, 0.01632362, -0.01376343, -0.006908186, 0.020642657, -0.008708369, -0.00093221694, -0.01139047, -0.004575346, 0.039546233, -0.020421796, -0.0068159485, -0.023856305, -0.00018226204, -0.011103359, 0.014297439, 0.012913835, 0.01329962, -0.024058562, -0.011931546, -0.010014023, 0.005889079, -0.0051850663, 0.019684207, -0.020038579, 0.020512957, 0.032540523, 0.008183169, -0.039192535, -0.006887442, 0.030444698, 0.024865625, 0.01886241, -0.006420078, -0.00033202965, 0.009969305, -0.073870875, -0.0019482384, -0.0011881104, -0.007819282, -0.031953424, 0.01221758, -0.0029091667, 0.005174026, 0.006511839, 0.010070062, -0.0104644615, -0.022452064, 0.0019242429, 0.008757414, 0.022865158, 0.018065952, 0.030924464, -0.03291865, 0.027817594, -0.0178992, -0.007026165, -0.0011553653, 0.00074895774, 0.012454452, -0.0014108602, -0.014570867, 0.009672071, 0.0457926, 0.0022049735, -0.0032512124, 7.542603e-05, -0.0043368097, -0.009782504, -0.006382419, -0.0060574533, 0.011334584, 0.0065753744, 0.010353385, -0.018783078, -0.01455016, 0.008577535, 0.003980122, -0.007614448, 0.015833346, -0.018148415, -0.00922325, 0.013513279, -0.025285592, -0.020805629, -0.000121908684, -0.00064279523, 0.00035309757, 0.01564555, -0.0054676323, -0.011259749, -0.0027781865, -0.018328983, 0.00011435902, -0.005326484, 0.020028215, 0.027208956, 0.0144457305, -0.0025279685, 0.035260268, 0.002625631, 0.012517956, -0.02155348, 0.014738637, -0.028144863, 0.028801901, 0.004313256, -0.00311262, -0.01438639, -0.018851321, 0.0460954, 0.008987351, -0.014999694, 0.009172062, -0.002548852, 0.008177348, -0.0014994253, 0.02094448, -0.0041058534, -0.025376651, -0.015992433, 0.031458095, -0.045611612, -0.006926732, 0.0137035325, -0.029288372, 0.016634298, 0.0005135041, -2.7257522e-05, -0.031369876, -0.0042605493, -0.011536158, 0.008910815, -0.006017621, -0.00024374184, 0.0005352785, -0.0050559556, -6.185972e-05, 0.008225675, 0.040478446, -0.0058658305, -0.009566416, 0.0050433367, 0.030985897, -0.040105145, -0.0031119327, 0.006421989, -0.009747802, -0.0044739097, 0.00025681808, -0.011993937, 0.033560596, -0.013072274, 0.0017682521, -0.035008635, -0.018276067, 0.001985624, -0.0060515204, -0.010010528, 0.0045582596, 0.012104934, -0.02599685, 0.005247986, 0.009730148, 0.018749768, 0.035623334, 0.014648262, 0.009295817, 0.013877129, -0.013438731, 0.014841072, -0.0461771, 0.00781401, -0.013488073, 0.0048458376, 0.01250808, -0.012077569, -0.0009913552, 0.016714303, -0.0032112873, -0.013658041, 0.0038789515, -0.011710084, 0.029063538, -0.00012788856, 0.005984455, -0.01745957, -0.00488409, 0.014744473, -0.024736587, -0.017296012, -0.024756238, -0.010696452, -0.021081004, -0.02204507, 0.0004762138, -0.02986466, 0.0055116024, 0.00031127525, -0.017297272, 0.011431402, 0.012797195, -0.0031043156, 0.007534357, 0.034711115, 0.010774264, -0.024568345, -0.03682032, 0.0053432025, -0.017419623, -0.00770428, 0.02366456, 0.019334717, -0.03470476, -0.023355024, 0.016222104, 0.008834039, -0.0035612164, 0.008890273, 0.014595544, -0.0022429388, 0.008498535, -0.020419175, 0.013582801, -0.0030753266, -0.004706759, 0.009165568, -0.014667471, 0.00865103, -0.019199625, -0.02555268, 0.0031778305, -0.0047958274, 0.032366797, 0.02599549, -0.011354356, -0.040367275, -0.005067752, -0.010983229, 0.0021824646, -0.0068576084, -0.016327424, 0.0056525283, 0.008548483, 0.029914632, 0.026849413, -0.0059528737, 0.024820276, -0.008875684, 0.009364491, 0.020843536, -0.0012887304, -0.022656793, 0.004968594, -0.004973871, -0.02030084, -0.0052679623, -0.021277659, 0.024166932, -0.016171621, 0.026298843, 0.024258554, 0.027444964, 0.010862481, -0.029517947, -0.0087473225, 0.024626946, -0.0055069146, 0.021582754, -0.0049484265, -0.030252941, -0.008868386, 0.020351732, 0.019229729, 0.0026320044, -0.005310834, 0.006605144, 0.014475129, 0.011868323, -8.1787606e-05, -0.0225626, -0.002695382, -0.023113495, 0.008187785, -0.025185524, -0.028992318, -0.024188858, -0.031894006, 0.017140837, 0.010737292, -0.026412142, 0.0025133793, 0.00552222, -0.021084055, 0.006373965, 0.0060855527, 0.006340867, 0.015707381, 0.0133028645, 0.003563406, -0.023130432, -0.019160248, -0.0102623105, -0.02037604, 0.015572645, -0.07563113, 0.0053118137, -0.011891813, -0.01860444, -0.04872324, -0.023842705, 0.016422063, -0.0066369013, 0.014734116, 0.012310334, -0.005826204, 0.012882101, 0.03387653, 0.0007442668, -0.022869548, -0.0226444, 0.017606828, 0.008204967, 0.0034882338, 0.018326722, 0.013644496, 0.008858522, -0.016017837, -0.009017608, 0.015622332, 0.012769637, 0.013049664, 0.016678715, 0.0028972158, 0.02998331, 0.026419519, -0.0124337375, 0.013144115, 0.005295, 0.018265273, -0.0074571855, 0.011809439, 0.023872593, 0.01760189, 0.015889997, 0.022470485, 0.033320267, 0.033515174, -0.02257713, -0.028142212, 0.012214166, 0.0050584013, 0.031465944, 0.018870026, -0.00020618642, -0.020118408, 9.843629e-06, -0.019916054, -0.0051420145, -0.011516534, -0.02380103, -0.02258711, -0.016158199, -0.020545663, 0.028006786, 0.0019787587, 0.00031170846, 0.006840691, 0.0057668416, 0.016396694, 0.011951739, -0.018073969, -0.0014197837, 0.012830432, 0.020717623, -0.0032231258, -0.006745894, 0.010137681, 0.04327331, -0.001169587, 0.013192095, 0.015761198, 0.011317304, 0.0034251446, 0.0028783868, -0.031672277, 0.0051417407, -0.111531, -0.011797993, -0.015818086, -0.008287996, 0.025553774, -0.005751461, 0.02022827, -0.0016656095, 0.01413681, 0.057210553, 0.011813566, 0.021386119, 0.0102007305, -0.02209752, 0.0021974263, -0.0218194, 0.010129617, -0.009792423, -0.027403926, -0.0453407, -0.0071504693, -0.00051807746, 0.037295975, -0.0017325004, -0.015889036, 0.010574931, -0.008690427, -0.022188561, 0.002581038, -0.014422056, -0.014409307, -0.12999444, 0.01815389, 0.024850113, 0.012628764, 0.012640501, -0.0021941327, 0.008509404, -0.019160997, -0.006278398, 0.00013234212, 0.016197605, -0.02135631, -0.041534655, 0.008598648, 0.027049689, 0.10854328, 0.0073674726, -0.014140671, 0.007104656, -0.011987249, -0.012351391, -0.021638965, 0.004993091, 0.016887246, 0.020978322, 0.013600487, 0.009155492, -0.020310825, -0.007732932, 0.008539057, 0.01078748, -0.01406145, -0.012795014, -0.016860118, 0.021229161, 0.024083387, 0.0028112882, 0.012288273, -0.014029849, 0.014897641, -0.015205611, 0.034239545, -0.027614491, -0.012937486, -0.022548225, 0.0063516027, 0.040133175, 0.020988747, -0.017331816, 0.012382083, -0.009522825, -0.09658379, 3.9775347e-05, 0.02309103, 0.013078066, 0.008700356, 0.014120948, 0.019415079, -0.02010495, 0.004662559, -0.009610193, -0.02966909, -0.0033557764, -0.006004755, 0.00947179, -0.021331653, 0.016395587, -0.012470875, 0.005793862, -0.0060489597, 0.0062764776, 0.015858054, -0.00849292, -0.007379723, 0.0071735694, -0.013101752, -0.025683865, 0.0017895587, 0.018169785, 0.0078608915, 0.01130766, -0.018318104, 0.012360065, 0.02504705, -0.020188343, -0.0244855, -0.0034319316, -0.0016500823, -0.021728206, 0.01491256, 0.00968958, -0.00083001103, -0.0012697079, 0.014135349, 0.022348909, 0.014454137, 0.034248702, -0.006859304, -0.045008883, -0.051247176, -0.013331615, -0.011103197, 0.0018697898, -0.005564041, 0.005396169, -0.009666274, -0.0007381236, -0.004163138, 0.0037142644, -0.0034385023, -0.0001625022, 0.00016282995, 0.008924838, -0.008871973, 0.0027358055, 0.020614984, 0.020658627, -0.0066002677, 0.004207867, -0.022221122, 0.020794038, 0.016129304, -0.02480548, 0.0129294535, 0.0033427565, 0.0034225795, -0.0054106116, -0.009914533, -0.010255123, -0.036718465, 0.0046188096, 0.004664553, 0.00046647855, 0.0027148605, -0.00029121348, 0.007640919, 0.0038511236, 0.0002858378, 0.0006999627, -0.006647262, 0.015251726, -0.0040231817, -0.006023011, -0.011656228, -0.012879435, -0.01552896, 0.0026104169, -0.0014931225, 0.0022944512, -0.0073630367, -0.0012784746, -0.01700364, 0.0009810321, 0.006882423, -0.0038763597, -0.019966291, 0.0067308843, 0.017017193, -0.0026734543, -0.009628866, -0.0037850856, -0.0134496745, -0.0012223833, 0.015302007, 0.0073478995, -0.010365357, -0.004363408, -0.021994263, -0.0057664188, 0.003765513, 0.011200354, 0.00041313175, -0.010145201, -0.019732278, -0.0056644916, -0.015673688, 0.010598153, 0.0025201316, -0.00063498365, -0.0019804665, 0.030260947, -0.0011200699, 0.0140530765, 0.006082118, 0.016871538, 0.012876301, -0.0106984, -0.011886308, -0.02153731, -0.003002552, -0.010643046, -0.014751472, 0.010088601, -0.018995149, 0.011005478, 0.018811097, -0.018649254, -0.0010238002, -0.02494984, 0.009094158, 0.008401942, -0.021383906, -0.0011263668, -0.0063412474, 0.0023934878, 0.003941113, 0.018164614, -0.001194795, -0.0034758823, 0.007463353, 0.015096769, -0.0034722271, 0.004093975, -0.0037743526, -0.00731989, -0.009874842, 0.00024379154, 0.008571997, 0.008831192, 0.021591024, -0.022985209, 0.002493473, 0.0026749035, -0.02141905, -0.018363303, -0.0037223955, 0.0014222149, 0.013094752, 0.020319663, -0.0031535865, 0.00053823437, 0.024009606, 0.008291847, 0.0074016144, -0.010355367, 0.008287457, 0.0052552046, 0.017203996, 0.0017016893, 0.0033769235, -0.0025407176, 0.0076193176, -0.000110973735, 0.017403813, 0.0072844834, 0.002683422, -0.004369057, 0.014918124, -0.0009410828, 0.015158591, -0.0028744468, 0.019826867, 0.016102958, 0.013741792, 0.0006023851, -0.009353678, -0.009213893, 0.0071745072, -0.0038208407, -0.017445553, -0.0056902166, 0.006817418, -0.00024192243, -0.012481447, 0.014846837, -0.011752932, 0.010077455, -0.020414855, -0.006136999, -0.007505869, -0.025432333, 0.012574608, -0.004268968, -0.0022965914, -0.014358573, 0.00810526, -0.0063598794, -8.258926e-05, -0.0027232093, 0.0054885563, 0.009049189, 0.008549727, -0.014271854, 0.018368155, 0.011537378, 0.013190953, -0.012920772, 0.014944464, -0.008317654, -0.012646846, -0.038913462, 0.007542383, -0.0142862685, 0.018019909, 0.009359593, 0.006206617, 0.002453604, -0.018400766, 0.00478256, -0.004541091, 0.020638987, 0.00281821, -0.001790516, -0.015372329, 0.017179394, -0.008993883, -0.00592016, 0.0015915866, 0.0073687662, 0.0028539912, 0.071395315, 0.0065715173, -0.012739897, -0.0018807268, -0.013243632, -0.00067933335, 0.0009907213, -0.0032634684, -0.015510926, 0.012066583, -0.010499224, 0.006778595, -0.015592161, -0.0010206839, 0.012225932, 0.0052780453, -0.0122275455, 0.012094962, 0.00087895844, 0.009799006, 0.011394317, 0.013655323, -0.005118413, -0.001575463, 0.0041592373, -0.01684588, 0.017495973, 0.0034419012, -0.0022111915, -0.009173896, -0.0029833536, 0.001281726, -0.0028939967, 0.011179141, -0.011598454, 0.0021200015, 0.0019796484, 0.0053332606, 0.017158434, 0.007840799, -0.0004620783, -0.011353283, 0.002117054, -0.0015651745, 0.010527682, 0.00855323, -0.0031081252, -0.022959575, -0.012560901, -0.008102803, 0.004061749, 0.006198509, -0.014860692, 0.008749368, -0.03216278, -0.00050628727, 0.0057578497, -0.00704865, 0.013317285, -0.019096222, 0.015503681, 0.020538965, 0.0027472065, 0.0055649676, -0.020962443, -0.012145754, 0.0143463155, -0.008257581, -0.008918184, -0.018819893, -0.012786507, -0.0048531247, -0.0114319995, -0.0094736805, 0.027320791, 0.001554926, 0.0059437356, -0.008265576, -0.01926731, -0.010940755, 0.001220935, -0.017524492, -0.0052044606, -0.010990679, -0.0071893604, -0.0056772046, 0.010957936, 1.5234683e-05, 0.016060797, 0.00059964845, 0.010782453, -0.022215407, -0.010265281, 0.022393294, -0.0024237256, 0.007364882, 0.06394344, 0.0057063615, 0.007648315, -0.0020092418, 0.018349199, -0.0049127215, 0.0064167525, -0.008105708, 0.020246953, -0.0014240699, 0.0002611958, 0.008696789, 0.004966883, 0.0004776471, -0.005432963, 0.009826323, 0.005442627, -0.008280983, 0.006762444, -0.0008029042, 0.0042497762, 0.004890824, -0.016791334, 0.0041934364, 0.0022126029, -0.0021231112, -0.016776562, -0.008130297, -0.010884029, -0.005562243, -0.011287827, 0.006969953, -0.00025488588, 0.008394733, -0.0065014362, -0.013388963, -0.017728863, -0.010049769, -0.018309122, 0.01953853, 0.007967151, 0.015266808, -0.025717145, 0.01180782, 0.0044064424, -0.00840936, -0.007364913, 0.017963426, 0.000924, 0.0041776197, 0.012402435, 0.013209304, 0.009555561, -0.01785785, -0.0067236256, -0.00457862, 0.0142090935, -0.005805717, -0.015510983, -0.005270883, 0.0031465823, 0.007166113, 0.012099951, -0.014901683, 0.0015116265, 0.012229481, -0.0009534192, -0.015532528, -0.015663661, -0.0039979266, 0.0008604026, 0.022883303, -0.01546722, -0.0014733755, 0.002278756, 0.004246922, 0.00511875, -0.0072540552, -0.002229247, 0.003467941, -0.012006384, -0.02672702, -0.007962095, -0.004672288, -0.0042639566, 0.0077445996, -0.0029979337, 0.010344252, 0.008522027, -0.008534268, -0.006303072, 0.00043286895, 0.009746979, -0.009391425, -0.027225006, 0.0053842044, 0.0149897775, -0.008594021, 0.008063382, 0.009542146, 0.008899825, -0.024263036, 0.017866036, -0.005384807, 0.01048475, -0.017651068, 0.010356243, -0.0005324031, 0.011511506, -0.034425303, -0.0059986976, 0.015641017, 0.012150414, -0.013030531, 0.0078123356, -0.04062429, 0.010876263, 0.006506165, -0.010316074, 0.0027161867, 0.00023903786, -0.001355111, 0.00766455, -0.011050645, -0.004422227, -0.00989338, -0.0174777, -0.0031039491, -0.010477203, 0.013015377, -0.007729921, 0.0005981467, 0.01007632, -0.0084047355, 0.012382722, -0.0021987462, -0.03444574, -0.0008327282, -0.0033577518, 0.020358032, -0.0017793102, -0.017753866, -0.008754243, -0.010379833, -0.008294697, 0.0046195015, 0.009771162, -0.0015468525, -9.119624e-06, 0.007456392, -0.019482084, -0.008714223, -0.0032301787, -0.007954412, 0.0024867833, -0.009568665, 0.0059543164, -0.0058888406, 0.00025335123, -0.0017570142, 0.0063517536, -0.052013405, 0.019376751, 0.00053039216, 0.007708888, 0.006914018, -0.0064461506, -0.0019733205, -0.02360313, -0.0035082921, -0.00730492, 0.009701253, -0.013250436, 0.0075057815, 0.00078102195, 0.0040777875, -0.0027908182, 0.009456852, 0.005344525, 0.015649881, -0.012480223, 0.007334192, -0.0057487725, -0.0148356, -0.004037516, 0.0050152326, -0.018660925, -0.020197641, -0.015081375, -0.0054441467, -0.019010724, -0.009418192, 0.0019290905, 0.0070180865, -0.0038125024, 0.005780495, -0.001832211, -0.0048148143, -0.0066017276, -0.013181883, 0.0040837615, 0.0059734154, -0.004578814, -0.008037986, 0.014062438, 0.01504959, -0.011572566, -0.0045676692, 0.013142416, 0.0043264804, 0.0077442364, 0.02084307, 0.01949378, -0.006668728, 0.010008666, -0.011358102, -0.012712588, 0.021502595, -0.008211045, 0.0112113245, 0.0063643907, 0.0010063656, 0.000378825, -4.923662e-05, -0.0058066323, -0.017211044, -0.0002469681, -0.0050836927, 0.0024141667, -0.02125587, 0.014211669, 0.007008982, -0.0074386583, -0.0168462, -0.006368893, -0.0013288985, -0.018572671, 0.0068459995, 0.0003502728, -0.014595579, 0.011931184, -0.0034278193, -0.0075943936, 0.004701027, -0.0054298616, -0.0023932015, 0.0054657976, 0.003856774, -0.023046853, -0.019354997, 0.0036391898, 0.013336368, -0.0032201747, 0.008262298, -0.002969171, 0.0026007714, 0.019288054, -0.007877553, 0.0006526194, -0.0032010735, 0.0030226908, -0.0091572, 0.0011649278, -0.014324463, -0.00039021816, -0.024407478, 0.012554838, -0.0029985013, -0.010917542, 0.009953252, 0.0076861195, 0.0030878445, 0.0035661138, 0.008424233, -0.0009405637, 0.00212912, 0.01063938, 0.006454802, -0.016773902, -0.0143390475, 0.012584693, -0.015954768, 0.023508573, 0.009781355, -0.0020908283, -0.022609744, 0.002511703, -0.0063852486, 0.001272565, 0.00044660264, -0.013492863, -0.013664246, -0.0006807639, 0.023352684, -0.008224053, -0.0030781573, 0.0097342385, -0.013252647, -0.029930117, -4.8400147e-05, -0.0052958853, -0.0012026853, 0.017308755, 0.005520324, -0.0023968555, 0.0027746647, -0.0019564743, 0.01905381, 0.00261346, 0.014364485, -0.006426281, 0.003886107, 0.010339695, 0.011427247, 0.011784987, 0.0029120985, 0.0075130872, -0.012383986, 0.0029678496, -0.004076372, 0.0027642564, 0.020526323, 0.010612454, -0.01706204, -0.009860072, 0.00907748, -0.0060144407, 0.0041233907, 0.0011566697, -0.015611982, -0.0035288513, -0.002269865, 0.018743156, -0.009152922, 0.014444274, 0.003824246, -0.004257502, 0.013585064, 0.0052058143, -0.00048471254, 0.007387193, -0.008867865, 0.004154049, 0.007094318, 0.00014732635, -0.006655684, -0.0011025755, -0.0043271477, 0.0017060536, 0.0052327346, -0.036955863, -0.012849737, 0.008000271, -0.01041303, 0.0028590346, 0.002227345, -0.0071425685, -0.013276501, -0.008506319, 0.008515645, 0.010505278, -0.0185149, 0.005687522, 0.005020344, -0.0019806726, -0.0026204851, -0.08497562, -0.007577743, -0.011670187, 0.019780584, 0.020871898, -0.016736005, 0.0034432292, -0.017866489, -0.0064169774, -0.0042351894, 0.010433457, 0.0060217413, 0.005450465, 0.018629111, 0.007859449, 0.015885837, 0.0072607463, -0.017989319, 0.0011080847, 0.0025822928, -0.006753437, 0.011623335, -0.0070548914, 0.0061748344, -0.005853916, 0.010608066, 0.013594304, -0.009013101, 0.012213838, -0.005603261, -0.008364567, 0.0019433125, 0.009271117, -0.015833696, 0.02918002, -8.647623e-05, -0.0176059, -0.0068988213, -0.14137697, 0.022780517, 0.012319011, -0.0047951853, -0.010521231, -0.0036571093, 0.01643078, 0.012196431, -0.020647382, -0.0074405316, 0.019935844, -0.0060795387, -0.005749404, -0.019475846, -0.00406292, 0.002915306, -0.019250318, -0.0011701771, 0.009642561, 0.01726034, 0.0021801747, 0.0016442623, 0.018959502, 0.015975637, -0.0003122695, -0.0052994434, -0.009714667, -0.012649347, -0.005030156, -0.010257224, -0.0014261177, -0.0097757755, -0.010333003, 0.0058451137, 0.018573456, -0.0012834225, 0.0022821878, -0.003515348, 0.009901706, -0.014965759, -0.012174475, -0.015026299, -0.00045855978, -0.004013981, 0.005893299, 0.005787027, -0.01545478, -0.005589263, -0.0038423454, 0.016680792, -0.005839719, 0.027035655, 0.0043158177, -0.008179339, 0.007290916, 0.012605319, 0.0048783324, 0.0031829576, 0.009273268, 0.019564575, -0.003587925, -0.0035522815, 0.01156582, -0.00076191855, 0.025956342, 0.0028107127, 0.0035941873, 0.0061566997, -0.009008705, 0.0049378294, -0.011448705, 0.028531734, 0.013554689, 0.005110993, -0.017309368, -0.015592108, -0.00050433737, -0.004556685, 0.0079808235, 0.004802225, 0.004618709, 0.010697909, -0.006927746, 0.003143622, -0.0031345834, -0.032190166, 0.015411669, -0.0047519524, -0.008528494, -0.038826607, -0.0051885913, -0.003789688, 0.016545929, 0.0070736795, 0.009486901, -0.012931838, -3.1523417e-05, 0.009833909, -0.014325531, -0.015062557, 0.013411166, 0.0042653973, 0.024960937, 0.004707356, -0.010634044, -0.03624663, 0.0029998822, -0.018755123, 0.019085875, -0.019655943, -0.020492936, -0.015058569, 0.019367727, -0.0050939317, 0.015605402, -0.011993794, 0.007766245, 0.003810032, -0.013535132, 0.012044327, 0.0033859294, -0.0027991682, 0.0023291549, 0.01336411, 0.0033387258, 0.018650124, 0.036354434, -0.010305248, 0.0071617956, -0.0008060487, 0.0012188544, -0.012988151, 0.017671632, -0.0009227457, 0.0022934529, -0.0108671235, 0.001187944, 0.0034457885, -0.008552825, 0.0046843435, 0.014838988, -0.007229204, 0.0099143395, 0.011005236, -0.0030024447, 0.00055840274, 0.016183285, -0.022426412, -0.0063242535, -0.0007495652, 0.0053701536, 0.011819016, -0.020337032, 0.0049214466, 0.00071760465, -0.0065241903, -0.004259261, -0.011871324, -0.008366594, 0.0094119, -0.006444877, 0.013842882, -0.0054739323, 0.0061907843, 0.024842013, 0.0055521633, 0.010541319, -0.002553759, 0.009626928, 0.020240381, 0.0039306865, -0.017995931, 0.014778065, 0.014379927, -0.0121246455, -0.0016940592, 0.019183498, 0.0063203173, -0.010136677, 0.019696238, -0.0008092972, -0.001448665, -0.0003926375, -0.005868173, 0.00514975, -0.0114229, 0.005346211, -0.008619748, 0.011373865, -0.0057779984, -0.0022565732, -0.011922803, -0.0013774808, -0.015426262, -0.0040677604, 0.0052289753, -0.011302045, -0.0041980487, -0.0064518396, -0.0047158087, 0.01664177, -0.019935673, 0.007532102, -0.17054795, -0.024802491, 0.0075108865, 0.0019148769, -0.016073084, 0.0062785377, -0.00045904823, 0.0055192453, 0.02183754, -0.013443666, 0.0019253964, 0.033333384, -0.0038544836, -0.028974205, -0.006087312, 0.0027546966, 0.011621169, 0.025272682, -0.0073676207, -0.0010691888, -0.016772969, 0.010017463, -0.030220328, 0.033972606, 0.02176297, -0.02256829, 0.013458447, 0.023179812, -0.016607521, -0.021503417, -0.016502006, 0.010902341, 0.014315972, -0.0013961565, 0.0086680455, -0.009068472, -0.03480509, -0.0071928557, -0.010121259, 0.0052850423, -0.0068250773, 0.017206214, -0.01342837, 0.006495048, 0.019161472, 0.012762246, -0.012861507, -0.014407777, -0.022181945, 0.029127449, 0.0163083, -0.020078812, 0.021626508, -0.001190189, -0.0016144891, -0.028133888, 0.016391419, -0.016224783, 0.006904822, 0.012534219, 0.0009434682, 0.009396362, 0.009510248, 0.019810438, 0.0038851905, 0.010842084, -0.003505839, 0.14052281, -0.03627139, -0.0012286056, -0.0048660617, -0.0051733213, 0.007311969, 0.011665231, 0.0019879774, -0.013340208, -0.020692993, 0.010364965, 0.0197301, 0.007936719, -0.015880106, -0.028269963, 0.0036717933, -0.01003961, -0.00065656163, -0.01652523, -0.018503718, -0.011518932, -0.0238475, -0.006211883, -0.0071023987, 0.032303195, -0.00987083, -0.012141084, 0.021330243, 0.027321605, -0.0043118703, 0.013877973, 0.00034670395, -0.004938271, -0.019888904, -0.010761053, -0.01034444, -0.012169525, -0.018697338, -0.017457776, 0.0057829665, -0.01260792, 0.012616294, -0.016012793, -0.028912565, 0.029904375, 0.0110810725, 0.002334021, -0.012817228, -0.00985123, 0.0015532743, -0.025017826, 7.574644e-05, -0.015269349, 0.0011906946, -0.009475906, -0.016745325, -0.025983473, -0.001490661, 0.008310378, 0.006136904, 0.014845184, 0.0036635061, -0.012791527, 0.013969407, 0.012429234, 0.0012410386, 2.0759455e-05, -0.00805726, -0.0077550304, -0.10670181, 0.0066142916, -0.035154175, -0.0037645746, 0.0029419886, 0.0031764223, -0.010367726, 0.016840715, 0.004757577, -0.00013065118, -0.0175221, 0.0015882789, 0.014202186, 0.0059082787, -0.012754728, 0.0002609957, 0.013664389, 0.019776396, -0.0050664996, -0.008339584, 0.010711528, 0.024742693, 0.005272419, -0.024406642, 0.0024877745, 0.0075469613, 0.003929455, -0.0067818076, -0.008723114, 0.0027245483, -0.005514502, 0.011374279, 0.0032716368, 0.031611256, -0.03034661, 0.009425665, -0.028975008, 0.021429185, -0.010728181, -0.016856322, 0.009592993, -0.012635215, 0.0014872325, -0.0278818, -0.0018202334, -0.00952664, 0.0042048437, 0.004918321, -0.017598992, -0.0006166689, 0.005910452, -0.008070343, 0.017336765, -0.0034358297, -0.036265172, 0.02264345, 0.018951535, -0.011470969, 0.0007830087, 0.005641252, 0.000674332, -0.0009512758, 0.009830771, -0.009282719, 0.013472285, 0.010481159, 0.02128986, -0.017961359, 0.024269205, 0.0017663339, -0.02208045, -0.026836269, 0.020185918, 0.008654839, 0.0071414914, -0.005377065, -0.009926762, 0.027717471, -0.007907783, 0.002804497, -0.009536122, 0.022981636, 0.02854039, 0.018460633, 0.012949537, -0.0043951147, -0.010584014, -0.0032054381, 0.0122339325, 0.023981147, 0.0069209742, -0.015844913, -0.0051939576, -0.005830323, -0.00487559, 0.007752736, -0.0016340307, 0.0022334256, 0.018743541, -0.018175807, 0.010724707, 0.015759083, 0.00092101307, 0.002308423, 0.019896107, 0.008043357, -0.00820357, -0.0037654235, 0.026859604, 0.003545973, -0.01673509, 0.002511096, -0.016564105, 0.024034994, 0.011093079, 0.020341652, 0.013898005, 0.00095137977, -0.00089825026, -0.012722381, 0.023803394, -0.023909511, 0.0137220705, -0.006211881, 0.007731628, 0.02589282, -0.004744581, -0.017088357, 0.004344402, 0.007956394, -0.010671702, -0.0067382585, -0.0033554228, -0.012193712, -0.011333008, -0.010847319, -0.003563668, 0.0074406983, 0.027259422, 0.0003007959, -0.0009605118, 0.036520354, -0.0010163857, 0.0026048915, 0.002759121, -0.013305622, -0.0007178868, -0.010569917, 0.010556462, -0.019701207, 0.015776252, -0.0059841042, -0.011315113, 0.014544562, 0.009947744, 0.0036664102, -0.0076673017, -0.016091328, -0.009307124, -0.011340618, 0.0018704397, 0.0060146768, 0.006290859, -0.015335394, 0.022885311, 0.009368639, -0.00031781042, 0.016979536, -0.017865676, -0.016782178, 0.0032444885, -0.023716427, -0.007399562, 0.0023973358, -0.013583431, 0.0051432797, 0.014632075, 0.011777819, 0.0039129774, -0.060845133, 0.02317869, 0.019308174, -0.010863729, -0.00017304727, -0.01372976, 0.026514031, 0.00041941053, -0.004635757, -0.013861851, 0.007979456, 0.0070324326, 0.0092324, -0.007915941, -0.00057343685, 0.009602527, 0.023980163, 0.0015652792, 0.018650956, 0.009649547, -0.0021154017, 0.020641787, -0.021792479, 0.017996008, -3.4242235e-05, -0.00803587, -0.014521858, 0.008275368, 0.014912415, -0.032548584, -0.00023241146, 0.0007340202, 0.0032756778, -0.0049198424, 0.018751744, -0.016593434, 0.0010675836, 0.0063732774, 0.0082458295, -0.036201254, 0.0043389588, 0.011423653, -0.04566654, 0.004362881, 0.021767508, 0.0048748823, -0.015597517, 0.019063089, -0.006859537, 0.012640178, -0.0062157083, -0.013845641, 0.0018296835, -0.0031464037, -0.0019420458, 0.0002874895, -0.01951411, 0.009248194, -0.023102399, -0.01640627, 0.014506188, 0.009801429, 0.006050903, -0.012719359, -0.00078294595, 0.008015479, -0.00502965, 0.02236118, 0.009135104, 0.01791247, -0.007105667, -0.012545905, 0.014184335, -0.0009558513, 0.010344733, 0.0038062315, 0.0069061248, -0.00975313, 0.0071511976, -0.00020324986, -0.0066948603, 0.018562628, 0.009504446, 0.05974487, 0.0067956885, -0.0070776534, -0.008227017, -0.08362031, -0.0072883046, 0.028835636, -0.0026904482, -0.018990887, 0.0042342674, 0.0049900142, 0.059917334, -0.00047111453, 0.0064147026, -0.02162674, -0.0009700785, 0.013665205, -0.020747745, 0.0043418086, -0.009206664, -0.037958812, 0.004352171, 0.0128596155, -0.014685163, -0.0026547876, -0.022829631, -0.010608913, 0.022976149, 0.014779897, -0.055855464, 0.012392958, -0.010741627, -0.0145758595, 0.013726452, 0.011325186, 0.0136111, 0.00509429, 0.004763389, 0.012403311, 0.023183983, -0.028895581, -0.018639995, 0.0002254006, -0.022985987, 0.01190309, 0.004676801, 0.00062622206, -0.0036824534, 0.0047892323, -0.014397935, -0.010026899, -0.01314072, -0.008120298, -0.014526592, 0.008654449, -0.0041305, -0.0024184636, 0.0010554388, 0.013478841, 0.008847943, -0.010470412, -0.030712593, -0.00080321153, 0.01556833, -0.026269011, -0.0076632253, 0.001346609, 0.026166944, 0.010745721, 0.00985369, -0.030824304, 0.013554543, -0.03088712, 0.0047085965, 0.010965565, 0.027536377, 0.014226969, -0.007435738, -0.0013813537, -0.0055483673, 0.035196368, -0.0049122903, -0.025468178, 0.008194734, 0.0009981411, 0.007385989, 0.00027977081, 0.016214125, -0.0065045813, -0.01843176, -0.008210371, 0.0011042245, 0.031641133, -0.005305623, 0.0007763555, 0.0058293156, 0.015354837, -0.0092039285, 0.012870645, 0.0086425, 0.0015907405, -0.0114178425, -0.011617062, -0.00884078, -0.00036633565, -0.025713645, -0.018525532, -0.014770192, 0.016566481, 0.006608948, 0.011578794, 0.016005324, 0.015894825, 0.0029113397, 0.018920746, -0.011244228, 0.016103046, 0.0022102224, 0.0072997506, -0.013897852, -0.013441516, -0.016867615, 0.019538501, -0.029875327, 0.004835196, -0.012142666, -0.029867535, -0.0024347783, -0.018775044, -0.0023741745, -0.008127815, -0.0049056057, -0.03153606, 0.011729288, 0.008088961, 0.009857271, -0.003552219, 0.0038257514, 0.023696274, -0.015053143, -0.0044507505, 0.0040013166, -0.013366021, -0.0035602008, 0.0009918914, 0.02977356, -0.005559215, -0.012044848, 0.04267158, -0.0031799122, -0.015799772, -0.0070173973, -0.014045594, 0.0042702346, 0.0037121046, 0.001101592, 0.002666681, -0.027892498, -0.038571827, -0.0025350505, -0.028690407, -0.020368446, 0.024254192, 0.00077573396, 0.023675093, 0.0025469516, -0.0129146855, -0.009733244, -0.012039123, -0.02366827, -0.025621234, -0.021483725, 0.014009189, 0.0011729058, -0.027941514, -0.033357695, -0.0023918073, 0.008049841, 0.015052285, -0.012037017, -0.010054871, 0.010001579, -0.013942699, -0.015547241, 0.0067873453, -0.014194526, -0.02420224, 0.026351154, -0.0010809426, -0.0016015981, 0.007397078, -0.014969533, -0.0058203638, 0.02530074, 0.0028408486, -0.0036411597, -0.016149405, 0.0065398747, -0.015686348, 0.0007498663, -0.009520053, -0.0043455004, -0.010889631, -0.0042732484, 0.013583654, -0.005370369, -0.007892487, -0.02713545, 0.014766733, 0.00021350526, -0.021759674, -0.006795125, -0.01677436, 0.010399574, -0.0037750155, 0.0067220423, 0.014993018, 0.012376793, 0.027468601, -0.0033030582, 0.0030086678, 0.005115525, -0.010613039, 0.008307277, 0.03344512, -0.0019137388, 0.018249495, 0.014838665, -0.006402748, -0.025966216, -0.006003351, 0.004746294, 0.03438626, 0.005126919, -0.011477731, -0.009800416, -0.007149334, -0.008812627, 0.0029235617, -0.0029857042, -0.0019816023, 0.0073608784, -0.0071715275, -0.01934975, 0.015482688, 0.009115429, 0.0040257187, -0.006002645, -0.0010059075, -0.025948554, -0.012449126, 0.00073735166, -0.0098030735, -0.011345596, -0.005742163, 0.0082556205, 0.0021086768, 0.004239029, 0.016827758, 0.0060903663, 0.012084246, 0.0060710628, -0.007831303, -0.017092654, 0.0037840693, 0.0011029023, -0.018424667, 0.013031867, -0.035017665, -0.00021435367, 0.010174666, -0.010124933, -0.008805333, 0.00055271806, 0.015507776, -0.01623017, -0.032233577, 0.013656666, -0.026595328, -0.006210312, 0.00464652, -0.005492198, -0.0027475308, 0.011941646, 0.016631521, 0.002550687, 0.010831423, 0.027111655, 0.023474207, -0.010715924, 0.028241359, -0.02623184, -0.010642759, -0.011329595, -0.0057949414, 0.004635043, 0.014221644, -0.0031522673, -0.02937371, -0.011723957, -0.0064185946, -0.022064617, 0.0017205443, -0.015613754, 0.0016726847, -0.017014667, -0.009514903, -0.0034375968, 0.022354338, 0.01087026, 0.0036732838, 0.010039218, 0.011217577, 0.012075006, -0.01515347, 0.0022074184, 0.0044584093, 0.012562491, -0.030933209, -0.012125134, -0.010062086, -0.0073451316, 0.01044159, -0.0019623302, -0.0012459422, -0.00788064, 0.0063372017, -0.0069822096, 0.0023632452, -0.0150243, 0.017540576, 0.010810719, -0.0012166257, 0.012487185, -0.018781459, -0.01229164, -0.023817351, -0.018770322, 0.019381026, -0.016366431, 0.010182726, -0.004581559, -0.0132833095, 0.0181583, -0.02069481, 0.016671482, -0.0005045305, -0.020596392, -0.009157085, 0.0183182, 0.01415859, 0.0063182604, 0.015976176, -0.0046566245, 0.0022359781, 0.0011015695, -0.019866003, -0.015393742, 0.014719535, 0.004503369, -0.0005859916, 0.0019631144, -0.002355361, -0.036812555, -0.012445967, -0.018229341, 0.008474794, 0.02489794, -0.0030927302, 5.9851987e-05, -0.013826146, -0.014127278, 0.020444294, 0.013738086, 0.011709632, 0.0041230796, -0.008604041, -0.010657617, 0.0021202336, -0.0041210614, -0.0017453274, 0.0046205735, -0.015265483, 0.009009421, -0.022678562, 0.011164108, -0.005301849, 0.0083200885, 0.007673227, 0.028634395, 0.012561167, 0.017866377, 0.007226306, -0.007949943, 0.018173153, -0.0024050479, -0.018796755, -0.011844806, -0.0024288853, 0.00014031222, -0.0044213654, -0.016882988, 0.009388361, 0.02219265, 0.021114727, -0.007345929, 0.0067704516, 0.021381304, 0.0022476707, 0.0012118933, 0.025288278, 0.010744011, 0.01735907, -0.015517685, -0.0089988215, 0.017476259, 0.019520136, 0.00131535, 0.0042265677, 0.015580652, 0.008239956, -0.009760775, 0.012327472, -0.011308399, -0.007957636, 0.009088745, -0.0020133196, 0.013034982, -0.0013356314, 0.0036077395, 0.0010970174, -0.024523666, 0.00013479104, 0.0027719464, 0.006868687, -0.006820896, 0.009864571, 0.0004440025, 0.0020129706, 0.0104943495, -0.003589916, 0.012747885, 0.0068433345, -0.0029403798, 0.022116093, 0.021103466, 0.0035418954, 0.005243538, 0.007199361, 0.004908233, -0.013649994, 0.009021787, 0.0049203476, 0.0102239065, 0.0025810483, -0.0025188331, -0.0019339154, -0.013104681, -0.010118411, -0.008671283, 0.011293547, 0.007631517, -0.0029868956, 0.02235067, -0.020503268, 0.01710528, 0.021170666, -0.007143542, -0.029658679, -0.025045298, -0.024522124, -0.015852999, -0.01619312, 0.0050627007, -0.021561544, -0.0010199678, -0.04525721, 0.002832422, -0.011455781, 0.015213691, -0.007894242, -0.011309111, 0.025612403, -0.024674712, 0.033383124, -0.021037277, -0.0170424, -0.004162867, 0.010539128, -0.0078116367, -0.015883218, 0.0013524068, -0.014265349, -0.021114068, -0.012367176, -0.003998869, 0.010838655, -0.021368612, -0.0027610282, 0.00069069955, 0.018870452, -0.0030155792, -0.008915199, 0.0031611584, -0.015723472, 0.0022631327, 0.011224993, -0.013389494, 0.01182709, -0.019623999, 0.015629452, 0.0065161283, 0.00076028967, -0.011921158, -0.011230274, 0.00048134642, -0.00885235, -0.019700931, -0.0024060553, -0.0037099842, -0.0028306746, -0.0021813863, -0.017311724, 0.007421108, -0.023290737, 0.000545053, 0.003750231, -0.008810012, -0.007720688, 0.0036883685, 0.015229693, -0.022811018, -0.0116065135, -0.005794015, 0.025095517, 0.023493253, -0.022329979, -0.0066211624, -0.011285315, 0.017359337, 0.004939789, -0.0036720065, 0.0094586285, -0.023352688, 0.0107170185, -0.0005528044, -0.0017321688, 0.029544007, 0.03624229, -0.016668614, -0.018429186, -0.013968492, -0.01891032, -0.009266748, 0.012590514, -0.0147732785, 0.008295241, -0.0042376216, 0.00010328937, -0.026556266, -0.020019, -0.00826921, 0.012311023, -0.011128022, -0.00054644415, 0.011501651, 0.0072751977, -0.0023879036, -0.0036105793, 0.0036265561, 0.021570165, -0.020836398, 0.009902434, 0.0068964367, -0.035365112, 0.0160431, 0.034524698, -0.0057190564, 0.007498235, -0.022131993, -0.003221157, 0.03235514, 0.019093359, 0.0060440768, 0.012941308, -0.02876905, -0.004928688, 0.010526571, -0.010767726, 0.009878961, -0.015487961, 0.00941242, -0.005042151, -0.015163573, 0.0068103396, -0.013882988, 0.0045807282, 0.0037608661, -0.0073087467, 0.002253715, -0.0054128473, 0.013309908, 0.023160994, -0.016907819, 0.021648588, -0.032672863, 0.008849271, -0.002742057, -0.024586128, -0.010066032, 0.012274293, 0.016006397, 0.030997584, -0.011607677, 0.017840926, 0.045083664, -0.010047089, 0.00045948272, -0.0007346385, 0.010505585, 0.024486598, -0.017224502, 0.0223145, 0.0016755654, 0.011099738, 0.014222159, -0.005020343, 0.019695954, -0.017395528, -4.1587893e-05, 0.015475778, -0.010445482, -0.008221082, -0.010935598, -0.025141094, 0.01816356, -0.0029113751, -0.00025518175, 0.00662575, 0.004205294, -0.00795112, 0.009870501, -0.0016672801, 0.0028646975, -0.0041550733, 0.0024138698, 0.013118532, 0.02648936, 0.004389785, -0.005058178, 0.0016705072, 0.008315332, 0.014332994, 0.0126974825, 0.016302772, -0.006547709, -0.008709446, -0.008936231, 0.00497961, 0.010605987, 0.018955672, 0.0035025186, 0.035634983, 0.001557398, 0.0069428417, -0.004472076, -0.0033312065, 0.009385285, -0.0048541357, 0.010357506, -0.010535623, 0.0022062974, 0.020098312, -0.011552596, 0.0050484086, 0.006114876, 0.0007251693, -0.012649421, 0.008959045, -0.00012891873, 0.015363481, 0.019679688, 0.023878885, -0.017189791, -0.025430853, 0.029460993, 0.009417636, -0.00074750505, 0.0066771545, -0.006912681, 0.15793304, 0.12145688, -0.0063370666, -0.02547936, -0.018816805, 0.0049889577, -0.031461462, 0.0044975206, -0.0011099786, -0.00039574326, -0.025322001, 0.0033321553, -0.018552093, -0.002924689, 0.009304135, 0.014297286, -0.008282688, 0.0056700907, 0.0021152995, 0.016311279, -0.0094561055, 0.008128774, 0.0031769022, 0.012081693, -0.03361593, 0.01577871, -0.0061988095, 0.016627833, -0.0027928243, -0.00262983, -0.015234094, 0.003559363, -0.015213836, -0.0015547527, 0.024568439, 0.0044807694, 0.0023621442, 0.011742174, -0.0077625704, 0.004719531, -0.018900448, -0.006089589, 0.011654411, 0.0027370641, 0.012076801, -0.0051115924, -0.0023203988, -0.00020444448, -0.0032842823, 0.011689607, -0.025757255, 0.0130895125, 0.015970796, 0.0074114683, 0.0020683026, -0.0043408857, 0.016292615, -0.013616717, -0.005167859, -0.009158236, 0.031722143, 0.00091740757, -0.010319072, 0.027245073, 0.01013375, 0.027654389, -0.011721059, 0.012305214, -0.006011829, -0.01766023, 0.0025999947, 0.014870477, 0.0153075475, -0.012697219, -0.023962863, 0.014128013, -0.0019096344, 0.0006557573, -0.009081942, 0.025988443, 0.014785375, 0.01229552, -0.026236767, -0.0060185734, 0.0014957995, -0.018386187, 0.015303769, 0.016937222, 0.09887609, -0.0023481238, -0.00852363, -0.027278023, 0.012803716, 0.016023755, 0.006483753, 0.061411407, 0.0017090916, -0.029138664, -0.0047941855, -0.003788396, 0.013748072, -0.019881396, 0.012242187, 0.01076908, 0.012530413, 0.020892274, 0.030427821, 0.0016012896, -0.019647857, -0.012139124, -0.021659814, -0.0039979317, -0.0019024587, -0.0122697465, -0.0044990615, -0.014339023, -0.011519411, 0.009716498, -0.12707788, -0.017233172, -0.009683381, -0.0036082931, 0.0022757777, 0.03648059, -0.015463652, -0.004091787, 0.0077655814, -0.013898936, 0.016523888, 0.0010583549, 0.016095098, 0.010741627, -0.0072422214, -0.0030919125, -0.0040274365, -0.0052608894, 0.022591412, -0.004382701, 0.030533237, 0.005176191, -0.011420194, 0.017803997, 0.004928058, 0.027163478, 0.011129446, 0.0148910815, 0.01948369, 0.008515679, 0.009662409, 0.0008088566, -0.0023360387, 0.014705189, -0.007295462, 0.014407997, 0.0008960608, 0.017123908, 0.016832024, 0.021662598, 0.020698112, -0.011785351, -0.0030623877, -0.01559092, 0.009776899, 0.0071564587, 0.015521589, -0.014503959, -0.00097472937, -0.020426348, 0.0011535491, -0.016830686, 0.022292638, -0.019235613, -0.01210828, 0.01592549, 0.0112467855, -0.027554478, -0.0030988767, 0.0076022083, 0.0166596, 0.005195052, -0.011815044, 0.008380261, -0.0037016848, -0.010175241, 0.012698067, 0.011521221, 0.015212117, -0.005297265, -0.015837219, 0.0009342106, 0.0014919431, -0.008272651, 0.011319836, -0.008046494, -0.039984085, -0.007114787, 0.014550981, 0.027286747, 0.017134981, 0.0047146664, -0.007866991, 0.11557915, -0.0030671803, 0.0045013223, -0.0030186097, -0.013616745, 0.01555774, -0.009284281, -0.017117206, 0.0063913097, -0.00053357286, -0.012320861, 0.003993224, 0.0010555872, -0.009448885, -0.008059456, 0.017366547, 0.024847886, -0.004220527, 0.010044943, -0.021757346, -0.028571663, -0.019728415, 0.017602092, -0.0169851, -0.00031019375, 0.011169392, -0.002679962, -0.0022272754, -0.008962751, -0.0039900537, 0.021672437, -0.023831962, 0.021816244, 0.009024405, -0.012656199, -0.003672918, -0.00090320373, 0.006838971, 0.0078253, -0.014154242, -0.012495461, 0.013577694, 0.012605008, 0.02535112, -0.03670181, 0.18528058, 0.0021160261, -0.009777243, -0.020674905, 0.0058097094, 0.010799598, -0.009850838, -0.01444322, -0.009073626, 0.008459003, 0.016050214, 0.0064847036, -0.0035147995, 0.033028208, -0.025003856, -0.012022975, 0.01858728, 0.0009518571, -0.0025836457, -0.017036697, -0.002121604, -0.0051306435, -0.0012935429, 0.0014484565, 0.0002267945, -0.014774741, 0.007845867, 0.0135009745, 0.010601624, -0.016641526, 0.0014090673, -0.0108446255, 0.010144229, -0.01632794, 0.0044388054, 0.010531289, -0.006806988, -0.003147066, -0.012961558, 0.0047776, -0.011938151, 0.019581832, -0.0035065245, 0.0004146431, -0.01096112, -0.011118436, 0.00091989985, 0.007928227, 0.0019658234, -0.016462235, 0.0072827474, -0.0016330571, 0.019236637, 0.0058575612, 0.00042207097, 0.0051704557, -0.028660659, -0.0030803788, -0.03188194, -0.014982485, -0.019874673, -0.00014382943, -6.624887e-05, 0.014619958, 0.003608636, -0.004079588, -0.028700288]"
Norona y Alejandro Moreno acaban a golpes en sesion de la Comision Permanente,https://oem.com.mx/elsoldemexico/img/25438768/1756313148/BASE_LANDSCAPE/1200/image.webp,no especificado,El priista acuso al presidente del Senado de empujarlo y lo llamo “cobarde” y “patan”; Norona ordeno entonar el Himno Nacional antes del enfrentamiento,https://oem.com.mx/elsoldemexico/mexico/norona-y-alejandro-moreno-acaban-a-golpes-en-sesion-de-la-comision-permanente-25438740,"[0.021149397, -0.00060286623, 0.010280514, -0.073011965, -0.024552327, 0.03707133, 0.008661793, 0.021471279, -0.044547353, -0.0014367962, -0.030311737, 0.002475242, -0.025819026, -0.0121418135, 0.12149941, 0.010706667, -0.028567601, -0.013016358, 0.031217072, 0.020393424, 0.00947491, -0.03677019, -0.006864914, 0.005053221, 0.015014986, 0.0155691495, -0.009427188, -0.0018045093, 0.02681309, 0.016676437, 0.005891531, 0.023849944, 0.0035537519, -0.024495745, 0.01099514, -0.0040180027, -0.015561271, -0.011244411, -0.004699136, 0.02371365, -0.013286308, 0.022478992, 0.022340745, 0.013593704, 0.015007437, -0.0073632076, 0.04176467, -0.016655674, 0.03283345, 0.032443292, -0.0024066297, 0.0060286946, -0.00023128407, -0.15564638, -0.020738527, 0.01920887, -0.010906368, 0.008369368, -0.009567339, -0.012204901, 0.0043799737, 0.005295893, -0.034412716, -0.014917112, 0.0040269713, -0.0137962, -0.0035790526, 0.005484662, -0.038686026, -0.04813869, 0.032637186, 0.024859464, -0.009331047, 0.016460812, -0.0054315636, 0.03784342, 0.0086119585, 0.013632158, -0.035322953, -0.015540105, -0.0041002557, 0.008328333, 0.008403663, 0.011995323, -0.02999869, -0.010489632, 0.033191342, -0.028345378, -0.009297895, 0.02041718, -0.01905527, 0.016602317, -0.0022522178, -0.0156114865, -0.0073067863, 0.0026979004, -0.021308254, -0.01466616, -0.022403995, -0.015448513, -0.019478735, 0.027298793, 0.005914917, -0.027455533, 0.018065827, -0.011541913, 0.033037763, 0.01769412, -0.0017745261, 0.023669103, 0.0066514667, 0.007112484, -0.012813369, 0.012685535, 0.009103943, -0.1266474, -0.012370428, 0.014528838, -0.008632678, 0.007265957, 0.016183008, 0.0032504408, 0.011764762, 0.010110412, -0.025663326, -0.014553224, -0.017624281, 0.023250453, -0.022580765, -0.00805319, 0.007949656, 0.002613992, 0.0038887605, 0.0052735847, 0.015204976, 0.04167319, 0.0031871833, -0.0017885413, 0.0040787575, -0.028209085, 0.000524302, 0.00055832864, 0.007903971, -0.009002608, 0.0023022776, -0.015282129, -3.3840908e-05, -0.0021416731, -0.004020248, -0.016291274, -0.02010751, -0.05974108, -0.023183672, 0.009177773, -0.012464736, -0.033135906, 0.016363332, -0.0067220083, 0.007488398, -0.0032195542, -0.0025992708, -0.0066443696, 0.009947974, 0.00497251, 0.004901525, 0.0040551857, -0.023871064, 0.011259879, -0.020455796, 0.028795248, 0.010900581, 0.012758502, -0.016094366, 0.032947667, -0.008123299, 0.008831229, 0.0013782106, 0.01291851, 0.0065626143, 0.008787125, -3.907966e-05, 0.016293801, 0.037775654, 0.035912458, 0.013919572, 0.0007877618, -0.010673773, 0.013201623, 0.016200103, -0.012711651, -0.018264921, -0.014734195, 0.007518134, -0.0134717915, -0.0071629104, -0.014584715, -0.020244014, 0.017822286, -0.0045342366, 0.013098312, 0.0038139373, 0.016582692, -0.013957763, -0.01830037, -0.0058500404, 0.000581435, 0.012508425, 0.015504494, 0.020322232, 0.00907684, 0.018651664, 0.017386943, 0.009436328, -0.012749972, 0.032895282, 0.011817933, -0.014986894, 0.011612627, -0.00018247784, 0.0053620045, 0.03283833, -0.019244418, 0.013619069, -0.0004938157, -0.003978007, -0.013966096, 0.005783088, 0.010934758, -0.007881104, 0.020717116, 0.01997256, -0.019123172, -0.0107914, 0.02549102, 0.0126384, -0.0066821496, -0.012471823, -0.014899698, -0.004465859, 0.038508907, 0.0025621324, 0.004957003, 0.007896077, 0.0065718773, -0.001881261, -0.0021313329, -0.008413976, -0.0019088703, -0.01952358, 0.008073244, 0.021053065, 0.011616744, 0.0084336195, 0.006032383, -0.033384413, 0.0126224, -0.012195788, -0.0005462529, 0.014724049, -0.02363522, -0.0051360875, 0.007989567, 0.014669023, -0.0113597065, -0.00920603, 0.030545747, 0.003073813, 0.010512355, -0.014031898, 0.016323872, 0.017718961, 0.035117615, 0.00516978, -0.0096076345, -0.0012136435, 0.009326188, -0.055024862, 0.019176107, 0.015005767, -0.004477126, -0.012947561, 0.0006271872, -0.01956803, -0.019890744, -0.0037323546, 0.0009971687, 0.008992065, -0.017347815, -0.030505238, -0.007861248, -0.015645476, 0.0013961365, 0.020615505, 0.00089795236, 0.004768783, -0.005482151, -0.001426778, 0.02177643, -0.008429318, 0.011112361, -0.01887877, 0.020164758, 0.007118457, 0.042671893, 0.012001257, -0.022737253, -0.025220547, -0.020929135, -0.011336545, 0.012278654, 0.0047155605, -0.009312579, -0.014282159, 0.009749031, -0.011448309, -0.005179094, -0.010131763, -0.024197387, -0.010144126, 0.0028331052, -0.016741602, -0.017853346, 0.025913883, -0.011679007, 0.001658513, -0.004148139, -0.00845769, 0.0029659478, 0.008853589, 0.01858571, -0.007148741, -0.0032713744, 0.0071664834, 0.018038701, -0.014976183, 0.005341074, -0.007957543, 0.011939682, 0.009707409, 0.015465892, -0.023758784, -0.0016375657, 0.017035538, -0.0021954225, -0.026638456, 0.022901004, -0.0070811748, -0.038068827, 0.008171451, -0.041867558, 0.0096642645, -0.016897717, 0.019097948, 0.00521992, -0.026290717, 0.023049664, -0.014541635, -0.0030884237, -0.0038565623, 0.025697367, 0.037964437, 0.022290109, 0.008597861, 0.019369919, -0.021312883, 0.008823325, -0.0031842953, -0.006747043, -0.027631575, -0.00092943455, -0.013217738, 0.0011354301, 0.0033357854, -0.011502642, 0.0030202104, 0.011867716, -0.007804746, -0.021380857, 0.004561474, -0.00088816695, -0.0009720234, -0.044644706, 0.037335996, 0.022642417, -0.0017076349, 0.008108772, -0.009545629, 0.010412232, 0.002256404, -0.020237802, -0.018355845, 0.023419796, -0.01151638, 0.00028850677, -0.026724912, -0.0024111865, -0.006569694, 0.014492783, -0.011277255, 0.04051128, -0.0074841743, -0.0044407435, 0.008602482, -0.029847438, -0.0005084925, 0.002411855, -0.027281903, -0.011314203, 0.04237905, -0.02172897, 0.015380683, -0.018296367, 0.004126281, -0.013199752, -0.015213089, 0.0020636248, -0.007122669, -0.032934677, -0.0013238718, -0.0014933841, -0.007465335, 0.016129568, -0.026098775, -0.019186988, 0.0051043364, -0.020471498, -0.018860137, 0.0032617084, -0.0030091275, -0.02046302, 0.004486429, -0.022158097, -0.015819062, 0.0017627673, 0.017524114, -0.022445787, -0.034805115, 0.008089885, -0.0044103987, -0.0061949645, -0.0157086, 0.001042235, -0.021281183, 0.03753939, 0.034148585, 0.02715548, -0.026618006, 0.0031210089, 0.01326902, -0.006578376, 0.029613346, -0.010744045, 0.0377805, -0.0064326054, -0.019274238, 0.027200645, 0.026012704, -0.004933238, 0.005728972, -0.026347617, 0.0098274015, -0.03523829, 0.0227007, 0.015707424, -0.025499264, 0.005049255, 0.00652476, -0.01439461, 0.01663701, 0.01586774, -0.039619982, 0.0069272383, 0.014991044, 0.0410928, 0.030701606, 0.005062234, -0.03422682, 0.015813116, 0.0008540383, 0.033116184, 0.02869586, -0.01670882, -0.032284822, -0.023535369, 0.028907964, 0.012516658, -0.0033008696, 0.028633479, -0.0014830224, -0.01729934, 0.009212177, -0.0033386906, 0.020147605, -0.029527223, -0.02914199, -0.0057430435, 0.0010840909, -0.025310636, -0.008415644, -0.018535573, -0.0010517722, 0.016426874, -0.0075437296, -0.024200791, -0.012593324, 0.022812463, 0.001949419, 0.018827308, 0.02895942, -0.0037305073, -0.004615344, -0.010732165, 0.032986876, 0.0046864916, -0.006152281, 0.025076168, 0.0027354662, 0.024118643, -0.024648577, 0.012986997, -0.020594591, 0.021133715, -0.03310584, 0.012564954, -0.008671926, 0.009110585, -0.011332028, -0.017001, 0.017284794, -0.00049960846, -0.0096171, 0.028333988, 0.00805449, -0.024127042, -0.0142942425, 0.008590757, -0.007860386, 0.030528907, -0.021403572, -0.025318196, -0.0048294896, 0.011713318, -0.008516233, -0.009664805, 0.013624402, -0.07361144, -0.025933754, -0.014378846, -0.012207782, -0.0147593655, -0.032653276, 0.032900766, -0.0312726, -0.0032366244, 0.022617163, 0.014841138, -0.010073706, -0.011462036, 0.013869513, -0.012138525, -0.034406386, -0.0028025627, -0.0011723432, 0.014767889, 0.015093446, -0.020703658, 0.01980096, -0.002289613, 0.013702376, -0.0076747425, -0.0022934305, -0.004722568, -0.010360814, 0.0031005235, 0.01587938, 0.00012891158, 0.0018708158, -0.0009520422, 0.011101366, 0.030992577, -0.008452408, -0.025224986, -0.004630216, -0.026574666, 0.014445693, 0.028503235, 0.018759387, 0.010658238, 0.0053402125, -0.028815744, 0.028530134, 0.0065965694, 0.029037623, -0.0104368, -0.018798845, 0.012574095, -0.021302395, -0.0034521825, -0.025267243, -0.004561588, -0.012942995, -0.0015171804, -0.025269624, 0.0021795454, 0.022636605, 0.03823461, 0.0032435851, 0.02798178, 0.0021605769, 0.019339116, 0.008237747, -0.010942147, 0.003563796, -0.0063216556, -0.00054831686, -0.021732373, -0.011741162, 0.006451334, 0.026951872, 0.023215922, 0.02470841, 0.02458121, 0.016517263, 0.0078085815, 0.0014283666, -0.031667527, 0.015882362, -0.09382466, -0.012676774, -0.0040326277, -0.010764165, 0.009139753, 0.022851313, -0.005398637, -0.008093598, -0.00719208, 0.02295135, -0.023312548, 0.002817156, -0.0070072697, -0.007695162, -0.047179807, 0.004411598, 0.014210153, -0.022713182, 0.0013025965, -0.009707539, -0.008303288, -0.03161293, -0.014331952, -0.015200397, 0.032418624, -0.017446475, -0.0078027393, -0.020282162, 0.00987455, 0.00019024155, -0.03637715, -0.15257871, -0.027012527, -0.0016026241, 0.010102129, -0.0028494843, 0.01420735, 0.015736245, 0.0037225513, -0.0022640117, 0.012219702, -0.013226228, 0.0051925243, -0.007006447, 0.010984162, -0.01482777, 0.124570474, 0.021472719, -0.008672547, 0.029358923, -0.019781454, 0.012363292, -0.010117614, 0.02040102, 0.018368486, -0.00502701, 0.01829819, 0.010396862, -0.042290904, 0.007429214, -0.00020199147, 0.013672368, 0.005501599, 0.006026812, -0.00044319517, -0.010669446, 0.008487125, 0.023394445, -0.018595356, -0.0008840783, -0.010510984, 0.010154841, -0.0051135886, 1.8234969e-05, 0.0047640917, 0.0039189616, -0.013190788, 0.023456989, 0.00026718125, -0.00035378867, 0.011208528, 0.0076464326, -0.04726925, 0.025373403, 0.03179885, 0.004965627, -0.022281265, -0.008032257, -0.018766029, -0.020273188, 0.0032344488, -0.0065656593, 0.012310067, 0.01783624, 0.010918567, -0.014751869, 0.004961499, 0.036147304, 0.007818214, 0.0005305633, -0.0020667033, 0.015708745, -0.02689308, 0.00517929, -0.029705286, -0.008214228, -0.02637105, -0.014084045, -0.0077192704, -0.01914307, 0.010367306, -0.01989918, 0.0031419653, 0.011085532, 0.0040801456, -0.010325174, -0.0121206315, 0.0010761906, -0.006948761, -0.0070714424, 0.031632677, 0.011611833, 0.023813115, 0.0027443415, -0.024268605, 0.021571774, -0.015009982, 0.019983372, -0.019559696, -0.009035448, 0.005898426, 0.001086207, -0.002566503, -0.003518326, -0.001971914, -0.016309565, 0.00178244, -0.0033902137, -0.0074223992, 0.0296591, 0.0045720288, -0.005044983, -0.00016911553, -0.005364761, -0.0058141476, 0.012395288, 0.015197939, 0.013455532, -0.0037219855, 0.006172774, -0.031810764, -0.0013439792, 0.004289323, -0.015306285, 0.0033867378, 0.008336778, -0.014673265, -0.001131932, -0.0067932406, -0.0022776383, -0.06807165, 0.01831042, 0.012237169, 0.020447547, 0.008267197, -0.009547706, -0.002483438, 0.0070366547, 0.0020580473, -0.0076425066, 0.0032422454, 0.008911904, -0.008647516, 0.008240935, -0.009394127, 0.0016258707, -0.015221608, 0.0029908589, 0.015577864, 0.0033794953, -0.0010541101, 0.0007361817, -0.007599719, 0.018489935, 0.022029841, -0.007228218, -0.0005744882, 0.030872408, 0.01772152, -0.006643572, 0.020974075, 0.0052291607, -0.01562927, 0.013254432, 0.008504154, 0.005745406, -0.014370868, 0.012067799, 0.000113645896, -0.006854711, 0.014730676, 0.012679931, -0.010235143, -0.013379482, 0.0048587285, -0.00091844547, 0.012288647, -0.011587625, -0.009352442, 0.0023747769, -0.0015601024, 0.0012977851, 0.004033086, 0.001226757, 0.014653141, 0.010590264, 0.013704026, -0.011712062, -0.0114593115, -0.0055542504, -0.010435412, -0.01453214, -0.020227041, 0.03295474, -0.022641055, 0.0027442253, -0.013821032, 0.013500606, -0.009959819, -0.00824107, 0.0022565152, 0.015346577, -0.0014403266, 0.011124062, -0.00798946, -0.012867432, 0.0101471525, 0.0033841187, 0.007029837, -0.0016668524, 0.015961993, 0.0014211312, -0.0005642961, 0.007090319, -0.0015904722, -0.0019037835, -0.009058079, -0.0035561558, -0.019953627, 0.009409238, -0.0058021946, -0.0039650095, 0.0033139994, 0.0038265686, -0.012441688, -0.012643049, -0.019309593, 0.010412043, 2.1505168e-05, -0.004112698, 0.0049306774, -0.00447016, -0.007377569, 0.0032396822, 0.011641899, -0.0024536597, 0.014994954, 0.00727114, 0.00046882097, -0.0021079867, -0.0061580506, -0.0031082751, -0.0135179, 0.031192074, 0.017936591, 0.006349373, -0.010824729, -0.0010962326, -0.012054097, 0.004388763, 0.0059884405, 0.0043685897, 0.01365703, 0.014103274, 0.01909577, -0.016356358, -0.013242445, -0.017349463, 0.017873239, -0.018881274, -0.018655838, 0.00631527, -0.009778749, -0.017826688, -0.013876179, 0.00021565626, -0.001546928, 0.011020127, -0.0038282648, 0.014679285, 0.0047340035, -0.013024354, 0.02166208, 0.0016690622, -0.021795243, -0.009192615, 0.01125071, 0.0070356717, 0.010581728, -0.008255445, -0.013500951, 0.0077967416, -0.00077909546, -0.005253305, 0.007739914, 0.002181481, -0.014883309, -0.0007496039, 0.010588585, -0.0043040616, -0.021660233, -0.012342875, 0.011463728, 0.012999347, -0.0061594993, -0.00013808091, 0.0021640111, 0.02046262, -0.022304984, -0.0011187365, 0.021417206, -0.0030910384, -0.01768728, -0.0021602379, -0.01950854, 0.026816944, -0.015217603, -0.0021303499, -0.0011166554, 0.011440816, -0.0023464032, 0.08080542, 0.0031790799, 0.00869476, 0.012844052, -0.009132461, 0.01524346, 0.0038793802, -0.007925706, 0.015304367, 0.008641496, -0.0063630743, 0.00033131373, 0.0029732964, -0.010664126, 0.00061902986, 0.013562394, -0.00547004, -0.016374154, 0.0022352017, 0.00063809205, 0.0112287095, 0.00859236, -0.01645511, -0.006926292, 0.0014779347, -0.011050139, -0.014814883, 0.0022222993, 0.021388095, -0.018350655, 0.006733212, 0.0076684565, 0.0076615307, -0.014876676, -0.02482382, 0.0025807945, -0.014379006, -0.00048480293, 0.007098615, 0.005398245, -0.0011373952, -0.004577585, 0.019002382, -0.025761316, -0.0048076827, 0.01031649, -0.019478869, -0.00017294305, -0.0071691037, 0.011592049, 0.00907363, 0.0078390045, 0.009428459, -0.014550901, -0.0027614266, 0.01582278, -0.00973747, 0.0005934504, 0.023703424, -0.020474415, 0.011237353, 0.021356061, 0.0020264238, -0.0038327128, -0.0044597145, 0.0051563065, -0.0100054, -0.015294168, 0.004484091, -0.0037713123, -0.012689029, 0.008964656, 0.00884515, -0.0056034923, 0.025021186, -0.009974174, -0.011302513, -0.02346277, -0.004741462, -0.017023366, 0.021805264, 0.0034704497, -0.008654482, -0.006494972, 0.00058415777, -0.017399555, -0.013811901, -0.0035926274, 0.012567396, 0.0011131358, 0.018993076, -0.0052927793, -0.00028745463, 0.0028747327, -0.012655986, 0.00592593, 0.054673012, -0.017887834, -0.019829793, -0.003865547, 0.01157256, 0.0063789864, 0.008753214, 0.0005627265, -0.012384933, -0.02670067, 0.0035279596, -0.02422273, -0.00524646, -0.0027092039, 0.0031133865, 0.009542878, -0.012826067, 0.0029577408, -0.010452965, -0.0050578546, 0.008479628, -0.0001766518, 0.012389122, 0.013852263, -0.012783644, 0.03245226, 0.0007117722, -0.010514486, -0.0058189332, -0.004290857, -0.014069244, -0.010880592, -0.0012817584, -0.00040267844, 0.02293475, 0.014612031, -0.006656583, -0.00982965, -0.009870685, 0.007637995, 0.013534594, 0.0034774898, 0.003715794, 0.003280178, -0.003171953, -0.008690469, -0.0006600551, 0.03178974, -0.0016217929, 0.009489956, -0.018964315, 0.008750644, -0.00938922, -0.0011918397, -0.0035751758, -0.007820523, 0.0064020013, 0.010584278, 0.0015325109, -0.0023458537, -0.01912964, 0.0057952437, 0.012638056, 0.0035376719, -0.0057080607, 0.0026081535, 0.014055952, -0.013508064, 0.0050747534, 0.003546331, 0.012516974, 0.0041813785, -0.013702924, -0.018197065, 0.004996707, 0.0064646974, -0.00020246017, 0.0025079641, 0.014530686, -0.0077866395, -0.014086928, -0.011708298, 0.01741962, 0.015863521, 0.011587995, -0.00049222226, -0.005824409, -0.01053095, -0.010833484, -0.01505567, 0.0041898126, -0.0066494495, 0.00091092725, -0.014720355, -0.0041154157, 0.010643207, 0.015527776, 0.0211873, 0.00026855056, 0.0092534125, -0.008235995, 0.013183201, 0.004101799, -0.0010730593, 0.0067018447, -0.0023010648, 0.0068065324, -0.013965431, -0.00043240344, -0.0048669013, -0.00317026, 0.01912626, -0.0033952605, 0.0050947056, 0.0012451916, 0.0025905108, 0.030650984, 0.0058622113, 0.0022353355, 0.0071117417, 0.008764977, 0.015147841, 0.008608527, -0.013040959, 0.011753206, -0.006879037, -0.010071895, -0.008666477, 0.0066473354, -0.0051994747, -0.013045919, 0.00074119243, 0.0009778515, -0.0013986507, -0.0041709365, 0.017043095, 0.0008465336, -0.008085822, 0.00034853796, 0.0034784812, 0.00228349, -0.0036164552, 0.015865913, -0.016744146, -0.0062288377, 0.0027234468, 0.007124482, -0.0029805754, 0.0035717099, -0.017575637, -0.0029993625, -0.009158366, 0.003511762, -0.016157156, -0.0021165537, -0.0011532716, -0.00478053, 0.0077160466, -0.0030967512, -0.006191967, -0.010652951, -0.04094193, 0.0039300714, 0.009091575, -0.003016787, -0.0045114267, 0.010729572, -0.005173017, 0.01406072, -0.021751264, 0.0059684627, -0.0017498814, 0.008967199, -0.006290073, -0.0050040088, -0.016641458, 0.0035977832, -0.019022696, 0.0010825705, 0.007007013, -0.009609447, 0.012699392, 0.009121506, 0.013299927, -0.00958677, 0.0059748804, -0.018895559, -0.008049102, 0.011115803, 0.013625819, -0.007883664, -0.0023796733, -0.009480958, 0.00035981787, 0.013882429, -0.0002350763, -0.005061988, 0.0062659215, -0.00830515, -0.012594257, 0.0009827889, 0.0033906277, -0.027481766, -0.011097342, -0.00020773974, 0.009084779, -5.974581e-05, 0.0056492556, -0.0014675914, -0.003708515, -0.007613749, 0.01646512, 0.017469754, -0.0064035296, 0.02264297, -0.013779494, 0.0011168919, -0.009511472, -0.003100573, -0.0011420789, -0.007068627, 0.0026157938, 0.0077281008, 0.0018564712, -0.01199853, -0.003416476, 0.015561205, 0.0060509313, -0.0053469655, -0.009682164, -0.020831507, -0.006406098, 0.002623769, 0.009631354, 0.009881009, -0.0073454287, 0.00428056, 0.008497931, 0.004678024, -0.006819984, -0.013135461, 0.0016415889, -0.02771852, 0.015301979, -0.007636246, -0.017867884, -0.003353734, 0.00069455866, -0.020497266, -0.017054243, 0.013621509, -0.012178233, 0.0076165847, 0.002319949, -0.0086002005, -0.011714409, 0.013065306, -0.004229048, 0.007356893, 0.010251511, 0.0015073917, -0.007170667, -0.0026348922, 0.0023377123, 0.008394004, -0.003814068, 0.0002083581, 0.012728441, 0.0038932348, 0.0009870558, 0.016621398, -0.019794002, -0.002331938, 0.011123045, 0.016029311, 0.0045826854, -0.012244531, -0.0049167806, -0.020410025, -0.021312645, -0.0030684683, -0.009995546, 0.013797418, 0.004516809, 0.0037708115, -0.0047940426, 0.019192116, -0.0059563112, 0.01942235, -0.000769598, -0.0069200327, -0.016143046, 0.008188781, 0.014734644, -0.003561868, -0.018048642, 0.011153749, 0.010545082, -0.0035735255, 0.006704633, -0.0015379495, 0.026198015, 0.017530449, -0.01591553, -0.011187447, -0.00044894812, -0.012365128, -0.007538173, 0.00937644, 0.020141711, 0.002347314, 0.0034368148, 0.008251282, 0.012061773, -0.002462793, 0.016627358, -0.011050898, -0.0066134166, 0.0013361947, 0.0016174564, 0.0019607844, -0.006919428, 0.00055580697, -0.010180694, 0.0060588312, 0.004612898, 0.012422352, 0.0012616954, -0.005102669, 0.005446508, -0.0059521743, 0.001554531, 0.0017454952, 0.0030187871, 0.0049241357, 0.00080820674, -0.0017870677, -0.018181665, 0.0087854825, 0.0011658483, 0.004161263, 0.0012675117, -0.0090882145, 0.006787641, -0.010588809, -0.006112327, -0.0014962743, -0.0033269187, 0.024430709, -0.00087876135, 0.0037791948, -0.012741293, 0.0048780288, -0.0048661814, -0.005946391, 0.0014489683, 0.006198379, -0.018271321, -0.005835168, 0.0039439597, 0.005516891, -0.0076084393, 0.028109975, 0.0054402025, 0.0057795425, 0.0036114515, -0.090881236, -0.0055323904, 0.0075189006, 0.021897966, 0.034532294, 0.0022335858, 0.0005357007, 0.0015663042, -0.003037352, 0.011306438, 0.0019801282, 0.022557765, -0.0146001, -0.0063812705, -0.0089849355, -0.012623797, -0.0022858027, -0.0030692683, 0.002272243, 0.00091759744, -0.022640292, 0.0019231734, -0.010147361, 0.010504739, -0.016479336, 0.021587357, -0.0016837026, -0.013210771, -0.0026432916, -0.001211937, 0.008983465, 0.008968675, 0.00923143, -0.0118403295, 0.022129674, -0.0051621506, 0.0096119465, 0.006844267, -0.13484547, -0.00087389577, -0.008831625, -0.0019933078, -0.0057438524, -0.0017846244, -0.000447863, -0.0039985585, 0.011905753, 0.0103185, -0.005864351, -0.00056612527, -0.017712511, -0.002180491, 0.0071942047, -0.0023028355, -0.015184275, -0.002497952, -0.019510696, 0.008575907, -0.007692216, 0.0002083673, 0.021515409, 0.024517994, -0.013811883, 0.0008588598, -0.0022146173, 0.0043648137, 0.0016040748, -0.0073087504, -0.011999195, -0.0009248215, -0.0067407913, -0.006707671, 0.005196922, 0.005554963, 0.0100909155, 0.006459314, -0.0051089576, -0.0048496434, -0.0062836306, -0.003228828, -0.0013762158, -0.006341127, 0.0045787157, -0.0012909058, -0.0047070626, -0.0033870544, 0.005781731, -0.012189651, 0.007284239, -0.008619059, 0.0067556924, 0.0036529768, -0.0098604495, -0.0058264337, 0.0131856445, 0.00021210969, 0.0029252085, 0.012323907, -0.013173447, 0.027768299, 0.019711124, -0.009591056, -0.006672079, 0.0020066828, 0.0113293035, 0.0027598126, 0.007355682, 0.00027417048, 0.00820087, 0.021690004, 0.00048788576, 0.0119786905, -0.0035510717, 0.005920815, 0.014216804, 0.019345475, 0.015781105, 0.024576537, -0.021500882, 0.0052250726, 0.0048575825, 0.00948693, 0.02484419, -0.0063121906, 0.031286836, -0.0026712287, -0.00094326626, -0.055308588, -0.007913552, 0.0006772048, 0.0041916436, 0.0044263736, -0.0024915899, -0.02048974, -0.0077366307, 0.00092805934, -0.008263926, -0.0011064433, 0.007934475, 0.00871852, -0.0041403202, 0.015425616, 0.014306376, -0.008638626, 0.024794292, -0.001888299, 0.0012593685, -0.014749972, -0.022128986, 0.0011900737, 0.009441001, -0.03043726, 0.006508222, -0.011378136, -0.0051299403, 0.0043938244, 0.0111727575, 0.0024200662, 0.030177834, 0.0027078926, -0.013255901, -0.0015019496, 0.012403991, -0.020649511, 0.01258451, -0.010566408, 0.016627336, -0.01302238, -0.00066733133, -0.028475743, 0.012854788, -0.0010942811, -0.0024676397, -0.009944854, -0.0074684015, 0.0047931275, -0.005681452, 0.0021828285, 0.00016637103, 0.022580754, -0.008107429, 0.014568013, -0.012224704, 0.007826391, -0.0016097566, -0.008549029, -0.018540304, 0.015301206, -0.011767374, -0.0013517175, -0.010481943, 0.019413384, -0.0041945265, -0.0068866247, -0.011410247, -0.009062143, -0.016265282, -0.0004751054, -0.018052015, 0.0062378226, 0.027733965, 0.010073546, -0.012087983, 0.023700377, 0.0025582565, -0.00035447415, 0.0046673967, 0.006422006, 0.013085333, 0.008164183, 0.0054153022, -0.0069746696, -0.0119133005, 0.0110271005, -0.0028585456, 0.016811859, 0.010489237, -0.009720062, -0.01865759, 0.003313118, 0.0059220516, -0.011640351, -0.0037903234, -0.012463215, 0.006556236, -0.025188867, 0.0013873709, 0.008634019, -0.00096702186, -0.000339338, -0.0057332404, -0.0012927166, -0.010238977, -0.004134389, -0.026151473, -0.019710489, -0.0058858385, -0.0013645098, 0.019448994, 0.0072164433, -0.008174957, -0.17766479, 0.0007294451, -0.003816663, -0.0007945153, 0.002936236, 0.025505915, -0.025418151, 0.0031845814, 0.0009934662, -0.006625897, 0.017841442, 0.017394446, -0.0002937913, -0.030350313, -0.0060134493, 0.007844994, 0.015619132, 0.024130806, -0.0137611, 0.008220485, -0.04137325, -0.017409423, 0.0017359109, 0.015855301, -0.0015482316, -0.002649415, 0.01268537, 0.00068891316, -0.022030381, 0.0029375998, 0.0041970653, 0.012096114, -0.002121892, -0.009313869, -0.005845095, 0.010376716, -0.0013611442, -0.020909319, 0.00031144725, -0.0052687563, 0.001638477, 0.007896236, -0.01268333, -0.0060797776, 0.0068719443, 0.00947088, -0.0033376198, 0.014466153, -0.023942944, -0.0052344627, -0.00034540767, -0.0017799357, -0.0003940398, -0.000574098, -0.011860122, -0.014228256, 0.013943899, 0.0014153918, 0.016961362, 0.021843418, -0.03161333, -0.01433838, 0.009043519, 0.0061636036, -0.00029446612, -0.0012964301, 0.0016914525, 0.14193296, -0.034710392, 0.015157681, -0.0072032507, -0.00066232594, 0.007942314, 0.014891485, -0.013002878, 0.006192317, 0.0018235086, -0.003874181, -0.008895781, 0.02590549, -0.037753552, -0.003467995, -0.0042960816, -0.019501409, -0.009188623, -0.012077891, -0.016622093, 0.007325084, -0.015224706, -0.012029531, -0.017263476, 0.021205477, -0.005510485, 0.010233972, 0.019366745, 0.009378768, 0.015427017, 0.012269972, 0.014017268, -0.019116126, -0.0021648998, 0.0018624318, -0.0029405819, -0.0009584565, -0.0011297307, 0.0117376875, 0.004203436, 0.022233147, 0.0061072353, -0.017581282, -0.0026598184, 0.0056012236, 0.0023192915, 0.014099758, -0.0082397135, 0.0051121092, -0.0056765503, -0.033535104, 0.0048234747, -0.00096637884, 0.014254492, 0.007691372, -0.010984842, -0.003665619, 0.0031701853, 0.0050843167, 0.0033312715, 0.016111137, 0.010136588, -0.03309718, 0.0072959973, -0.010531027, -0.015060072, 0.009415469, 0.0011516872, -0.0060614725, -0.10060241, 0.0017481267, -0.017051693, -0.0025251294, 0.0050565945, -0.008055621, 0.01894421, -0.003899164, 0.0076806075, 0.009062766, -0.011495035, 0.006588426, 0.0042162556, 0.01948182, -0.0036910602, 0.0053934287, 0.01591728, -0.0031480722, 0.03953228, 0.004600807, 0.011148126, 0.0064528887, 0.020342339, 0.02051438, -0.006255745, 0.011104091, 0.00027523143, 0.009012644, 0.006492864, 0.029778041, -0.016996467, -0.016226567, -0.008808124, -0.0079247765, -0.028536618, 0.011301099, 0.00092241494, 0.0067030974, -0.00045143862, -0.00971982, 0.0044037257, 0.0030886878, -0.0010066123, -0.0006782356, -0.008242143, 0.01953388, -0.01099132, 0.017280329, -0.008260725, -0.022182887, 0.0031640064, 0.005966605, 0.009406423, -0.012321907, -0.017486399, 0.029622925, 0.025466954, -0.029731285, 0.009146248, 0.005044795, 0.0055506155, 0.004756308, 0.007635847, -0.0012604268, -0.006130898, 0.0066111977, 0.015244765, 0.0034850736, 0.0319327, -0.005522975, 0.002744101, -0.006276386, 0.010322848, 0.0051976573, 0.01861926, -0.0016336237, -0.019125989, 0.0053499723, -0.0070989104, 0.009705552, -0.018612111, 0.02136227, 0.017054979, 0.01143506, 0.03171484, -0.052497864, -0.0074900524, -0.014152244, 0.0090069035, 0.009890011, 0.007422118, 0.000709847, -0.0017134342, -0.004006925, -0.00023569264, 0.018934764, 0.004463353, 0.0026443778, 0.017632766, -0.009979078, -0.015907645, 0.0064744875, -0.025670914, 0.002024791, 0.0030536556, -0.018050816, -0.010897343, 0.01652934, 0.00449267, 0.002329014, -0.029947558, 0.0053846175, -0.022157256, 0.010543122, 0.0018156443, -0.006320533, -0.0015389681, -0.016547821, 0.0085018985, -0.0071981587, -0.008239269, -0.016862428, 0.009727214, 0.015981028, 0.022148423, -0.010634625, -0.013500141, -0.017476268, 0.027893804, 0.016640533, -0.0071535907, 0.030240277, 0.005233043, -0.009556191, 0.016069189, -0.031665258, 0.022974247, -0.0014440478, -0.0025911888, 0.0058049983, -0.011047841, 0.014105167, 0.019135615, 0.015212986, 0.014938595, -0.0034586382, -0.0046946523, -0.023374356, 0.006005943, -0.0044486024, 0.0035877822, -0.02837886, -0.004868855, -0.019924521, 0.012914286, -0.019845469, -0.015730044, 0.010848627, -0.0017788585, 0.009804532, -0.011507102, 0.022471944, 0.022654999, -0.004443845, -0.025477402, -0.00049623876, 0.0007192776, -0.0136650475, -0.029608583, -0.011331461, 0.014883072, -0.0027522123, 0.009644742, 0.00023604346, -0.019344889, 0.02180081, 0.025526082, 0.0066103092, -0.020604104, -0.06014059, 0.021050725, 0.007879934, -0.0135848215, -0.0030111861, 0.01644981, 0.0070451545, 0.010474898, 0.0057254154, -0.0012769591, 0.01366064, -0.017104391, 0.00067269383, -0.016906623, 0.0045652594, 0.013889372, -0.0042616967, -0.00049582415, 0.0331246, 0.010148024, 0.009473612, -0.013279348, -0.011132363, -0.002424422, -0.0008199512, -0.0060121715, -0.0033225047, 0.0041859807, -0.004582922, -0.010063875, -0.036704767, -0.022092447, 0.01526914, -0.0013543548, -0.008972581, 0.022399638, 0.008279833, -0.009150768, 0.0048116003, -0.04546106, -0.0026589478, -0.0055078804, -0.045114696, 0.016323488, -0.0018974812, 0.00950809, -0.009937204, -0.004116468, 0.002476657, -0.014844758, 0.00041673865, -0.014114935, 0.002132432, 0.000121421566, 0.020857288, 0.0048195333, -0.013707265, -0.005106762, -0.004705818, 0.019625427, -0.004074799, -0.02282951, 0.014805748, 0.012577745, -0.00069136365, 0.03076095, -0.007987559, 0.015838211, 0.0090284515, 0.010081007, 0.024791325, 0.014956429, 0.017905794, 0.014577393, 0.00021123371, 0.00046718318, 0.033506438, -0.00876631, 0.0053709485, 0.013351426, 0.0065823286, 0.007807424, -0.0050105737, 0.050083455, 0.0047403425, -0.007557198, -0.0035142866, -0.09470499, -0.006256791, 0.0026837892, 0.0058915834, -0.0023236738, 0.01703228, 0.005268063, 0.047697835, 0.017201833, -0.0010930185, 0.0029385032, -0.0015001282, 0.008573376, -0.03138249, 0.003469752, 0.019569391, -0.010780755, 0.02028447, 0.01282927, -0.0022169007, 0.012317656, -0.0063254125, 0.0052548028, 0.016216818, -0.010486697, -0.04732346, 0.017974284, -0.001058609, -0.0009683555, 0.014377785, -0.0066648116, -0.0074221687, -0.0038451836, -0.011722001, 0.0012966458, -0.023560902, -0.016361505, -0.005377961, -0.011690793, -0.005818478, 0.008214791, -0.0042190817, 0.01520159, 0.011273767, 0.017781056, -0.0027986777, -0.014400513, 0.0050750356, -0.008137116, -0.0018130491, -0.017447187, -0.01745237, -0.012425814, -0.00033048337, 0.00012878903, 0.012585531, 0.0024249346, -0.024573287, -0.0065268003, 0.000933062, 0.008523136, 0.009786419, -0.008400005, -0.009311876, -0.0043359953, -0.007088796, -0.021690914, 0.008537006, -0.028144713, 0.008714748, 0.000442326, -0.0044949693, -0.009807445, -0.015092163, -0.021188501, -0.017124405, 0.022841826, 0.02463246, -0.009831103, 0.0005931278, 0.02340355, -0.007044983, 0.02460676, -0.004690641, -0.007679499, 0.010707276, 0.008395207, 0.03293098, 0.002208948, 0.025359204, 0.002953735, 0.0032993872, -0.0001494013, 0.020995539, 0.003059456, 0.002957906, -0.005964197, 0.006412885, -0.024717188, -0.0030088339, 0.0021990202, -0.0065160776, -0.009737526, 0.00546003, 0.011144245, -0.01563206, -0.017794978, -0.017781366, 0.008712365, 0.0003161103, 0.014000503, -0.012348938, 0.013801141, -0.006824196, -0.015127378, -0.009076204, 0.015369122, -0.0001383902, 0.0072090756, 0.008382439, 0.011087947, -0.0163605, -0.027868329, -0.03354253, 0.005010275, -0.0027609055, 0.01739505, 0.0041666864, 0.015514929, 0.017763216, -0.027143776, 0.013357102, 0.013443868, -0.0013890978, 0.009745256, 0.021446811, -0.013517918, -0.00042468496, 0.008431577, -0.0056960694, -0.00017722511, -0.0036451416, 0.015593181, 0.015783561, 0.019527862, 0.0007179838, -0.009263259, -0.006890097, -0.0145173585, -0.006925203, -0.00864105, 0.011517316, 0.0064861537, -0.0065048244, -0.02220065, -0.016914573, 0.0059471936, -0.007221418, 0.021799922, 0.011847444, 0.009906153, -0.004438569, 0.0020589952, -0.01869357, -0.028985541, -0.01369659, -0.022213103, -0.006204915, 0.02483198, -0.0048019183, 0.010249809, -0.004372919, -0.010055299, 0.014482497, 0.030709239, -0.03025799, -0.016245078, 0.025311513, -0.008190767, -0.02259379, -0.00093164435, -0.01899158, 0.016083797, 0.0034137676, 0.0040976065, -0.0012208181, 0.0044775866, 0.00011985238, 0.0020642646, 0.028797045, -0.001385056, -0.02340182, 0.0062993597, -0.006423283, -0.00046961455, -0.005388471, -0.012715599, -0.016476348, 0.0033230241, -0.0021200168, 0.028311469, -0.012961425, -0.023517553, -0.011273035, 0.00445219, 0.02583142, -0.025507428, 0.029545307, -0.03379298, -0.001508107, 0.023978533, 0.006926963, 0.0099518495, 0.0025571065, 0.011308796, -0.0021407711, 0.0086607905, 0.02007563, 0.025403643, 0.014791581, 0.010473671, -0.0068863393, -0.007380311, 0.0073809237, -0.008297527, -0.011378046, -0.017120903, -0.0003994648, 0.008915929, -0.010561229, 0.006667344, 0.0038759557, 0.022264795, -0.00341731, 0.019755881, 0.003354529, -0.01404556, 0.019941568, -0.018651923, 0.004691291, 0.010661927, 0.0073547303, 0.009632411, 0.013801288, -0.0006439021, -0.029670138, -0.005028238, 0.001385327, 0.0044186767, 0.0021065653, 0.0011537181, 0.016614497, 0.005952302, -0.0036844283, 0.021758985, 0.036289167, -0.0073007136, -0.00964559, -0.0023689356, -0.004918948, 0.017510911, -0.0011575648, -0.018835235, 0.027897282, -0.0042386167, -0.0068258955, -0.014013747, -0.00062328135, 0.02485789, -0.024538789, -0.021347428, -0.0059601166, 0.004730558, 0.002117929, 0.012576882, -0.0062714447, -0.002661378, 0.028505865, -0.02675209, 0.014486141, -0.003256705, -0.009235159, 0.011511922, 0.013837949, 0.0109395515, -0.0043551154, 0.00031677648, -0.010147059, 0.023261456, -0.029871058, -0.009107002, 0.002979081, 0.008253254, 0.0020463348, -0.011191436, -0.021556526, -0.0030964206, -0.005327609, -0.020276284, 0.002946285, 0.00697132, -0.0028572206, -0.0028891584, 0.0062186723, -0.0063563366, 0.0009392435, 0.013411767, 0.012660852, 0.010175716, -0.0030115494, -0.0075435773, -0.004039756, -0.019014811, -0.0011319, -0.027362613, -0.03810782, -0.019602804, 0.0018518787, 0.004360849, 0.0120212445, -0.0042178435, 0.013169799, 0.002301023, 0.0019597649, 0.0101938965, 0.0038830393, -0.0054887226, 0.0004208019, 0.015423379, -0.0028870057, 0.0071992166, -1.7291879e-05, 0.009489307, -0.021863112, 0.016526656, 0.011871232, 0.0051937564, -0.0037807075, -0.008910472, -0.0015590474, -0.01633142, 0.021833772, -0.0060681063, 0.0037298084, 0.014927986, -0.023191072, -0.012116025, -0.011762955, -0.004263411, -0.0018397211, -0.010650341, -0.0033677039, -0.020918513, 0.015580584, 0.014917541, 0.013258029, 0.016422445, -0.0069447737, 0.00011116323, -0.015224094, -0.014324179, -0.023280444, -0.0284535, 7.4911186e-05, 0.0011846678, -0.019214774, -0.008084693, -0.0074401335, -0.010542841, 0.0037117419, -0.006449464, 0.010556924, 0.001355158, 0.021368742, 0.0038941237, -0.016684776, 0.020858714, 0.0053458866, -0.012546635, -0.0029021068, -0.010729082, 0.006270362, 0.018799175, 0.013086193, 0.0031742204, 0.017204529, -0.0009977226, 0.018292442, 0.0042525525, -0.009159277, 0.0076490585, 0.008720626, 0.023834877, -0.0044915047, 0.0064472924, 0.012875733, 0.006180036, -0.0045670294, -0.019664748, 0.014722264, 0.0052563106, -0.019047182, -0.012989643, -8.596992e-05, -0.004099491, -0.016511956, -0.0020618178, 0.009179587, -0.011803795, 0.014438744, -0.018679095, 0.0008095615, 0.022074189, -0.009587457, 0.0056850268, 0.023790767, 0.012252703, 0.022249354, -0.00054264726, -0.029890245, 0.00017985892, 0.017488396, 0.016830856, 0.015794823, -0.000648559, 0.0094549265, -0.013008682, 0.0056404127, -1.0262008e-06, -0.001449537, -0.008991767, -0.019374454, 0.014353779, 0.0042252555, -0.002015315, 0.0074852854, -0.013299559, 0.0045504067, -0.013015101, 0.0030860703, 0.004085422, 0.009571169, 0.0044086208, -0.003426699, 0.0069950614, -0.017724011, 0.00026801013, 0.016670283, -0.015815916, -0.0011909776, -0.0011595477, -0.007155332, 0.016341038, 0.0009215531, 0.008271004, -0.014895014, 0.0039340053, -0.0095423, -0.0010776024, -0.00036107926, 0.00084707886, -0.008892959, -0.0008921331, -0.002792882, -0.03545913, 0.007843579, -0.028114073, 0.0033424064, -0.013012715, -0.01635416, -0.052775126, -0.008439262, -0.03154384, 0.0029333485, -0.015493117, -0.0023672285, -0.0048299567, -0.018570464, 0.023643829, -0.028027155, 0.024010811, -0.017332297, 0.009682354, 0.015179375, -0.0016061111, 0.006926177, -0.010623437, -0.030003076, -0.0021375576, -0.022280026, -0.008556726, -0.013193443, 0.006433145, -0.0038093948, 0.0020280562, 0.0024480573, 0.04035328, -0.019173462, -0.009829942, -0.0057844324, -0.007844491, -0.011021265, -0.00018908498, -0.021800034, -0.007174031, 0.01810878, 0.0013548917, 0.0041209324, -0.01821134, -0.011136411, -0.009220017, 0.0017047407, 0.0010894414, 0.009451241, -0.0120119825, -0.012920388, 0.014477831, 0.013791522, -0.016547816, 0.018092247, -0.013313453, 0.0045876536, 0.014148919, 0.0029593178, 0.019649222, -0.010196003, 0.011530237, 0.012124748, 0.00022435497, 0.0056846216, 0.009607113, 0.01023971, 0.01126517, 0.011990587, 0.0005726855, 0.01923247, 3.9194212e-05, -0.03159013, 0.026874335, 0.0043575326, 0.0051486483, 0.031247383, -0.008591985, 0.031823404, 0.031805802, 0.02348077, -0.007118267, 0.0060957796, -0.013435323, -0.016016264, 0.000109386645, -0.0021636004, -0.012374244, 0.014467736, -0.022328435, 0.014943028, 0.0034505986, 0.007477034, 0.029492933, -0.02626513, -0.016803954, -0.008456227, -0.012726204, -0.002109546, 0.011646356, 0.01301251, 0.005058112, 0.013120257, -0.0056874845, 0.004576871, -0.018981762, -0.004918321, 0.018893491, -0.00070617546, -0.002678659, 0.0026942405, 0.0034121815, -0.0094901575, 0.018507892, 0.008122756, -0.004969813, -0.041344963, 0.001302548, -0.009496983, -0.0027666464, 0.02487005, -0.011208223, 0.008297366, 0.013476023, -0.0072381087, -0.00258366, -0.017217964, 0.006889068, 0.011477381, -0.01256721, 0.018583436, 0.03515494, -0.03238423, 0.007878685, -0.021851119, 0.008288149, -0.008728679, -0.0059279553, 0.01284384, -0.009525428, 0.013299519, -0.020736294, -0.004588715, 0.00810106, -0.02235523, -0.0040013404, 0.055984873, 0.0038352686, 0.003235399, 0.0024953028, -0.022823416, 0.020066084, 0.01932945, 0.017306484, -0.0015979833, -0.0054153604, -0.01192374, 0.011782765, -0.0054926486, -0.020786392, 0.0135407755, 0.0150113115, 0.009582179, -0.010790438, -0.012810803, -0.014725579, 0.017241826, -0.0019840423, 0.00842342, -0.0038803162, -0.010740744, -0.0030161736, 0.0060291123, 0.019141518, -0.024300423, -0.021108128, -0.017703135, 0.028880278, 0.0046099382, 0.013508236, -0.009367033, -0.010590483, 0.025717888, 0.00070440513, -0.014408721, 0.008916093, -0.014138307, -0.025972025, -0.003237881, -0.005329219, 0.021913406, -0.017484082, 0.00063646276, 0.00058370765, 0.026494095, 0.0037744835, -0.0029988387, -0.001667863, -0.01298516, -0.0032199349, 0.009396424, -0.0075389985, 0.0008107503, 0.0070275334, 0.0035280809, 8.277713e-05, -0.0044665732, -0.011574863, -0.011349099, 0.014033961, 0.0047166003, -0.0067750765, -0.0063984357, 0.03131524, 0.012839743, -0.026926603, -0.0011994072, -0.014266433, -0.006802943, -0.0004915772, -0.026095996, 0.16058277, 0.11083813, 8.023195e-05, 0.0025083888, 0.01847325, -0.005886697, 0.006916572, 0.017042922, -0.022174517, 0.014465068, -0.022520391, 0.0007600369, 0.0039052477, 0.0030603316, 0.0115925595, -0.009700639, 0.027212007, -0.010129479, 0.031973355, 0.011264197, 0.003473632, 0.039016165, -0.03316504, -0.02031343, -0.026343634, -0.027410368, -0.0020710249, 0.0028834294, 0.026422605, 0.0071109724, -0.00941557, -0.0042032828, -0.015184356, -0.030259358, 0.0072091944, -0.010860268, -0.010252942, 0.023510497, 0.009603802, 0.013220126, -0.012414023, 0.01899509, -4.1583473e-05, 0.019964706, -0.0182337, 0.016565073, -0.012263788, 0.020123053, 0.0027946786, 0.021399265, -0.008746755, -0.008182341, -0.003446877, 0.03279345, -0.014186114, -0.019650271, 0.01697934, 0.0037617027, 0.003474408, 0.013597738, 0.019287214, 0.018625569, 0.0032992188, -0.00047348457, -0.015091828, -0.0001555905, -0.013684556, 0.00718527, 0.0010581749, -0.014768676, 0.0038223248, 0.0278746, 0.020223152, 0.0035523004, -0.026307292, 0.018172927, 0.002996488, -0.0028764377, 0.0011700103, 0.008580101, -0.0077223373, 0.016659524, 0.02278712, -0.012163237, 0.014837343, -0.0003605964, 0.014617821, 0.007986207, 0.12249066, -0.0036904092, -0.018138556, -0.01560302, 0.00533614, 0.0045646178, 0.005404528, 0.049888704, 0.013176598, -0.0065461895, 0.0017901425, 0.0117868455, 0.009327853, -0.006078391, 0.014025033, 0.027715048, 0.010252747, 0.03988989, 0.01170253, -0.00047015314, -0.042165384, -0.0062557957, -0.021229703, -0.019609978, -0.007192585, -0.0033503813, -0.017598845, -0.0068867933, 0.007633241, 0.009608671, -0.10993372, -0.003467184, -0.004508251, -0.0065897396, 0.013379399, 0.02272713, -0.012448788, 0.008373692, 0.008913223, -0.025075883, -0.0054011373, -0.0073670484, -0.0037898696, 0.011980888, 0.0025370219, 0.010954268, 0.008585387, -0.0059874663, -0.004142131, 0.005150571, 0.004689359, -0.0071531846, 0.0026420876, -0.025129272, 0.012145901, 0.0040422464, -0.017255554, 0.008238846, -0.0018506101, -0.00026561297, -0.006680936, 0.016002137, -0.018879943, 0.0078475, 0.011478327, 0.004808581, -0.0027475115, 0.007061862, 0.0017567101, 0.014652483, -0.0063685393, -0.0069271, 0.0045411163, -0.005818111, 0.031974446, 0.0006023153, -0.0015565074, -0.022427937, 0.0016477832, 0.018284902, -0.015678274, -0.0044007082, -0.0056251236, -0.00032361934, 0.014786468, -0.0013235401, -0.020463321, -0.01619983, 0.033527263, -0.006220959, 0.026391177, 0.006814085, 0.009715808, 0.020210668, -0.0006766817, 0.0029882663, 0.002373546, -0.0034019647, -0.011899557, -0.017136244, -0.012590172, 0.020494035, 0.003751493, 0.0074597276, -0.016720481, -0.008682411, -0.021191988, 0.0029649045, 0.017219556, 0.013514728, 0.003977868, 0.011093423, -0.009552087, 0.1160696, 0.0002838039, 0.014872753, -0.0025554653, 0.020217624, 0.031053176, 0.003873136, -0.02731523, 0.010981897, 0.01614073, -0.019703962, 0.0013144152, -0.0032351776, -0.0049208994, -0.0050928975, 0.00580608, 0.014081561, 0.019805335, 0.008309459, -0.031953376, 0.025020462, 0.010982048, 0.020361584, -0.001007459, -0.005831167, 0.0072360095, -0.011298284, -0.003110192, 0.005164551, 0.0024276816, 0.020027012, -0.009785836, -0.0019187122, -0.0029886086, 0.0002215792, -0.036837246, -0.008701006, 0.008625094, 0.0013291847, 0.005755241, -0.014652899, 0.003602896, 0.008297014, 0.00754102, -0.022778403, 0.1916928, 0.01870037, 0.0073865177, 0.013637864, -0.00974383, 0.00611917, 0.022670846, -0.02617466, -0.021993075, -0.0057052798, 0.02342112, -0.012733121, -0.013418751, -0.0006406531, -0.003296132, -0.008564431, -0.024342053, 0.023628226, -0.016232193, -0.0043161702, -0.005899496, -0.013206332, -0.017588753, -0.008687261, -9.667359e-06, -0.0068158833, 0.015435057, -0.030443572, -0.026043892, 0.004483522, 0.0069134035, -0.0016772889, 0.0254766, 0.024775919, -0.0036063148, 0.03734356, 0.027677665, -0.0008447304, 0.0038983435, 0.015672274, -0.015214882, 0.024198571, -0.009925352, 0.012235671, 0.014614273, -0.009112537, -0.025406409, 0.015486334, -0.019444011, -0.020984147, 0.022235112, -0.00070060446, 0.009881655, -0.009000331, -0.015223814, 0.015311414, 0.005345571, -0.0084408745, 0.0107757235, -0.025874961, -0.0048959283, -0.014248128, -0.014070227, -0.010525778, 0.02421663, -0.0107167205, -0.017751846]"
El escritor franco libanes Amin Maalouf gana el Premio FIL de Literatura en Lenguas Romances 2025,https://oem.com.mx/elsoldemexico/img/25521867/1756733485/BASE_LANDSCAPE/500/image.webp,CULTURA,El portavoz del jurado expreso que la literatura de Amin Maalouf explora con gran lucidez las fracturas y mestizajes del mundo moderno,https://oem.com.mx/elsoldemexico/cultura/premio-fil-de-literatura-en-lenguas-romances-2025-es-obtenido-por-amin-maalouf-25521931,"[-0.0058489074, 0.010688202, 0.017706359, -0.08436391, -0.016229296, 0.013286331, -0.0044642156, 0.010037359, 0.015010382, -0.015259607, -2.8586666e-05, 0.0010148764, -0.011789935, 0.043442216, 0.13508064, 0.00657384, -0.028404344, 0.009098231, 0.031365205, 0.011946813, -0.0051795607, -0.007319988, -0.03365807, -0.01720768, -0.003543598, 0.028624274, -0.00041171513, -0.006783798, -0.023835361, 0.0010803995, 0.017365526, -0.0004831176, 0.0085130995, 0.008983876, 0.011313008, 0.016882783, 0.0019002206, 0.010551454, 0.0142087275, 0.013034878, -0.015057738, 0.02041227, -0.0029193838, 0.007685239, 0.00828679, 0.01813922, -0.010068744, 0.005945788, -0.0133874165, 0.010039924, 0.02384284, 0.009857429, -0.010350482, -0.16473632, 0.012171506, 0.035184845, 0.00026863656, 0.025332421, -0.017757772, -0.0071307677, -0.02626806, 0.007986319, -0.003183471, 0.02088468, 0.0040868334, 0.03217404, 0.029139455, 0.014257232, -0.020738522, -0.019780371, -0.0001283215, 0.019510191, 0.003012166, -0.02016267, 0.0107709095, -0.0074534793, -0.011224745, -0.00036053482, 0.017707748, 0.014920561, 0.0041135107, 0.02462549, 0.00038042385, -0.006367005, -0.0096823, 0.019568658, 0.011171036, -0.032094907, 0.016984018, 0.030514965, -0.019353777, 0.0048860977, -0.0031949165, -0.0040465505, -0.065176114, 0.025057128, -0.004610373, 0.0056730006, -0.005553002, -0.030878965, -0.019681174, -0.015258627, 0.0026972091, 0.00982611, 0.024737291, -0.009091671, 0.047468096, 0.013165291, 0.010390024, -0.0022179661, -0.017451026, -0.01269025, -0.027860831, 0.017416291, -0.0018357792, -0.11164048, 0.014134077, 0.0042717597, 0.0012976698, -0.007142769, -0.001673912, -0.029615596, 0.011059414, 0.0147592155, 0.008516617, -0.010612443, 0.016897693, 0.014645736, -0.031286284, -0.002573426, -0.025547372, 0.020255223, 0.018925333, -0.017301813, 0.028514698, 0.013517894, 0.03284819, 0.011675641, 0.007816688, 0.013940863, -0.012329159, 0.023371356, 0.010553939, 0.00576465, -0.009168123, -4.6461126e-05, -0.036601428, -0.002312799, 0.024583636, -0.023737023, 0.02509709, 0.010968889, -0.03132331, 0.01954703, -0.012321113, -0.0050838534, -0.008633601, -0.009422396, -0.012237119, 0.026798742, 0.006259348, -0.0010970903, -0.026151666, 0.0084019005, 0.007201347, 0.02518603, -0.03964683, 0.006057658, -0.013539236, 0.032560322, -0.039452713, 0.0047296067, -0.01282588, -0.0073582847, -0.011924537, 0.06458128, -0.022824686, 0.025609441, 0.0067338357, -0.010342437, 0.022251576, 0.017948298, -0.0053936527, 0.022365877, -0.011426292, 0.028514568, -0.006992299, 0.03269046, -0.011242925, 0.017047282, -0.01153706, -0.022687685, -0.0057033896, -0.014844633, 0.011449133, 0.011322873, -0.020707227, 0.0039630504, -5.3568652e-05, 0.018300245, 0.014718809, 0.0051125227, -0.007316075, 0.0048164567, 0.014115118, -0.007761723, -0.010535281, 0.0022554125, 0.019117309, 0.0006745916, 0.029780641, 0.020619491, -0.016643802, -0.031597193, -0.00026879046, 0.007997108, -0.021438904, -0.02034688, 0.017924206, 0.0076233153, -0.03028606, -0.031457793, -0.015499316, 0.03636199, 0.0041396297, -0.025397472, -0.017727623, -0.008544604, 0.001755623, 0.0033838225, 0.01376977, 0.027779656, 0.0010424276, 0.039202206, -0.007484971, -0.006413065, -0.0077212076, -0.0020058535, 0.008583713, 0.0009788867, 0.013791487, -0.01659703, -0.017592765, 0.025607428, 0.036498077, -0.0075803576, 0.0121488385, -0.021654647, -0.004155294, -0.006294654, 0.024311151, 0.0096729845, 0.0046570892, 0.0075538126, -0.01632593, 0.021133302, 0.002718551, 0.027465153, -0.0085739875, -0.009125944, -0.01268944, -0.015680954, -0.0044277757, -0.0050364663, 0.017780248, 0.006442377, 0.020249141, 0.004582563, -0.030427909, 0.01646881, 0.00991302, -0.0049214703, -0.011329562, -0.010409119, -0.017968757, 0.0027501904, -0.095551945, 0.0011177592, 0.00734266, 0.0052801864, 0.015740804, 0.026325613, 2.0596768e-05, 0.0028436403, 0.0031971117, -0.0072760056, -0.022810627, -0.018745098, 0.008362193, 0.0011279401, 0.030691119, 0.021245955, 0.011667335, -0.016273234, 0.026487198, -0.0039069527, -0.01335465, 0.02339335, 0.0051486376, 0.013081304, 0.007907859, -0.0043316903, 0.0002487373, 0.038236752, 0.0027644539, -0.021728793, -0.0045777927, 0.010252887, -0.019608844, -0.0023936043, 0.007986795, -0.016328044, -0.0042543774, -0.008116831, -0.0067884675, -0.028235007, 0.010963541, -0.019367319, 0.0012187159, 0.020388268, -0.009770514, -0.035081632, 0.012160915, -0.0038429985, 0.002375529, 0.016794102, 0.033542976, -0.028513493, 0.020452732, 0.026699042, 0.006875074, -0.0069326134, -0.0044364305, 0.007977688, -0.011064232, 0.044377863, 0.016180996, 0.0027967566, -0.01324777, -0.009316103, -0.04502423, 0.0047267415, -0.028974049, -0.012547624, -0.029883187, 0.016809214, -0.011371463, -0.032059375, -0.0054773916, -0.011181693, 0.005603336, 0.009321361, 0.012182717, -0.010029863, -0.0021733083, 0.018020794, 0.008209055, 0.029811788, -0.039323725, 0.023304554, -0.019318186, -0.015530098, -0.017408768, 0.0070308917, -0.007835854, -0.041577097, 0.027325744, -0.008996621, -0.001994748, -0.010423533, -0.024741529, -0.012026237, 0.009497195, 0.014248484, 0.029785417, 0.00021520085, -0.021158399, -0.019804321, 0.018924871, 0.015633617, -0.00436675, -0.003292727, 0.02302027, -0.018315623, 0.006189148, 0.04853998, 0.029396612, -0.00079095596, 0.013690617, 0.012306949, 0.009993873, -0.020426003, 0.014608005, 0.0049966807, -0.01099642, -0.0027280403, -0.012013726, 0.01834829, 0.007632743, 0.02023533, 0.009254772, -0.0034262314, -0.018209733, -0.0041823667, -0.008368668, 0.004266302, -0.0335145, -0.011971688, 0.01721237, -0.0066615813, 0.0059333225, 0.022733249, 0.005048146, 0.036030114, 0.00038194912, -0.013723708, -0.013120998, 0.0342155, 0.017644456, 0.01255609, 0.022894049, 0.020688608, -0.016603222, 0.0043968135, -0.0025735586, 0.012940738, 0.0048851497, -0.017516168, 0.01431387, -0.00021331353, -0.005644445, -0.035488877, 0.0017827834, -0.024196032, -0.008398982, 0.006440623, -0.009114443, -0.0074648275, -0.008785853, -0.0061860667, -0.016735302, -0.009604106, -0.018705772, -0.0020887034, -0.0102108, 0.010452358, -0.029178783, -0.029046308, 0.012513483, 0.0012640051, -0.0021946346, -0.02507106, -0.015263937, -0.013278416, 0.00078675564, -0.004530908, 0.00043425328, -0.05348436, -0.017557053, 0.0055208504, -0.009244465, -0.010949644, 0.008202743, -0.00373913, -0.010072699, 0.020245645, -0.015829204, -0.022592958, -0.0012822065, 0.009706062, -0.041964024, -0.0101209, 0.008868527, 0.01960404, -0.011575853, 0.016100435, -0.0032699918, -0.01629593, -0.009835523, -0.03861334, -0.015871832, -0.016620902, -0.006071513, -0.0072842753, -0.0025846653, -0.0006743443, 0.006485519, 0.014614338, -0.004076489, 0.0033488132, 0.013721711, 0.0038814587, -0.018123316, 0.0022024966, -0.010687459, -0.043290127, -0.013460405, -0.0025297282, -0.012172231, 0.021540072, -0.007895152, -0.00393116, 0.01828632, 0.0044729803, -0.034277577, -0.000115113784, 0.003215435, 0.0064475513, 0.027441354, 0.0069627743, -0.009096039, 0.0018394012, 0.010463058, 0.0071833124, -0.010017377, 0.008414543, -0.023838697, 0.016194278, 0.002461611, -0.0013113626, -0.028027356, 0.016053649, -0.027585026, -0.007196541, -0.0032051296, 0.0059959083, -0.005119666, 0.007019167, 0.0015835424, 0.009172972, -0.009003075, -0.011492627, 0.0023694357, -0.004209057, -0.04333279, 0.0027234792, -0.024787605, 0.024943652, 0.019058473, 0.02498069, -0.002879893, -0.023858076, 0.017662978, -0.01586053, 0.022656549, -0.05348204, 0.011900834, -0.0058269515, -0.006780018, -0.017404964, -0.0076399716, 0.0054424442, -0.019145675, -0.012791506, 0.015921868, -0.016322115, -0.0031740777, 0.020578943, 0.0018581569, -0.01075902, -0.017701969, -0.02707794, 0.013583599, 0.03504341, -0.024134068, -0.0018241442, 0.023668826, 0.017616479, 0.002526313, -0.009031782, 0.008293437, 0.0019114161, -0.000833898, 0.011049636, 0.007271917, -0.017493783, 0.023227239, -0.010247286, 0.011017555, 0.03213441, -0.0029223613, -0.006027159, -0.031310435, 0.006094349, 0.009781827, 0.00052153086, 0.010805357, 0.021379681, -0.00021967449, -0.03931372, 0.012789785, -0.031221, 0.0024198077, 0.015362494, 0.009412899, -0.027134815, -0.020919373, 0.012131252, 0.015206224, 0.018713618, -0.032465015, -0.027960895, -0.0155286305, 0.010560397, 0.0036794734, 0.0072809774, -0.03293722, -0.009097314, 0.016652733, -0.01568541, -0.01020323, 0.011399336, 0.032686718, 0.014884246, 0.034612738, 0.0015457737, -0.0059379544, 0.004607452, -0.012071789, 0.025203764, -0.003473618, -0.01032318, 0.013669567, 0.0027355722, 0.0059330114, -0.020858537, -0.008674285, -0.112209335, 0.012897845, 0.0033431011, 0.014316684, 0.00026879425, 0.006485228, 0.0071724723, -0.028400144, -0.0017312539, 0.0010173548, -0.0069861356, 0.028607888, 0.015287497, -0.00047493324, 0.014164324, -0.024540821, 0.02679531, -0.0014282954, -0.0038158598, 0.009472546, -0.0056571327, -0.0058421786, -0.0056723556, -0.037076764, 0.018254366, -0.0063793184, -0.021125166, 0.018623758, 0.02406183, -0.004959229, -0.026942382, -0.14325394, -0.00048341567, 0.026504667, 0.025779031, -0.001645279, 0.02325149, 0.010309785, -0.0058904914, -0.00418242, -0.016199786, 0.00077907724, 0.005011517, -0.007958514, 0.0011643922, 0.028311681, 0.08798191, 0.009567566, 0.011949574, 0.0010714863, -0.0005420787, -0.017367559, 0.0025099781, -0.014232645, -0.0061699087, 0.03544501, 0.014152362, 0.022158867, -0.0045833266, -0.02745598, -0.007864795, 0.035332955, -0.013750613, 0.015104901, 0.007416306, 0.034897715, 0.006762201, 0.022488546, 0.014193974, -0.015330729, 0.012340733, -0.01263826, 0.022542572, -0.035850547, 0.0014701856, 0.0048483037, 0.0055115605, 0.00036621452, -0.00966581, -0.02180341, 0.013082814, -0.01805428, -0.054606117, 0.0016983392, 0.031588137, 0.006755071, 0.027507715, -0.013001366, 0.0071627568, 0.007959931, -0.0006220139, -0.021289812, -0.008087103, -0.005004939, 0.0030010794, -0.0020137846, 0.005967556, 0.004030128, -0.04136506, 0.010435144, -0.013587847, -0.020075386, 0.0023904368, -0.015116988, -0.022627302, 0.028936397, -0.008911585, 0.0014347042, 0.030064883, 0.014279235, 0.016942928, 0.01075855, -0.0073885284, 0.0065927305, 0.011996841, 0.014089143, 0.0053471564, 0.004331953, 0.02317988, 0.013913745, -0.002723624, 0.010829839, -0.010647572, -0.011229758, 0.023695422, 0.012068639, -0.016977224, -0.0033202092, 0.0013658133, 0.013332175, -0.012836502, -0.02230064, -0.018028803, -0.012932207, 0.0037210253, -0.016884344, 0.021827342, -0.0102309035, -0.0133449305, 0.04595147, -0.007800546, -0.002557333, 0.0077645117, -0.014498973, -0.001166519, -0.0011147929, 0.015726864, -0.0059245536, 0.0021461041, 0.0030759012, -0.0005851217, 0.00065245066, 0.0006104778, -0.009051212, -0.011100902, 0.007314574, -0.022984345, -0.012157081, -0.004310987, -0.012873712, -0.05694554, -0.0051507642, 0.018190749, 0.009374099, 0.0020050819, -0.008650472, 0.0004917609, -0.009687034, 0.008610454, 0.0008320524, -0.013294444, 0.008758818, -0.021829057, 0.008552912, -0.005515072, 0.0052559585, -0.013364904, 0.0057098106, -0.01005754, -0.0017493388, -0.009123134, 0.0050885896, -0.010964407, 0.0057718623, 0.0054596784, -0.009636688, -0.0038570378, -0.00030750447, -0.019306896, 0.0050796764, -0.008209991, 0.010691337, -0.013858117, -0.007504472, -0.0002735087, 0.0097794365, -0.02671576, 0.014683966, 0.0022327427, 0.006045481, 4.1821695e-05, -1.8398592e-05, 0.0035551442, -0.007009658, 0.016563084, -0.01359314, 0.0020790943, -0.020054229, 0.0011049929, 0.0016338755, 0.0066706636, 0.0209858, 0.008685137, -0.0039825356, -0.008189032, 0.0053309086, 0.016121276, -0.0050096577, 0.01376069, 0.004000432, -0.008548891, 0.00496525, -0.017298046, 0.022022707, -0.0021014535, -0.0031543153, 0.0033467025, -0.00024601226, 0.0010363583, -0.0076534837, -0.009333005, 0.009352195, -0.015736328, 0.007136309, 0.0029857464, -0.003612053, 0.0023737429, -0.005953824, -0.0017320582, -0.0086422125, 0.02463919, 0.018807134, 0.0014681831, 0.0041702986, -0.0031772074, -0.00074458844, -0.011968493, 0.0011124193, 0.015658906, 0.0027392833, -0.0068786126, -0.0070575564, 0.013654559, 0.0003698076, -0.0063820486, -0.017241117, 0.0053975047, 0.008770832, -0.005378849, -0.021050781, 0.004381715, 0.008369133, -0.0022435354, 0.02073756, -0.017731622, 0.0019184476, -0.010708243, 0.004158703, 0.005557027, -0.010407492, 0.0015081437, 0.0019136991, -0.017711548, 0.006772753, 0.0013341515, 0.0064457734, 0.0077736434, -0.00818657, 0.009736618, -0.0050220704, 0.0053125108, 0.0020729983, 0.00182687, 0.003993094, 0.009388029, 0.018939283, 0.0022678182, -0.012568203, 0.0072913677, 0.0027545867, -0.014128186, 0.019370483, -0.0017042632, 0.0014516545, 0.0022909788, 0.00901935, 0.01002287, -0.0023299241, 0.0035364488, -0.015406684, -0.0033047337, -0.0040140487, -0.0088930195, 0.0117518855, -0.01027484, -0.0007115513, -0.0065163816, 0.0041787247, 0.0072480068, -0.011095884, 0.011639915, 0.00010958941, -0.00043426052, -0.023907037, 0.0016243652, 0.015005457, -0.0048209038, 0.008741265, 0.011302618, 0.008937869, -0.049905144, -0.02288741, -0.0071829124, 0.0039941696, 0.0069257854, -0.003293003, 0.0050685434, -0.018121997, 0.0038624532, 0.006746661, -0.0020939647, 0.008006509, 0.0079019135, -0.016473407, -0.008856735, -0.0080186585, 0.014544606, -0.0034382867, 0.007090169, 0.01799671, 0.013140057, 0.094162874, -0.009280518, 0.022118358, 0.0053921337, -0.0036460895, 0.010164462, -0.00024522402, -0.0032457402, -0.001347628, 0.007025572, 0.01403192, 0.00015352477, -0.019719774, 0.013720677, -0.010228315, 0.008766513, -0.0099485535, 0.007822348, -0.015569605, 0.0020678889, 0.00935729, 0.00017034535, 0.00040263176, -0.008611076, 0.0022165978, -0.00091659464, 0.004975549, 0.0078077917, -0.0060808975, 0.0031583349, -0.0005886072, -0.0077765025, 0.015762035, 0.0010911543, -0.0062619955, -0.010646349, -0.020859893, 0.00741422, 0.000546346, 0.013353001, 0.0009015934, -0.01647468, -0.0045623267, 0.018409459, 0.00514766, -0.0028248082, -0.00732281, 0.00081615197, 0.0038920648, 0.0056375945, 0.0033986769, -0.03895376, -0.009955553, -0.01403722, -0.0122983465, -0.012227179, -0.009094123, 0.010479361, 0.00015169434, 5.598326e-05, 0.011501696, -0.007619604, -0.007156232, 0.005864729, 0.00765945, -0.014471228, -0.0012225271, -0.005282045, -0.012947203, -0.0068047266, -0.009617125, -0.017467203, -0.0046629156, -0.018317418, 0.015043289, -0.009156485, 0.019188486, -0.0076560588, 0.0017405396, -0.021280434, 0.012319292, 0.005618662, -0.008873115, -0.009625637, -0.0010714688, -0.0050939997, -0.014873824, -0.009166186, 0.01063702, 0.004353262, 0.0029337718, 0.0034245288, 0.014769818, 0.0022696252, 0.008794499, 0.0013587986, 0.064368695, 0.009738531, 0.0023827509, 0.0032458282, -0.0107767545, -0.0016370607, -6.497221e-05, -0.003761638, 0.011193715, -0.011384268, 0.010252722, -0.0071632364, 0.0031076954, -0.0062940167, 0.01196304, -0.013649922, 0.022846067, -0.020487782, -0.0063554244, -0.00903237, -0.0034220752, -0.010333925, 0.0037462148, -0.0069560115, 0.0032771318, -0.014169916, 0.017955456, 0.0080821235, 0.0034080297, -0.024610523, 0.00010623299, 0.008439092, 0.0073808557, -0.00022383557, -0.010870329, 0.0055597364, -0.010266307, -0.016954163, -0.016825942, 0.0055910293, 0.0013001844, 0.0066771186, -0.0039325855, 0.012273927, 0.011018359, -0.0012561127, -0.013942692, 0.006007018, 0.015444993, 0.010298919, -0.009914668, -0.01456307, -0.0098021375, 0.012314064, -0.0013869472, -0.01623472, -0.00079540367, 0.0039508366, -0.010214758, -0.0044953492, 0.0035291654, 0.021719014, -0.004151594, 0.000633012, -0.009582427, 0.0036208984, -0.001593146, -0.013639622, 0.008482089, 0.012384681, 0.015481681, 0.01723957, -0.008698997, -0.007992061, -0.023550693, -0.018658224, -0.009145596, -0.00093438104, 0.0062239063, -0.015760649, -0.032418996, -0.010369148, 0.009772242, 0.020334434, -0.004439145, 0.022757731, 0.009926435, 0.016636692, -0.007620068, 0.0027183061, -0.020376911, -0.0129594095, 0.014205524, -0.012413463, 0.00035595306, -0.0011340344, -0.0027343791, -0.015083276, 0.013656173, -0.0019509215, -0.014223114, 0.020847734, -0.009635386, 0.00797274, -0.0014154376, 0.005456507, 0.017184556, -0.010157221, -0.0022095789, -0.009763382, 0.0134243155, -0.0044945315, -0.0004602408, -0.008528501, 0.01214209, -0.032479327, -0.0062671504, 0.0037603404, -0.0024330283, 0.0066369995, -0.009973377, -0.023598008, 0.009537839, -0.0052697957, -0.01964876, -0.0033960866, -0.002347617, -0.0033046554, 0.018405946, 0.016040213, 0.0074602314, 0.01301067, 0.0068309773, -0.004043821, -0.0031353007, 0.002800888, 0.012612828, 0.0056373044, 0.006975734, -0.0035645352, -0.00040741547, -0.019557204, -0.003635743, -0.015934495, 0.008983603, -0.0031788067, 0.0018919134, 0.004103112, 0.0010920829, -0.0070071598, -0.0072213574, 0.0029536108, -0.0088148955, -0.0056305933, 0.026046833, 0.0100250095, -0.00037374784, -0.015665526, 0.0027843982, -0.021131199, 0.0012780214, -0.05736701, 0.021201704, 0.006841841, 0.0086681945, 0.0050993194, 0.012042915, 0.008294671, -0.015626226, -0.0021863456, 0.0054986198, 0.015189476, -0.0067736986, 0.025275135, -0.0033824453, 0.025014289, 0.005374862, 0.010417332, -0.018699478, 0.006503133, 0.004671874, -0.013305038, 0.00039895988, -0.001273763, 0.000513238, 0.013005264, 0.013715721, -0.0010708749, -0.0038467431, -0.01543654, -0.0008065396, 0.0029978703, -0.0023588329, -0.0009605215, -0.0012936038, 0.0106395595, 0.006536355, -0.015721992, 0.010262705, -0.024489334, -0.0006997579, -0.008547329, -0.006570816, 0.0075784153, -0.010286207, -0.013374986, -0.00959113, 0.010431745, 0.0068930024, -0.0026554402, -0.027069515, 0.0039336, 0.015246624, 0.014302558, 0.016564412, 0.0072951596, 0.002110383, 0.022067554, 0.0015472226, -0.005314193, 0.013806808, -0.006688607, -0.018235702, 0.007038595, -0.008667285, -0.007889221, 0.012051082, 0.009199933, 0.009240841, -0.0015860627, -0.008465178, -0.0015030225, 0.022372182, 0.0033785517, -0.0022901536, -0.010093335, -0.008776568, 0.010897362, -0.0011457298, 0.009744598, -0.00066214753, -0.0069981394, 0.0025589364, 0.015812283, -0.002259886, 0.00035322798, -0.01500522, -0.01888989, -0.025463734, -0.024681369, 0.023673028, 0.01136738, -0.009748208, -0.0032342304, -0.008035032, -0.015280588, 0.021552779, 0.011388326, -0.002629988, 0.015065074, 0.015274512, -0.0021392019, -0.004079655, 0.008625365, 0.00248814, 0.0050047035, 0.010473958, -0.023399116, 0.008345473, -0.014933125, 0.008314514, 0.006091721, -0.0007114996, -0.001504753, 0.014687301, -5.9392638e-05, 0.015786342, -0.0072246282, -0.0065676933, -0.0151562365, 0.011704254, -0.00846619, -0.019195003, -0.003127067, -0.005126136, 0.020673933, 0.014830459, 0.007975651, -0.0018323028, -0.011756099, 0.006881617, -0.006231287, 0.0015363558, 0.025536707, -0.0029903783, -0.016164979, 0.011076983, -0.0007145048, -0.0147864325, 0.0022211014, -0.003075141, 0.0036388887, 0.002200612, -0.00046060875, 0.005989006, 0.011282586, -0.0016850693, -0.0058886455, 0.0042616054, 0.0035058889, -0.018618751, 0.007896014, -0.012488354, -0.007024656, 0.008757964, -0.0182627, 0.016010666, 0.0006135295, 0.012091427, 0.013840057, -0.0044744015, 0.0035807425, 0.012021122, -0.010542273, 0.008310579, 0.018870868, -0.00570461, -0.01640732, 0.008842577, 0.0020160356, 0.0019157557, 0.00093882997, 0.0042470414, -0.0011985293, 0.0044952016, 0.0032272846, -0.009381447, -0.0023070748, 0.020347498, 0.011071134, -0.017959636, -0.025187325, 0.009730539, -0.0032383243, 0.0017516565, -0.0005094736, -0.007736709, 0.0018975926, 0.014375909, 0.0045031495, 0.0036256819, -0.0029486516, 0.007099506, -0.0016060976, 0.012869893, -0.0018916039, 0.00069493364, 8.91434e-05, -0.004838248, 0.015512808, 0.00766946, -0.034192726, -0.0010946522, -0.009727889, -0.0099583985, -0.0006926037, -0.08871028, -0.0111109475, 0.003876491, 0.016069908, 0.024095481, 0.0007063269, 0.01485015, -0.014605031, 8.007602e-05, 0.00098514, -0.010860391, -0.011423856, 0.008599986, 0.019634742, -0.0077871215, -0.013302191, -0.0032194136, -0.004255484, 0.009648488, -0.002471537, -0.0146865975, 0.0009701775, -0.019129975, 0.011480645, -0.01966702, -0.0031543702, 0.0071774074, 0.0016473021, 0.027264733, 0.0038749448, -0.007618997, -0.0007037724, -0.008628835, -0.0048359204, 0.010578829, 0.01040619, -0.007340764, 0.011335014, -0.12516682, 0.021109087, -0.002513649, -0.014122439, -0.014204625, 0.0013595235, -0.0054971064, 0.0035731574, -0.009877037, -0.010454757, -0.01354766, -0.004692154, -0.007375756, -0.007688175, 0.002088149, 0.019951727, -0.0015175648, 0.004179306, -0.0024333866, 0.020077987, -0.009531174, -0.008834496, 0.011714788, -0.011817509, -0.009667704, -0.005990099, -0.011031163, -0.0053139213, -0.0027220123, 0.00041213696, 0.02295106, 0.004643477, -0.0033581487, -0.00850166, 0.017592916, -0.009839628, 0.006937827, -0.005426225, 0.0006317865, -0.014414384, 0.005725746, -0.00016126616, 0.01740144, -0.011738226, 0.008589813, -0.013305386, -0.014763441, 0.0026415056, 0.012987518, 0.017547444, -0.004822011, 0.0075617936, -0.008361002, -0.0044684815, 0.008126485, -0.01059133, -0.020126065, -0.0022354464, -0.013956396, 0.018696655, 0.0004931274, 0.0016115732, 0.007156973, -0.005894862, -0.0032108985, 0.0069520087, -0.0046188557, 0.015404183, -0.0096243, -0.0040738154, -0.00068274356, 0.019201558, 0.0080446955, 0.015180017, -0.009882693, 0.0020845453, 0.002083671, 0.0238207, -0.0056117303, -0.028097825, 0.014344749, 0.009966336, -0.04010438, -0.019036625, 0.0008240337, 0.0011309155, 0.020536887, 0.019992035, 0.002072566, -0.06036791, 0.006661104, 0.011351806, 0.011539836, 0.011870841, 0.00830139, -0.026141822, -0.01562876, -0.008560701, 0.0022570817, -0.009603069, -0.01172005, 0.012568384, -0.00453772, -0.025133332, -0.011779147, 0.009819551, -0.00284319, -0.020592067, -0.016032813, -0.00082466955, -0.0019819802, -0.015016062, 0.023921425, 0.00598263, 0.0016685993, -0.009590526, 0.008228868, 0.007349291, 0.019793045, 0.0138429655, 0.0068191, 0.0028391802, 0.011836068, -0.006895988, -0.00058493856, -0.00096896786, 0.015359235, 0.00556555, -0.014221299, 0.009564572, 0.0038219488, -0.00022079071, -0.0054019117, -0.0004430144, 0.016565293, -0.018007949, 0.0006643101, 0.012404994, 0.021730417, 0.013654449, 0.0098855, 0.001147802, -0.0014322482, 0.00010294396, -0.015563643, -0.02162903, -0.01010281, 0.0040736976, -0.008689381, -0.0076078754, -0.025559898, 0.006496959, -0.005809024, -0.004237066, 0.0019166807, -0.013280324, 0.00351933, -0.0015920477, -0.025646534, -0.015204374, -0.011036533, 0.028473351, 0.018257532, -0.006588738, -0.00999617, 0.010663417, -0.016145129, 0.02463434, 0.010947736, 0.021256117, 0.014301849, 0.007769752, 0.006961555, -0.003318513, -0.00847986, -0.017932625, 0.029598521, -0.0031722183, -0.0020721182, 0.0041057374, -0.019523146, -0.012739212, 0.004548338, -0.0031626618, 0.003941857, 0.0043428056, -0.016203642, 0.006469547, 0.03961465, -0.0012773849, -0.014163367, 0.0063118874, -0.0019337033, 0.0051260465, -0.009244639, -0.0055985525, 0.0025761866, -0.015907535, -0.015600264, 0.0018804101, 0.01701355, -0.015713055, 0.019336388, -0.1672039, 0.0013753229, 0.00517752, -0.0069607054, 0.008497518, -0.008410664, 0.0025140354, -0.0036878593, 0.014406606, -0.013357726, -0.0046643214, 0.011901135, 0.004172757, -0.009424385, -0.0032138312, -0.010553578, -0.012327818, 0.026690755, -0.005170155, -0.011763154, -0.019130351, 0.012141271, 0.008104401, 0.007738123, 0.014730054, -0.0038282338, 0.014862491, 0.030833043, 0.003999516, -0.015254373, -0.01268264, -0.026773822, -0.0076583438, -0.007018567, -0.024257004, 0.0016554252, -0.003983095, 0.015609223, -0.009968841, -0.012713681, -0.022459196, -0.0054033217, -0.0075190715, -0.013564775, -0.002190273, -0.011841242, -0.021972818, -0.011618135, 0.0043671974, 0.004754682, -0.028490504, 0.010507964, -0.017244462, -0.012312466, -0.0018272352, -0.018603826, 0.008266761, -0.026582243, 0.013218799, 0.015755642, -0.001972112, -0.0038596787, 0.015389514, 0.010619064, 0.036777534, -0.011257732, 0.0060835485, 0.13362846, -0.013915075, 0.027910188, -0.02430164, -0.011133742, 0.023778753, 0.028410995, -0.004470104, -0.000204328, -0.01835806, 0.028841816, 0.0034183564, 0.016557395, -0.004360227, -0.019679017, -0.004474151, -0.00034995165, 0.018197984, 0.0046165125, 0.015247166, 0.010607751, -0.005606968, 0.017096248, -0.013158597, 0.04299338, -0.01956861, -0.0053359778, 0.013233737, 0.021522295, -0.0012069092, -0.008466779, -0.016474612, -0.024573218, -0.0031065913, 0.003088777, -0.009533365, 0.01239894, -0.016630094, 0.0006722704, 0.0022625441, 0.009567458, 0.017631007, 0.0137896, -0.023221036, -0.007260292, 0.028442731, -0.014821786, 0.008914963, -0.004886332, -0.006155472, -0.017305084, -0.009085959, -0.014167187, -0.010688844, -0.0060723266, -0.024084717, -0.018739762, 0.010098485, 0.006333788, 0.011899628, 0.0017297645, -0.0055499393, -0.02768104, 0.0052123857, 0.0003787202, 0.0076960837, -0.015939046, -0.025224736, -0.0066208723, -0.09663019, -0.0111174565, -0.015169607, -0.015502152, -0.0035190315, 0.00056410633, -0.029297894, 0.00768633, 0.0007051117, -0.006907667, -0.013329358, 0.0041938433, 0.01683523, -0.0036391055, 0.023643823, -0.001047749, 0.02886177, 0.006369347, -0.0065767136, 0.017966783, 0.015846642, 0.011102184, 0.021388464, 0.004652957, 0.019907393, 0.007977397, 0.012143334, -0.0009263581, -0.012935415, -0.004800002, -0.014047119, 0.009555364, -0.0151196895, 0.016237462, -0.022363316, -0.007893162, -0.009695558, 0.0005915344, 0.008943808, 0.0023443457, 0.010341473, -0.0011030212, -0.0030554638, -0.00912595, 0.0030304017, -0.0065083974, -0.018367343, 0.02145331, -0.0127410535, -0.005052658, 0.0021324297, -0.0018724683, 0.0042651445, 0.018154543, -0.010069309, 0.0025768988, 0.0072103664, -0.0023851616, 0.012595926, -0.006456465, 0.008321209, -0.008827979, 0.01684347, 0.011890914, -0.012922707, -0.0044668573, 0.0065932125, -0.0037145736, 0.0016300944, 0.008942594, -0.0019875374, 0.011236616, -0.019266514, 0.01166962, 0.018823825, 0.001366965, 0.004552481, -0.011095582, -0.029562471, 0.0011092765, -0.029434564, 0.017309336, 0.004013748, 0.000506547, 0.037457753, -0.005091219, 0.01216587, -0.022081247, 0.0011260086, 0.0014789058, 0.014572346, -0.019929733, -0.0029678831, -0.008175764, 0.013031304, 0.02250224, -0.00021496635, -0.01620803, 0.023189796, -0.0023985447, 0.0007879217, 0.0017721655, -0.009135903, 0.015300407, 0.009738678, -0.024102733, -0.0024557493, 0.009357756, 0.013039613, 0.015742233, -0.019060168, 0.011874986, -0.015233091, -0.023781952, 0.0030740013, 0.016631449, -0.0044217007, -0.014777876, 0.0016226288, -0.003549333, -0.027087448, 0.0051452755, 0.0008182207, -0.0075346255, 0.01845341, 0.0063559012, -0.00647979, -0.00869583, 0.016444352, -0.00047034712, -0.00024486502, 0.014302068, -0.013102972, -0.0029959711, 0.02261449, 0.013855343, 0.017991517, 0.005175133, 0.0016789362, -0.009953343, -0.004603196, -0.011977985, -0.006934475, -0.0047592665, -0.010074637, 0.0011306611, 0.011916654, 0.0010413128, 0.0035115636, 0.022665177, 0.002486155, 0.017277772, -0.02146281, 0.009027402, -0.0023007498, 0.0008196099, 0.010253334, -0.02234822, 0.024021981, 0.02202722, 0.0072363364, 0.004173424, 0.0071408176, -0.012578384, 0.006148057, -0.0179706, 0.014207284, -0.010099117, -0.027637886, -0.009339006, 0.0028336588, 0.0041861553, -0.008961783, -0.00506206, -0.03678186, -0.0066142236, -0.0011734333, 0.012632511, -0.00011708316, -0.061118744, 0.028628692, 0.007619172, 0.002879225, -0.0076847607, -0.02118627, 0.018231673, -0.00533829, -0.0054624104, -0.01473627, 0.0060497564, 0.02016186, -0.0104174, -0.007057672, -0.0027488866, 0.01253589, 0.014071427, 0.0073577873, 0.00454911, 0.0102837775, 0.022766408, 0.011024533, -0.0049885917, -0.0009710774, 0.0006757215, 0.0021217053, -0.007220457, 0.032086954, 0.022554321, -0.0070512863, -0.00589832, 0.0058414144, 0.019522585, 0.00956871, 0.001580533, 0.007914535, -0.00043056486, -0.0126503045, 0.015252935, -0.044254005, 0.005200655, 0.023445915, -0.017633779, 0.012369421, 0.003816546, 0.0049259616, 0.027513666, -0.0060904296, -0.0049462416, -0.004210348, 0.011077499, -0.013061844, -0.01130763, 0.003427187, -0.0017187849, -0.010363732, 0.0063520027, 0.0035944912, -0.006639289, -0.0034493252, -0.005668924, -0.01641076, -0.00989262, -0.014325524, 0.010342841, 0.019038033, 0.0038021898, 0.0069240243, 0.040282853, 0.011615321, 0.016311312, -0.03080286, 0.007984867, 0.019561976, 0.004867961, 9.4961295e-05, 0.03355685, -0.019757371, 0.013597067, 0.0037457275, -0.0060120504, 0.0042437986, -0.0028175914, 0.05316289, -0.009876819, -0.019589206, 0.0024793919, -0.11506715, -0.0052021705, -0.006196218, 0.0121062035, -0.001393688, 0.041952796, 0.00057400536, 0.047355123, 0.006242592, 0.007829709, 0.005829529, -0.018198138, 0.0024501635, -0.018957108, -0.020222547, -0.012513465, 0.002940219, -0.009903011, -0.02214777, -0.005754684, 0.010384464, -0.0047107586, 0.011231648, 0.014555765, 0.005119148, -0.037440266, -0.0029568393, -0.023416903, -0.0010044501, 0.0058581857, -0.007598752, -0.00817484, -0.00249061, 0.0023296536, -0.01109905, 0.01278128, -0.010117284, -0.0031325426, -0.0055545047, -0.02137373, 0.007086154, -0.0039986502, 0.0010739478, 0.011193741, 0.011867311, -0.009729186, -0.0018098984, 0.01807901, -0.015133971, 0.0014925381, -0.0042613843, -0.017555058, -0.016943261, 0.0057200156, -0.007214747, 0.0020765464, -0.009664915, -0.026459051, 0.030812519, 0.0042802943, 0.006580175, -0.0007544883, -0.0018252763, -0.014014382, 0.0037570181, 0.012870252, -0.0042507537, -0.024008587, -0.01370314, 3.3491735e-05, 0.025142377, -0.021514807, 0.02672251, -0.00139804, -0.0023893968, -0.006679756, -0.008400882, 0.007516854, -0.012036084, -0.004158009, 0.0080152, 0.009747883, 0.02254873, -0.0074542025, -0.028400581, 0.0063237506, 0.021838993, -0.00019739578, 0.0010717667, -0.012921559, 0.016392471, -0.024659311, 0.011172374, 0.010190956, -0.009194918, -0.0034031323, 0.0009804852, -0.015129281, 0.004509557, -0.010371595, -0.018481804, -0.0048836744, 0.0031006492, -0.01014922, -0.0027366509, 0.0028891012, -0.0051433984, 0.021463342, 0.00022744882, 0.022510163, 0.006719098, -0.0069684247, 0.0009327547, 0.011809811, -0.0040465007, 0.027353957, 0.0009779144, 0.0117626805, -0.0035586732, -0.012940074, -0.015746675, 0.014502416, -0.005743247, -0.012980269, -0.0096167615, 0.0066274204, -0.00039911788, -0.015522348, -0.02002787, 0.006033114, 0.011430507, -0.0021169947, -0.0051855845, 0.010408206, 0.025811817, -0.005868376, -0.003586786, 0.0017939472, 0.0031220065, -0.013100135, 0.027896803, 0.002312875, -0.00016059022, 0.00028770318, 0.0053491537, -0.0008753554, 0.005466173, 0.015070119, -0.003701263, 0.003400221, -0.01146079, 0.0019377747, 0.01931243, -0.00883014, -0.026158866, 0.0033657972, 0.020507533, -0.008786791, 0.016031247, 0.005346322, 0.004623541, 0.002733161, 0.016610812, 0.019851763, -0.018752703, 0.0020190007, 0.004701695, 0.0212688, 0.04286886, -0.012298246, 0.0137899, -0.00037231832, -0.006452644, 0.004483729, 0.041449197, -0.014213085, 0.034470554, 0.019077787, 0.010067446, -0.011654639, 0.0139794955, 0.026909418, -0.011535435, 0.016226407, 0.00416064, 0.00862482, 0.0067805503, -0.016107813, -0.013437147, 0.0031339128, 0.008343877, -0.021114664, -0.0046275924, 0.0052535827, -0.026326898, 0.015750127, 0.01773181, 0.012330308, -0.016947195, 0.008207236, -0.0005339587, 0.0074532144, -0.017949317, -0.03288079, 0.011599723, -0.016275728, 0.008734206, 0.026029805, -0.017130611, -0.0058838003, -0.0015701114, 0.017302973, -0.004830049, 0.012923459, -0.00584646, -0.00073467015, -0.0040341914, 0.0063057677, 0.0171197, 0.008674419, 0.024233166, 0.0062440755, 0.0012303293, -0.01207629, -0.02385132, 0.00501114, -0.013218956, 0.0066244523, 0.007049522, -0.004112804, 0.01990503, 0.03299878, -0.006222702, -0.001145393, 0.03435237, -0.00024902084, -0.017947301, -0.008950874, 0.0035690698, -0.0017605923, 0.013987206, 0.0031620888, -0.003347342, 0.0013489507, 0.0045237797, -0.028217735, -0.016581329, -0.006376596, -0.020118186, 0.012947088, 0.00653233, -0.0022927627, 0.010414399, -0.02028714, 0.020411344, 0.0059263147, -0.008998967, -0.021161735, -0.0061747166, -0.021948595, 0.006321221, 0.006568323, -0.00073161203, 0.0014605775, -0.011232928, -0.00058765325, -0.00024361459, 0.01022121, 0.024917245, 0.005240107, -0.0052021034, -0.0069470415, -0.0053551067, -0.022656046, -0.011606993, 0.009023989, -0.024885006, 0.019341188, 0.020642333, 0.026753629, 0.018237019, -0.002617277, -0.0026592398, 0.026668077, 0.021068906, 0.011227942, 0.013663814, 0.02228092, 0.012769104, -0.030359037, 0.027238179, 0.0023284873, -0.021627953, -0.0046252776, -0.015823483, -0.0039137024, 0.0036688705, 0.0062393243, 0.012817493, -0.0052392385, 0.016222075, 0.011516603, -0.019551603, 0.012021663, -0.002899584, -0.024262998, 0.031145886, -0.0042728595, 0.018473182, -0.0008596408, 0.016498331, -0.009602629, 0.008769269, -0.0032189647, -0.010603417, -0.01317522, -0.0063007926, -0.011931398, -0.022261946, -0.0035930423, -0.015928026, -0.002155687, 0.0059356536, -0.010096446, -0.0063725286, -0.0044785836, -0.0018514363, 0.011414413, 0.012258383, 0.022093834, -0.0232178, 0.0005308048, 0.0172411, -0.0037815943, -0.011982414, -0.022250302, 0.01912043, 0.02121631, -0.007681265, 0.01072015, -0.009753352, 0.009823282, -0.0033903555, 0.003697914, -0.017678373, 0.011915407, -0.0091222, -0.0010929623, 0.009562167, -0.004765505, -0.011545098, 0.006272614, -0.007128816, 0.0036789055, -0.0037683763, -0.015388425, 0.0063322326, 0.0030544132, -0.001060044, -0.036122967, -0.013436433, -0.0037580356, 0.01573609, 0.006324403, -0.0051728026, -0.0018918054, -0.017347619, -0.015102035, -0.013081438, 0.019057536, 0.001748197, 0.03411944, -0.0024164403, -0.0060415748, -0.00019008362, -0.041628975, -0.0013024195, -0.025545966, -0.005517225, 0.005017675, -0.004478195, -0.0023998723, 0.0077148415, -0.004833184, -0.0060635, 0.010924918, 0.0121582905, 0.012210964, 0.010441569, 0.00512751, -0.03470517, 0.007272673, -0.00087596546, -0.0043893014, -0.009748246, -0.0038811434, 0.006973884, 0.022751518, -0.005371463, 0.00032436082, -0.0027158717, -0.021128621, 0.0124281095, 0.0028701124, 0.003631759, -0.001905711, 0.006366218, 0.023717057, 0.017490098, -0.00014754002, -0.0059290556, -0.014051854, -0.0111100115, -0.017265957, 0.022561783, 0.022995362, -0.003514947, 0.008843065, -0.0036096808, 0.0013506709, -0.024092084, 0.010253636, -0.00019393062, 0.021972017, -0.0019147136, 0.0011909097, 0.019135494, 0.011764542, 0.00763107, 0.022437692, -0.01641449, -0.009414438, -0.0049845777, -0.008513874, 0.023189586, 0.00936232, -0.022219187, 0.044316493, 0.023259956, 0.020765245, 0.003249417, 6.5698594e-05, -0.0075308136, -0.005902251, 0.022009576, -0.020944713, -0.0050547407, 0.021476684, 0.0057968544, 0.0059017683, 0.032500267, 0.018269226, -0.020393528, -0.0021537598, -0.0051716547, -0.03085658, 0.0011314669, -0.0045188516, 0.024206739, -0.0039034903, -0.011168786, 0.0029101274, 0.005323721, 0.002896464, -0.012719165, -0.028643908, 0.00012957248, -0.011943876, 0.0057089143, 0.023723358, -0.06537756, -0.026406268, -0.017235052, 0.016353952, 0.0006997366, 0.016409932, 0.01039439, 0.025261754, -0.007894835, -0.010905638, -0.012206542, -0.01915547, 0.007869379, 0.02222615, -0.0073150275, 0.0007406906, -0.0170854, -0.01750937, -1.2988047e-05, 9.165604e-05, -0.022388667, -0.01381317, 0.0115830125, -0.023905538, 0.00078390876, -0.006804262, -0.01493764, -0.0004493567, -0.0036096238, 0.014922089, 0.0027967975, 0.025207166, -0.027234947, -0.005856725, 0.012007603, 0.0044400557, 0.006228846, 0.021743475, -0.021770565, -0.025398897, -0.01882884, -0.020976111, -0.0076956563, 0.008745952, 0.020616334, -0.017403167, 0.01141788, 0.006272591, -0.008985061, -0.012773513, 0.00017250869, -0.016630406, -0.00785563, 0.007312874, 0.005516443, -0.005573646, -0.013852351, 0.015080885, -0.009950157, -0.028993802, 0.0038673203, 0.013436978, -0.011652827, -0.012659815, 0.006533714, 0.008404724, -0.022293083, -0.006987181, -0.01027339, -0.024263237, -0.0036548683, 0.009870828, 0.0009454401, 0.019158047, -0.004719928, -0.0076002697, -0.0034020895, 0.003451012, -0.02194332, 2.4251513e-05, 0.013642315, -0.0010658093, -0.013531155, -0.01469417, -0.0024154386, 0.008468431, -0.00066493405, -0.0024576138, 0.00057812687, -0.022809114, -0.012839792, 0.02416623, -0.007146939, 0.021056464, 0.00026367154, -0.012083254, 0.010884914, 0.0016842897, 0.0047207805, -0.005917209, 0.0022482232, -0.018773597, 0.019601526, -0.01328629, -0.005549796, 0.0016779746, 0.012676604, -0.004941791, 0.0005110589, 0.011719472, -0.016557582, -0.009143885, -0.010446444, 0.013432204, 0.008066488, -0.00784426, -0.0045515033, 0.029172711, -0.015884541, -0.0056231087, 0.0112132635, 0.00087507215, 0.0006213206, 0.0031342495, 0.0028186445, 0.023149991, -0.011950707, 0.020662643, 0.03103781, -0.001822139, 0.010646786, -0.015835464, 0.009365431, -0.026282616, 0.010917705, -0.027780883, 0.02036358, 0.028279053, 0.014885461, -0.021712288, 0.019457184, 0.06105477, -0.0031374046, -0.01279211, -0.005203639, 0.0012271036, 0.004350426, -0.019504128, 0.026388597, -0.012426933, 0.0042813728, -0.011876249, -0.0019039226, 0.016204676, -0.011451209, 0.002205422, 0.025174197, 0.00035376058, -0.012336129, -0.019075425, -0.011963159, 0.0047294996, 0.010893103, -0.015501849, 0.00478606, -0.009544403, -0.012222818, 0.009382505, 0.00477782, 0.007814468, -0.0067705098, -0.005747948, -0.017228788, 0.006824675, -0.004299766, 0.0051091583, 0.0028905973, 0.0059139025, 0.0021803814, -0.008041607, 0.00826141, -0.02915261, 0.006370873, 0.00070071267, 0.006784932, 0.023668109, 0.0043061934, -0.007338206, 0.008767725, 0.024125969, 0.020153262, -0.0035335019, -0.016878875, 0.025711445, 0.0034565618, 0.006040039, 0.0014747019, 0.005620527, 0.010974426, -0.0060859593, 0.010645394, 0.003762033, -0.008378383, -0.005693812, 0.0053633214, -0.008107363, 0.010733345, 0.0074360524, 0.001459759, 0.014878136, 0.004123242, 0.009742965, -0.02027125, -0.008303574, -9.2807284e-05, -0.010620033, 0.15919854, 0.12403222, 0.00059121125, -0.00090734585, 0.005524266, 0.015723502, -0.023343116, -0.0057637086, -0.0005515542, 0.0011694949, -0.017108906, 0.013791247, 0.013393583, -0.015655637, 0.006825708, -0.019619426, 0.011780001, 0.02073422, -0.0044220085, 0.0045000515, -0.010859971, 0.023531796, 0.0033171868, -0.024713486, -0.017136257, -0.019751271, -0.008728836, 0.019478891, -0.011585844, 0.0019266121, 0.0128164645, 0.0007545444, 0.007962315, 0.0034529518, 0.013444044, 6.179335e-05, 0.010595201, 0.002612768, -0.0065225125, 0.009167822, -0.034589358, 0.00039451156, 0.009443074, -0.011747369, 0.008011437, 0.010368429, -0.013832324, 0.0032938037, -0.0047072633, 0.023169514, 0.0059644566, 0.004911739, -0.004651862, -0.0013467288, -0.016728278, 0.00084730715, -0.015303167, 0.009378798, 0.011032401, -0.01112795, 0.024539862, 0.0034410215, -0.003724926, 0.0027040774, 0.025146281, 0.0050424337, -0.028790297, 0.0026161475, -0.00073826785, -0.028052146, -0.0031047126, 0.008567945, 0.010993322, -0.00775145, 0.0043209903, 0.01102338, 0.030182358, -0.009498465, 0.006400884, 0.024706382, 0.0148855755, -0.0054343366, 0.0043013273, 0.0020622436, -0.0046842536, 0.00019188531, 0.023265075, 0.02111499, 0.13299151, 0.004732708, -5.594766e-05, -0.018643672, -0.002478202, 0.0021847924, 0.009534298, 0.06464905, 0.0076454775, -0.014431278, 0.0048263464, 0.007478531, 0.018313048, 0.0008688233, 0.0047885077, 0.0017232172, 0.019777568, 0.041095298, 0.003032124, 0.004281171, -0.024607405, -0.00023726714, 0.00036141765, 0.018494815, -0.020417616, -0.013446144, -0.019860497, 0.0015645986, -0.014205554, 0.027158145, -0.09979164, 0.005853348, 0.007811556, -0.0168243, -0.0107675055, 0.03908959, -0.03836474, 0.00034802835, -0.018316973, 0.020819306, 0.013937389, -0.011273814, 0.017284669, -0.0048472197, 0.008834974, -0.0035980565, -0.013906226, -0.00603161, -0.0027156698, 0.0180608, 0.01881316, 0.015787357, -0.017900392, 0.0021333126, 0.01886801, 0.013980298, -0.017353244, -0.021020694, -0.011278838, -0.011007154, 0.012429147, -0.006803583, -0.030289043, 0.019554058, -0.022287268, 0.011917087, -0.009085793, 0.004746068, -0.0018501877, 0.0035814445, -0.0075135026, 0.001069753, -0.009002229, -0.005528664, 0.0135273505, 0.016438354, -0.0023196426, 0.025141323, -0.0069646146, 0.0003396841, -0.016132245, 0.0077744923, 0.010030088, 0.005857088, -0.0030659032, 0.006616307, -0.020197414, -0.008228098, -0.0151384985, 0.018093545, -0.02184536, 0.01087485, -0.0028591284, 0.026791407, 0.017472133, 0.0077577876, -0.012093351, -0.015493449, -0.009213406, 0.0020673212, -0.010242427, 0.016204035, -0.006289139, 0.012169907, 0.017952457, -0.009317038, 0.00039606006, 0.003012711, -0.0007509003, -0.0045561506, -0.021659197, -0.0072141453, -0.013995848, 0.12056274, 0.011753043, 0.0080342665, 0.0007206836, 0.0076340497, -0.02514276, -0.010000951, 0.007219163, 0.0106845535, -0.002486614, -0.013013303, 0.018650306, 0.0014378735, 0.014205994, -0.017513473, 0.007876695, 0.021698665, -0.008048854, 0.0007962568, -0.014709707, -0.007773447, 0.0032408217, 0.0080848215, 0.0063254684, -0.003635692, 0.029727327, 0.0034173913, 0.037884995, -0.014937482, -0.01683331, -0.022923416, -0.015384405, -0.0041163573, 0.014018871, -0.02496744, 0.016288297, 0.003056978, 0.009216934, -0.010661981, -0.03642706, 0.003987983, -0.01341439, 0.0012649104, 0.025207948, -0.03612769, 0.1909131, 0.009448027, -0.020277612, -0.011527016, 0.017102558, 0.002680244, 0.0051636514, 0.0051447195, 0.009889642, 0.008691088, 0.023945957, 0.026543068, 0.0032512345, 0.019611744, -0.009976415, -0.0044903792, 0.018916396, 0.023431247, 0.00047315157, 0.015607305, -0.0049609155, -0.008465191, -0.031530708, 0.01537988, 0.007076712, -0.0013718825, 0.0009674504, 0.028893312, -0.02476529, 0.00717591, -0.0014323035, 0.015844278, 0.00024792415, -0.026596792, -0.01163078, 0.02613565, 0.018837811, 0.016475663, -0.018890724, -0.022449689, 0.010571818, 0.004783634, -0.021598704, 0.0017771369, -0.0009116017, 0.017383536, -0.015084813, 0.0135852145, -0.013671914, -0.009867401, 0.0041040485, -0.011570299, -0.018418327, -0.010699369, -0.0011659358, -0.0077906167, -0.005675245, 0.022022754, 0.0032786634, -0.017938277, -0.017465321, 0.00028337422, -0.025071012, 0.0017111212, -0.0054454952, 0.00951046, -0.009466714]"
Otro golpe a Cuarto Dia: Mariana Botas fue la eliminada de LCDLFM,https://oem.com.mx/elsoldemexico/img/25518776/1756721582/BASE_LANDSCAPE/1200/image.webp,GOSSIP,"Con la salida de la actriz y conductora de Las Envinadas, del Cuarto Dia solo quedan: Dalilah, Facundo, Shiky y Guana",https://oem.com.mx/elsoldemexico/gossip/mariana-botas-quinta-eliminada-de-la-casa-de-los-famosos-mexico-y-tiembla-el-cuarto-dia-25514932,"[-0.0018609776, -0.017040975, -0.013715648, -0.06965122, 0.0072963783, 0.039836537, -0.00037053903, 0.018086202, -0.02056201, 0.013022445, 0.0059446003, -0.019746969, -0.003275967, -0.0009145663, 0.114410535, 0.01079525, -0.0036228565, 0.020992944, -0.008565727, -0.02522215, 0.01100828, -0.009834891, 0.005006882, 0.008275009, -0.00063760515, 0.004645733, -0.0054596113, 0.0010714186, 0.018769218, -0.02510673, -0.007962144, 0.009171648, 0.024683231, 0.0037480732, -0.027960716, 0.021236282, 0.008763356, -0.014779333, -0.0057135345, -0.0044635534, 0.0068847826, -0.006906458, 0.0061652106, 0.0075649987, 0.022000896, 0.00081766077, 0.019905625, -0.0014559892, 0.01931625, 0.010160629, 0.038924977, -0.006485764, -0.013031812, -0.16146296, 0.0016784798, -0.0028080964, -0.026292825, 0.008823568, -0.013046672, -0.033227373, -0.016359337, 0.00533227, -0.023422683, -0.016556568, 0.016070127, -0.0046077846, -0.006993559, 0.00034345585, -0.010382551, -0.016694091, 0.027617032, -0.036836635, 0.0054186922, 0.004569612, 0.012387545, 0.0016529574, -0.013768845, -0.0054943194, -0.022655295, 0.010787048, 0.031509046, -0.014204066, 0.029976098, 0.0035454156, -0.0069918116, 0.014192394, -0.007590266, 0.009492224, 0.007867254, 0.006631789, -0.017783638, 0.0035147367, 0.002726807, 0.0016433414, 0.0010554194, -0.014738503, -0.016822096, -0.010177924, 0.004563779, -0.011944965, -0.0210577, -0.01197613, 0.026102385, 0.0045009134, -0.003683999, -0.021385834, 0.027491657, 0.008021947, -0.011071172, -0.012119426, 0.005961549, -0.000605909, -0.01787421, 0.020370135, -0.012900011, -0.13921008, 0.003144464, 0.01933, -0.0022717698, -0.02411496, 0.025394995, 0.02049251, -0.019000223, 0.045657255, -0.009274743, -0.01776128, -0.0025303224, 0.017964458, 0.0051767672, -0.012979263, -0.0039212205, 0.0167023, 0.0044584833, 0.01678386, -0.01095098, 0.040172003, -0.0016090869, 0.0020713375, -0.012903472, -0.010167225, -0.008948596, 0.0009819013, 0.010837649, -0.015762433, 0.0012111237, -0.026234929, 0.024823252, 0.010971204, -0.008567725, 0.014728609, 0.030907964, -0.006455768, 0.027647963, -0.0032824625, 0.00549992, -0.00035734125, 0.00095380255, 0.025870753, -0.012846744, 0.010589997, 0.0032925229, 0.00037622175, 0.015077165, 0.02626774, 0.009766091, 0.0120531265, -0.013461471, -0.0031969799, 0.006355132, 0.00760263, -0.04299892, -0.00897849, -0.010416883, 0.011873485, -0.004583691, 0.02887543, -0.050901137, -0.02939323, -0.0119063305, 0.013342754, 0.012514266, -0.026261779, 0.004890738, 0.0368019, -0.016204257, -0.023310738, 0.007883274, -0.00019434979, -0.024281485, 0.0009890551, -0.031783346, -0.0048496784, -0.003696388, -0.023133136, 0.009502127, 0.0076961895, -0.0005473927, -0.016417094, -0.04246451, -0.038990878, 0.007822893, 0.02382741, -0.026134701, -0.0077052442, -0.018519565, 0.008730897, -0.0031219488, -0.0077681416, 0.02012043, 0.013746748, 0.00901145, 0.005902279, 0.022218993, -0.020746745, 0.009161952, -0.010022712, -0.021213975, -0.028180368, -0.008190144, -0.02184231, 0.01038346, -0.014028748, -0.034413137, 0.005582899, -0.0020361124, -0.02959562, -0.006182568, 0.016998325, 0.0041240305, -0.016487498, 0.026105737, 0.0016585677, -0.023987578, -0.00044672546, -0.012773231, -0.0043470794, -0.010280985, -0.0019354145, 0.0082129305, 0.01342028, 0.022112772, 0.008173027, -0.0041689575, 0.0031774398, 0.00606952, -0.023240771, -0.012582294, 0.0048640487, -0.03793051, 0.010188897, 0.014058817, 0.020613143, -0.025815899, 0.014552256, 0.013873455, 0.029058026, -0.01059408, 0.007334291, -0.027835956, -0.03230458, -0.040247686, -0.0074301832, -0.023864307, -0.04035975, -0.0030004007, 0.02320397, 0.029807406, -0.002813753, -0.018956644, -0.021865154, 0.008961819, -0.0016537039, -0.01577683, 0.0018146534, -0.008957746, 0.007777843, -0.0902046, 0.022861632, -0.007349865, -0.014464473, 0.011642112, -0.009665888, -0.000992018, 0.0051716813, -0.014317285, -0.0070289182, -0.017259436, -0.017035428, -0.0044313585, -0.016625999, 0.005779557, 0.0031915612, 0.0053455885, -0.009057023, 0.006308808, -0.02359587, 0.013427781, 0.0013414753, 0.0066862134, -0.009800511, 0.008895645, 0.010317704, 0.029552171, 0.019642537, 0.021725649, -0.008215861, -0.009841918, -0.016128775, -0.012443426, -0.010412136, 0.019510973, 0.010594474, -0.034782235, -0.030527998, -0.016294084, 0.009321488, 0.014615653, -0.009950211, -0.027922977, 0.009359437, -0.011648999, 0.013673484, 0.01880878, -0.007415511, -0.00067258364, -0.008954152, 0.01580816, 0.0076906905, 0.020614581, 0.027483713, 0.012930768, 0.0045597125, -0.016402451, 0.021415163, 0.0053119888, 0.018496655, 0.0004239205, 0.015237048, 0.0020446868, -0.0030923334, -0.008376031, -0.014046873, 0.001382407, -0.014744703, -0.002429968, 0.0067970855, -0.0042753834, -0.024336258, 0.01563116, -0.016658884, -0.0125958165, 0.0074349213, 0.034309056, -0.0013260752, 0.014220897, 0.013829264, -0.02654877, 0.012858928, -0.002357017, 0.020573767, 0.0061982526, 0.014846744, 0.0042788563, -0.013274046, 0.013307613, -0.030321745, 0.0010330903, -0.009975527, 0.0067006596, -0.0069799977, -0.05269603, 0.02063688, -0.0165326, 0.014641889, -0.0039859684, 0.021535844, 0.00065744965, -0.027486162, -0.010180737, 0.019722234, -0.013345003, -0.018947558, 0.048601385, 0.0053064, -0.020644927, 0.04182206, -0.014193906, -0.032438394, 0.016784495, -0.0023374236, 0.025179682, 0.010223343, 0.008601597, -0.0013821113, -0.019743055, 0.018898591, 0.015917191, 0.0034631484, 0.008619256, 0.007643917, -0.009795399, -0.008096652, 0.007177683, 0.00577321, 0.0048666624, 0.0021044016, -0.018751785, -0.009585696, 0.028381621, -0.01484219, 0.025888449, 0.021211063, -0.015521295, 0.012480717, 0.011631703, 0.011857662, -0.0029545007, 0.02614682, 0.006944802, 0.04089641, 0.025795626, -0.0023493927, -0.008470922, -0.0053554834, 0.026184808, 0.008292589, -0.025606511, -0.015570981, 0.026251763, 0.011781737, 0.0052183606, 0.01672987, 0.00013007814, -0.0064093643, -0.013265859, -0.029484252, 0.0035415173, -0.026942268, 0.010596773, 0.0027673554, 0.006851634, 0.004888069, -0.008486017, -0.0075694057, -0.014405911, 0.016521506, -0.022340376, -0.010731982, -0.012011243, -0.01154484, 0.022415556, 0.0007971905, 0.014550084, -0.012445011, -0.01863876, 0.009664458, -0.00535582, 0.0133947795, 0.015435219, -0.005717649, -0.0048434376, -0.007961777, 0.0164635, -0.009510385, -0.040978983, 0.0053993184, -0.016232142, -0.004540302, 0.010907062, -0.009550412, -0.03105729, -0.011026602, 0.049005646, 0.02581549, 0.006231331, 0.010930009, -0.0014329415, 0.024833364, 0.004066255, 0.019230222, -0.010541449, 0.008061807, 0.010711776, -0.008346657, 0.0050665867, 0.023150206, 0.00020554314, 0.019281773, 0.0006707259, 0.007380054, 0.01820718, 0.0048144194, -0.020054504, -0.025120769, -0.032077488, 0.007421898, 0.009678674, -0.0136490865, 0.029865012, 0.00532338, -0.0035806946, 0.0060456805, 0.012749612, 0.0066345315, -0.016163316, 0.013140173, -0.010614688, 0.027805122, 0.021508474, 0.00031433158, 0.0024602278, 0.011017817, -0.0048241317, 0.02530884, -0.004745087, 0.041890655, 0.005292292, 0.010130353, -0.043098148, 0.02412978, -0.01919424, -0.0036452417, -0.00045789054, 0.007866862, -0.0007057333, 0.035749093, -0.0075085387, -0.00036271816, 0.014637194, -0.017898398, 0.009172642, 0.001047187, -0.010356156, 0.002415484, 0.014182268, 0.013661341, -0.011810521, 0.011323942, -0.012770193, 0.0025533277, -0.01390425, -0.0016020586, 0.030057171, -0.004555636, 0.01860907, -0.07996478, -0.017861955, -0.0037391658, -0.029296374, -0.025313403, -0.024216415, 0.00089132175, -0.012000118, -0.024031824, 0.04102332, -0.015325475, 0.0029547643, 0.0026862565, -0.0027885975, -0.01280893, -0.034122907, 0.0061433916, -0.0025527012, 0.020142587, -0.0017102816, 0.0016838667, 0.010847957, -0.012485012, -0.028707085, -0.03236048, 0.008946661, 0.010483337, -0.017806021, -0.009945309, 0.0193366, -0.020239186, 0.004371114, -0.018880894, 0.013114794, 0.00601819, 0.010794518, -0.010400457, 0.005676819, -0.028184338, 0.03963697, 0.006064252, 0.01670414, 0.013956595, 0.0037430387, -0.019304112, -0.0009506315, -0.00021155982, 0.00622306, -0.027353978, -0.017050726, -0.017733341, 0.0063470043, -0.00818053, 0.0017390512, 0.015179555, 0.009005147, 0.005839199, 0.022576146, -0.0052061058, -0.018975206, 0.0048459573, 0.021318033, -0.0055312063, -0.00836433, 1.568591e-05, -0.017397163, -0.024414664, 0.030152043, 0.025261378, 0.018254798, -0.025173616, -0.008322179, 0.014914548, -0.0066247117, 0.004372601, 0.018554559, -0.008286443, 0.027184406, 0.0112727145, -0.0053156866, -0.042628746, 0.005111747, -0.10146809, 0.012876781, -0.012891899, -0.0037203731, -0.004401957, 0.015513085, 0.024996487, -0.03022835, -0.0099554565, -0.027405621, -0.03635483, 0.06559889, 0.0007827521, -0.019872993, -0.01898611, -0.012717543, 0.00040406856, 0.0043710866, 0.0017037091, -0.021177731, 0.014429865, 0.015975766, 0.007938326, -0.0027253188, -0.01179072, -0.024952503, -0.034476634, -0.018501744, 0.015397924, -0.01687345, 0.0014446257, -0.14649774, 0.0072814142, 0.0031576115, 0.00084938476, 0.0029372796, 0.012307368, -0.0025137055, -0.019831399, 0.0026261448, 0.013082719, -0.010447191, 0.004794588, -0.04035655, 0.021674749, 0.011742175, 0.09913352, -0.007818056, 0.03473536, -0.010568404, 2.2930362e-05, 0.011622951, -0.014631229, 0.003440507, -0.028692339, 0.013972299, -0.018265253, 0.009770697, 0.010451854, 0.02349802, -0.014050111, -0.011828705, 0.023971695, 0.030438561, -0.017514372, 0.009640156, -0.023873145, 0.013786949, -0.008039354, -0.0068139867, 0.020584136, 0.006441853, 0.005530902, -0.022212623, -0.030081607, -0.012227856, 0.0022379546, 0.005882914, 0.007407925, -0.02045254, -0.0066242833, -0.019153193, -0.05113261, 0.006077584, 0.03912345, 0.0065747127, -0.003133289, 0.006490876, -0.008988625, 0.023991292, 0.012808463, -0.010105187, -0.003757473, -0.004681387, 0.001689109, 0.01152213, -0.014579954, 0.025809, -0.002580698, 0.00509454, -0.0023926792, 0.0034076872, 0.02937409, -0.0025886, -0.025472961, 0.006564959, 0.011778059, -0.025827393, 0.027414965, -0.0018831572, 0.026430955, 0.01970426, -0.02062795, 0.015813593, -0.023616252, -0.006276731, -0.022739338, 0.027531028, -0.019696059, -0.029626785, -0.023323795, 0.013606541, 0.012209445, -0.00794229, -0.0079169795, -0.0014422317, -0.01477388, -0.011919368, 0.010580864, -0.013105622, -0.022316242, 0.0029888724, 0.015711084, -0.02069115, -0.016968096, -0.022757368, 0.00835628, -0.0030647, 0.01751068, 0.026583783, 0.004762257, -0.004010353, -0.005419037, -0.004680379, 0.004357355, 0.0005883632, 0.01659258, 0.0026543452, 0.007379718, 0.008986108, 0.00049932546, 0.011255467, -0.0018657006, -0.017369632, -0.0034818829, 0.015306352, -0.018332774, -0.007840271, 0.004205707, 0.0027007342, -0.04460249, 0.0031671077, -0.0062722587, 0.025798984, -0.0030183613, -0.0003470251, 0.0014866269, 0.019378603, -0.008244881, -0.015659146, 0.007679774, 0.02011158, 0.0009994234, 0.007830007, -0.010854741, -0.013060134, 0.0016034917, 0.023493042, 0.002754119, -0.009996627, -0.015336725, -0.0033521333, -0.012506838, -0.005767971, 0.0068538305, -0.004945188, 0.013285378, 0.020479126, 0.0143203745, 0.016159788, -0.0041014887, 0.011838041, 0.0024319857, 0.0043081376, 0.004788476, -0.010120715, 0.0029488273, 0.009530473, -0.011543378, 0.0061410745, -0.0014755167, -0.018762458, 0.008457146, -0.0018150439, -0.0082262745, -0.005304849, 0.0023639542, 0.015644211, -0.0044080867, -0.0011532904, 0.0011725785, -0.0032810587, 0.0015775518, 0.004351803, -0.0026963784, 0.009945611, 0.018367847, 0.009949849, 0.0117948605, 0.005831126, -0.012308593, -0.019306997, -0.029540095, -0.0057220766, -0.025831927, 0.004431277, 0.00039856363, -0.01995934, 0.0142627405, -0.0055414583, -0.007176429, -0.00207943, -0.016221864, -0.010082989, 0.003279191, -0.024424195, 0.016113067, -0.0076026786, 0.015136155, -0.00913876, 0.015044548, 0.004572026, -0.030008748, -0.002311577, 0.0025352438, -0.010232536, -0.02090918, 0.0047098505, 0.010548389, 0.017968247, 0.006815099, 0.0059059495, -0.0024426384, 0.003456455, -0.013311856, 0.0059235063, 0.010374901, 0.003754982, 0.008657713, -0.007138409, 0.005977384, 0.019091342, 0.005243192, 0.031234553, 0.0028114335, 0.0010769797, 0.004677889, 0.010668387, -0.008833293, 0.00803954, 0.007146877, -0.0010716924, 0.016135778, 0.017807353, 0.009772841, -0.005448003, 0.0051009576, 0.0139204515, 0.0033278486, 0.00998486, 0.014563906, 0.0068846643, 0.009203342, 0.018979616, 0.015258976, 0.00049218786, -0.015928946, -0.017766953, 0.013079511, 0.012041898, -0.022681905, -0.005220645, -0.0022339446, -0.010388653, -0.014204547, 0.00047245005, -0.00396855, 0.002366387, -0.011236589, 0.026422013, -0.004021514, -0.0057794363, 0.00764407, 0.00075000105, 0.00783212, -0.024265772, -8.928241e-05, -0.017114474, 0.006049539, -0.013715335, -0.0016292622, -0.013077884, -0.0075014136, -0.009764171, -0.010292068, -0.004971922, -0.018420344, -0.0067229904, 0.011204097, -0.009542685, -0.011641846, 0.008535165, -0.0054800967, -0.0034155499, 0.008718609, -0.0047678594, -0.00037271896, -0.002470659, -0.0096509345, 0.0017858346, -0.011277121, 0.014261062, -0.00791172, -0.013899277, -0.017095879, -0.0032201018, -0.010151493, -0.011146494, 0.0013048921, 0.015345795, 0.0023120907, 0.08088196, -0.010243452, 0.0055765724, 0.016053822, 0.0053303875, 0.0061957887, -0.008596135, -0.0075303554, 0.006824963, -0.0013174398, 0.01741526, 0.011247531, 0.00862659, 0.00018805578, 0.020816496, 0.0017292727, -0.025944272, -0.0071346, 0.0027496773, -0.00047645095, -0.009465125, -0.006967714, 0.009471462, -0.007922088, 0.005886975, -0.0050931997, -0.0029673423, 0.015059904, 0.020838527, 0.010892034, -0.007311254, 0.014464036, -0.015878031, -0.00088248134, -0.0027893668, 0.005425593, -0.0073759286, 0.007031309, -0.00033672113, 0.008971317, -0.019773025, -0.008315506, 0.0017511189, -0.02025449, 0.0024723476, -0.0041447966, 0.0048309076, 0.01815258, 0.00030807688, -0.0026673158, -0.016087813, -0.01260858, -0.009166074, 0.010480006, 0.003239197, -0.004182631, 0.0037560367, 0.010428996, 0.015594758, -0.004689027, 0.0066633606, -0.002468735, 0.00022242645, -0.004179653, -0.01570962, -0.00479694, 0.0024458915, 0.011064303, 0.0022293304, 0.0033080825, -0.014203063, -0.007081132, -0.0026834921, 0.01099612, 0.007512294, -0.0055539426, -0.021204839, 0.00981629, -0.0029414382, -0.029678583, 0.008508801, -0.026470235, -0.011874541, 0.0031383568, -0.01554531, 0.0008281923, 0.0036194818, -0.009803177, 0.010279045, -0.0053399513, -0.0024377217, -0.005982847, 0.0068618148, -0.010937353, 0.0012948964, -0.014754614, 0.07110702, 0.009399547, -0.0043986985, -0.003812786, 0.0018041605, 0.010709418, 0.007617105, -0.004719694, -0.0020832354, 0.0001312156, 0.011767073, 0.0070834155, -0.0018526483, -0.007905964, -0.014636838, -0.0015290619, -0.0008207403, -0.03582916, -0.013273852, -0.018031957, -0.0065271016, 0.0048880004, 0.0034278443, -0.0032367692, 0.0014077001, 3.881183e-06, 0.0036817635, 0.021671692, 0.014986916, 0.0026637001, -0.0010037348, 0.0070033935, 0.00015183039, 0.020408763, -0.009889478, 0.0046014846, -0.021678563, 0.0009517363, -0.0060116383, 0.020085992, 0.006966335, -0.002879616, 0.0056743985, 0.01696673, 0.008967122, -0.0027164835, -0.011511853, 0.007321577, -0.002955046, 0.020337902, 0.0080162, 0.009657499, 0.00039938878, 0.0001972525, -0.018153615, -0.01325061, 0.013774688, -0.013870364, -0.009760747, -0.009903404, -0.009431605, 0.0072695618, -0.011973856, 0.0060526384, -0.013981435, -0.0034629537, -0.0045365845, 0.00082283554, -0.019125717, -0.010717903, -0.00016860808, 0.0045254263, 0.0002106655, 0.0053548035, 0.0015762834, -0.00842573, -0.0018089296, -0.013935537, 0.0014920072, 0.01150808, 0.0053791734, -0.010095401, 0.006038153, 0.00725215, -0.00050466857, 0.0077313622, -0.0077208616, -0.018317029, -0.010841854, 0.013796726, 0.011898105, -0.01207436, 0.0029827554, -0.019354926, -0.0067485366, 0.010006619, 0.01158557, -0.0025767838, 0.014901387, 0.019960297, -0.018241445, 0.0007852109, -0.009168698, -0.0014558963, 0.007733024, -0.0081713265, 0.019670568, -0.0011724961, 0.017227547, -0.007013232, -0.0020317447, 0.013647672, -0.014298515, 0.0042431667, -0.00095779746, -0.0038248585, -0.020223692, 0.006542459, 0.005407337, 0.007783953, 0.016530558, 0.022767242, 0.014907436, -0.0013957412, 0.006025192, 0.008533459, -0.00092237955, -0.006957064, 0.006810377, 0.0008287194, -0.0012445418, 0.01000654, -0.006387135, -0.009631984, -0.021905549, -0.0016218977, -0.015243284, 0.00073494436, -0.018839965, -0.028486194, 0.0022380475, -0.0052040974, -0.0011455462, -0.011012911, 0.01627234, -0.0055710734, -0.0053325933, -0.0037273627, 0.010288827, 0.0050462317, -0.008920826, -0.010442261, -0.017772922, 0.009776319, 0.009159048, -0.011901226, -0.0074242963, 0.017245091, -0.0017035591, -0.00229344, -0.008467948, -0.059429467, 0.016563449, 0.0028633266, 0.018666418, 0.011383153, -0.0036590763, -0.017365627, -0.00058323133, 0.010287946, -0.0016776952, 0.0025538427, -0.0020723522, -0.015653735, 0.017383713, 0.0073270523, 0.0028420552, -0.0069605433, -0.007883654, 0.004937287, 0.00514341, 0.0043300786, 0.004971352, -0.008481534, -0.008770538, 0.009396475, -0.0284378, 0.003734616, 0.010967909, -0.007276851, -0.0033820344, 0.002675673, -0.0059167747, -0.008495135, -0.0001753671, -0.014804421, 0.0011759354, -0.012321344, 0.0050420812, -0.0039031177, 0.008155827, 0.013462033, -0.003329076, -0.0131771825, 0.018877037, 0.002146601, -0.012867934, 0.006124421, 0.012143969, -0.002359203, 0.0006700341, 0.014187412, 0.026258685, -0.0144898, 0.004346532, -0.004639005, -0.0029346258, 0.027789144, 0.01289169, 0.0054528946, 0.005127007, 0.012314844, -0.016893653, 0.0036804467, -0.02138162, -0.009237377, 0.0022135926, 0.009381646, -0.007963717, 0.0014369899, 0.000759764, -0.008310628, -0.0050845863, 0.01138827, -0.027293429, -0.0022928864, -0.015060771, 0.016295202, 0.007010615, -0.007666568, -0.0032667527, 0.015611184, -0.019719886, -0.0124214655, -0.016074782, -0.009021137, -0.009453974, -0.008589578, 0.001770899, -0.0064685387, 0.012228451, -0.01147961, -0.012728191, -0.006421159, -0.003633194, -0.005889013, 0.016481323, -0.00012163175, 0.005281236, 0.011332335, 0.0071182586, -0.013090024, -0.010873288, -0.010041173, -0.005345919, -0.0018015194, 0.004920832, 0.0065195058, -0.012677842, -0.015546585, 0.011871801, -0.020917594, -0.014770572, -0.0054866783, 0.020814862, 0.013174629, 0.018203305, -0.007814806, -0.014159206, -0.0037348, -0.016447611, -0.015107133, 0.002850554, -0.0009009451, 0.0012773944, 0.0047703055, 0.015689267, -0.007187444, -0.0037253876, 0.009594907, -0.0092155505, -0.0012793867, -0.0066311033, 0.02263472, -0.0042678546, -0.023250801, 0.0034723354, 0.0069780513, -0.0054975706, 0.013856254, -0.0058462764, 0.005410348, -0.00867953, 0.0048395977, 0.0010101175, 0.014244571, 0.0048251525, 0.0181972, -0.00850182, -0.0021852262, -0.0013372396, -0.0031180284, 0.014851071, 0.003846697, 0.0011867998, -0.0044653052, 0.0108758295, 0.004914961, -0.0004036575, -0.006027097, 0.014560724, -0.008562504, 0.021715788, -0.00061430305, 0.00084828853, -0.0034687354, 0.0028129146, -0.0033054808, 0.008467225, -0.00037992815, -0.02528648, -0.0042587477, 0.008233454, -0.00013200752, 0.023022082, 0.0030191962, 0.010911814, 0.01839682, 0.016624926, 0.0027095329, 0.0035347098, 0.006759059, 0.002613554, 0.013944839, 0.009100195, 0.015864374, -0.0026549383, 0.011288215, 0.011975391, -0.011475572, 0.0036331245, 0.0034477736, -0.0028504182, -0.0036384363, 0.011508303, -0.004565338, 0.0032315936, -0.0035298266, -0.0037367116, 0.009645996, -0.011777629, 0.017651549, -0.005157895, -0.002784229, 0.0032898444, 0.017748183, -0.08700749, -0.014530753, -0.003938532, 0.01797419, 0.025634574, -0.0042500193, -0.0059904056, -0.005518876, -0.019476691, -0.00065962865, -0.007113079, 0.013680634, -0.0330479, -0.003990994, -0.0012446247, -0.008187953, 0.013383799, 0.015305103, 0.004440784, -0.016478948, -0.020578163, 0.007095849, -0.0022652948, 0.018630926, 0.0066101206, -0.01960981, 0.0014465149, -0.0023051105, 0.009807394, 0.015436218, -0.007994694, 0.0009136467, -0.018969808, -0.0041769906, 0.01723992, -0.0054235077, 0.004080076, 0.0038262282, -0.1426942, -0.00820303, 0.0070981896, -0.018119724, -0.01970836, 0.006531574, -0.0060489797, 0.00657501, 0.00012503547, 0.0052835788, 0.004392191, 0.013499292, -0.0018022071, -0.01834883, 0.0029764178, 0.007921348, 0.00025274267, -0.0039567496, -0.011835571, -0.0023262822, -0.009249385, -0.0024024996, 0.01714541, 0.0051375036, -0.010744912, 0.017932473, 0.0045501273, -0.0021134843, -0.0029280647, 0.009095184, 0.0052332943, 0.00598869, -0.025117375, -0.016757153, 0.00091225584, 0.004050729, 0.0012253772, -0.009532713, -0.010827276, -0.0077317012, 0.007165524, 0.00824278, 0.018866975, -0.010943572, 0.012461141, 0.0045748795, -0.010907487, -0.012383918, 0.019267157, 0.011234972, -0.00815308, -0.0134823825, 0.0017392241, -0.0051523806, -0.010441401, 0.0059784367, -0.004610654, 0.0114647355, -0.020615779, 0.010817726, -0.008520053, 0.0047581876, -0.0005003626, -0.010404909, 0.002365492, -0.0051127607, 0.017866097, -0.00825576, 0.010342587, -0.013130601, 9.429649e-05, 0.010179177, -0.028623164, 0.00913914, 0.00456921, -0.0063052457, 0.017053476, 0.012586496, -0.0047783796, 0.025510449, 0.004465819, -0.010336691, -0.024298914, 0.0051322333, -0.010447185, -0.0054645753, 0.007258954, 0.01291338, -0.0022126713, -0.039491758, 0.015046911, -0.015349241, 0.001971145, -0.0072401147, 0.00081636524, -0.0006750808, 0.0051418706, -0.0067129913, -0.009376573, 0.009993738, 0.024953928, 0.0074751526, 0.017296743, -0.025589762, -0.016200522, -0.025244644, -0.021616202, -0.009651977, 0.012529801, -0.010536325, 0.014077333, 0.014478625, 9.08902e-06, 0.0052484768, 0.007889728, -0.0022123067, -0.015953315, 0.0021359264, -0.011002133, 0.00082215737, -0.017837677, 0.028250217, 0.0027553944, 0.0019441681, -5.3655003e-05, 0.015091107, 0.008379168, -0.0041041626, -0.032186206, -0.0029792113, 0.0017436369, -1.04354285e-05, 0.005549981, -0.005089522, -0.0031116449, -0.0424834, -0.010951289, 0.010942111, 0.031911977, 0.0001010179, -0.015754059, 0.015449527, 0.002693698, 0.020683466, -0.009131844, -0.014537976, 0.01642161, -0.0018365111, 0.006161608, 0.010769382, -0.0139802145, -0.0021052281, -0.014279824, 0.024503205, 0.015867226, 0.005082952, 0.009686068, 0.0029103402, -0.006391466, -0.00858823, 0.018845746, 0.010059478, 0.023349553, -0.016329454, -0.0099772215, -0.023922132, -0.009364718, -0.007258607, -0.0022368229, 0.011041754, 0.0005935051, 0.0051654167, 0.014899271, 0.017992804, -0.014719528, -0.026488762, -0.018736575, -0.015350615, 0.0037964338, -0.020241821, -0.020886874, 0.0043455684, 0.0234644, -0.019733327, -0.0067657162, -0.012904706, 0.00347985, 0.010648806, 0.020444747, 0.005412695, 0.0024383208, -0.0033739624, 0.009455424, 0.021606743, -0.0057657734, -0.006844281, -0.007516528, 0.0039562364, -0.012705026, 0.023544015, 0.00453836, 0.006846828, -0.021276265, -0.17141293, -0.0065220743, 0.022681676, 0.0025620582, 0.016701037, 0.012906275, -0.015859427, -0.013080311, 0.020742517, -0.0074153133, 0.011177799, 0.03492636, -0.014733991, -0.00055655924, -0.0015964481, -0.001654089, 0.015523533, 0.02002694, -0.008316481, -0.0015741102, -0.025807071, 0.009752267, -0.009230224, 0.014675451, -0.021202425, -0.020061286, -0.007373075, 0.005712522, -0.0047556004, 0.00045827441, -0.010563947, 0.028888103, 0.0067630857, 0.0018558279, -0.014179024, 0.004174832, -0.0012380389, 0.0102751525, -0.0021686216, -0.014807708, 0.0013069102, -0.0018357092, -0.0068417676, -0.007812932, 0.014276303, -0.00057218235, -0.026301073, -0.020022905, 0.0047509335, -0.001363796, -0.009090687, 0.006307663, -0.012007896, -0.011749018, -0.0005032705, 0.00043906228, 0.03268586, -0.009078783, 0.0026617036, -0.0014221155, -0.018066455, -0.0030712497, 0.021535493, 0.015155614, 0.011937221, -0.002211314, 0.0020429622, 0.14041619, -0.02586632, 0.027427632, -0.0019939896, 0.0016497889, 0.015668094, 0.0010479396, -0.005445287, -0.00872098, -0.0056140106, -0.027305223, 0.01113841, 0.024717735, -0.013552494, -0.00044500714, -0.009682248, -0.008211853, -0.006393202, -0.020161262, 0.013601278, -0.010156928, -0.015331172, -0.0019137246, -0.020217549, 0.00876228, -0.017580785, -0.007236965, 0.017243827, 0.00047207435, -0.00914607, 0.04217198, 0.004857909, -0.009891941, 0.007479856, 0.01799221, 0.0065360684, -0.012811971, 0.0009865948, -0.0028153409, -0.003072222, 0.0061311773, -0.006490396, -0.0068450924, 0.006526539, 0.001518204, 0.020228516, 0.008108066, 0.01751644, 0.0029745651, 0.007395337, -0.0102699995, 0.006314637, -0.016969891, 0.012646722, 0.013785182, -0.013722143, -0.027855333, -0.0007336545, 0.019372536, -0.01973407, -0.00019978026, 0.00993616, 0.0003628268, -0.0021361902, -0.0027965955, -0.009896789, -0.024247646, -0.001220279, -0.017622897, -0.13366719, -0.005826852, 0.0030257287, -0.008342226, 0.014159942, -0.0090392195, -0.013859953, 0.0010915525, 0.00917488, 0.010479851, 0.004335898, 0.014189402, -0.008141892, -0.016937207, -0.005116564, 0.012779587, 0.015725184, 0.0013262654, 0.023095734, 0.018765323, 0.015312041, 0.0036270674, -0.009281138, -0.004110007, -0.024781892, -0.0038296238, 0.0039811595, -0.005531335, -0.0021705744, 0.025371587, 4.176603e-05, -0.0030254822, -0.00033846055, -0.0021647883, -0.024019929, 0.008019488, -0.034598127, 0.016781215, -0.012437303, 0.010947676, 0.008205654, -0.0061545586, -0.006679175, -0.009907048, 0.005203058, 0.0053989086, -0.0104269115, 0.0070148716, 0.019288955, -0.0007364205, -0.009640042, 0.007269509, -0.004505699, -0.01109419, -0.009108821, 0.0019955272, -0.0034267178, -0.015090744, 0.00808454, -0.00600466, -0.0002865214, -0.0012101505, -0.018151421, 0.014943993, 0.00703957, 0.022333069, -0.01282964, 0.018548107, 0.039851923, -0.011562648, 0.012366884, 0.025846437, 0.026092565, -0.0009038983, -0.012638803, 0.029112114, -0.007950848, 0.017044341, 0.0047275047, -0.008892026, -0.019023258, -0.0059681274, 0.002690796, -0.013774415, 0.045002017, -0.026956383, -0.026033342, -0.01653054, -0.008393896, 0.0030759685, -0.0074132322, 0.0024886008, 0.010894935, 0.007965288, 0.00035422255, -0.007247892, 0.012546729, -0.007272224, 0.00087738025, 0.0017545945, 0.011379382, -0.017114578, -0.020876162, 0.03455087, 0.01232567, -0.020151516, -0.0028917668, 0.008299242, -0.014729136, 0.0019424951, -0.009293174, -0.013100926, -0.018503094, 0.021521645, -0.0073745702, -0.02871478, 0.008746666, -0.021531811, -0.012136606, -0.018147277, -0.0118605625, -0.01755684, 0.008162388, -0.016534457, 0.004597317, 0.009997741, -0.009956415, -0.00020703924, 0.018420441, -0.014624736, 0.02557501, -0.01525455, -0.01709239, 0.003626479, 0.016595382, -0.009710854, 0.013687973, 0.002311313, 0.03311212, -0.013961915, -0.015433464, 0.026034286, 0.008391673, -0.0020860597, -0.0045923446, -0.012116488, -0.010800956, -0.0035620057, -0.0049661607, -0.0068824333, 0.021568466, 0.00040400738, -0.016983118, 0.003272652, 0.0043196576, -0.009395239, -0.01998525, 0.02440021, 0.017348874, -0.008665107, 0.0027115, -0.009177436, 0.0030069563, 0.0025663325, -0.00067403837, 0.0013287315, 0.02636956, -0.016099187, -0.025817972, -0.029101841, -0.014275098, -0.0017183275, 0.017098106, -0.009236092, 0.006766033, 0.009589441, -0.022844037, 0.009285882, -0.0054686237, -0.057187, -0.0049955077, -0.028920753, -0.019477226, -0.0021223563, 0.01445945, -0.01686519, 0.0007527653, -0.01510519, 0.015568444, 0.004535682, 0.016561307, -0.017716495, 0.007466296, 0.0047775065, 0.016273, -0.0015076983, 0.00460485, 0.011020949, -0.0028829295, 0.002430591, -0.010214116, -0.0022473054, 0.024567712, 0.001300922, -0.014779573, 0.0018294224, -0.0031759776, 0.027819002, -0.008236868, -0.020808859, -0.02980198, 0.009901484, 0.018651111, 0.0023988134, 0.03191721, -0.00031112967, -0.036873356, -0.0041962285, -0.0736874, 0.005875646, 0.018884461, -0.051055692, -0.009604015, 0.0034873495, 0.018029023, -0.016420456, 0.004826154, -0.014003399, 0.023772096, 0.017031347, 0.00874981, 0.0050759176, -0.014647246, 0.005943001, -0.0063590757, 0.0181268, 0.0011320924, 0.021201525, -0.00025363357, -0.0122593865, -0.01654644, -0.011451909, 0.020108951, 0.009541535, 0.017789477, -0.009191695, 0.015859568, -0.016401857, 0.013098938, 0.00093939964, -0.023169877, 0.0003835703, -0.0004529659, 0.012756162, -0.0076315375, 0.0063188258, -0.01154065, 0.019634573, 0.023224253, -0.0034206756, 0.012863494, -7.01789e-05, 0.02878017, -0.01760551, 0.0058184625, -0.01885779, -0.106492616, -0.0047272854, -0.008007642, 0.005004772, -0.031129882, 0.004068087, -0.008163137, 0.058798328, 0.00026651108, 0.008626509, 0.0072188, 0.007794931, 0.0033398839, -0.018304609, -0.012576516, 0.019950822, -0.010599344, 0.0115996525, -0.0051520546, 0.016470809, 0.013926837, 0.002687198, 0.018850546, 0.015325317, 0.022111055, -0.036777448, 0.0033610887, 0.005813806, 0.00080307724, -0.0053257947, -0.0005639322, -0.000608997, -0.012280452, 0.013965172, 0.011409513, 0.008678448, -0.018461233, -0.0040535186, -6.933474e-05, -0.017147271, 0.005955225, -0.0044990196, 0.0009605854, 0.02887608, 0.0052628075, -0.006011119, -0.03624699, -0.011640114, -0.003171858, -0.0005733255, 0.013958081, -0.030132703, -0.006705519, 0.0030202619, 0.0008301659, -0.018049149, -0.019714316, -0.032909933, 0.0069120005, -0.0090900995, 0.005543456, -0.00054626283, 0.010782062, -0.0045073065, -0.018239975, -0.0073854234, -0.014732999, 0.013463239, -0.010446275, 0.011024761, -0.008054152, 0.0060284124, 0.02989346, 0.00777736, -0.003599389, -0.009568978, 0.020885969, 0.012564681, -0.015317851, 0.0075713876, 0.018721186, -0.0060367994, -0.010188988, 0.014675584, -0.016780253, 0.018123148, -0.0071663572, 0.0069031515, 0.02156593, -0.0022281415, 0.022408383, -0.005065835, 0.018033171, -0.0010101004, 0.007283275, -0.009721823, 0.0010073859, -0.011659871, -0.0068285232, -0.027749779, -0.010249875, 0.0040695756, -0.007817607, -0.008854185, 0.0021097364, 0.0044727596, 0.011382378, 0.011119103, 0.0033654, 0.005317041, 0.0003501195, 0.0020145313, -0.00949413, -0.030760234, -0.0018853549, 0.009925809, -0.014709566, -0.010069234, 0.0042998306, -0.011801571, -0.015754282, -0.00354943, -0.01774746, -0.0041301264, -0.021150595, 0.023400286, 0.015668495, 0.010588964, -0.008802192, -0.009575985, -0.008643237, 0.010786638, 2.5346793e-05, 0.021224635, -0.0020934364, 0.009802863, 0.0036686747, -0.0040972303, -0.012727914, -0.017758392, 0.019967532, 0.009487109, 0.018652579, -0.0011435837, 0.037134636, 0.009598734, -0.0007219806, -0.008076033, -0.015812807, -0.019351551, -0.009350648, 0.010536014, 0.011437995, 0.014118493, -0.029208796, 0.004394352, 0.032687705, -0.0144182155, 0.012038515, 0.03452024, 0.006714459, 0.023825489, -0.009328495, -0.021524629, 0.015030713, -0.012440534, -0.005397658, -0.004291049, 0.012410051, -0.0009494954, 0.007589748, -0.009585596, -0.005483318, -0.013170578, 0.032005597, -0.022524863, -0.018376403, 0.014572126, 0.017859342, -0.011833428, 0.004133007, -0.014969973, 0.0003068042, -0.025711745, -0.016627174, -0.024649477, -0.0041655465, -0.00037117614, -0.0037117044, 0.014893934, 0.0102500785, -0.005868564, 0.0048604663, -0.003324832, -0.013813361, -0.018435014, -0.00806858, 0.005248455, -0.00016113407, 0.026610876, 0.012050617, -0.0031911933, -0.026120955, -0.020966388, -0.0014407752, -0.002753508, 0.02117368, 0.010335828, -0.027239641, 0.016054662, 0.005283788, 0.033335965, -0.023320204, 0.004810076, 0.007820427, 0.0142267095, 0.006268279, -0.0033665225, 0.0070633036, 0.00038762367, 0.025443077, 0.010590517, -0.0144916605, 0.00097246777, 0.02354661, -0.020988924, 0.009226574, 0.010443412, -0.016321402, -0.0021001685, -0.018174909, -0.00053016824, 0.00870505, -0.007398963, 0.00078679516, 0.0033575518, -0.016229926, -0.0046749488, -0.007063934, -0.012316043, 0.00980658, -3.735107e-05, 0.016798055, -0.010994957, -0.009577323, -0.0054888404, -0.024805484, 0.015980052, 0.00078579446, -0.025211265, -0.016934672, 0.0047195805, -0.010095398, -0.007323065, 0.033958312, 0.0080438685, 0.01336247, -0.006060349, -9.465323e-05, 0.0052621206, -0.020110477, -0.005557377, -0.02137484, 0.011905684, -0.0065127006, -0.009497712, -0.015021112, 0.020458248, -0.008560582, 0.00042376938, -4.5871264e-05, -0.0036947425, 0.0067615933, -0.010392704, -0.008622066, 0.01802254, -0.01610273, 0.00095632416, -0.010203835, 0.017041873, 0.008821786, -0.0037128984, 0.0007252192, -0.0023933998, -0.00050488434, 0.0019284466, -0.0080357585, 0.011724936, 0.0077037024, -0.026104232, -0.008048252, -0.007784592, 0.008039203, 0.01364143, -0.003916066, -0.02940884, -0.016917638, -0.02492218, -0.004871946, -0.006531766, 0.017129226, -0.0065535693, -0.027824676, 0.00012804751, 0.01715633, -0.017543772, 0.023570724, -0.008554126, -0.009819143, 0.023082683, -0.0016625661, -0.017950026, -0.009408901, 0.019852739, -0.029146902, -0.0056511466, -0.0047330074, -0.004337758, -0.0045205527, 0.016841859, -0.00084209535, -0.0071085435, -0.008409578, 0.00415415, 0.012477767, 0.004985881, 0.010298281, -0.01670661, 0.01448374, -0.018636126, 0.0050346656, -0.01727484, 0.0021551687, -0.016722022, 0.018351953, 0.004091803, -0.027153626, 0.0074688327, 0.0184151, 0.0060193753, 0.008944918, 0.022533802, -0.00556728, -0.018707782, 0.00985603, -0.004836033, 0.013668779, -0.0076051084, 0.0022571227, -0.018499648, -0.01567501, 0.0046392777, 0.007867554, 0.008882612, 0.012507333, -0.009354763, -0.0012537802, 0.011791308, -0.0039711636, -0.017592305, -0.017035345, 0.0015744801, -0.0052154795, 0.0004502089, -0.014819322, -0.017077412, 0.016769737, -0.008060544, 0.0050248583, 0.009025212, -0.00544823, -0.023982184, -0.0017929279, 0.024602124, 0.0033277336, -0.01715099, -0.009386477, 0.002173257, 0.011393367, 0.0050970977, -0.018595569, -0.012147121, 0.00604686, 0.020052359, 0.0023508884, -4.2268653e-05, 0.018638834, -0.00097225193, 0.00032613336, 0.001283854, -0.0045854407, -0.018842507, 0.03525763, -0.0050019384, 0.0023853662, -0.0011826735, 0.020597368, 0.0076254914, -0.0030958967, -0.002001316, 0.0055294163, -0.019337201, 0.0031343494, -0.025139732, 0.002256291, 0.0297135, 0.014899101, 0.005525024, 0.003705442, 0.008305119, 0.010601136, -0.0045839814, 0.012923519, 0.0061712964, 0.016606765, 0.023930747, -0.016311768, 0.014240532, 0.006215658, -0.014391682, -0.021316703, 0.010335518, 0.007022401, 0.004344045, 0.00026170557, -0.0026853543, 0.023041345, -0.001223377, -0.005171643, 0.006077302, 0.0009180332, -0.0050741546, -0.0034597307, -0.0058400477, -0.005528437, 0.0091614975, -0.026996184, 0.021035483, 0.027923845, 0.005973242, 0.004269242, 0.0055096475, 0.011887635, 0.00638804, 0.003603946, -0.0012865476, -0.003033499, -0.018316451, -0.0044397856, 0.00577276, -0.0072195036, -0.0025933995, -0.016531937, -0.017423674, -0.027331019, -0.03585662, -0.004930173, 0.018346615, -0.0097160535, -0.019604312, 0.010034427, -0.020500332, -0.007929025, 0.004982324, -0.014981094, -0.015119802, -0.009823056, 0.0020614385, -0.008038348, -0.00095631805, -0.049655695, -0.014606989, -0.02979648, -0.02885058, -0.020337777, -0.014862445, 0.0038076853, -0.015762825, 0.012958669, -0.0037418138, 0.016169611, 0.0009982398, -0.02569891, 0.02664788, 0.0020088884, -0.011903063, -0.022085214, -0.016465463, -0.012104721, -0.017701736, -0.01322089, -0.017007153, 0.017476857, -0.026565997, 0.003943949, 0.00036184132, -0.006231511, -0.016983377, -0.023125105, -0.008684477, -0.016007176, 0.014200192, 0.010180075, -0.0020798268, 0.0036798024, -0.0043043173, 0.0029764725, -0.002641323, -0.026537586, -0.0019702043, -0.0029677998, -0.009972117, 0.0051041287, 0.01554006, 0.011828254, -0.014580079, 0.005281646, -0.017152078, -0.011544006, 0.009279222, -0.02530527, 0.007481744, -0.008523537, 0.009336058, -0.00040801583, -0.0053445124, -0.022445938, 0.028007323, 0.00016043997, 0.00954866, 0.021087589, 0.022454504, -0.019017994, -0.004430205, 0.0115901455, -0.0052237255, -0.0031269006, -0.0071811364, -0.015927223, -0.00083860476, -0.017113276, 0.027281204, -0.011771505, 0.008312764, 0.013648629, 0.013440024, -0.012514521, -0.00061459764, -0.02716838, 0.006272199, -0.014184042, -0.0108656725, -0.006151858, -0.013139629, -0.008219309, -0.012330998, -0.00161089, 0.031059759, 0.006601275, 0.004985387, 0.0031759045, 0.009224238, -0.016353559, 0.012782368, 0.0013799885, 0.0026292014, 0.021737915, -0.005584591, -0.008066289, -0.008062431, 0.010844045, 0.026307244, 0.015556856, -0.0055456697, 0.011173313, -0.007065928, 0.0049859947, -0.009088787, 0.01810097, -0.016972283, 0.013070624, -0.04043312, 0.014592121, 0.0053041894, 0.001039969, 0.018062918, -0.039621226, 0.0050456133, -0.009665967, -0.0060877525, 0.017091086, -0.013899029, -0.005248313, 0.010602668, 0.0097958045, -0.0035284103, 0.013928568, -0.013381718, -0.0046593742, -0.024018785, -0.013199343, -0.034227986, -0.017511722, -0.0056043365, -0.008123593, -0.000720309, 0.016708836, 0.0117055895, 0.005536697, -0.03121195, -0.010009576, 0.04320955, 0.0052980036, -0.019400451, 0.01262371, -0.009061163, 0.0064540687, -0.00944923, 0.011578483, 0.00064217666, 0.011974459, -0.015405222, 0.004107778, -0.005541354, -0.012081383, -0.014436649, -0.0013216446, -0.010763943, -0.021142606, -0.029422913, 0.0142622525, 0.00024721268, 0.021108394, 0.012580079, 0.0018308045, -0.002623913, 0.020128299, 0.0065169237, 0.003530626, -0.006545822, -0.019028006, 0.0032747393, 0.011687558, 0.018356686, -0.019424919, 0.013330966, -0.008953614, 0.03218449, -0.009060334, -0.0065063857, 0.0051835356, -0.0034212067, 0.018811146, -0.000939782, 0.012653823, 0.0265468, -0.0035051487, 0.0034433792, 0.03012859, 0.019323215, 0.056801926, 0.010546451, -0.019901162, 0.0012359715, 0.009139134, 0.019742692, 0.016393065, -0.018902192, 0.010075706, 0.0003321804, 0.009968455, 0.013801349, -0.019663597, -0.007394271, 0.016540198, -0.0028280513, 0.018281324, -0.0053120875, 0.008054367, -0.010212474, -0.0077483933, 0.00308152, -0.005956604, -0.010797061, 0.01209911, 0.009951556, 0.16592337, 0.116940945, 1.5285008e-05, 0.009275763, -0.004716624, 0.0055260817, -0.006271868, 0.0015243776, 0.014833055, -0.0022607725, 0.024511429, 0.009083256, -0.0064272988, -0.020669527, -0.005914082, -0.022617958, -0.006509654, -0.0022259795, -0.019639436, 0.015242151, -0.033810545, 0.005411582, -0.009338431, 0.006230767, -0.039412774, 0.020867249, -0.0032645576, 0.008531211, 0.012024913, -0.0013084227, 0.009767793, -0.013730255, -0.019082544, 0.007829687, 0.008249258, -0.0020333624, 0.004743558, 0.0016035084, 0.00858481, 0.019844996, 0.003891121, 0.0055020507, 0.010960992, 0.005897429, 0.03134482, 0.005342967, 0.013449633, -0.01251963, -0.0025318083, 0.010394138, 0.0026864444, -0.0031701925, 0.013707196, 0.021407586, -0.013515409, 0.0054905196, -0.026569802, 0.0279676, 0.0018080266, 0.0090326695, -0.0003178072, 0.005514374, -0.015024332, -0.026248986, -0.0041583464, -0.0012061512, -0.0040268893, -0.00068914477, 0.011063605, -0.0054227384, 0.0019801324, 0.030920284, 0.0064161345, 0.0049955207, -0.0056178295, 0.004796976, 0.01282296, -0.016457599, 0.005920327, 0.010819075, -0.0043609454, 0.0035489898, 0.017653476, 0.008370086, 0.004713795, -0.0029423202, -0.0013983209, 0.001503177, 0.12325169, -0.005264466, -0.015473946, 0.01215938, 0.016272184, -0.013222597, -0.013262467, 0.056583066, 0.025924413, -0.013484839, 0.023296123, -0.005386038, 0.03156734, -0.0136176, 0.009892187, 0.013700282, 0.033604693, 0.049231652, 0.014790022, -0.00835876, -0.016397068, 0.0056791967, -0.006752797, 0.005993938, -0.011645719, 0.016471097, -0.008384923, 0.01555744, -0.0013490424, 0.00408147, -0.094062135, 0.0023449748, -0.00065563124, -0.021662382, -0.007357125, 0.027196802, -0.025950897, -0.0024511789, 0.006213278, 0.0010413158, -0.002215672, -0.0068538254, -0.017195977, -0.0022316587, 0.005921568, -0.0136990035, 0.0028689515, 0.01593268, 0.006217207, 0.0044942354, 0.0065247286, -0.00917122, 0.015055623, -0.011189802, 0.017647127, 0.0070391274, 0.0007654171, -0.017587747, 0.007665747, -0.017049046, -0.0053314986, -0.004365026, -0.020458851, 0.014515774, 0.001257444, 0.011852334, 0.0059055598, 0.0051078647, 0.0001817709, 0.0054326206, 0.0025089525, -0.019398117, -0.0029787074, -0.009922809, 0.01983004, -0.011894637, 0.0035158775, -0.015094011, -0.003497579, -0.0050965413, 0.04867323, 0.0026621935, 0.0136912, -0.010668374, -0.024791105, 0.019446785, 0.005579425, -0.0101742055, -0.010879955, 0.018405486, -0.009723714, 0.023572244, 0.0013147242, 0.022879548, 0.0017840662, -0.0047683776, -0.006265729, 0.012097675, 0.0076381047, -0.021686602, 0.014445057, -0.006223994, -0.00791228, -0.00024228521, 0.0073846225, -0.009739305, -0.01550244, 0.005155053, 0.010398403, 0.0041921767, 0.00089921686, -0.0030220323, 0.0043775477, 0.112857245, 0.015676958, 0.017151669, -0.006417955, 0.028652936, -0.032041453, -0.002576073, -0.021216545, -0.017500607, -0.017908184, -0.014239948, 0.012662241, -0.008976898, -0.012355336, -0.018844612, -0.011845985, 0.012835517, -0.0025771756, 0.013233469, -0.0031392032, -0.0057146153, -0.015193808, 0.028460553, -0.00057402835, -0.014805355, 0.029209718, -0.0030434907, -0.010419009, 0.023692476, -0.013292537, 0.007423935, -0.031270135, 0.009105641, -0.003888912, 0.012541032, 0.017080598, 0.0147336805, -0.006288837, 0.0014197582, -0.020826887, 0.0042336504, 0.009917149, 0.023004185, 0.013855514, -0.006639119, 0.186882, 0.0044042873, -0.013388439, -0.016963286, 0.00089755876, 0.007751943, 8.860465e-05, -0.023354981, 0.0039457395, 0.0011982948, 0.011040973, 0.0053254534, -0.01811872, 0.023160337, -0.01143062, -0.006444415, -0.012050204, 0.013289424, -0.005338301, 0.007755381, -0.005155537, -0.0020466442, -0.0148763945, 0.0018832687, 0.008959956, -0.018832698, -0.007121036, 0.010789191, 0.014973974, -0.0048818453, -0.006045596, -0.00025239165, -0.003546575, -0.03176645, -0.018534658, 0.0028651683, 0.010487069, 0.022930807, -0.0010237078, 0.0032387152, -0.00605644, 0.005838124, -0.008129615, 0.016552301, -0.00054684846, -0.011774594, -0.0013946698, -0.0023370823, -0.017133834, -0.02325316, 0.0066765174, -0.020676712, 0.009421164, -0.028364094, 0.0057398668, 0.004996998, 0.001981136, 0.007153981, 0.007872607, 0.0043145246, 0.0005826049, 0.0068627903, -0.015057273, 0.014765829, -0.00439339, -0.012674356, -4.2682947e-05]"
Muestran el mundo surrealista de Leonora Carrington,https://oem.com.mx/elsoldemexico/img/25512551/1756671220/BASE_LANDSCAPE/1200/image.webp,GOSSIP,no descripcion,https://oem.com.mx/elsoldemexico/gossip/mexico-el-pais-que-mas-tuvo-significado-en-la-vida-de-la-artista-surrealista-leonora-carrington-25344843,"[0.025757417, -0.023133505, 0.027135018, -0.077175744, 0.02542882, 0.0017862684, -0.015153955, 0.036772806, -0.0009264753, 0.021491323, -0.0068670437, -0.0012744581, -0.02246885, 0.015542543, 0.13923647, 0.030753514, 0.0062243734, 0.01639625, -0.0064434335, 0.016394934, -0.027680969, -0.014544775, 0.0116539365, -0.03547994, 0.0058199586, 0.019982712, 0.0377267, 0.0028542862, -0.0068217884, 0.008840074, -0.014216709, 0.026840614, -0.013663485, -0.022570979, 0.0140216425, -0.0043248013, -0.0024219835, -0.008299123, -0.010408801, 0.0114512555, 0.0016095857, 0.034953702, 0.0071408153, -0.005029697, 0.0008879457, -0.016090728, 0.017584367, -0.04432525, 0.011914452, -0.004083084, -0.00017108521, -0.005740319, -0.005436349, -0.16684507, -0.030330075, -0.0074964873, -0.0030877476, 0.0013126561, 0.015611581, 0.004606123, -0.012740443, 0.038234033, -0.016589794, -0.020377832, -0.00588298, 0.011433957, -0.0026535734, 0.0032430904, -0.0008960894, -0.014780612, 0.017806249, -0.011153023, 0.023728717, 0.0009674899, 0.008191164, 0.022581525, 0.017510325, 0.0021977338, -0.00472909, 0.007152211, -0.02301791, 0.011238879, -0.013131147, -0.012333613, 0.019684304, 0.017654628, -0.017761046, -0.019600153, -0.005551891, 0.02881259, 0.002102755, 0.009409094, 0.004589262, -0.007256463, -0.019577682, 0.0061913733, 0.02917394, 0.017106134, -0.03305794, 0.0036470701, -0.016066266, -0.017761946, 0.01359124, -0.0008007648, -0.0079916585, -0.03486541, 0.024779065, 0.0002129293, -0.01041475, 0.013091024, 0.014149458, 0.0023628753, 0.0025773433, -0.017435934, 0.00044633873, -0.13567527, -0.030090716, -0.011246597, 0.022440046, 0.011866265, 0.015838236, 0.005557585, 0.025276054, 0.036803875, -0.032550253, -0.0161398, 0.0035310024, 0.039921682, -0.019704953, 0.024419328, 0.008726163, -0.0052572046, 0.0202773, 0.01885838, -0.021102663, 0.008009677, -0.018791748, 0.00057097827, 0.0039146673, -3.8092032e-05, -0.017884782, 0.019693183, 0.013781133, 0.0027343645, 0.004787826, -0.009120111, -0.012611412, 0.031500608, -0.0077179135, 0.002407523, -0.0018438238, 0.013233292, -0.011949612, -0.0014317874, 0.011850643, 0.006918259, 0.016415032, 0.016871253, 0.012242343, -0.0054834406, 0.016549416, -0.014488972, 0.008152128, 0.008839301, 0.00698792, -0.011569937, -0.03369796, -0.00053478836, 0.006333244, 0.016186714, -0.00022461735, 0.019830933, -0.006083708, 0.02250575, -0.019244757, -0.0035264248, -0.023099473, 0.013918252, -0.025006225, 0.011313812, -0.0069907163, -0.015422399, 0.008937234, 0.033850223, 0.028360339, 0.0081201205, -0.022720724, 0.0033288032, 0.012688126, -0.023099817, -0.024297189, -0.0041583227, 0.0047395974, -0.02953536, -0.00808321, 0.005962855, 0.00052909466, 0.00033439058, 0.021021755, 0.007324279, 0.023751635, -0.0058399243, -0.008442599, 0.001957731, -0.0018856435, 0.007289752, -0.025343545, 0.028476307, 0.0024611559, 0.01358688, -0.030620368, 0.00035388864, -0.0040461784, -0.011468149, 0.019335665, 0.00048766015, -0.008069978, -0.004257267, -0.0057271426, -0.01481611, -0.013784612, -0.025667803, -0.032139692, 0.025089655, -0.012999498, 0.0031697908, -0.03807619, 0.012468368, 0.017982695, 0.00096710376, 0.011919697, 0.012735415, -0.007254302, 0.02607283, 0.02215904, 0.007602141, -0.023397518, -0.026504729, 0.0100710215, -0.0013402564, 0.0051053255, -0.01896508, -0.0021713583, 0.009060964, 0.005757338, -0.004110041, 0.011126299, 0.008546798, -0.02049643, -0.0035079657, 0.0022397186, 0.0028189933, -0.0030318531, 0.0065022497, -0.035591707, -0.0012432624, -0.00945318, -0.0055227727, 0.0017197836, -0.005856407, 0.007915619, -0.016696507, 0.010792619, -0.023439024, 0.011305932, -0.019347783, -0.01623054, 0.0105701275, -0.021832978, 0.011424975, 0.011052009, -0.0026710178, -0.013828964, -0.004213437, -0.026367875, -0.003916728, -0.09807537, 0.004288581, 0.014160898, -0.018548517, 0.008616613, -0.004279663, 0.0014860682, -0.021885656, 0.00040183857, 0.007510148, -0.0019044351, -0.015663095, 0.008380938, -0.0076267314, 0.0018607589, 0.018023008, 0.01372021, -0.002782001, 0.009510592, -0.045873564, 0.009495874, 0.007979971, -0.010097233, 0.0020454316, 0.013375377, 0.00403082, -0.013636953, 0.048718393, 0.022101644, -0.014650688, -0.009473939, -0.016279262, 0.005943401, 0.0071841916, 0.0154003175, -0.02243618, -0.023367057, 0.0038469639, -0.016791487, -0.024056075, 0.022756321, -0.02521321, 0.009095991, 0.028739128, -0.021534164, -0.0018441641, -0.0045360792, -0.020360662, 0.00803718, 0.0155430045, -0.005616549, 0.020850442, 0.03487742, -0.020560654, -0.017883498, -0.030658256, -0.0027754733, -0.009405338, 0.0137578705, 0.0059131957, 0.01050313, -0.006797656, 0.012149623, 0.013182095, -0.034248874, -0.003026482, -0.0007527601, -0.01713877, -0.03460199, 0.020503854, 0.01347015, -0.038065776, -0.016477738, -0.035740122, 0.029344784, -9.599578e-05, 0.039507743, -0.0009549456, 0.023486678, 0.019474331, 0.011836175, -0.011823162, -0.001502189, 0.026283175, 0.018632097, 0.0062973727, -0.02501852, 0.009966514, 0.0020899267, -0.01598078, 0.018345866, 0.0012637073, 0.00025025313, -0.00259163, 0.023078416, -0.008587739, 0.00614047, -0.015319046, -0.008796152, -0.0044090003, 0.013665246, -0.030403504, -0.0013527735, 0.008073301, 0.010241027, -0.015389577, -0.013619191, 0.019540267, -0.008875892, -0.012457387, -0.006494183, 0.010558054, 0.021337802, -0.009725272, -0.016903387, 0.030270312, -0.012957835, -0.029519359, -0.0013148977, 0.0032294262, -0.0041562915, -0.00048825532, 0.01747146, 0.0028739593, 0.05131261, 0.003392607, 0.00063052255, 0.0075275023, -0.0026619942, -0.0011463657, -0.024713319, -0.022859825, -0.010747127, -0.02435337, 0.0068657408, -0.0040640193, 0.020979434, -0.036635313, 0.0044026836, -0.009290042, -0.020587843, -0.02957724, -0.011779815, 0.03347924, -0.0043935813, -0.0012548969, -0.017176302, -0.023679255, -0.033104777, -0.00038915957, -0.012369385, -0.018837556, 0.023360414, 0.020103304, -0.001927924, -0.022052325, -0.00991569, -0.027292365, 0.026765872, -0.037930105, -0.015747517, -0.0033823098, -0.032251798, 0.0031861395, 5.041861e-05, -0.001941572, 0.018014597, 0.022338532, -0.0028973501, 0.018444488, 5.6674675e-05, 0.0055426625, -0.02565892, -0.0042689675, 0.016736643, 0.02662148, 0.02274951, -0.018511038, 0.0061468203, 0.033199806, 0.00060464005, -0.0067402003, 0.00783702, -0.004775621, 0.016385378, -0.0078991605, 0.030518355, 0.03185147, -0.031725384, 0.010977177, -0.012587612, -0.027133252, -0.015081264, -0.0040784054, -0.05514902, 0.016510427, 0.012753236, 0.003741826, -0.020100541, 0.009898917, 0.0041279816, -0.0078024957, 0.013920493, -0.0027799022, -0.0018538714, 0.0064549954, -0.008203614, 0.010046014, 0.011576034, -0.012637122, 0.012228553, 0.032573756, 0.0036613275, -0.015918916, 0.02187777, -0.020261837, 0.018592514, 0.014841202, -0.012732991, -0.02933462, 0.014115789, -0.0030470316, -0.0059321877, 0.017858572, -0.027381063, 0.03106091, -0.008629211, 0.008239815, -0.015704341, 0.006740865, -0.0033325877, -0.003000274, -0.009540913, -0.029755259, -0.011910619, 0.009011035, 0.0039148913, 0.013601724, -0.0073575564, 0.04050287, 0.008874427, -0.010858417, 0.019802712, 0.012064882, -0.025709558, 0.020151487, -0.017095426, 0.02212652, -0.0007047746, -0.0035542157, 0.004889929, -0.01830142, 0.010972194, -0.023489997, -0.03200061, -0.00828297, 0.0032679795, -0.0048863315, 0.034363836, 0.0002983498, 0.007864139, 0.03537572, 0.019377112, 0.013240906, 0.0030595253, -0.0059559885, -0.040234823, -0.044180714, -0.011817402, -0.08390573, -0.022436773, -0.018523743, -0.014481377, -0.0076400465, 0.0074551613, 0.030102946, -0.007788881, -0.010111545, -0.020599674, -0.0014460866, 0.0093365805, 0.017865434, 0.0076853875, -0.014886024, -0.008843351, 0.022394886, -0.006808218, 0.032675147, -0.01421269, -0.018423717, 0.004341634, 0.020028168, -0.010645947, -0.0073479027, -0.012000176, 0.0118706385, 0.007892873, 0.031913094, 0.0214957, -0.0021628765, -0.0071268682, 0.006247066, -0.020467991, -0.0083664665, 0.008834216, 0.0028907424, 0.0029945315, 0.013433245, -0.00026279714, 0.010824745, 0.001561388, -0.0048400485, -0.0065688617, -0.036592353, 0.012650115, 0.01488717, 0.0031759632, 0.020853255, -0.026626214, -0.021563075, 0.01138215, 0.028365439, 0.022037897, -0.007295813, -0.027321717, -0.002885827, -0.002631372, 0.0037314696, -0.002483628, -0.0106724575, 0.023319174, -0.007200219, 0.02764776, -0.0049660522, 0.00508595, 0.005422993, 0.0036246397, 0.048397966, -0.018538663, -0.010310649, 0.00910379, 0.0049767294, -0.018826539, -0.006308326, 0.014729122, -0.01744389, 0.013195772, 0.0040810914, 0.0028415131, -0.030726694, -0.0034247537, -0.0902766, -0.008843243, -0.0024053992, -0.0074555688, -0.004389065, 0.0090465965, -0.0067809345, 0.008106258, 0.004791285, 0.004687921, -0.036097303, 0.016257195, -0.011245877, -0.013657255, 0.00074185524, 0.0069133053, 0.034445122, -0.025773408, 0.014550959, -0.035389293, 0.0008091743, 0.0094248755, 0.017333927, -0.008247597, 0.016140545, 0.0042578722, 0.0013811219, 0.0097289365, 0.0031882161, -0.0026795291, -0.0047924323, -0.12440609, 0.014025122, 0.025181606, 0.033687867, 0.03567988, 0.021848418, -0.008658635, -0.0042274618, -0.002875897, -0.02007694, 0.0023204228, 0.02403989, 0.015374313, -0.016916664, -0.023340749, 0.08945775, 0.016384847, -0.0058059073, 0.0037569976, -0.010226257, -0.019077638, -0.017324148, 0.008202579, -0.018785104, 0.039345555, 0.009159151, -0.010258098, 0.03074323, -0.019914279, -0.00821124, 0.01909258, 0.0057427613, -0.014839805, 0.007842451, 0.016176067, -0.011567126, 0.016543284, -0.00956096, -0.0145306075, 0.0008119472, -0.0093875, 0.00898751, -0.0019289138, 0.0017749815, 0.021599002, -0.026255565, -0.023153553, -0.00591635, -0.006677231, 0.020202084, -0.010865671, -0.0705733, 0.01884877, 0.039809383, 0.008435601, -0.005361094, -0.010990238, 0.012983897, -0.020500824, 0.0130128125, 0.011426399, 0.0036965527, -0.0026335495, -0.0044008624, -0.033553347, -0.014988327, 0.0028076288, 0.015539076, 0.010970322, 0.014412871, 0.0023709224, 0.029727476, -0.017399045, -0.03702251, -0.020665968, 0.0010358548, -0.018736375, -0.010777226, -0.0004581126, 0.011187895, 0.00967854, 0.0241404, 0.00027575908, 0.0043049706, 0.03222224, -0.022630094, 0.008120327, 0.001628505, -0.013079052, -0.0108598955, -0.016043829, 0.012274731, -0.026042292, -0.018616356, 0.009082509, -0.016268358, -0.023822445, 0.011351319, 0.009025643, -0.014972474, 0.002833747, -0.027200205, -0.003188024, -0.0018243843, -0.011025562, 0.0020402318, -0.022036232, 0.013373931, 0.0033326715, -0.0059650987, 0.00029691006, -0.015528404, -0.011036809, -0.01635236, -0.003648488, 0.009362886, -0.01568911, 0.018824637, 0.002978213, -0.026145639, 0.0077904947, -0.008541644, -0.013412827, 0.008622987, 0.012402574, 0.0065637096, -0.009361041, -0.020637231, -0.0076048723, -0.04291844, 0.0047270986, 0.00078624947, -0.009166643, 0.024857469, 0.015459075, 0.004197463, 0.006254395, -0.0006405757, -0.0063608456, 0.002760695, 0.009466557, 0.020710606, -0.01705916, -0.029513117, -0.017662356, -0.01280931, 0.0064270915, 0.0051008784, -0.012745922, -0.0077806404, -0.00452144, -0.0015777606, 0.010788102, 0.017307647, 0.00028539318, -0.0063035404, -0.0050837244, 0.010185182, 0.004611988, 0.006552761, 0.0045738127, 0.0033586759, -0.0010213939, -0.016227951, 0.019438494, -0.0036174823, 0.024191525, -0.01644037, 0.0030952024, 0.009812563, 0.011971424, -0.0091858655, -0.001202689, 0.0072740754, -0.007986894, -0.0046904646, -0.01240021, 0.0066973963, -0.004002112, 0.01302212, 0.027292665, -0.00045372927, 0.018267334, 0.00079098484, 0.018155085, 0.018996552, -0.015040407, -0.008444091, -0.017944364, -0.008540049, -0.012597708, -0.019337812, 0.01205713, -0.0021549538, -0.0051079616, 0.018064272, -0.009347254, -0.023954807, -0.009242604, 0.012610551, 0.00029802343, -0.015076585, 0.004242006, -0.015578999, -0.007843166, 0.007735092, 0.006817665, 0.0064267353, 0.008315644, -0.0035631023, 0.0045338655, -0.006402234, 0.020272737, -0.0047429954, -0.009299152, -0.010111633, -0.0031580287, 0.0031803092, -1.739627e-05, -0.009550191, -0.0069736918, 0.0002928757, 0.0030839003, -0.00016886942, 0.0003281651, -0.006083149, -0.0012658293, 0.0015148652, -0.0012084063, 0.0030312568, -0.0072133197, 0.006906042, 0.015113555, -0.012488485, 0.0048721097, 0.00014275721, 0.00872214, 0.00029514986, -0.0047584586, 0.01881967, 0.028390622, 0.0016321873, 0.0048314235, -0.0049250037, 0.0029688184, -0.0072991094, 0.009211707, 0.014661701, -0.01281697, 0.010876297, -0.0095232185, -0.00694981, -0.010987991, 0.023082644, -0.0031882972, 0.010670265, 0.00090319803, 0.014635939, -0.0076586516, -0.016024, -0.0022995777, -0.0004935654, -0.016663453, 0.008631275, -0.0010339296, -0.008139833, -0.015381733, -0.007463439, -0.025627553, -0.0033561718, 0.019481832, -0.004046845, 0.012286983, -0.009295862, -0.0040123737, -0.015274312, -0.012746808, 0.0113353925, -0.0035489884, -0.023421263, -0.009079585, -0.00033965136, 0.007189286, 0.015311287, 0.00021738485, 0.002253709, 0.017133554, 0.007068587, -0.010820992, -0.02598541, 0.0020940157, 0.0049146824, -0.00064002594, -0.007120071, -0.0016504929, 0.007230336, -0.0018360361, -0.0017470049, -0.012496976, 0.017575424, 0.006250808, 0.0065294676, -0.010489339, -0.010180771, 0.021813288, 0.019052086, -0.009730302, -0.0055819605, 0.022279646, 0.010255209, 0.082299925, 0.0006099367, 0.002780432, 0.013443464, -0.01661414, 0.009551876, -0.011223628, -0.00093659805, -0.0049387296, 0.022506038, -0.0064618466, 0.00170564, -9.603618e-05, 0.006563278, -0.0043728417, 0.010314123, 0.0002985399, -0.0017748746, -0.017558232, 0.014126629, 0.0058644894, -0.0059317416, 0.0143638365, -0.009802294, -0.019812228, 0.0019760497, -0.0071014357, 0.00053648936, -0.0008001101, -0.0030979922, -0.019870698, 0.010990737, -0.009977484, 0.0024347526, -0.0007096068, -0.006249647, -0.0076028933, -0.011890319, 0.009201598, -0.0016602534, -0.023078356, -0.014781251, -0.0011247692, -0.0065308837, 0.015012273, 0.0020567505, -0.0013309338, -0.012274418, -0.0028227165, -0.011943853, 0.013403271, 0.009405373, -0.024851413, -0.011009927, -0.0070573324, -0.0120288655, 0.006364668, -0.015326603, -0.0065216008, -0.01367133, 0.0073395004, 0.0028646544, -0.018071951, -0.0029982608, -0.0061925463, -0.017633742, -0.0022775666, -0.02761173, 0.0054156096, 0.0147473635, -0.0026013993, -0.00052037305, -0.0021141183, -0.0013759042, 0.03006082, -0.0028924516, -0.00037469037, -0.007822832, -0.0131436, 0.002152022, 0.008158795, 0.00062478136, -0.0072960486, 0.0031076795, 0.0038324443, -0.018271908, -0.022730954, -0.00549927, 0.01183593, -0.010008269, 0.0011120763, -0.014170693, -0.007832973, 0.0060720784, -0.0022510665, 0.0043171574, 0.08103855, -0.015340055, -0.0053788754, 0.007664548, 0.0020277, -0.0033379588, 0.018828735, 0.02464235, -0.006572093, -0.01238939, 0.021240663, -0.0042136605, 0.010528984, -0.0021197952, -0.00406072, -0.00023446957, 0.0042374213, 0.008909807, -0.013127961, -0.0067183515, 0.010746041, 0.0013019966, 0.0087523125, -0.01236319, 0.0071170107, -0.023513202, -0.004578556, 0.015637543, -0.010306118, -0.0036765235, -0.012389224, 0.0067760674, -0.0005318293, 0.003436899, -0.008342656, -0.0152668655, -0.013430777, -0.0066853496, -0.010987318, -0.0010561757, -0.0077978875, -0.004267891, 0.012464371, 0.009907218, 0.015499297, -0.025776714, 0.00219948, 0.002234311, -0.010766762, -0.0145227015, 0.013518416, 0.006175819, -0.0061324826, -0.0017088479, -0.011017851, -0.024622664, -0.014914349, -0.012636398, -0.0014977151, 0.010430557, 0.0049603996, 0.010686609, -0.009596308, -0.0019693514, -0.02708128, -0.011494418, 0.014021894, -0.015859466, -0.005088398, 0.005232645, -0.009113179, 0.008022223, -0.0013345844, 0.00016535471, 0.010521842, 0.014829528, 0.006776492, 0.010897855, -0.0024320278, 0.0011485994, -0.003312396, -0.012051169, 0.008530372, -0.0025696978, -0.0017240307, 0.0018427529, 0.0011791203, -0.0151847955, -0.015767815, 0.004215939, -0.00368342, -0.004393142, 0.017267026, -0.019940954, 0.011255054, 0.010959188, 0.018115593, 0.009609878, 0.0040955, 0.008014875, 0.007225445, 0.014055138, 0.011165346, -0.0050626933, 0.005154398, -0.006346857, 0.018720785, 0.0039013578, -0.003772585, -0.005812747, -0.0055017076, -0.012425772, 0.01835358, -0.01276715, 0.009057798, -0.023295376, 0.011270447, -0.00029811726, 0.009444773, -0.0029063981, 0.009279151, 0.0018878124, -0.00017309526, -0.0133708455, -0.0039932877, 0.018297473, 0.0002267327, 0.0060023395, -8.873442e-05, 0.0016233339, -0.00888417, 0.0043070647, -0.014991931, -0.0076196096, 0.0059711887, -0.0021028, 0.00061644934, 0.009034812, -0.0014876581, 0.00027224925, -0.0002671474, 0.015003642, -0.021199077, -0.02027533, -0.005629878, -0.0037182372, 0.0053098425, -0.0010043009, 0.015153288, -0.006386927, -0.013358253, 0.011838558, -0.005416678, 0.0064202, 0.00073048205, -0.004103891, 0.027839104, 0.0033123863, 0.0068334057, -0.010551907, 0.0020390197, -0.04673308, 0.008859482, -0.0051164646, 0.03379668, 0.014847259, 0.010810702, -0.0023381573, -0.0046736724, -0.022176353, -0.0041195164, 0.012943026, 0.008252216, 0.0003262051, 0.0018938603, 0.0053011267, -0.0033484467, -0.01732436, -0.009650328, 0.0050365357, 0.0018813666, 0.001918588, 0.0013618022, 0.0049362876, -0.012628835, -0.007453924, 0.0004805767, 0.009957958, -0.0031532985, -0.0109918285, -0.009299645, -0.02519662, 0.014936653, 0.012568321, 0.0010182433, 0.016497837, -0.011748803, -0.0053830883, 0.0009288905, 0.003816319, -0.011762415, 0.008985024, 0.0061856858, -0.0007898434, -0.0071230754, 0.02291984, -0.017278804, 0.012571818, -0.0020061322, -0.016867703, -0.022196885, 0.015162554, -0.0012531672, -0.004302189, 0.01713803, -0.006370458, -0.010232457, 0.008429591, -0.0034359, -0.0126252575, -0.0011727073, 0.0023907314, 0.014803681, 0.00038628207, -0.0129489945, -0.002496604, -0.0024552743, -0.0019941228, -0.012994581, -0.013786497, 0.006319307, 0.006335867, 0.002335083, -0.01704953, 0.004137896, 0.007968677, -0.0011639609, 0.008836878, 0.0005881194, -0.008755332, -0.012579062, -0.012908733, -0.008868296, -0.011215752, -0.017533906, 0.002083429, -0.0025113756, 0.024537252, -0.009410863, -0.013738069, 0.0022295278, 0.00046260425, 0.004727005, -0.015241274, -0.00887301, 0.014804974, 0.0054899836, -0.00869265, 0.0045142067, 0.016569635, 0.010398312, 0.003873775, -0.0067561716, 0.0050621736, 0.019845916, -0.02402333, -0.00058091484, 0.009231433, 0.012684795, -0.0051397625, 0.0014615988, -0.0019420803, 0.0004241179, -0.00858964, 0.005509766, -0.009094365, 0.0098471185, -0.014468386, -0.02833033, -0.0014876534, -0.011113852, -0.0019100204, -0.015574144, 0.011341219, 0.0034830833, -0.012447885, 0.010867127, 0.004301644, 0.01316357, 0.000899787, -0.0026071984, -0.018875066, 0.005907913, 0.0018628336, -0.031532228, 0.0001978367, 0.018619554, 0.0162721, -0.0133568775, -0.006204159, 0.005642452, 0.0020570413, -0.003043276, 0.0063710795, 0.0100628445, -0.0068681287, 0.010223076, 0.00130241, -0.0011297765, 0.00962484, 0.0007883731, -0.00016353997, 0.008339419, 0.007841287, 0.015606717, -0.0061550895, 0.00031078226, -0.016467882, 0.014637299, 0.0023702292, 0.0008083823, 0.025865955, 0.0060096364, -0.015945563, 0.013965179, -0.0144017, 0.009782118, 0.0041269283, -0.0039788154, 0.0036641313, 0.005599922, -0.0058537843, -0.006510577, 0.027619837, 0.018011605, 0.009375003, 0.003724879, -0.006176526, 0.005025707, 0.009253158, -0.0011085088, -0.012801584, -0.012134721, 0.0064287684, 9.805012e-05, -0.0033971102, -0.017097212, -0.0027823462, -0.0042435727, -0.0033171123, -0.001029913, -0.00880656, 0.013625659, -0.010375806, -0.011409771, 0.018472591, 0.0120319035, 0.0124512855, 0.013971586, 0.011433166, 0.009430573, -0.009373735, 0.008514091, -0.0037780388, 0.0077673118, -0.020395212, -0.07092172, 0.019008426, -0.0037938228, 0.015335932, 0.0043456904, -0.013101887, -0.0024936767, -0.013196145, 0.010032278, 0.0036484157, -0.004991951, -0.0010007183, 0.015149447, -0.00047424447, -0.0012478126, 0.0020367256, -0.021932943, -0.0012610406, 0.0005106678, -0.003125538, -0.009091045, 0.01642761, 0.002389496, 0.015946958, -0.026351457, -0.012133363, 0.014283554, -0.013543357, 0.010601907, -0.0025564947, -0.015508009, -0.00059469993, 0.002125269, -0.0050489423, 0.019484596, -0.0005364472, 0.007992411, 0.016196651, -0.14314435, 0.009971872, -0.00572568, 0.005519295, -0.021254195, 0.010059483, 0.0014480511, 0.0019165049, 0.01453439, 0.005983511, 0.0013364631, 0.008718563, -0.0045592487, 0.0070965993, 0.017502088, 0.01096251, 0.004716345, 0.016506387, -0.01249378, 0.010726295, -0.012068037, 0.0001251572, -0.0046056416, -0.0028773504, 0.0016937858, -0.017655715, -0.012342183, 0.0003927403, 0.0014902636, 0.007854211, 0.02244799, 0.0025622735, -0.0093685705, -0.0029356456, -0.01573689, -0.038003962, 0.0026593166, -0.016371086, 0.013677639, -0.021872606, 0.00053342927, -0.0011438677, -0.004320565, -0.0023878373, 0.009162468, 0.018267864, -0.002353292, 0.005016823, 0.002568063, -0.015151074, -0.013336904, -0.0023739378, -0.0030945437, -0.0023212072, 0.013012453, -0.022619316, -8.258866e-05, -0.0034316215, -0.011484148, 0.007151884, -2.2393217e-05, -0.0049350667, 0.017916454, -0.00029364272, -0.004830733, 0.0016896199, -0.005660234, 0.011729314, 0.010157755, 0.018701995, -0.01174678, 0.0016044485, -0.0036301087, -0.012209688, -0.0086284615, -0.011399437, 0.010390128, -0.0015049176, 0.005493682, 0.0086216945, 0.0012080582, -0.024077713, 0.014536103, 0.0042101233, 0.0035474044, -0.002249897, 0.011588664, -0.0033866859, 0.0038651102, -0.050099455, -0.025857562, -0.01207277, -0.011428589, 0.011677598, 0.003017354, -0.008873622, -0.01412958, 0.024281267, -0.019213567, 0.020422783, -0.0012599626, 0.027262198, 0.0185024, 0.007747276, 0.0045578764, -0.016035372, -0.011566836, -0.010510502, -0.008193195, -0.028781513, 0.018488972, -0.008322997, -0.007813565, 0.007502259, 0.0008770964, -0.010978348, -0.011831001, 0.0042072563, 0.010658638, -0.021008682, 0.008408766, -0.01882509, 0.019405449, -0.0015669827, -0.017621735, 0.004825601, 0.022282153, -0.005268862, -0.02365659, -0.015046098, -0.004941785, 0.011493005, 0.00037000707, 0.010580498, 0.016826842, -0.023410294, -0.0031035305, -0.008346213, 0.0013648808, -0.02113795, -0.0011692296, -0.007805681, -0.0014145111, 0.0029578973, 0.014731175, -0.003157294, -0.008865407, -0.013236439, 0.010420868, 0.008978504, -0.0067519243, -0.004119867, -0.017636687, -0.0015220997, -0.026315648, -0.0120327575, -0.005834087, -0.014418602, -0.021726001, -0.015611743, 0.006480806, 0.0035840203, 0.047492713, 0.017098185, -0.0065013287, -0.0041556093, -0.0057012173, -0.010337877, 0.00045408457, 0.014193734, 0.007989082, -0.010968913, 0.00973796, -5.150614e-05, -0.010413432, -0.011557205, 0.008860722, 0.00358307, 0.0095579615, 0.0017519847, -0.028993657, 0.0022311092, 0.016431164, -0.025799517, -0.0031895607, -0.011045806, 0.0057681426, 0.0034595784, 0.012443495, 0.015255523, 0.006743738, -0.010480642, 0.0019144991, 0.009844402, -0.022620013, -0.0129260905, -0.0058432035, -0.009400042, -0.014375152, 0.022140963, 0.012614302, -0.00031568072, 0.0017655771, -0.16068701, -0.021818507, 0.010716626, 0.013101943, 0.0074040866, 0.0026784833, -0.004103647, -0.0031939447, 0.011003711, -2.4383246e-05, -0.0037187478, 0.0020974183, 0.0020356567, -0.014297675, -0.007946874, -0.007777657, -0.0068635107, -0.01770511, 0.008833381, -0.01580538, -0.016581105, -0.013621145, -0.0018397769, 0.017721007, 0.0034878857, 0.006265492, 0.0010272946, -0.016358612, -0.018159557, 0.0033002705, -0.0017708996, 0.010156134, -0.008357394, 0.0021991255, -0.017387707, -0.00089883775, 0.01628251, 0.008442545, -0.007042298, 0.00027728706, -0.0052822623, 0.019593164, -0.008714727, -0.008645164, -0.007723139, -0.0027090989, -0.027653636, -0.0030468402, -0.008997531, -0.021953993, 0.011122971, -0.018925913, -0.007885266, 0.013669639, -0.007675744, -0.010040373, -0.014010696, 0.015148951, 0.01365013, 0.0028124808, -0.035569225, 0.0059589217, -0.02843814, 0.028986607, 0.00490994, -0.021193007, -0.013333222, 0.13566099, -0.023077903, 0.023057342, -0.006979722, -0.00027479453, 0.02717001, 0.029093169, -0.0070995917, -0.001314533, -0.0076269214, 0.006726351, 0.0060523893, -0.00019598322, 0.00017194105, 0.0032584658, 0.0038996756, -0.007762104, -0.003256101, -0.0060803215, -0.020728566, 0.0035501188, -0.0036886428, 5.910778e-05, -0.020212425, 0.021901647, 0.0015749139, 0.0004842165, 0.0030358077, 0.0029979062, 0.0046268837, 0.014279038, -0.0020758263, -0.0077144746, -0.0022875345, 0.008675576, -0.02307285, -0.0012942586, -0.004213955, -0.027159821, 0.040277924, -0.015796421, 0.0020226014, -0.013751942, -0.0068035116, 0.007431079, 0.0028951466, 0.006746472, -0.0056038722, 0.010354819, 0.0029505128, -0.024947431, -0.0040274584, -0.006821199, 0.024163613, 0.0155075975, -0.03912789, -0.027906891, 0.002485055, -0.009231776, -0.0053119888, -0.0043439544, -0.0069537275, -0.015809111, 0.010805621, 0.00391787, -0.014221719, -0.011093929, 0.011634005, 0.0074937786, -0.118215926, -0.00038255032, -0.012362818, 0.0013280144, -0.0011586163, -0.0014568986, 0.00058392016, 0.017611206, 0.020073283, -0.0041576102, -0.012487998, 0.021505991, -0.04771624, 0.025537081, 0.003924004, 0.024300532, 0.0012664999, 0.00889407, 0.020673059, -0.016859036, 0.0015182412, 0.013135077, 0.017045166, -0.017800193, 0.0057683163, -0.0064449166, -0.0027622294, -0.015224996, 0.008885719, 0.010835426, -0.0038453247, 0.02776243, -0.019948896, -0.027660226, -0.024147408, -0.011359465, 0.00046888113, 0.007607747, -0.008693726, -0.00287572, 0.011659413, -0.0049839187, 0.019348701, -0.009230067, -0.021098237, 0.0030280796, -0.00021307163, 0.015094744, 0.0045211227, -0.02112647, 0.012208635, -0.006196664, 0.02635831, 0.025912544, -0.02880923, 0.006950894, 0.011039575, 0.02566035, -0.015900807, -0.0008025585, 0.006642419, 0.02900421, 0.017735358, 0.016100403, -0.015840786, -0.0015491287, -0.0103367185, -0.03221509, 0.022169208, 0.025650484, -0.025710877, -0.013066657, -0.0017371203, 0.007807527, 0.0024186883, -0.0053059896, -0.0042138803, 0.019005623, -0.0062523666, 0.011166974, 0.0062144552, 0.0056647216, 0.0023721359, -0.0063922373, 0.035933554, -0.009111943, 0.003989347, -0.0072708516, 0.011801185, -0.017220732, -0.0029125293, 0.0043935846, 0.017813353, -0.005764996, -0.024020173, 0.004697305, -0.013241351, 2.7921014e-05, 0.019061856, 0.012469835, 0.002827692, 0.0030530994, -0.0014892553, -0.007931108, 0.007544623, 0.0062027876, -0.021123486, 0.011914772, 0.012505974, -0.0020315095, -0.020833919, 0.004840777, -0.007548259, 0.010675233, -0.009663799, -0.001764568, 0.0069162464, 0.0019974993, -0.01907394, -0.021337418, 0.011697343, 0.003845956, 0.018456472, -0.0010232681, 0.010443411, 0.0031221793, -0.00016596568, -0.01722663, 0.008683518, -0.0105993375, 0.0072259163, -0.002450863, -0.010762804, -0.008958755, -0.00044953043, -0.009365993, 0.026956782, 0.023786757, 0.0061581493, 0.0023878869, -0.02253009, 0.011131197, 0.004969944, -0.015729332, 0.0020823018, -0.0067779464, -0.0013112486, 0.018189635, -0.007822634, -0.0051534153, 0.005579252, -0.005317806, -0.010409238, 0.0017028493, 0.005970131, 0.008484006, 0.003293583, -0.0076991557, -0.021886745, 0.001273142, -0.0049242815, 0.009285598, -0.015934205, -0.0033187587, 0.004888662, 0.01735134, 0.0021281936, -0.023040788, -0.0330753, -0.013848007, -0.015771912, -0.0051750964, 0.004400001, -0.026557658, -0.027934931, 0.024722803, 0.004238904, 0.017935816, -0.010159665, -0.04945497, 0.018183865, 0.012865473, -0.0030287004, -0.001006529, 0.0060395137, 0.027036482, 0.0042056288, -0.0030165773, -0.00997254, -0.00097338355, -0.013092341, -0.0008212994, -0.01529381, 0.0069058025, 0.007106038, -0.017668586, 0.020956075, -0.0022763342, -0.028297655, -0.0014726301, 0.0031457308, -0.0042750556, 0.018107153, -0.008169414, 0.007851034, -0.00860873, 0.023509573, 0.0033401817, -0.0065298267, 0.008196527, -0.00027801507, -0.00980338, 0.011013057, -0.0047907145, 0.023633856, -0.012704018, -0.003586064, 0.013635363, -0.06900916, -0.013855512, 0.0030427447, -0.05449798, 0.004321455, 0.02427464, 0.021350924, 0.0033358433, -0.014012785, -0.0018095337, 0.018590922, 0.012676427, 0.012557293, -0.0061814906, -0.0048034466, 0.016391834, 0.004908075, 0.011382832, -0.0022930314, -0.020847408, 0.00651397, -0.0073809116, -0.009857783, 0.00831821, 0.001226711, 0.0016519277, 0.026997982, 0.014164301, -0.006389615, -0.008816139, 0.014585303, -0.004051731, -0.023097051, 0.01639984, 0.009163531, 0.00067790947, -0.010291897, 0.02143049, 0.0055866335, -0.00036371805, 0.012508265, 0.017917234, -0.005767802, -0.013703112, 0.05512482, 0.017367175, 0.0026647844, 0.030872459, -0.11666023, -0.019610586, 0.0006412343, 0.0040753814, 0.011219724, 0.00777, 0.01606512, 0.04942249, 0.012577595, 0.013180086, -0.016113307, 0.004754378, 0.0042749164, -0.0017867879, 0.013548836, 0.015967151, -0.023340983, -0.004475666, 0.007986467, -0.0028539319, 0.0023711987, 0.008399996, 0.0013091305, 0.0043453774, 0.0029099248, -0.019672254, -0.016742066, 0.013463343, -0.013530783, 0.00523643, -0.009442724, -0.012155653, -0.0024309368, 0.0047510327, -0.00925027, -0.01059205, -0.013382919, -0.0014511849, 0.00017564697, 0.017933354, 0.040893953, -0.0115434565, 0.010284162, 0.016475968, -0.0037020196, -0.0016374761, -0.00019895047, -0.016187869, 0.018246233, -0.002296008, 0.00076228613, -0.03650565, 0.0031054507, 0.012982822, 0.0050553433, -0.029582962, 0.010538386, -0.03829856, -0.00795028, 0.023590198, 0.004385509, 0.0038974413, -0.0049480656, -0.021337207, -0.006050175, 0.0070921546, -0.01937821, 0.002401297, -0.027119765, 0.006602643, 0.016561495, -0.017491046, 0.0061539253, -0.007084816, -0.021723967, -0.014140221, 0.015911117, 0.0029008265, -0.019430423, 0.0017981348, 0.008635825, 0.002162304, -0.0042466316, -0.030576803, 0.00789573, -0.011226382, -0.009451422, -0.0015216211, 0.025460325, -0.0005318952, -0.00091962906, -0.017213246, 0.0046389005, 0.020110667, -0.0045597902, 0.0013662461, -0.0136822825, -0.0068228645, -0.0047876327, -0.018343708, -0.020144457, 0.0009362309, -0.007172581, 0.015620594, 0.0035310327, 0.0072087105, -0.008471768, 0.038002864, -0.010532714, 0.010012533, 0.038940933, 0.003108237, 0.007944658, -0.008086284, -0.014891911, 0.008038844, -0.007756473, -0.0047140224, -0.009076434, -0.0036558488, 0.0031299216, -0.004279024, -0.011616774, -0.024814624, 0.011670323, 0.011574733, -0.018240573, 0.0029052647, 0.007397352, 0.019202206, -0.005763709, 0.0135502145, 0.0059500593, 0.013807557, 0.016892767, -0.012980951, 0.0039350516, -0.0057067582, 0.02484143, -0.004720834, -0.008639117, -0.02052498, 0.009729068, 0.03348791, -0.0012860219, -0.004033457, -0.016076915, 0.0060278494, -0.020236177, -0.0043416396, 0.0031829323, -0.0006520769, 0.023775548, 0.008100307, -0.02321934, 0.008863992, -0.004440749, -0.009496411, 0.010887772, -0.006430963, 0.006986065, -0.00490914, -0.014921564, -0.00045906662, -0.031111218, -0.002394246, -0.03089396, -0.022806594, 0.01591515, -0.011354808, 0.017173812, -0.0026578596, -0.0077120787, 0.001594497, 0.01975404, -0.030259604, -0.004547649, 0.011766656, -0.0042511127, -0.020433005, 0.0121007655, 0.013395728, -0.016877664, 0.0055748224, 0.012046814, -0.009403276, -0.008076184, -0.0023684427, 0.014204135, 0.020704012, -0.0037269264, -0.021950385, 0.015315069, -0.015482564, 0.006134998, 0.011660522, -0.024880163, 0.00015370158, -0.008550608, 0.01558419, 0.01567389, -0.03625123, -0.017260924, -0.017147155, 0.0051835533, -0.0100696795, -0.018197881, -0.00403494, -0.0065705846, 0.015457922, 0.011402192, 0.016564932, 0.009105047, 0.0071957093, -0.0043644104, -0.00859657, 0.016286878, 0.016485916, -0.0067624827, -0.009567736, 0.00995661, 0.006360334, 0.0070650694, 0.0021903443, -0.005116393, -0.0034777832, -0.01890453, 0.012602769, 0.013701434, 0.022856895, 0.010344202, 0.030548463, 0.010887458, 0.001860403, -0.0085379565, -0.014295136, 0.0057981904, -0.0006004444, -0.0007102096, -0.018159518, 0.001621499, 0.022067945, 0.0072839544, -0.008948481, -0.009407714, -0.036254965, -0.01780914, 0.028990237, -0.009656757, 0.0037473384, 0.01312512, -0.006999923, -0.011223222, -0.017940834, -0.0076465765, 0.001208841, -0.0021811195, 0.016633669, -0.008817113, 0.006009301, -0.0010512453, -0.003113877, -0.007212697, 0.004204838, 0.00045129668, 0.0011550733, 0.020132305, 0.005888411, 0.022399446, -0.0026208246, -0.014782331, 0.003930061, -0.006564856, -0.0140927965, -0.012779393, 0.018659273, 0.0021335396, 0.015675517, 0.007481515, 0.0052074394, 0.03837627, -0.0226056, -0.0038426716, 0.0024094856, -0.006211238, 0.02094047, 0.012328144, -0.00819093, -0.0029926193, -0.0041195997, 0.020682795, 0.00825094, 0.019202815, -0.0039708638, 0.005070631, -0.008039629, -0.0037358864, 0.012502317, -0.02228364, -0.018545786, 0.041502643, 0.013765094, -0.00965321, -0.0071434565, -0.0056702453, -0.00019211203, 0.003208604, -0.030620316, -0.0077130958, 0.008417478, 0.014953118, 0.011728789, -0.0069889855, -0.01049172, -0.018780313, -0.022248846, -0.007726846, -0.0034129494, -0.0026675393, -0.00062993896, 0.011764489, 0.0019723964, 0.0036975099, -0.020258565, 0.02760097, -0.0040172627, 0.008360124, -0.00026002154, -0.008099507, 0.0061207535, 0.0060539003, 0.0035774924, 0.016723163, 0.0022383654, -0.001096566, 0.0147908665, 0.017151827, 0.019842945, -0.012682969, 0.009499874, -0.019008327, 0.0048546526, 0.00088887324, -0.010327683, -0.02223033, 0.0080942195, -0.01718799, -0.006771235, 0.004924676, 0.0037906615, 0.017355254, -0.008380946, 0.00040139587, -0.0050644847, -0.00491684, -0.0033652731, 0.008515187, -0.009898809, -0.0060756654, 0.002716165, -0.012304376, -0.0010357955, 0.015579229, -0.0071848244, -0.0056275143, -0.0221638, -0.012969155, -0.0059913066, -0.038057294, -6.555758e-06, -0.0067884824, 0.023647372, -0.0015804255, -0.0013119014, 0.015737478, -0.031177001, 0.005236831, 0.0070130825, 0.024770197, -0.011736807, -0.014983037, 0.013717779, -0.029558113, 0.018814381, -0.0068643354, -0.014433637, 0.013171132, 0.027995314, -0.013256727, 0.017962882, 0.0031505516, 0.0044266423, 0.0009865836, 0.010627544, 0.004068514, 0.002293578, 0.02386306, -0.01703588, -0.0041334494, 0.01856658, 0.007683804, -0.020962572, 0.0036659804, -0.004824375, -0.0049571106, -0.018586293, 0.004226526, 0.011456241, 0.026051482, -0.01059347, 0.012840624, 0.011249568, 0.011707158, -0.013394746, -0.007962712, 0.011468749, 0.0070583937, 0.011537145, 0.0019958676, -0.020375006, 0.018465204, 0.01209196, -0.01758148, 0.0028119136, -0.0046273256, 0.020853948, -0.010371908, 0.008999005, -0.0014839749, -0.0003969734, -0.008282705, -0.010762928, -0.0046648667, -0.01651421, -0.019066995, 0.0064248536, -0.0018881545, 0.024894696, -0.0067379917, 0.029984575, -0.002282932, 0.015357062, 0.019425908, -0.027640717, -0.0006476036, -0.005174074, 0.02229578, 0.002454522, 0.013767668, -0.0042161513, 0.017214393, -0.015474916, 0.001098667, -0.017259533, -0.0057499968, -0.020602072, 0.004116069, -0.014468037, -0.015368438, 0.015840286, -0.02281713, 0.01168459, -0.0035715436, 0.009395548, -0.01906952, 0.001909868, -0.025091073, 0.01952735, 0.0071580913, 0.0037826665, -0.05709948, 0.012480671, -0.01441988, 0.006585306, 0.017163906, 0.00035050005, -0.012995883, 0.0134479515, 0.012576714, -0.016936967, 0.013183616, -0.014392931, 0.013427203, 0.006161899, -0.00038812714, 0.0070950384, -0.0026478986, -0.011857069, -0.01517219, -0.017090935, 0.0043641096, 0.02027793, 0.010968569, -0.024314225, 0.010887166, 0.024397423, 0.023315217, 0.0066089495, -0.016566217, -0.018819442, -0.009420651, -0.0016387958, 0.021609586, -0.016969722, 0.019272944, -0.0019216795, 0.0056297956, 0.016571032, -0.0051577115, -0.010718835, -0.003845473, -0.009778648, 0.002249053, 0.0108703775, 0.0042695277, -0.016547108, 0.005618558, 0.013584905, -0.009590715, 0.007116067, -0.0077318843, -0.026278082, -0.028070793, -0.01017971, 0.02782371, -0.003876965, 0.0012559828, -0.0028561593, 0.018113699, -0.0021524727, -0.006577295, -0.0063134395, -0.001189127, 0.0029412883, -0.014838253, -0.0049480665, -0.002268076, -0.007927865, 0.0074352617, -0.0060104523, 0.012492553, 0.04760254, -0.008920949, -0.0043516695, 0.005278168, -0.0043580495, 0.023367632, -0.0085352715, -0.006977963, -0.0108753005, -0.014364598, 0.007484425, 0.0035357808, 0.0010773821, -0.0072130263, 0.00021300626, -0.0041011455, -0.02097765, 0.0053102714, 0.009933493, 0.0043388945, -0.0043861424, 0.004372893, -0.01315142, -0.03132038, 0.013063465, 0.013319399, 0.010729401, 0.018493876, -0.002568654, -0.011860268, -0.013094835, 0.032476865, 0.003044198, 0.0040473463, -0.005238384, -0.024630344, -0.00383833, -0.005594015, 0.012949679, 0.0118854055, -0.0041250037, -0.0038494593, -0.004915007, 0.023270993, -0.003746441, -0.021272952, -0.00800307, 0.0017655087, -0.008555497, 0.013346915, -0.004870327, 0.035557244, 0.014730356, 0.0027744405, 0.015278613, 0.010190921, -0.001709492, 0.023394806, -0.012402599, -0.016874325, -0.033564262, 0.0034507152, 0.002184874, -0.0024802252, -0.004250911, 0.0141252335, -0.008145073, 0.0032682715, -0.0074376394, -0.010266589, 0.032603305, -0.017861715, 0.0074059055, 0.0018838921, 0.0020160696, 0.0020996558, 0.000714918, 0.017342228, -0.032479715, -0.012207482, 0.010654299, 0.023656616, 0.011227144, -0.016645556, -0.015040511, 0.023743568, -0.012803739, -0.03544559, -0.0021860944, -0.004357714, 0.00035712591, -0.021286443, 0.013215856, 0.016205981, 0.012690583, -0.014072116, 0.0129833575, 0.011144009, 0.017296938, 0.004442726, -0.017181816, -0.0028667862, 0.0077328947, -0.012215011, 0.015953058, 0.0114376685, 0.009850616, -0.0027777036, -0.029727085, -0.0014263632, -0.0004552986, -0.005967418, -0.010630586, 0.024758544, -0.0013217444, 0.015632283, -0.002931447, 0.0071068592, 0.008866937, 0.012155401, 0.005110092, -0.0041237995, -0.0095590055, 0.0028830755, -0.004269805, -0.024361841, 0.013396948, 0.019492304, -0.005428265, -0.002207187, -0.02164368, -0.013896705, -0.008004352, 0.0008003834, 0.0014234361, 0.004794564, -0.005294216, 0.0036601399, -0.0009990436, -0.008275309, 0.028073868, -0.019559009, 0.0014478813, -0.0043718684, -0.003827017, 0.1686724, 0.12523884, -0.009492375, 0.015527829, 0.013524605, -0.0034387622, -0.0056600715, 0.018904613, -0.018027192, 0.015813645, -0.027942464, 0.018957697, -0.0006106913, -0.007812953, -0.009524645, -0.0053670974, 0.007121318, 0.02049424, -0.00422025, 0.011171142, 0.011867682, 0.011203947, -0.008299514, 0.004862491, -0.04137601, 0.017081805, 0.016853418, 0.0062547238, 0.0073265308, 0.006327236, -0.016663129, 0.0005138879, 0.003993763, 0.005555849, 0.003255061, -0.011299244, 0.0046630995, 0.022397248, -0.024816705, 0.008517292, -0.019766467, -0.013529534, 0.0070387344, -0.009320709, -0.0030114166, 0.0022140096, 0.0016971652, -0.0024317247, -0.0026894135, 0.01663752, -0.0055784946, 0.007295949, 0.020460486, 0.015089468, -0.022906737, -0.012543291, -0.0018958068, 0.004568777, -0.014330509, -0.015659718, 0.032234672, 0.0023635756, -0.014321628, 0.013143108, -0.0019954816, -0.0028629845, 0.0076681045, -0.008447612, -0.002824491, -0.0038574042, 0.00645886, 0.010324831, 0.029324789, 0.0034376648, -0.02051278, 0.01498972, -0.008534071, -0.002309631, -0.0085318, 0.012001255, 0.006344932, 0.0011242719, 0.01696167, -0.0012697846, -0.0040385923, 0.010221298, -0.011993206, 0.026130883, 0.13882636, -0.008224582, -0.004488529, -0.022474227, -0.009197942, -0.005658413, -0.019705314, 0.03559782, -0.019565308, -0.0075474107, 0.022942964, 0.021982733, 0.011649125, -0.0023798412, -0.027685689, 0.0041381293, 0.038592026, 0.050684184, 0.004836489, 0.01255532, -0.018572282, -0.0017866892, 0.01019609, 0.025198886, 0.013509971, -0.0059300945, 0.00094470184, 0.0053363335, 0.00041090412, 0.025921412, -0.109429084, -0.019334156, 0.009954325, -0.024012614, -0.0050525996, 0.014749796, -0.00491826, 0.01293058, -0.00034437774, 0.031645175, -0.01584147, 0.003403909, 0.032625698, -3.7648693e-05, 0.020411393, -0.017549058, 0.0029883361, 0.0058384286, -0.015888087, -0.0035542857, 0.024170673, 0.009238301, -0.017243546, 0.007906456, 0.012003085, 0.01235129, -0.010974773, -0.0216488, 0.015660217, 0.009786662, -0.02438641, 0.014477699, -0.045496877, -0.0019482073, 0.0071847965, 0.012032484, -0.0023454246, -0.008240615, 0.0022303902, -0.008195096, 0.0063072043, -0.00713529, 0.01958722, -0.011151054, 0.017910143, 0.030789332, 0.0035183064, 0.021896373, 0.010078026, -0.0073600863, 0.03530478, -0.013723455, 0.009250784, 0.0024096887, 0.012722994, 0.0008865118, 0.0018386049, -0.016906025, -0.023078714, -0.0005591454, -0.0013271049, 0.009259426, -0.0042656083, 0.019339195, -0.00025260967, 0.014739388, 0.0017875585, -0.0100522805, -0.0071466845, -0.0018210147, -0.011639736, 0.017841311, 0.008882099, 0.021287238, -0.014079411, 0.0070348894, -0.015138006, -0.004008431, -0.018832462, 0.01696041, 0.01737443, -0.006937987, 0.02915168, 0.104021296, 0.012878159, -0.008680684, 0.010260363, -0.0008402276, 0.0030145454, -0.000307701, -0.01733304, -0.008508727, -0.0053711757, 0.007422406, 0.019544259, 0.006603803, 0.0041999286, -0.00070293533, -0.0010333348, 0.009868493, -0.0016421768, -0.023790833, -0.0060894084, -0.017581113, 0.007693918, -0.0038141597, 0.008129918, 0.004990965, 0.013295737, -0.020722574, 0.008472603, -0.0049092895, -0.017444583, 0.031510085, 0.0016564392, -0.01971293, -0.0131533565, -0.0051746164, 0.003150485, 0.00075902196, -0.0072008404, 0.03767775, -0.0054940474, 0.0071457904, 0.00620812, 0.0128657585, 0.0027323847, -0.030776614, 0.18659349, 0.027394291, -0.008620928, -0.015031647, 0.0008478162, -0.02318318, 0.016157806, 0.010539888, -0.016315041, -0.004467626, -0.010990407, 0.007904167, 0.010922028, 0.007256509, -0.001682992, -0.0004970091, 0.010120683, -0.011538022, -0.031299595, 0.014454271, -0.0043873396, -0.026232433, -0.046449695, -0.008085805, -0.02488092, 0.0075886347, 0.00053389824, 0.006489496, -0.010786217, -0.0069124447, -0.0033844265, -0.014436779, -0.010539272, 0.0066458248, 0.0007822966, 0.002321604, 0.007652697, -0.0016625257, 0.0017176239, -0.0013260065, -0.023335185, 0.0042285062, -0.02020394, -0.012893728, 0.012575216, 0.0076700766, 0.006922035, -0.013666754, -0.02640709, 0.019963937, 0.009477096, -0.0036376761, -0.00443411, 0.0020430605, -0.023474397, -0.0011808069, 0.002400114, 0.010264194, 0.00084204087, -0.0071773203, 0.027336735, 0.011838858, -0.002284087, 0.019615408, 0.017850647, 0.002599175, -0.020240938]"
Camilo Septimo abre la puerta a la  Inteligencia Artificial,https://oem.com.mx/elsoldemexico/img/25512465/1756670914/BASE_LANDSCAPE/1200/image.webp,GOSSIP,no descripcion,https://oem.com.mx/elsoldemexico/gossip/camilo-septimo-abre-puerta-a-ia-25512148,"[-0.007534357, -0.02118329, 0.009906606, -0.08874536, -0.021555262, -0.009094902, -0.0057423883, 0.0255986, 0.007129823, -0.008153924, -0.017957745, 0.0003951458, -0.023717012, 0.034910012, 0.1240041, 0.011643194, -0.0070919883, 0.0076790745, 0.014724504, 0.03431898, 0.0072624586, 0.007224045, 0.01496319, -0.043883163, -0.008415608, 0.03392232, 0.01775045, -0.01301869, -0.00057429797, -0.03301926, 0.014968812, 0.005933898, -0.00045936962, 0.015182168, -0.008491262, 0.015786314, 0.016904881, -0.02249823, -0.0073113022, 0.03741936, 0.016569002, 0.008412013, -0.0055178683, -0.024663504, 0.0031171192, -0.015703488, 0.009680162, -0.047969256, -0.0036935098, 0.019898526, -0.0020326946, -0.020449542, -0.011971543, -0.15063833, -0.0003732306, 0.00014444032, 0.0050699413, 0.016022922, 0.029370675, -0.02857631, 0.0060144765, 0.030797575, -0.01824501, 0.011884172, -0.009619786, 0.003211825, 0.004984933, 0.0015104115, -0.018250933, -0.008155686, 0.004662982, -0.0024778422, 0.012464206, 0.020653903, -0.012844413, 0.013870951, 0.005517186, -0.018974937, -0.018304165, 0.014449323, -0.030238776, 0.0033536537, 0.018489733, -0.03692676, -0.010261374, -0.022716144, 0.013324395, -0.008377477, 0.00033639715, -0.016017562, -0.016605685, 0.02132197, 0.009566673, -0.019134298, 0.0047045853, -0.013600962, 0.01093627, -0.01143827, 0.0017778737, -0.0210196, -0.030471673, -0.005054634, 0.007244377, -0.008246508, 0.018550199, -0.009260158, 0.021792008, -0.022256885, -0.015566128, 0.014055682, 0.0023407396, -0.0012703293, -0.016111657, 0.0012936803, 0.008749334, -0.14547335, -0.0137527045, 0.022927802, 0.012562268, -0.011398662, -0.0035817288, 0.0060667275, 0.022262568, 0.027146071, -0.029243065, 0.001420529, -0.00600312, -0.007386728, -0.051637087, 0.008537881, -0.034558564, 0.016262805, 0.015765177, 0.0037027646, 0.019560166, 0.035318483, 9.548575e-05, 0.0009707217, 0.031810243, -0.0041455226, 0.009486096, 0.00027017522, -0.0055582677, 0.015357378, -0.0054848706, 0.0036206383, 0.01915525, 0.004397405, 0.002360498, 0.012928351, 0.0038718379, 0.023530547, -0.014723582, -0.022449536, -0.022222921, -0.035457477, -0.0042209094, 0.008494048, -0.01738296, 0.010304332, -0.0009765665, -0.016568262, -0.027136078, 0.038491976, -0.0049879835, 0.022335669, -0.013067298, 0.025623007, 0.009435362, 0.014334469, 0.009446382, -0.041264556, -0.0016038199, 0.009430973, -0.019931016, 0.025851341, -0.005781137, -0.010573823, 0.017119426, -0.007837706, -0.02216234, 0.015416053, -0.003958709, 0.0082764765, 0.010565142, -0.018723756, 0.0022498968, 0.019860854, -0.022263153, 0.003709947, -0.032970928, 0.022155777, 0.019498745, 0.011021377, 0.024884736, -0.009320781, 0.0052004904, 0.0133372145, -0.022208855, -0.006417829, 0.008390041, -0.02588532, -0.005126139, -0.02638449, -0.00020849596, -0.008677867, -0.0052939216, -0.006251856, 0.009169966, -0.0032232502, -0.021748222, -0.0069847647, -0.00029906636, -0.011395353, 0.03607799, -0.0021717025, 0.0026881846, 0.01246328, -0.007274399, -0.006313317, -0.01780643, -0.012329671, 0.0018736992, 0.029594818, 0.011715938, -0.011441309, -0.011096048, -0.005373651, 0.007488425, 0.031749062, 0.025957637, 0.03306896, -0.016122986, 0.042895123, 0.013260128, -0.0031315035, -0.01126774, -0.008397914, 0.020903116, 0.0053099915, -0.011091369, 0.011722278, 0.0028251896, 0.015317689, 0.011470298, -0.03710335, -0.011188001, 0.02016065, -0.012702665, 0.005235268, -0.0042122426, -0.0005210664, -0.00042008786, 0.004321151, -0.0074406425, 0.008525993, -0.006592701, 0.024063211, -0.012670599, 0.014450675, -0.030337697, -0.0007589623, -0.018818483, 0.025950179, 0.030950004, -0.010002764, 0.0039036295, -0.016530428, -0.0166099, 0.0083148265, 0.01531618, 0.02210306, 0.008086233, -0.0073830644, -0.013456621, -0.00025427723, -0.09065186, 0.013935664, -0.014524643, -0.030434415, -0.0044587525, 0.018820379, 0.011994537, 0.021729203, -0.028145773, 0.0068323556, -0.025509229, -0.013554683, -0.0027639212, -0.012334705, 0.038701683, -0.009959486, 0.002528848, -0.0016093431, 0.026125558, -0.026146902, -0.0061313524, 0.0073877596, -0.013705925, 0.029434651, 0.025984459, 0.00017730014, 0.002258177, 0.0667245, 0.006816539, -0.023356346, 0.0033174457, -0.010020143, -0.005143041, -0.0038679885, -0.0053421236, 0.0059314216, 0.004367087, -0.014164183, -0.018564628, -0.017565705, 0.003297186, -0.0328223, -0.0024383422, 0.0052094646, 0.0027200396, -0.03224525, 0.020180255, -0.0091024535, 0.0020787313, -0.0034488607, -0.00440655, 0.02351722, 0.008884591, 0.02357415, 0.005545668, 0.008681979, -0.0033646666, 0.0038830538, 0.002756901, 0.009888737, -0.004617443, 0.003472678, -0.020751612, 0.028936733, -0.0013302385, -0.012742871, -0.010964401, 0.028263588, 0.0047255806, 0.048406273, -0.020896498, -0.016544336, -0.01087033, -0.011550163, 0.012725123, 0.008050559, -0.0020460393, 0.006643006, -0.025091235, 0.011920989, -0.0008432727, 0.021898322, -0.017530134, 0.0051719244, 0.023211729, 0.0013534251, -0.0029232325, -0.008884467, -0.0036810841, -0.006706604, -0.012415559, -0.010340821, -0.0005421866, -0.017188614, 0.0067440798, -0.022194546, -0.016000107, -0.020145474, 0.021879915, -0.0020708526, -0.029917264, -0.0018453994, 0.0021822273, 0.0049817977, 0.008863214, -0.009999761, -0.0025273373, -0.002285717, 0.000113283604, -0.008216392, -0.0072307303, 0.020573704, 0.007009202, 0.0023857863, 0.021199742, 0.006101045, 0.014594124, 0.013472735, -0.0143791335, -0.0029363772, 0.0069506406, -0.012159861, -0.01569368, -0.0062983204, 0.001233956, 0.029355623, -0.034898847, 0.0030507643, -0.020617664, -0.016712872, -0.038335178, 0.010325026, 0.013594013, -0.020681946, 0.0002849959, 0.010805197, 0.013905477, 0.0031320984, 0.013500506, 0.020507168, -0.00554019, 0.0014195972, 0.009135701, 0.012465724, -0.00032445524, 0.021806853, -0.005032508, 0.020052176, 0.0007503233, -0.04440292, -0.012862844, 0.0014680021, 0.014411113, 0.015171033, 0.0040702783, -0.0076445425, -0.0040366896, -0.0042966786, -0.011423609, -0.02961628, -0.0036942211, -0.016500339, 0.00010523266, 0.004520334, 0.0068132593, 0.027568357, -0.010012594, 0.015552801, -0.0038028832, 0.0064136293, 0.01922938, -0.023196932, -0.013241463, 0.008643677, 0.019251809, 0.0056755715, 0.038067546, 0.007607235, -0.013362871, 0.006372496, -0.008187675, -0.0067246133, 0.016003529, -0.0011223645, 0.024577532, 0.0040789354, -0.00205168, -0.018761067, -0.0045648157, 0.0091441125, -0.0067023733, -0.0033840889, 0.03204066, -0.006662769, -0.010951054, 0.008246812, -0.0033674515, 0.015093863, -0.020715794, 0.006216604, 0.004641656, -0.0025088086, 0.021218607, 0.012882921, 0.009073687, -0.0077822832, -0.03215429, -0.0138591975, 0.019149322, 0.012908481, -0.0073128804, -0.0007835667, -0.033888403, -0.011322025, 0.02194604, -0.0014495983, -0.015796313, -0.0012178211, -0.015862226, 0.008171886, 0.008147674, -0.027929889, -0.015954195, 0.017337365, 0.0005769799, 0.0027524575, 0.0034169366, -0.0057794345, -0.016059663, 0.014364595, -0.007048996, 0.0004953804, 0.015393612, -0.048657756, -0.016769074, -0.0046045408, -0.005319287, 0.003008316, -0.0041098585, 0.009470354, -0.0018443334, 0.019148847, 0.004914559, 0.014286918, -0.022354607, 0.022573829, -0.006904763, -0.016869236, -0.00071757345, 0.024628755, -0.015264781, 0.011150183, -0.0022193175, -0.010467379, -0.0076749297, 0.01467742, 0.0100958, -0.014963465, 0.0022614684, -0.012501252, -0.00817298, 0.033468403, -0.0034668345, 0.0043742834, -0.0075496444, -0.014097111, -0.016633088, 0.0047314614, 0.02865319, -0.100940436, -0.014339233, 0.021233266, -0.0015614332, -0.028691905, -0.0054409397, 0.021382699, 0.008295049, 0.01276428, -0.004455715, -0.019852163, 0.0078161005, 0.017183058, -0.002268876, 0.01336326, -0.010290261, -0.016712781, -0.014505088, 0.009234427, -0.029409168, 0.01640673, 0.015129412, 0.033203337, 0.018704263, 0.005818611, 0.013026113, 0.03494403, 0.010550295, -0.0041944114, 0.01015276, -0.0035071145, -0.0074625993, 0.020631243, 0.035658073, -9.11619e-05, 0.01127302, -0.01378346, -0.026115024, 0.015286053, 0.021041252, -0.02942765, 0.028921025, -0.0014538236, -0.0054952046, -0.0066668494, 0.011641634, 0.020959968, -0.005840308, -0.018290648, -0.021868944, -0.02621154, 0.007256961, -0.020603089, -0.010609838, -0.019764097, 0.00964926, -0.0053606904, 0.014283502, 0.032834433, 0.009892593, 0.015713027, -0.024577647, 0.004573655, 0.04309903, -0.009786969, 0.0045166393, 0.008755159, 0.0072241747, 0.029739084, -0.0031363422, 0.01657939, 0.010274107, 0.0039673056, 0.026085407, 0.008154705, 0.0020822426, -0.0038126765, 0.039699428, 0.013153834, 0.007053084, -0.057135385, -0.018011494, -0.10631063, -0.0057654213, 0.0236782, -0.0008515694, -0.013584666, -0.003945318, 0.0012231178, -0.009989706, -0.0011020673, -0.0061115017, -0.023509758, 0.025208045, 0.016993051, -0.008240223, -0.015812384, 0.013047171, -0.004981785, -0.004219862, 0.0045988644, -0.011390465, 0.0029831121, 0.007310739, 0.030201608, -0.02820474, 0.016169576, 0.0012846875, -0.019165877, 9.349001e-05, 0.02516305, -0.0075845853, -0.03299809, -0.12741177, 0.010047734, 0.01156968, 0.013731354, 0.041656055, 0.026872586, 0.010659853, 0.015311172, -0.0014611193, -0.011318287, 0.0134424465, 0.0081474995, -0.017766109, 0.008978234, 0.0060089095, 0.14710212, 0.004705131, -0.006005177, 0.011198749, 0.009502328, 0.012800757, 0.007715383, 0.030832576, 0.0025435155, 0.008858546, -0.004239023, 0.020156343, 0.0068738116, 0.017542517, -0.0013670983, 0.0025085947, 0.007668976, 0.0098094875, -0.0127992565, 0.022896973, -0.00029033673, 0.002509025, -0.017024804, 0.017571151, 0.012406814, 0.024709243, 0.021549506, -0.024113417, -0.020189647, 0.0033488935, -0.010993833, 0.019523587, 0.0021179044, 0.008876844, 0.005799508, -0.012759452, -0.08350467, 0.018557526, -0.00020476639, 0.010698407, -4.561338e-05, 0.00971334, -0.0036195621, 0.020712323, 0.008898111, -0.024664503, -0.0066201556, -0.016812865, -0.009676014, -0.012427912, 0.006310127, 0.016760705, 0.009475827, 0.008906609, -0.0012840105, 0.0052037663, 0.029219968, -0.020578621, -8.1724545e-05, 0.027210856, -0.017911367, 0.010255916, 0.019076146, -0.0012429667, 0.002077167, -0.0068550943, -0.007741705, 0.006781741, 0.007410364, -0.004771041, -0.0061978446, 0.016747817, 0.0037275502, -0.022022028, -0.013048503, -0.0071629905, 0.015306316, 0.0076687145, 0.023412041, -0.021844864, 0.023738712, -0.013890671, -0.0139000015, -0.025841204, -0.015481152, 0.010087734, -0.011085378, -0.00023102638, 0.0073093926, -0.011608258, -0.0034712625, 0.02893443, -0.004940344, 0.009695312, 0.001349683, 0.015201414, -0.012460194, -0.016442081, 0.007159607, -0.007870226, 0.004086763, 0.0011582982, -0.010018869, 0.0032376118, -0.0060402495, 0.014409913, 0.0053065424, -0.021089759, 0.009621895, -0.013167623, -0.0018357001, 0.00073419674, -0.012504254, -0.003885655, -0.02065243, 0.012714033, 0.002675499, -0.018049276, 0.015772823, -0.0071475557, 0.0005364608, -0.004179521, -0.019161625, 0.012993732, -0.0060871635, 0.0151556, -8.9660825e-05, 0.006339601, -0.003182712, -0.0036259308, -0.009645062, 0.0049003796, -0.0048987507, -0.0047442564, -0.00984112, 0.011263817, 0.0013663212, 0.015326132, 0.0010647002, 0.010131587, 0.0013797126, 0.009657002, 0.0004309395, 0.011424497, 0.004180707, -0.0040060314, -0.010954366, 0.021661628, -0.004973398, 0.013532558, -0.00467974, 0.017597856, 0.0008979718, 0.0011650075, 0.0022860705, -0.003397501, -0.014721543, -0.009057486, 0.015750479, -0.008938385, 0.014022977, -0.0076774694, 0.011020278, -0.016699815, 0.015548512, 0.011866394, 0.013861054, -0.0065711746, 0.013473678, 0.025740206, 0.011656335, -0.0122618815, 0.0047489903, 0.016862327, -0.0026558943, -0.0050736065, -0.019384746, 0.021689238, -0.02352587, -0.0012661904, -0.0039357254, 0.0008393138, -0.014015295, -0.008088543, -0.015983878, 0.005784207, -0.022225859, -0.0034056022, 0.0074939276, 0.011425002, -0.0065864804, 0.0019639505, 0.004754645, -0.009281808, 0.008388104, 9.6155454e-05, -0.0011486087, 0.0042585065, 0.007866824, -0.014393849, -0.013308712, -0.0043108026, 0.0029805726, -0.001084027, -0.013530066, -0.019450663, 0.00035258886, 0.0065178666, -0.015999239, 0.0139475195, -0.009066036, 0.005118344, 0.000566371, 0.002334678, 0.010458056, 0.008142844, -0.0012167849, 0.019266631, -0.016528351, -0.0076238937, -0.011181145, 0.010193957, -0.019059718, -0.00020590531, -0.0010638834, 0.009971298, 0.0025889056, 0.0015870114, -0.00064732565, 0.0056783794, 0.014659567, 0.012641455, -0.0034727105, -0.016174506, 0.018111961, 0.007220355, -0.006562493, 0.014849785, 0.010472616, 0.017020341, -0.025219291, -0.0018803495, 0.025200339, 0.0041168067, -0.0011342859, 0.0005114843, 0.00068569713, -0.0107849855, 0.006741007, 0.0011035525, 0.003932523, -0.007906765, -0.00030302, 0.0062148366, -0.002745398, 0.008243299, 0.02026952, 0.009795986, -0.009901351, -0.006992641, 0.007919781, -0.002206434, 0.0040603047, 0.0032632074, -0.008396131, 0.022063587, 0.0034608706, -0.0066830856, -0.018996235, 0.011428009, 0.012786431, 0.0051327324, 0.0027780468, -0.0093383, -0.015853234, -0.020131985, -0.001862165, 0.00785656, 0.018394314, -0.014874763, 0.017041575, -0.013226841, -0.0077877417, -0.0031865342, 0.00642828, -0.0050457586, -0.0087701585, -0.007102982, -0.010134291, 0.021981731, -0.0042708716, 0.010586238, 0.00949865, 0.012220525, 0.00064256514, 0.08272446, 0.0042064236, 0.0017315268, -0.0019455199, -0.0001623921, -0.0038685068, -0.013468621, -0.01596046, -0.0024914555, -0.0011696827, 0.0007738688, 0.0058139716, 0.003483391, 0.003109048, -0.0044865385, -0.015162775, -0.006134012, 0.001204632, 0.024075706, 0.008129192, -0.0077738045, -0.012343104, 0.015503358, -0.0023361766, -0.0037341076, -0.0155939255, 0.01650322, 0.008811051, 0.0048360564, -0.0043402323, 0.013389822, 0.0025988533, -0.005816608, -0.009814258, -0.027384745, 0.0051515005, -0.0025750473, 0.019024935, 0.01605134, 0.01108721, -0.014581661, 0.0012872008, 0.012414121, -0.0032330733, -0.008006243, -0.0032845475, -0.008583683, -0.008555932, 0.010899849, 0.001225163, -0.0039664567, -0.007487098, 0.0038878904, -0.0064542023, -0.01096898, -0.003090429, 0.009559378, -0.0036700235, 0.015348147, 0.00687514, 0.01285545, 0.010460989, -0.0019333754, 0.012353641, -0.008846945, -0.01218465, -0.006592392, -0.0011517233, -0.012793764, 0.006948783, -0.0018688014, 0.007004815, 0.0014923656, 0.0087305335, 0.04014835, 0.0040746387, -7.507863e-05, -0.015363756, -0.009957819, -0.018086009, 0.003579659, -0.0039806347, -0.019130962, -0.011168524, 0.014253494, -0.004680227, -0.016067754, -0.0014335214, 0.0009626891, -0.00093396415, 0.026803141, -0.0008586819, -0.0016731704, 0.006755203, 0.0061638346, 0.015082898, 0.08785149, -0.00881985, 0.014312561, -0.0057187257, 0.0050956584, -0.00789853, 0.01928593, 0.0026496819, 0.011369837, -0.009251689, 0.016525183, 0.02081381, 0.010290275, -0.0050950795, 0.0066522136, -0.000729086, 0.005191054, -0.0030941304, -0.005187384, -0.009429144, 0.0047096214, -0.002176789, 0.0007441683, 0.0119133685, 0.006527509, -0.011316836, -0.0007724869, 0.01940518, 0.00510928, -0.0026273145, -0.0065061576, 0.020556936, 0.0019633046, 0.018267406, 0.007573518, 0.00078291685, -0.00060421025, -0.011336638, 0.009360177, 0.00036551405, 0.0025338728, 0.016589774, 0.0029107705, -0.0041431715, -0.017469114, -0.02495019, -0.004583253, 0.0021700887, 0.018695965, 0.0004195174, 0.0040077963, 0.0021408724, 0.005685465, -0.00057747576, -0.005974252, -0.004811086, -0.006438099, 0.005014491, -0.0054302285, 0.0047724764, -0.00899698, 0.0037032915, -0.0018248995, 0.006020341, 0.0043987157, 0.009112934, 0.011729337, 0.0038781648, -0.020095233, 0.008307823, -1.1462113e-05, 0.025631042, -0.013294515, 0.008777974, 0.011639098, 0.012962711, -0.00898911, 0.010124057, -0.014547293, -0.009628106, -0.0034558321, 0.008415497, -0.013656622, 0.017535364, -0.0026615285, 0.0072179246, 0.0040823356, -0.007143548, -0.007232171, 0.0010172626, 0.009090767, -0.0063070976, -0.004501717, -0.011252372, -0.0073299147, -0.00088020315, -0.0011297402, 0.001171679, 0.0031641044, 0.0012171279, -0.0018670354, 0.028610647, -0.010808678, 0.0036008966, 0.00029975933, -0.00403683, 0.0086787855, -0.015955988, 0.007753228, 0.0064621037, 0.008879599, 0.0024713303, -0.008314433, 0.003235201, -0.016081018, -0.014157357, 0.011426514, -0.018928898, 0.003534086, 0.013237715, -0.003138564, -0.0035572418, 0.005275477, -0.0032161572, 0.010042472, -0.010933838, -0.0012827278, -0.00032343797, 0.013109985, 0.005696039, -0.012782658, -0.0008029959, -0.0043031997, -0.011431699, 0.004688757, -0.004392321, -0.017505843, 0.0019601441, 0.0032937494, 0.00082895893, -0.0028008115, -0.0039223945, -0.014777217, -0.0045951754, -0.0031736332, 0.009429738, 0.0033032412, -0.013863037, -0.009760508, -0.01640664, -0.008369687, 0.010458701, -0.0013708223, -0.0063922517, 0.0036858632, -0.0074874125, 0.0029512758, -0.015524794, 0.008195748, 0.0011598375, -0.004816121, -0.06704484, 0.014953822, -0.019496756, -0.0014730202, -0.0012545347, 0.013884907, 0.018235002, -0.0061451765, 0.009277871, -0.0027982777, 0.0052406876, 0.0027245828, 0.003944769, 0.0162682, 0.004613777, 0.0023471853, -0.0027111424, -0.013061508, 0.00040009356, -0.0050160787, -0.008776619, 0.00058936246, 0.007879751, 0.02059499, -0.011956433, 0.0051836623, -0.011476086, 0.0021873177, -0.0032350842, -0.0008884949, 0.0014123387, -0.0065742307, -0.0017303581, -0.0028903554, -0.0010683534, -0.003911218, -0.0053658183, -0.023237191, -0.011087917, 0.0043863375, 0.024311049, -0.008125218, 0.0077034435, 0.003708183, 0.00018065918, -0.009717655, 0.0065855365, -0.0102545675, 0.003020531, -0.014577947, 0.0039267316, 0.010279514, -0.012328148, 0.025363596, 0.00019583317, -0.009602028, 0.020754324, -0.006596224, -0.011929317, -0.0049292254, 0.011263174, -0.0015029288, -0.016309086, -0.00040398652, -0.011413522, 0.00063562224, 0.009708515, -0.009474885, -0.00095023983, -0.0022173892, -0.002064739, 0.004404842, -0.0058440636, -0.03370182, -0.007903892, -0.017836228, -0.0054321387, 0.023851564, -0.0025311483, 0.00067767146, -3.689848e-06, 0.0073058903, 0.011855702, -0.00076846965, -0.0055607213, 0.010758672, -0.015172583, -0.012472907, -0.00896181, 0.011275982, -0.0018100819, 0.009724736, -0.010399711, 0.0016341244, 0.015352542, 0.0022516954, 0.006595455, 0.0004784465, -0.0018022733, 0.006415882, -0.0010699938, -0.019797372, 0.006760998, 0.012248288, -0.011045206, 0.00896266, 0.0010960419, 0.0032561326, 0.0037823473, 0.011158585, -0.0028841211, 0.002247131, -0.0033268738, 0.008158161, 0.0049835197, 0.011073384, -0.0013220871, -0.018236907, 0.0023830608, 0.012246931, -0.024195233, 0.018080529, 0.0030851797, -0.008940845, -0.0052187224, 0.014902825, -0.008502088, -0.007422347, 0.015487448, -0.00316161, -0.025427997, 0.008514252, 0.008052844, 0.0075513977, -0.009013005, 0.016558677, 0.0054997574, 0.006161649, 0.0045983354, 0.014102255, 0.009895062, -0.010164952, 0.0151910875, -0.01262033, 0.0188635, 0.0034141927, -0.0055069984, 0.009523716, -0.017696647, -0.008091838, 0.004976989, -0.0027956848, -0.016082397, 0.0031103215, 0.012549938, -0.019899929, 0.013283972, 0.007172254, 0.013792953, -0.0052715037, 0.009509572, 0.030729197, -0.0059796115, 0.0039145425, -0.0018612108, -0.007283433, 0.013256178, 0.009946786, -0.016303545, 0.011454264, 0.0029112797, -0.0024621503, 0.005162595, 0.0077518895, -0.0024088963, -0.0072564743, -0.009786498, -0.006293599, 0.012051495, 0.0074411384, -0.017045813, -0.0038121392, -0.009823665, 0.0014233926, 0.0005508181, -0.033333957, -0.00080566417, 0.0063274344, 0.013090518, -0.0040598596, 0.008251297, 0.010872999, -0.009878936, 0.010352741, 0.020017141, 0.002656745, -0.01021043, 0.012923224, 0.005278753, 0.005753794, -0.007922321, -0.016943058, 0.012718946, -0.00415816, -0.0019453604, -0.11248579, -0.004613842, 0.004018718, 0.013014526, 0.006532529, -0.012255925, 0.0012032926, -0.011837794, -0.00992093, 0.0013864292, -0.005109183, 0.010406419, 0.023491964, -0.020015407, -0.02326315, -0.0061418964, 0.009863452, 0.013048812, 0.007118747, 0.003750014, -0.011196835, -0.001390776, -0.020523235, 0.005203093, -0.017681269, -0.0059663155, 0.006088867, -0.0041338773, 0.014723295, 0.0018287982, -0.0035993836, -0.0081290975, 0.005649365, 0.009585713, 0.020401517, -0.007937604, 0.008069664, 0.0031237542, -0.13136318, 0.010665494, 0.007387011, -0.006257582, 0.0064583537, 0.015188339, 0.0072017675, 0.0035914816, 0.0016258224, -0.0068479297, 0.014382678, 0.0066854632, 0.0011517014, -0.0041767485, -0.0043529933, -0.006351592, -0.00011404423, -0.0094656525, -0.010098257, 0.012240744, 0.01025473, 0.00032240892, 0.0048714187, -0.00048949156, -0.013201923, 0.0040927003, -0.012333836, -0.0006740685, 0.0100159, -0.010474224, 0.0034984124, 0.006019031, -0.011211243, -0.00765607, 0.012542169, 0.006289046, 0.015551637, -0.00925473, -0.009373567, 0.0077111633, 0.02746663, 0.0037504286, -0.003185274, 0.009335171, 0.0072124195, 0.0032775423, -0.010408444, -0.015886186, 0.018442323, -0.0065310732, 0.010534869, 0.00023443071, 0.005895137, -0.019588195, 0.0009335669, -0.01215894, -0.0039408184, -0.0030441596, 0.015761135, -0.0064330343, 0.0033932636, 0.010803088, 0.0011660956, -0.006705719, -0.00013765802, 0.01116546, -0.0069501493, 0.008621307, -0.012250657, 0.00953667, 0.014012206, 0.0022163454, 0.011743335, 0.008699924, -0.020280393, -0.005382429, -0.003388181, 0.0033957863, 0.0054270593, 0.013555317, -0.0136999525, 0.0006993564, -0.028262166, 0.025742497, 0.005094696, -0.0027736768, -0.013808419, 0.00012938178, 0.010441854, -0.040495146, 0.0074169636, 0.00081655686, -0.008495073, 0.012422435, 0.0024263891, 0.006374821, -0.0067865704, -0.016370967, -0.0074286847, 0.009667156, -0.010396409, 0.016034016, -0.009396102, -0.012002709, -0.010062036, -0.010550448, -0.013088658, -0.01763637, 0.012808121, -0.022445492, 0.007091282, 0.0007544513, 0.007709626, 0.01906361, -0.014963111, 0.0031128228, 0.0132465055, -0.011735494, -0.026622893, -0.013032293, 6.355135e-05, 0.01670891, 0.015629712, 0.020348186, 0.0046015996, -0.005166551, -0.009835158, 0.0029944584, -0.0053574415, 0.0001247226, 0.007445158, -0.013517834, 0.00797841, -0.017458772, -0.0032358496, -0.0030318077, -0.027217299, 0.006605485, 0.00941734, 0.003426872, -0.0025489558, 0.001585415, 0.005228638, 0.022292094, 0.017805606, 0.004058329, -0.011652747, -0.0027261875, -0.016510256, 0.0030904263, 0.011096849, 0.0008090179, -0.0018695646, -0.006123055, -0.013013717, -0.007857463, 0.0028045024, -0.0034464456, -0.009543099, -0.02953854, 0.021555578, 0.008659454, -0.006792066, -0.0069481134, -0.015070329, 0.006266855, 0.012791251, -0.010388284, -0.007876232, 0.022547038, -0.016446838, 0.0052812193, -0.00058426027, -0.01810867, -8.909967e-05, -0.016375283, -0.004649302, -0.0031278357, 0.0064362916, -0.003316823, 0.0049569593, -0.013585349, 0.020099426, -0.0041161054, -0.009190106, -0.0049744095, 0.019307008, -0.0033477382, 0.020741934, 0.02215983, -0.015870415, 0.0059027923, -0.003959731, -0.015928045, -0.013809802, 0.004456502, -0.034095343, 0.01406927, 0.004620052, 0.018830698, 0.018176049, -0.010827931, 0.022590144, -0.15283582, -0.029773973, 0.019677185, -0.017689044, -0.005529076, -0.00297574, 0.010293022, 0.00031640555, 0.010667989, -0.00613662, 0.012331283, 0.022922939, 0.007644552, -0.0016444771, 0.010351387, -0.0021719788, 0.0042392323, 0.017372804, -0.005384441, -0.005769149, -0.015253528, -0.024524458, -0.0017380134, 0.007999349, -0.016442189, -0.022337677, 0.012709449, 0.018808689, -0.016316, 0.0075357407, 0.013650756, 0.012719093, -0.021491526, 0.019746348, 0.0038128686, -0.014353482, -0.017646883, 0.018522257, -0.027367571, -0.002019172, -0.0018997339, 0.024533266, -0.0197312, -0.013862192, -0.00865938, -0.004449182, -0.027003556, -0.017350532, -0.0064727007, -0.0073352912, 0.0058526867, -0.00565422, 0.0076522566, 0.0046954965, 0.0021452112, -0.011587203, 0.008141609, -0.00606382, 0.016413087, -0.005289143, -0.018043876, -0.028317438, 0.02275662, 0.0109419, 0.0007628733, -0.0075077713, -0.007769162, 0.15697034, -0.022503706, 0.001107678, -0.00191971, 0.0153755285, 0.019880759, 0.008190466, -0.0047304556, 0.013353268, -0.017832806, -0.024850711, 0.0051672217, -0.004321103, -0.027762564, -0.0119605195, -0.008373766, -0.0037317036, -0.00034807244, -0.017736474, 0.010988873, -0.010288191, -0.009660367, -0.012852834, -0.023258515, 0.007731225, -0.010777576, 0.017409382, 0.004544641, 0.010776161, 0.008038473, 0.00044815018, -0.023979506, -0.020434907, 0.006680494, 0.011520867, -0.031656217, -0.020614892, -0.0138987, -0.014218163, 0.012542503, 0.00612168, 0.0044588717, -0.009355537, -0.032829043, 0.0073123965, 0.004717917, 0.0053503364, 0.011374719, 0.0043956516, 0.014976032, -0.025342109, -0.0037706299, -0.030751994, 0.01593895, -5.207992e-06, -0.021456536, 0.004821793, 0.028189596, -0.0069610258, -0.0046050926, -0.005472101, 0.032252327, -0.021583695, 0.008264619, -0.0096844975, -0.0007848135, -0.005651642, -0.016947098, 0.0067132814, -0.13258405, 0.010484669, -0.0028926695, -0.0043219985, -0.004760514, -0.020197421, -0.0019329819, 0.024447318, 0.007102609, 0.008194886, 0.006378508, -0.01460181, 0.005517951, 0.013287959, 0.019159205, 0.005869754, 0.010328256, 0.011849041, -0.0037773286, -0.0048166662, -0.01923326, 0.008860947, 0.009450187, -0.021549104, 0.0019592175, 0.0007542968, -0.011687977, 0.012766127, 0.021408573, -0.0015242995, -0.0058079353, 0.00252241, -0.0037240365, 0.007809931, -0.010087893, -0.007755477, -0.009822725, -0.022155657, 0.0063006137, -0.001476252, 0.0043322956, 0.0060720835, -0.01636483, -0.011562766, -0.016055742, -0.009138276, 2.148739e-05, 0.008312699, -0.01435578, -0.021436384, -0.029045848, -0.008689167, 0.010683582, 0.0071808114, -0.021398967, 0.02443049, -0.010662664, -0.0027685273, 0.017465642, -0.004902161, -0.0081429, -0.004911077, 0.028424745, -0.01200625, 0.011888832, 0.0035252336, -0.0112391375, -0.005676802, 0.0019424036, -0.00027311547, -0.0027855004, 0.019403648, -0.010123912, -0.0030293502, -0.0028921561, 0.0025666456, -0.007924087, 0.009899922, 0.0041221627, 0.010937226, 0.012728638, 0.009664383, 0.0095716305, 0.009776428, 0.04486891, -0.00023495797, -0.0024221614, -0.014362704, 0.01456395, -0.004967696, 0.010155483, 0.0008368227, 0.027532896, 0.01972484, -0.014000848, 0.014965522, -0.017196452, 0.019770082, 0.011868435, -0.020078624, 0.000589375, -0.020949496, -0.0118919285, -0.0017773771, -0.003679833, -0.028227156, 0.00395501, -0.0059381127, 0.0050924593, -0.00026098336, -0.0016608614, 0.011975609, -0.013579539, 0.0031778016, 0.009101996, -0.0058929743, 0.008139784, -0.0032187186, -0.01514329, 0.009600548, -0.013725414, 0.00493975, 0.017729972, 0.009610936, -0.009184, 0.004024423, -0.012281439, -0.008269435, 0.009151854, 0.0070109046, -0.012861617, 0.00973671, -0.007460012, 0.007368069, 0.019585406, -0.02069018, -0.002278721, 0.006945623, -0.014254616, 0.0014642657, 0.013404427, 0.025831329, 0.0066075507, 0.0073274868, -0.014801415, -0.008376434, 0.018020399, 0.017392922, 0.008101793, -0.0008351305, 0.008697795, -0.009302713, -0.0069098575, -0.029197047, 0.0017997924, 0.019144775, -0.0106998095, -0.0063963416, 0.0016725326, -0.014145651, -0.016346095, 0.0073573464, 0.017198943, -0.0033321967, 0.015243319, 0.01216127, 0.00092882256, -0.023915317, -0.011450273, -0.038126152, 0.00658961, -0.009832378, 0.002192667, -0.0031803187, -0.002498614, 0.0042427755, 0.017786577, 0.01892031, 0.01007049, -0.059440304, 0.03341175, 0.0023276536, -0.02844001, 0.002667471, 0.0041541443, -0.010479116, 0.012921481, 0.01710832, -0.014166699, 0.0137842195, 0.010093496, -0.0058238218, -0.013720462, 0.0069710403, 0.015412295, 0.0057487334, -0.0023999943, 0.015432199, 0.002217575, 0.033175692, -0.00687525, -0.007910217, -0.005242439, -0.008977897, -0.003949138, 0.0046416074, 0.02003754, 0.018704602, -0.0018267625, 0.009844691, -0.013694181, 0.035032816, 0.010856878, 0.013193588, -0.0023642709, 0.0036603946, -0.017454479, 0.0111521445, -0.056313075, 0.013581064, -0.010116466, -0.09521685, 0.006129824, 2.185234e-05, 0.002637073, -0.0037184958, -0.0040487573, -0.014097374, -0.0101231355, 0.01356673, -0.013358848, -0.025073156, 0.0024056986, -0.006292001, -0.0024621603, -0.0014591247, 0.019563919, 0.0037751924, 0.003913655, -0.0155310845, -0.010337389, 0.0007648915, -0.0046315617, 0.0003146497, 0.020252688, -0.01735844, 0.0027953996, 0.0023178593, 0.014935487, 0.009895638, -0.009437782, 0.011476397, -0.008526339, 0.009352823, 0.011660411, 0.022313822, -0.007819564, 0.019014012, 0.00038462662, -0.007639184, 0.012907135, -0.0033227294, 0.042858347, -0.015210675, -0.005798241, -0.00417093, -0.109720886, -0.002594219, 0.008684537, 0.012223182, -0.013961551, -0.008249312, 0.0027082022, 0.12210521, 0.009885726, -0.012084184, -0.02911089, -0.017061187, 0.007816995, -0.016672077, -0.011706929, -0.012749406, -0.023596939, 0.011834341, -0.013098057, -0.0011264439, -0.010222423, -0.0030756628, -0.004725876, 0.0104441205, 0.015819242, -0.056007292, -0.023696732, -0.008606021, 0.0039155213, 0.011024726, 0.014081624, -0.015448209, -0.007454928, -0.006327807, 0.018266143, -0.0018192664, -0.011802415, 0.0018834942, 0.009281235, 0.011803866, -0.007550345, -0.0072970334, 0.014434102, 0.0016832779, -0.019490661, -0.005244028, 0.009714191, 0.008788518, 0.005678727, 0.014745686, -0.020075811, -0.015402088, -0.016484726, 0.00014558948, -0.027220443, -0.017047329, 0.0036399192, -0.04038942, 0.009592981, -0.014179704, -0.033447698, -0.0052409563, 0.0099424925, 0.017448103, -0.0026686296, 0.0069514313, -0.022389654, -0.0007042911, -0.034460925, 0.015943877, 0.012955114, -0.0109849395, 0.032836, 0.01658807, 0.0013672969, 0.008970595, 0.002823327, 0.012987195, -0.023367632, -0.0014701285, 0.0038262766, 0.01567131, -0.008884073, -0.008724884, -0.0063561387, -0.016056491, 0.009439518, -0.0066095553, 0.029540278, 0.016588315, 0.011088819, -0.012813119, 0.010265736, 0.009282637, 0.010605088, 0.016839758, 0.005220871, 0.0070170127, 0.00023220904, -0.008007766, 0.0010884115, -0.0064130626, -0.0071807867, -0.011121524, -0.005824956, -5.051802e-05, -0.010700641, 0.024606321, -0.0044446723, 0.022072, 0.027878989, 0.00072988204, 0.0074320706, 0.027850468, -0.0053374865, 0.004174897, -0.017301185, -0.007949367, 0.013971859, -0.01346971, -0.024808265, -0.008566881, -0.005235758, -0.0341705, 0.005491004, -0.0031655314, -0.008681791, 0.019154446, -0.017106108, 0.008350142, -0.0030560012, 0.0016847319, -0.018091202, -0.0017965041, 0.010682314, 0.00017538259, -0.019979382, 0.008136536, -0.010973084, -0.016425297, -0.009993599, 0.003270485, -0.0009297799, -0.008656187, 0.0060200463, -0.0030164705, 0.0015258603, -0.0244053, -0.012408691, -0.0078051034, -0.00761491, 0.0010079114, 0.01377887, -0.0071729855, -0.038920745, 0.010624013, 0.014463089, 0.0034937095, 0.011518758, 0.0071697356, -0.0032583957, 0.004033581, 0.006491237, -0.008970653, -0.021100508, -0.0070928214, -0.018391892, -0.0071500773, 0.027471393, -0.008578475, 0.00687804, -0.017529061, -0.019418195, -0.007669075, 0.01730167, -0.0069825086, 0.0027946287, 0.0020055606, -0.012041575, 0.004747683, 0.015572561, -0.007591923, -0.0011001794, -0.0033166413, 0.0022653458, -0.004599896, 0.0067632343, -0.007543495, 0.0102956835, 0.014668428, 0.0013871873, -0.0078190705, 0.0062474157, -0.023463525, -0.020471146, 0.0221213, 0.0026799117, -0.013420473, -0.005900656, -0.002479943, 0.0010927471, -0.0016131407, -0.012025739, -0.008347026, -0.00043278595, 0.007381857, -0.004296434, -0.00037321742, -0.024675692, 0.0008917509, -0.027763115, -0.002821398, 0.0003263247, -0.0045264172, -0.0142803835, -0.015859108, -0.01309485, 0.0024089834, 0.013182124, -0.037880465, 0.029881315, 0.0114558, 0.0022228998, -0.008014316, 0.007681756, -0.016440526, -0.025403878, 0.0010639171, -0.012137718, 0.0003475037, 0.005617465, -0.0001857466, 0.007960031, -0.00855627, -0.0125781745, 0.007347745, -0.035014, -2.2681548e-05, 0.0012450534, 0.012145987, 0.0071419934, 0.014961459, 0.006386996, 0.016754821, -0.01290992, -0.009780429, 0.02033179, 0.015785292, -0.0060607675, 0.0028350982, 0.007080962, 0.019151902, -0.009334355, -0.014050765, -0.010692513, 0.0061396724, 0.016064897, -0.014501187, 0.0061336183, 0.00090578257, 0.0039050735, -0.011697721, -0.0041596247, -0.0098490575, -0.032528847, -0.00017453027, -0.00023209128, 0.018730633, 0.020154675, -0.0033116082, 0.016893169, -0.020834988, -0.023542786, 0.0077895354, -0.0071234186, 0.023017786, 0.00020143311, 0.01410333, -0.002426458, 0.013876316, 0.006029844, -0.01571754, 0.006889238, 0.013221067, 0.005000713, 0.013408647, 0.015479364, 0.009084273, 0.010377553, 0.004366672, -0.00020409793, -0.00043053745, -0.01612635, -0.0016228119, -0.024216361, 0.00021620367, -0.027382929, 0.0069763423, 0.003226201, 0.008795145, 0.0054117325, -0.0077118212, 0.0063835485, 0.021874692, 0.0033778646, -0.0010700341, 0.025537144, -0.011055629, -0.0060682017, 0.00328096, 0.023527987, 0.005473572, 0.0009621901, 0.004679393, -0.020161621, -0.004562215, 0.009772229, 0.006661258, -0.0020303498, 0.017616525, 0.009589945, 0.0010075095, 0.025781102, -0.023628127, 0.022536881, -0.011837202, 0.0027023086, 0.01575583, -0.012726261, 0.0013895814, -0.029362505, -0.0002892522, -0.016758299, -0.0028732384, -0.008069546, 2.7237844e-05, 0.018021006, -0.0064459187, 0.010038119, 0.02162781, -0.02015639, 0.0063594203, 0.011070166, 0.0076294304, -0.0042911493, 0.0022721903, 0.014979868, -0.0056551807, 0.017938657, -0.0069465507, 0.009141409, -0.0044273306, -0.0030417943, 0.0049379356, 0.020593815, -0.0036707802, -0.011737165, 0.0046228385, -0.0055143884, 0.020683547, -0.018169869, -0.0046486226, -0.00030474606, -0.015812576, -0.019809714, -0.012245175, 0.006675752, 0.0041293213, 0.0111356275, 0.02227463, -0.023471849, -0.0026630014, -0.008961282, -0.0113531845, 0.017674932, 0.0043186955, -0.008747369, -0.0005395514, 0.0005655308, -0.020429758, -0.0115924245, 0.025125649, 0.0007842432, 0.01764235, -0.0112056155, 0.0019328756, 0.011623836, 0.030792218, -0.008084064, -0.019747686, 0.0011036391, 0.007865648, 0.022832092, 0.002240022, 0.0024823712, -0.013912019, -0.0074553327, 0.0043450673, 0.0045465166, 0.0054137288, 0.0054038414, -0.0057753585, 0.0040374887, 0.0060894107, 0.0027931577, 0.0038851914, -0.0066929534, 0.009009264, 0.00497888, 0.0019920135, -0.0040337117, -0.0063677356, 0.0064605246, -0.008019571, -0.021331048, 0.027558612, -0.011400996, 0.017250171, -0.002619635, -0.032243066, 0.00793203, 0.019648414, -0.01427839, 0.007668449, 0.0017496396, -0.002963065, 0.012262897, 0.005702713, -0.00021637404, 0.0032229212, -0.00016897703, 0.00240623, 0.0021609834, -0.012068756, -0.008230802, 0.025802158, -0.02819877, 0.00173897, 0.009668303, 0.018845601, 0.021759845, 0.020950139, -0.003783656, -0.0069821766, 0.008296619, 0.013831969, 0.0026635446, 0.006520885, 0.008917666, -0.013806861, 0.007265645, -0.014286921, -0.018344078, 0.008937434, -0.010088622, -0.011505523, 0.0031543726, -0.00057085516, 0.0063609825, -0.016234204, -0.016321009, 0.021340283, 0.018177168, 0.006140592, -0.035147883, -0.011248192, -0.00086805114, 0.00472239, 0.006668934, 0.012184564, -0.03620082, -0.000749054, -0.02721416, -0.016116006, 0.014431016, -0.0038142088, 0.00935311, -0.023716282, 0.018319746, -0.014429785, 0.0069029364, -0.00788241, 0.025223212, -0.007218493, 0.00062774506, 0.005425134, -0.024984306, -0.019215418, -0.007103294, 0.001639073, -0.0033997707, -0.014587048, 0.0037056152, -0.019013451, 0.017360069, -0.0055876016, -0.0040355707, 0.004992719, 0.016187504, -0.0012708252, -0.00087679044, -0.009458022, -0.010515155, -0.014771985, 0.016682632, -0.009709477, 0.01259348, 0.015555529, -0.0042517856, -0.033207443, -0.025697852, 0.00034780338, 0.0026611786, -0.0023917179, 0.0005228564, -0.00765422, 0.012746264, -0.016929638, -0.016627852, -0.006046966, 0.006630424, -0.009043008, -0.014414011, -0.016996033, 0.027143491, 0.0050922446, -0.020631969, -0.0006238251, 0.0035039354, 0.0066880807, 0.002029742, 0.0063674115, 0.0016909065, -0.014283826, 0.0025914796, -0.0059633604, 0.0016316514, -0.011163489, -0.00773659, -0.013976111, 0.0094356565, 0.011923662, 0.00862591, 0.005352201, 0.014277667, 0.020040918, -0.0049142116, 0.0013441517, -0.027837005, -0.0075822067, 0.010258822, 0.0016238376, -0.025127953, -0.003748125, -0.021867003, 0.0053136703, 0.010625736, 0.014548477, -0.0068006925, -0.026621155, -0.028392805, 0.007382364, -0.012138842, -0.007866133, 0.0037581066, 0.011329053, -0.007273154, -0.0042391657, -0.012907929, -0.008459591, -0.032843944, -0.0003073763, 0.025117086, -0.022536198, -0.005550152, 0.0047957352, 0.0041467715, 0.00032193877, 0.012857622, -0.0077194534, 0.008775465, 0.013830266, 0.013427973, -0.0010419333, 0.020378463, 0.0073108007, 0.005856724, 0.010707697, -0.008349004, -0.008131766, -0.0016051589, -0.01698816, -0.0033684117, -0.0013038527, -0.0004569962, 0.02228873, 0.012660534, -0.012826826, 0.026780996, -0.011104446, 0.0071944636, -0.014700198, -0.018413646, -0.014321152, -0.013447126, -0.025546713, 0.03147562, -0.0006153394, 0.012981301, 0.0063317143, -0.011276959, 0.048821755, 0.0042830445, 0.0058614733, -0.0040409383, -0.004199285, 0.0020375613, -0.009565622, 0.0024848008, -0.0024401376, 0.014272621, 0.013591617, -0.0019239801, -0.020299498, -0.024370896, -0.016576162, -0.0018776007, -0.013700459, -0.002161746, 0.0031919146, -0.009696465, 0.010477994, -0.013628086, 0.013785175, -0.002998376, -0.006541864, 0.0009102071, -0.012788772, 0.0030523976, 0.0003363571, -0.01728374, 0.0061297542, -0.00077091024, -0.014835449, -0.0020803632, 0.020158842, -0.00013651258, 0.0131998705, -0.0066986773, 0.01711037, 0.028329918, -0.02214484, -0.012172959, -0.009072804, 0.0037096534, -0.0034490074, 0.018113846, 0.005946141, 0.013287304, 0.02832556, 0.0017738951, 0.025466373, -0.0052446867, 0.0029100298, 0.005375954, 0.008358078, -0.017872496, -0.020231726, -0.0070171934, 0.008724763, 0.018234748, -0.019848837, 0.0014750075, -0.017072303, -0.0034723734, 0.013629603, 0.009333433, -0.003993642, 0.01589865, -0.0026025013, -0.011392374, 0.008715727, 0.009923514, 0.009987013, 0.00060221035, -0.013563593, 0.17474349, 0.11559269, -0.0015572835, -0.0032946763, 0.016513716, -0.0030867853, -0.007328882, -0.0010355597, -0.0035343692, -0.0070231864, -0.013217129, 0.0063426616, 0.0039631133, -0.017646678, 0.0076408647, -0.007863492, 0.0037209138, 0.010829295, -0.008551906, 0.004744713, 0.014544488, 0.02527916, -0.014567115, 0.0014855489, -0.015664881, 0.0046478976, -0.0013247842, 0.010021721, -0.0021023378, -0.0058957706, -0.008370241, -0.001267952, -0.014543764, 0.010865221, 0.009835471, -0.027575685, -0.016081607, 0.0061082593, -0.0023446088, 0.001237936, -0.024866814, -0.0036381397, 0.03163541, 0.008117943, 0.00011101632, -0.0042638048, 0.01776327, -0.0020656246, 0.0021588958, 0.015621164, 0.0038068953, -0.008810181, -0.0112818545, 0.022882028, 0.004019594, 0.0067524663, -0.024205234, 0.015197656, 0.012831622, -0.0035643263, 0.011124815, 0.029447537, -0.0023370031, 0.0017421528, 0.015357676, -0.010034672, -0.010119107, -0.012765387, -0.0043136794, -0.0121199535, -0.011018422, -0.004579578, -0.00059703976, -0.0053680018, -0.024539253, 0.0033362538, -0.00077410653, -0.029282745, -0.0074642953, -0.012802733, -0.0008553524, 0.009632334, 0.008226171, 0.008250955, -0.0034421056, -0.00082247175, -0.019539945, 0.015040108, 0.13394898, -0.0068333074, -0.0014184257, -0.02611841, 0.004551876, 0.0066041965, -0.011557187, 0.05070478, 0.012934679, 0.0011369485, -0.007040852, 0.005505481, 0.00062955415, -0.019146102, 0.017442334, 0.0138871875, 0.027250173, 0.040952627, 0.0001645202, 0.007812999, -0.018660313, 0.020617744, 0.0065229074, -0.009459498, -0.008195011, -0.014252342, -0.009246847, -0.014838319, 0.00027264905, -0.0015355074, -0.119059965, 0.008460161, -0.002535712, 0.00059247814, -0.0010261706, 0.021405179, 0.00077973405, -0.020983651, -0.010506974, -0.00028494935, -0.0072487355, 0.00091383536, -0.005998958, -0.002813883, -0.012610998, 0.014213179, 0.018105635, -0.009577271, -0.02184568, -0.0020718118, 0.005503416, -0.014944255, -0.0169661, 0.022520099, 0.015135915, 0.019432073, -0.019523075, 0.010216865, 0.010170396, 0.0030472707, 0.0066250726, 0.015117525, -0.045264147, -0.0062929704, -0.00694496, 0.028303966, -0.001959039, 0.0038028827, -0.0013210124, 0.018524593, -0.02018316, -0.004869787, -7.580232e-05, -0.038062174, -0.010637328, 0.001437104, 0.009624675, 0.008514744, -0.04152575, -0.011206289, 0.032104496, -0.001687891, 0.027253563, -0.01746274, -0.013293004, 0.015179804, -0.0028025417, -0.0097204605, 0.010691678, 0.006844274, 0.018877372, 0.019851267, -0.028501768, 0.005071587, -0.009300092, -0.0043405434, -0.011184705, -0.019337522, -0.0038602343, 5.6642424e-05, -0.01808727, 0.0259011, 0.014926609, 0.0010689114, 0.018736603, -0.020690465, -0.0058679576, -0.0026251883, 0.0029480476, -0.010810234, -0.0003137857, -0.00918139, -0.008405252, 0.12044258, 0.032834657, -0.002328642, 0.0024810166, 0.017668128, -0.010352042, -0.00075822126, -0.010903274, 0.0048734555, 0.016450586, -0.009978715, 0.0141589325, -0.013911464, 0.016313817, -0.00040140393, -0.004100722, 0.005671341, 0.0033222355, 0.0038593758, -0.02860706, 0.011351495, -0.011341849, 0.013000314, -0.007952424, -0.0031874536, 0.009032326, -0.020274937, -0.016571527, -0.0037787333, -0.008879538, -0.003492191, -0.006802302, 0.018735707, 0.007889711, -0.0009925468, 0.00906452, 0.00998945, -0.0020801928, -0.006604743, 0.00020828804, 0.0023088288, 0.001560545, 0.0064209937, 0.0031917966, -0.046692125, 0.18598793, -0.00047792748, -0.0058156634, 0.0036901808, 0.00893763, -0.014020094, 0.0005247808, -0.0069068167, -0.010523584, 0.0067112707, 0.018771349, -0.0030938252, -0.016770957, 0.007756039, -0.018088406, 0.018015847, 0.002593543, -0.014284975, -0.021096423, 0.0031449576, 0.002535924, 0.0012649652, -0.008703913, 0.011729387, 0.012082982, -0.012414812, -0.002027941, 0.024421442, -0.00064733665, -0.01787047, 0.024018023, -0.0024521872, -0.0031435264, 0.002583975, -0.006961944, -0.018569697, 0.026933048, -0.00089703524, 0.0035774887, -0.00078900927, -0.005002322, -0.004514512, -0.029268505, 0.012950472, -0.016009446, -0.0049444847, 0.0022505515, 0.002864709, 0.004082051, -0.018429287, 0.00018311483, 0.0027445764, 0.003159121, 0.009106029, -0.0127870105, -0.0028128151, 0.023659868, -0.0063159247, -0.016161958, 0.01708223, -0.010254796, -0.0038623535, 0.003918557, 0.002090702, 0.004176092, 0.0011599839, 0.006115696]"
Isaac Hernandez luce su maestria dancistica en la Gala de “Despertares”,https://oem.com.mx/elsoldemexico/img/25512485/1756671034/BASE_LANDSCAPE/1200/image.webp,GOSSIP,no descripcion,https://oem.com.mx/elsoldemexico/gossip/isaac-hernandez-luce-su-maestria-dancistica-en-la-gala-de-despertares-25503040,"[-0.004988784, 0.022986677, 0.029070152, -0.07425053, 0.0021231852, 0.01011374, 0.013642655, 0.005199186, -0.030613312, -0.015599807, 0.0073257973, 0.008297403, -0.03784103, 0.006811891, 0.115779005, 0.015846051, 0.001365513, 0.0031490852, 0.010179, 0.015135362, -0.004608004, -0.009649731, -0.004107501, -0.025740772, 0.020949807, 0.02294225, 0.03271724, 0.005850935, 0.02854834, -0.001048827, -0.0035989424, 0.00471923, 0.024836073, -0.007616311, 0.022586051, -0.02070688, -0.00675897, -0.01128476, -0.008800132, 0.004049291, 0.022062406, 0.041542046, -0.009679876, -1.4210812e-05, 0.018398736, -0.015377384, 0.00025618935, -0.011310933, 0.013863618, 0.018464014, 0.015033095, -0.0075330073, -0.01373179, -0.16935688, -0.02031609, 0.0049659363, 0.001486001, 0.03370647, -0.00860355, -0.032136086, -0.008477046, 0.011223612, -0.01996368, -0.0048021586, 0.019982183, 0.0028363003, 0.037220627, 0.0068297735, -0.021389047, 0.012834042, 0.0070963292, 0.0013523208, 0.025712036, 0.027034815, 0.026504017, 0.020869514, 0.00047105295, 0.008833114, 0.026345126, 0.00633987, -0.013410072, 0.042880177, -0.004545903, -0.025616763, -0.0006772759, -0.009759798, 0.021479454, -0.01431569, 0.027143953, 0.020931019, -0.0014740577, -0.0070707304, 0.0029623022, 0.017269196, -0.028645055, -0.021884924, 0.023243457, 0.00060359, -0.004767998, -0.0074296407, 0.009204237, -0.0062250155, 0.027049726, 0.0029470115, 0.010656482, -0.028428035, 0.024467627, 0.004534414, -0.017433336, 0.0075017163, -0.033294618, -0.004530079, -0.00027511752, -0.032410968, -0.0037676736, -0.12727626, -0.024164982, 0.011228618, 0.020356217, 0.0008103955, 0.012648341, 0.0036232963, -0.0051950184, 0.008103017, -0.03160779, -0.0020568613, -0.0073474143, 0.04013365, -0.02133888, -0.017150369, -0.019378742, -0.02104956, -0.0155138355, 0.01049086, -0.010055565, 0.015872765, 0.00020082663, -0.021247176, -0.04789671, -0.03207434, -0.0014623859, 0.010733514, -0.014126197, 0.004669759, 0.008400082, 0.0022999279, -0.0025028994, 0.010769056, -0.01463956, 0.0001468787, 0.01586209, 0.00051874574, -0.042153742, 0.0042510177, 0.008032257, -0.015388, 0.016078705, 0.017463678, 0.01064212, 0.009280203, -0.004577315, 0.0063246493, -0.012738788, 0.0046603484, 0.006652874, 0.02652316, 0.0020579, 0.010121208, 0.011760403, 0.014398292, -0.022315476, 0.020617707, 0.002940738, 0.008570957, -0.005512135, 0.015682625, -0.025983531, -0.0059862193, -0.006714872, -0.00046973847, -0.013700146, -0.0067124073, 0.005961208, -0.0196963, 0.012258837, -0.01259461, -0.013261813, 0.0053166472, -0.030024037, 0.0070449216, -0.014361407, -0.016668662, -0.011113868, -0.013712896, 0.0056189126, 0.0031231125, 0.012982518, -0.03173398, -0.008824354, -0.010306066, 0.033881217, -0.013597391, 0.0009946359, -0.019816661, 0.005080474, -0.012313233, -0.026280543, -0.012694247, 0.0072114496, 0.009414973, -0.017072096, 0.0013141778, -6.6168595e-06, -0.020875482, 0.012358751, 0.0022589315, -0.00075319095, -0.00040702694, 0.0009818916, -0.00636519, 8.911309e-05, -0.0141228195, -0.0065904693, 0.007916756, -0.013884464, -0.01780274, -0.005927883, 0.010661313, 0.0043699653, 0.018242778, 0.00012558412, -0.005447465, -0.017294766, 0.016507626, -0.0014598172, -0.03374225, -0.011868732, 0.011013006, 0.005487101, 0.0055763493, 0.017676862, 0.008814107, 0.016421003, -0.009391006, 0.023872025, 0.00895384, -0.012620289, 0.00639846, -0.0005989086, 0.020736177, -0.00736109, 0.017900487, -0.018187981, 0.0072147693, -0.007337301, 0.0033903606, 0.016900714, 0.02209235, -0.010263496, -0.0062843272, -0.0027852377, 0.0018730719, 0.0030883462, -0.009747154, -0.00096100103, 0.035164405, -0.010782237, -0.009756823, -0.013300194, -0.0048155664, 0.027235206, 0.028964732, -0.014091855, -0.019355828, -0.043179426, -0.004840741, -0.07593254, 0.01741422, 0.011883338, -0.044850614, -0.004960776, 0.016404958, 0.0044998117, 0.0056369426, 0.019187486, 0.010957668, 0.00066406664, 0.007547992, -0.0120513365, -0.021587048, -0.004669607, -0.0026826044, -0.016916266, -0.0051725744, 0.006968874, -0.03239787, 0.012759521, 0.013309744, -0.015396444, -0.018300196, -0.0067990585, -0.0040095677, 0.017594874, 0.05365727, 0.02028465, -0.015707254, 0.034332883, -0.034698337, -0.017454838, -0.025665479, -0.014857406, -0.012075809, -0.023614954, 0.00058349053, -0.0003551535, -0.025285976, 0.032489702, 0.009193255, -0.00036233052, 0.014323676, -0.0043742717, 0.014141922, 0.026305715, 0.014834186, 0.026694758, 0.019917347, -0.0056515946, 0.020107213, -0.02967268, -0.021911312, 0.0012681686, -0.005050505, 0.024043031, -0.0010171555, 0.024159014, -0.003393899, 0.010257077, 0.010150373, 0.006737193, 0.021536158, -0.024588713, 0.0056646797, 0.026187532, -0.023353552, -0.013245907, 0.027536197, 0.006565938, -0.042774066, 0.009044249, -0.011115296, 0.020443417, -0.004825192, 0.02137148, 0.013703467, 0.008860915, 0.026338264, -0.016308468, 0.00810174, -0.028024081, 0.0067292294, 0.0049611386, 0.021580743, -0.0131528145, -0.03721284, -0.0074450476, -0.02018649, -0.013807876, 0.0004170041, -0.022346428, 0.030952375, 0.0020105324, -0.004372395, 0.002570998, -0.0042698, 0.00456266, 0.026579024, -0.0109918425, 0.0058219517, 0.016776204, -0.0024527207, -0.00049875176, -0.018145485, 0.010621436, 0.017803669, -0.014491836, 0.01944218, 0.020596888, -0.01727409, -0.011709699, -0.006414373, -0.0018196364, 0.03433206, 0.006701546, 0.013951569, -0.033882894, 0.0025149432, 0.035305914, 0.0070046317, -0.0032783558, 0.020151794, -0.010696077, -0.00838708, 0.002183899, -0.0026163235, -0.018066928, -0.002983254, -0.014441909, -0.013687397, -0.003562636, -0.025261695, 0.021522854, -0.00016938237, 0.032103993, 0.0024080926, 0.009488143, 0.0016338665, -0.006415717, -0.018924803, -0.015082461, 0.041378066, -0.008709459, 0.026225502, 0.008455175, 0.012084682, -0.016865661, 0.024886344, -0.0030136597, -0.0403298, 0.045100402, -0.004537169, 0.0020800007, -0.0062136487, 0.018276948, -0.004208703, -0.021027835, -0.018728582, -0.015038961, 0.0130382, 0.0056957565, 0.027108526, -0.027536623, 0.000797887, 0.0009939554, 0.007863844, 0.023326114, 0.0068982397, -0.009341099, -0.0026166008, 0.014330268, 0.016843462, -0.005546362, 0.0056539, 0.010013929, -0.016309248, -0.0016821101, 0.009068177, -0.0021028556, -0.02579098, -0.0070268014, -0.0077160164, 0.009864123, -0.018236157, 0.0006929224, -0.015444816, -0.04341571, 0.0017038467, -0.01096276, -0.019703759, -0.021585545, -0.001775405, -0.028546806, 0.03491429, 0.010887487, 0.02602985, 0.010692641, 0.039135545, 0.00887297, -0.017606076, 0.009808757, -0.0059024305, 0.009377419, 0.0012186856, -0.011164879, -0.010146891, 0.015989136, 0.012028211, -0.026980322, 0.012074459, 0.014105001, -0.0047263335, 0.023422383, 0.0047157523, 0.010310439, 0.0107609425, -0.018469352, -0.029711118, -0.0038875397, 0.0054461, 0.0024372144, 0.005958899, 0.0037491892, 0.014677026, -0.017862175, 0.007645384, -0.019689934, 0.02165039, -0.013193052, -0.01322456, 0.017985908, 0.024940811, 0.024699358, -0.018359482, 0.01480381, 0.0046178987, -0.02310254, 0.021212177, -0.02368723, 0.022981292, -0.016495926, 0.027957577, 0.015667854, -0.019144092, -0.016383128, 0.0026323714, -0.010013614, 0.019917332, 0.007986408, 0.010610182, 0.00566007, 0.008670021, -0.011479801, 0.02874913, -0.00054772483, -0.032657403, 0.015298879, -0.00022508812, -0.0022654356, 0.040320072, 0.015536598, 0.018801445, -0.015453887, -0.039122958, -0.009260867, -0.024131335, -0.005137922, -0.06669462, 0.011853146, -0.009660746, -0.02807948, -0.021443382, -0.032225482, 0.0171298, 0.0038809285, -0.0009562613, 0.013909603, 0.0021813903, 0.02157208, 0.039849844, 0.0017227383, 0.009866747, -0.014424033, 0.0127253765, 0.025179839, 0.027403608, 0.008243238, 0.0066335606, 0.037857912, -0.0032105176, -0.013533551, -0.014110833, 0.0133124245, -0.0059976797, -0.030662322, 0.013999674, 0.017079523, -0.02264722, -0.016325109, -0.008813667, -0.009224545, 0.02418052, 0.012439154, -0.0048630373, -0.022967143, -0.011991793, 0.006981745, 0.031867836, 0.009869961, 0.029556304, -0.0041239397, -0.013952526, 0.007873091, -0.046979435, 0.017482433, 0.0074489075, -0.01509511, -0.012534121, 0.0039194166, 0.006149672, 0.015024266, -0.045751195, -0.01412215, -0.011709727, 0.006815927, 0.013753681, 0.011865968, 0.010534148, 0.009938012, 0.012822627, 0.013904846, -0.016286502, -0.00277282, 0.011184113, -0.008194182, 0.025957907, -0.0040670168, 0.0099948635, 0.018928833, 0.01762718, 0.009027476, 0.027176686, 0.030708699, 0.008897746, 0.022545038, 0.028161969, 0.0022423572, -0.023886872, 0.004821249, -0.106484696, -0.012987996, -0.016049415, -0.007972356, -0.017024137, 0.009979695, 0.0186712, -0.021524576, -0.025093121, 0.0013767008, 0.0037732564, 0.0044778483, 0.0069595804, 0.002630894, -0.007843057, -0.0015122658, 0.013556199, -0.009611074, -0.0013364434, -0.019109612, 0.01159864, 0.012163711, -0.035996314, -0.032708146, 0.0137002515, -0.015358083, -0.0055034566, -0.0054163416, 0.0075346134, -0.018157225, 0.0068851346, -0.1252578, -0.0008940396, 0.03288801, -0.0134913, 0.011275134, 0.0029265976, 0.021169623, -0.0029662917, 0.014247176, -0.015993163, 0.01450047, 0.003750354, 0.006944163, -0.024287365, 0.0058017937, 0.11079886, -0.0064514577, -0.014385054, -0.027669664, -0.020515196, 0.0025922195, -0.029168736, 0.01510584, -0.0076362533, 0.04449185, 0.0050601833, -0.010709848, 0.005010062, -0.023848863, 0.026860632, -0.0028050048, 0.023999276, 0.011962138, -0.0061128424, 0.040105388, -0.029062934, 0.03737283, -0.026521515, -0.018223329, -0.007643527, -0.0020604592, 0.020285886, -0.0029899464, -0.03438496, -0.0017257431, -0.024169363, -0.0086884545, -0.023890728, -0.013464991, 0.005023043, -0.003802448, -0.07270344, 0.029237757, 0.036606506, -0.011324157, -0.0045927376, -0.016672472, -0.011454702, 0.013883947, 0.011700738, 0.003307035, -0.0023232023, -0.027379548, -0.040984843, -0.03667837, 0.0015080436, 0.0029060857, 0.004753134, 0.0063731624, -0.0047370447, -0.022162935, 0.0007046243, -0.015024176, -0.017694183, -0.0021409164, -0.015082328, -0.017400282, 0.02107758, -0.024120828, 0.020405196, 0.009443048, -0.0057520582, -0.003217489, -0.0025252658, 0.002838822, -0.00044620805, 0.0039362963, -0.013834338, 0.013875925, 0.0032731497, 0.006671507, -0.0030443876, 0.01009868, 0.010300718, 0.006619503, -0.015494749, 0.038407207, -0.0141485045, -0.021196628, -0.020157555, 0.020363867, -0.008659754, -0.015255975, -0.014963494, 0.00017468048, -0.01113958, -0.01423779, -0.029458867, -0.0017814117, 0.0042961393, -0.0030685463, -0.017953321, 0.009659789, -0.0011994262, -0.009255831, 0.001982244, 0.0002352502, 0.009221784, 0.0005411188, -0.016164903, 0.02088718, -0.0069603655, -0.0033379833, 0.009049144, -0.0021617545, 0.0011431753, -0.0021674063, -0.0034118681, -0.002679535, -0.049556307, 0.01557024, -0.016401872, -0.01202759, 0.0061336756, -0.01746224, -0.008589944, 0.0059728315, 0.00018480995, -0.008046915, -0.017950013, -0.002901086, -0.01271026, -0.0069414345, -0.010044338, -0.0040404806, 0.003666855, 0.00033539045, 0.004385895, -0.0041648136, -0.006563425, -0.0076709883, -0.018468592, 0.007800535, 0.0098133525, -0.0058835703, 0.011306049, -0.015823249, 0.0014194916, 0.010088322, 0.0046381475, 0.0046029994, -0.0031934436, 0.0077431905, -0.00077828084, 0.011755176, 0.00070637505, 0.015173939, -0.0028463993, 0.009698854, 0.012271719, 0.0051859235, 0.0037478409, -0.008214164, -0.0052616857, -0.010879906, -0.0028902446, -0.0023652494, -0.0016781833, -0.007829711, -0.0028598323, 0.0041197524, 0.009164795, 0.0033973746, 0.0016077489, -0.008427288, -0.0062738727, 0.0055456744, -0.005519839, -0.014043177, 0.0031695298, -0.0069420207, -0.016900817, 0.009709981, -0.015707463, -0.008881366, -0.011452935, 0.010187117, -0.009390458, 0.006011463, 0.003368308, 0.013443341, -0.026085047, 0.0042244415, -0.009416394, -0.012486401, -0.0023173972, 0.025204917, 0.029617963, -0.012557535, 0.0147018535, 2.9045436e-06, -0.015926385, -0.0016175918, 0.0076191095, 0.0024982598, -0.005573062, -0.0061685084, -0.013064611, 0.0120634865, -0.011037127, 0.0024788762, 0.0104776425, -0.0071825404, -0.02539687, -0.022480208, 0.0022674329, -0.0060853045, -0.008255175, 0.0008499224, 0.02020889, -0.007687145, 0.0007998437, 0.02033934, -0.017330056, -0.010519077, -0.009961431, 0.0015281509, -0.00023169305, -0.0023069575, -0.006556651, 0.0005325111, 0.004951983, 0.0035710717, -0.0038248415, 0.0016293955, -0.012312275, 0.0075560077, -0.008511347, -0.020475857, 0.022237115, 0.011847401, 0.00023361303, 0.011674498, 0.009279868, -0.009879307, 0.00049582147, -0.016638825, 0.0125491535, 0.012353318, 0.002267517, -0.009340258, -0.0117247915, 0.014252761, -0.0064467546, 0.024366055, 0.00923355, -0.013166806, -0.0066598835, -0.002455962, -0.02112567, -0.00010365777, -0.0055751624, 0.0040821503, -0.007103312, -0.020507738, 0.00017287732, -0.011606321, 0.0040620985, -0.0072846725, -0.013555854, -0.0032920672, -0.0064399634, -0.0026385153, 0.021806924, -0.004629645, -0.0052203587, 0.0017504548, 0.008929722, 0.0071973917, -0.020912852, -0.009840187, -0.006792932, 0.0075110015, 0.008180399, -0.021945804, 0.010049604, -0.0020484242, -0.02270645, 0.0009224536, -0.00030048596, 0.019938925, -0.0008596335, 0.006834202, -0.008897281, 0.012344672, 0.003594186, -0.0021139514, 0.004837569, 0.025232196, 0.00872234, 0.08258333, 0.0027552636, -0.0067657484, 0.0098084565, -0.0009465222, -0.0137011055, 0.0063860253, 0.006912434, -0.00033673545, 0.018352559, 0.0019033415, 0.009852688, -0.011076086, 0.006972384, 0.0011543075, 0.011557858, 0.0055556516, 0.009330846, -0.008481241, 0.0024499, -0.010810121, 0.014850288, 0.0011452973, -0.018831532, -0.0031475245, 0.0049907914, -0.0029585361, 0.0058609718, 0.012959188, 0.006407558, -0.011775916, 0.023576887, -0.0064225197, -0.0036392633, -0.018681394, 0.0035373669, 0.001856971, 0.00067849515, 0.0059933094, 0.013485451, 0.0035700635, 0.0031732607, -0.005060712, -0.018983934, 0.013786747, 0.021548146, -0.005217591, -0.010295274, 0.00093811157, 0.004300862, -0.002312284, -0.0065879053, 0.0011435632, 0.00018469154, -0.007616164, -0.008461561, 0.018078914, -0.030415213, 0.01885946, -0.008190104, 0.016848112, 0.011994237, -0.00902647, 0.0064860736, -0.0029483594, -0.022914344, 0.0053746393, -0.011887519, -0.0008000017, 0.0055360347, -0.004387409, 0.012167545, 9.01731e-05, -0.0064422344, 0.02121739, -0.0040956186, 0.01292578, -0.0059985784, -0.011717139, -0.009173207, 0.015056939, 0.0068414942, -0.010473655, -0.0035816594, -0.0034867954, -0.0055595264, -0.004209082, -0.021342963, 0.018867332, 0.0066170907, 0.010144259, -0.009396243, 0.010549821, -0.006054452, -0.0001766322, -0.0015478968, 0.06957172, 0.0006811779, 0.000735473, 0.0057626516, -0.004276283, -0.0046266313, -0.008820741, -0.01995514, -0.006366241, -0.0276864, 0.0065226424, -0.003053664, 0.017494876, -0.0064394744, -0.010047794, -0.011497214, 0.015644552, 0.014333327, 0.001610911, -0.008571604, 0.0058741826, -0.0006455224, 0.011837201, -0.011887911, 0.012337208, -0.021752246, -0.0016718567, 0.0026428464, -0.018917598, 0.0027897374, 0.00095756113, 0.018359989, -0.021470275, -0.0014935037, -0.016974442, -0.015875183, 0.0033064296, -0.0085647395, -0.014021259, -0.0032229954, 0.012354485, 0.009588359, 0.007953845, 0.0038897868, -0.012084193, -0.013409803, -0.005858725, -0.007495643, 0.008494482, -0.004317241, -0.010924004, 0.004828413, -0.0015162864, 0.0032302428, 0.005924358, -0.020231005, 0.005933227, -0.017436665, -0.02115015, 0.009686549, 0.009608505, 0.0121667115, -0.010589903, -0.0049984823, 0.0029945513, -0.0070803137, 0.0013769409, 0.007154263, -0.006765618, -0.006366024, 0.026335053, 0.013944534, 0.00015461285, -0.0114857955, 0.0059407842, 0.0068196044, -0.004136371, 0.006201343, 0.007001278, 0.017383229, -0.010032076, -0.012716732, -0.0052293935, 0.004048079, -0.0005558891, 0.020366997, -0.0016773924, -0.011120233, -0.013039924, -0.0049671596, 0.005524744, 0.005964051, 0.01704329, -0.025949769, -0.016661165, 0.0009823162, 0.015364915, 0.00033932427, 0.0047770245, 0.0067400327, -0.013706785, 0.021307498, -0.007695299, -6.421123e-06, -0.007354166, -0.010146223, 0.0059085013, 0.0035145995, 0.009370454, -0.01617884, 0.018028034, 0.007865084, -0.002054632, 0.0010731407, -0.008177344, -0.02434349, 0.01244737, -0.009996357, 3.9791546e-05, 0.009714659, 0.020816082, -0.012251213, 0.008029593, -0.028735973, 0.019468702, 0.0041221795, -0.003723574, -0.008918756, 0.0024192398, 0.0022763184, -0.0060812174, -0.0011256173, 0.014661604, 0.0033561592, -0.0008347842, 0.00080075284, 0.0062296637, 0.01598988, -0.013828739, 0.009034587, -0.0023832114, -0.0013437992, -0.0018802171, -0.017260982, -0.008528361, -0.0025825028, 0.008563624, -0.008671001, 0.01367332, -0.03827229, -0.021857763, -0.011337806, -0.0054941247, 0.0010254318, -0.006759034, 0.0060073524, 0.0040178695, 0.0010911077, -0.015738407, 0.004503295, -0.014778303, -0.053175457, -0.0030231914, 0.004082006, 0.024795372, 0.022984603, -0.0098749865, 0.0069830595, -0.01653265, 0.010618851, 0.01217974, 0.0021275526, 0.02082892, 0.02668596, 0.008359563, -0.0048969607, -0.0015451532, -0.013883008, -0.012314086, -0.0067510516, 0.009705447, -0.005843879, 0.021161018, -0.00051291357, 0.021560844, -0.0033744304, 0.00089750206, -0.00017637528, -0.0004898991, 0.0031327142, 0.0012574287, -0.011814204, 0.021872228, 0.014370613, 0.010457595, 0.01438338, 0.0009912603, 0.0084330095, -0.0003418972, 0.0038291402, -0.017898936, 0.011536427, -0.008273403, 0.008232335, 0.018073753, 0.0024125276, -0.010960743, 0.023930583, 0.009022543, -0.01771475, -0.004976128, 0.0085070515, -0.006243343, -0.005367031, 0.027615221, -0.014391794, -0.0019604147, 0.024385728, -0.012196906, -0.0051475023, 0.014415107, 0.016910328, -0.002580569, -0.0041496707, -0.015084322, -0.005489161, -0.0065784846, -0.006761159, 0.001293723, -0.0051116436, -0.012115486, 0.011462934, 0.0008226722, 0.018390806, -0.009865482, -0.015236721, -0.009691574, 0.009450552, -0.009083388, -0.009563943, 0.008549567, -0.0004567394, -0.022903692, -0.0056890137, 0.004306762, -0.0013940377, -0.0063131996, -0.009511347, -0.002460087, -0.018925507, 0.0075029796, 0.006446297, 0.0020641438, 0.004907748, -0.0047135437, 0.0009636764, 0.022484705, -0.001906055, -0.016178405, -0.0070394063, 0.024747878, -0.010540855, -0.0039948397, -0.0010690248, 0.021426333, -0.025697334, 0.012993927, -0.00094480196, 0.0066472273, -0.0045584496, 0.017161833, 0.002651837, -0.0112052495, -0.002966555, -0.0021889661, -0.003957531, 0.00047452352, -0.015558447, -0.01364277, 0.0009388041, 0.0038154412, 0.0026127764, -0.014218086, 0.0074169836, -0.010937046, -0.008513928, 0.0042448044, 0.017244592, -0.003579426, 0.007752205, 0.001747759, -0.025509883, 0.004050278, 0.0010560722, -0.014248885, -0.01932654, 0.019094711, -0.00030034146, -0.012000709, -0.014295116, -0.026145063, 0.018049834, 0.004822445, 0.0017641814, 0.004154519, 0.0020324658, -0.009494694, 0.006519029, -0.0014602528, 0.021165656, -0.0086040795, -0.015904455, 0.012914608, -0.009051416, 0.024204781, 0.002140585, 0.018454319, 0.008296125, -0.014062876, -0.0036119327, -0.0040006055, 0.009291025, 0.019534692, 0.00565961, -0.0060074516, 0.0033898582, 0.0010718972, 0.00023620295, 0.0019666173, 0.012509637, -0.017022502, 0.013479198, 0.014796659, 0.0077815065, 0.016544452, -0.011147476, 0.00094724406, 0.010278525, 0.015045937, 0.004449566, 0.0033402003, -0.005666734, 0.0032007832, 0.011983475, 0.012201696, -0.0035350805, -0.018778166, -0.0039223884, 0.011870326, 0.008847758, 0.0029461302, 0.0065497966, 0.0040422003, 0.005461249, -0.015231832, 0.0042768777, 0.015444278, 0.0016984164, 0.0019507817, 0.013639661, 0.0008152127, 0.0066252877, -0.01738086, -0.00046849612, 0.0048883567, 0.00046344116, -0.07371329, -0.0117840795, 0.015559845, 0.014943499, 0.0225629, -0.0045282627, 0.0024533935, -0.025067458, -0.0014363449, 0.020848699, -0.014258739, 0.022037847, -0.0026539601, 0.008169584, 0.005937682, -0.0104712695, -0.009618018, 0.008918671, 0.0129006915, -0.0041366983, -0.00093179144, 0.0007735335, 0.014975432, -0.0008928294, 0.008165806, -0.0063433414, -0.0009825025, -0.00831702, 0.009126374, 0.025704738, 0.011918486, -0.0043880157, 0.012154464, -0.0013035112, 0.00851616, -0.010815313, 0.0012974971, 0.0059692916, -0.1422716, 0.0089443335, 0.0073606716, 0.001441583, -0.010521807, -0.002149551, 0.014491246, 0.0016592245, -0.0004731303, 4.9113234e-05, -0.008818706, 0.0018158611, -0.013300359, -0.0068998905, 0.013485145, -0.0034205997, -0.001962057, 0.00039873566, 0.004401582, 0.0024714402, 0.0041843997, -0.0013702536, -0.0006795867, -0.0069920258, 0.011355343, -0.010996387, -0.003972629, 0.003086717, -0.0008776279, 0.019313525, 0.018550156, 0.013403341, 0.0041324557, 0.005327694, -0.00304016, 0.0006069338, 0.0021330907, -0.0026496362, -0.0038323228, -0.012834634, 0.007824041, -0.0006244075, 0.009710064, 0.0032264963, -0.011340572, 0.01997227, -0.01933661, -0.0025094266, 0.006209284, 0.0015911709, -0.013772927, 0.0065299254, -0.02255468, -0.0016216456, 0.011291354, -0.011173486, -0.005727188, -0.007874392, -0.0109131625, 0.005425361, 0.0037753559, 0.013149888, 0.008648354, -0.014936679, -0.01480603, 0.015943361, -0.007705192, 0.01354724, -0.007109576, 0.030011417, -0.0017243663, 0.014205246, -0.007999177, -0.021156387, 0.010588286, -0.013865445, 0.00997118, 0.013251805, -0.012766434, -0.011798502, -0.018202234, -0.007092496, -0.02320888, -0.0035072765, 0.008706918, 0.008824687, 0.021061033, -0.0024240655, 0.005788154, -0.04920808, -0.013567082, 0.014390246, 0.01590834, 0.007900193, 0.008820858, 0.007899156, 0.013280046, 0.017604005, -0.00011271036, 0.010538959, -0.010674591, 0.0022734194, -0.007835178, 0.007133317, -0.0018886577, -0.008421212, -0.040761776, -0.011166488, 0.003974375, 0.0004117983, 0.0031587428, -0.035359412, 0.028075071, 0.023590205, -0.0018884884, -0.021623518, -0.0027943999, -0.0028769278, 0.012568924, -0.0025454503, 0.02003536, -0.030983875, -0.0035632206, -0.015287441, -0.0027252021, -0.015097518, 0.029278208, 0.01415171, -0.01905302, 0.0053048744, -0.007850011, 0.020711495, 0.013552548, -0.034035657, -0.015779734, -0.024253828, -0.010751183, -0.012845019, -0.00591007, -0.00026763463, -0.0046294555, 0.010089154, -0.018672166, 0.01944677, 0.0054363604, -0.014107364, -0.014524707, -0.00045332586, -0.013064654, 0.012238897, -0.0049762325, -0.0076804333, 0.009267893, -0.0056359833, -0.007618118, -0.009887446, -0.022017341, -0.009779514, 0.00969314, 0.009247376, 0.020889139, 0.015320771, 0.0029681628, -0.0130991675, 0.009688347, 0.017688904, -0.016414978, 0.0061521837, 0.008905169, 0.017070275, 0.011584423, 0.015182498, -0.00094371126, 0.004780582, -0.027348982, -0.0030137445, 0.0077605015, 0.019095436, 0.024218407, 0.001140124, -0.008030636, -0.0021894132, 0.006083148, -0.015591194, 0.0049515897, -0.0048576538, -0.0166223, 0.0020908003, 0.012295931, 0.021061549, 0.013883828, -0.0014691396, 0.0029683206, 0.0040495675, 0.007491388, -0.003007422, -0.00079439615, -0.0039648158, -0.013514197, 0.015586663, 0.007218272, 0.01339694, -0.018370854, -0.16441128, -0.011469689, 0.0119248405, -0.005965957, 0.00031654656, 0.013567051, 0.00792309, -0.0037363402, 0.00942971, -0.017355595, 0.0020433385, 0.020710936, 0.0037304417, -0.028503548, -0.016096579, -0.016398564, 0.00014159587, 0.013874608, 0.012275262, -0.017274735, -0.023166465, 0.010305339, -0.003968931, 0.03119461, 0.0039276015, -0.0110635115, 0.035308443, -0.004263968, -0.016718823, -0.025893318, -0.012938443, 0.0011723016, 0.0003525198, 0.004034803, -0.007978116, -0.003418459, 0.005699724, 0.015685093, -0.015785249, -0.0077893864, 0.0026555876, -0.01861806, -0.01993932, -0.0040346975, 0.0055134515, 0.00038923684, -0.01945304, -0.022336291, 0.0013114411, 0.0026331746, -0.0007428477, -0.0050183656, -0.003624469, -0.00041643012, 0.010944718, -0.012009279, -0.0030070741, 0.016750438, 0.0063196346, 0.02768595, -0.021162938, 0.0036582341, 0.0060621835, 0.018701067, 0.016493844, -0.017874446, -0.01249777, 0.14750089, -0.009540077, 0.007665472, -0.0025103819, -0.020463562, 0.015555231, -0.004164449, 0.01466868, 0.011835, -0.0019611968, 0.020596594, -0.0028468608, 0.003939903, -0.0016996489, -0.019964978, 0.0053566825, -0.0047836755, -0.0011212035, 0.0017721739, 0.011602976, -0.034944527, -0.019891182, -0.0076075955, -0.020124137, 0.026107723, -0.01766852, -0.0065452144, 0.0014869125, 0.024858529, -0.0036338756, 0.016290236, -0.0039963704, -0.017994666, -0.00014502938, 0.0007475021, -0.028458595, 0.014759647, -0.022224246, -0.01358938, 0.009192991, 0.007701345, -0.00022471353, -0.0051359124, -0.017037524, -0.0031215574, 0.002481263, -0.011488801, -0.0012983673, 0.0008202271, -0.015077233, -0.03713526, 0.016877228, -0.023666717, -0.0031597943, 0.00766162, -0.024306051, -0.0021405402, -0.0007689835, 0.0020175984, -0.0131374765, 0.0013840027, 0.014213547, -0.016031874, 0.008536094, 0.011058248, -0.005630702, -0.0002474575, -0.02015111, -0.026859947, -0.13259178, -0.029941317, 0.00033461928, -0.00035043957, 0.000849121, 0.0042199306, 0.0051898807, 0.02202467, 0.026073165, 0.024600454, -0.0104539385, 0.009857339, -0.006170585, 0.0041072527, 0.005075193, 0.012982248, 0.015772823, 0.02248831, 0.011412369, -0.005057038, -0.020293716, 0.014909725, 0.0051902765, -0.0067120064, 0.012993759, 0.017729592, 0.010582662, 0.005574655, -0.012342442, 0.015482787, 0.00302092, -0.0052016345, 0.007405631, -0.013115315, 0.0049337056, -0.002194138, -0.019741213, -0.0054562264, 0.0024917636, -0.008833545, -0.007955014, -0.022206398, -0.0012999444, -0.00568321, 0.00919865, 0.00022010304, -0.019340085, 0.008263803, -0.0026215347, -0.0032119118, 0.001838974, -0.0028068293, -0.0045571034, 0.005982428, 0.0027770202, 0.027677715, 0.013907402, 0.010562144, -0.011694576, -0.017387928, -0.013898503, 0.025314786, -0.0022053372, -0.007169995, 0.012835898, 0.019434622, -0.011723964, 0.0016731175, 0.022065306, 0.0067392695, -0.021732334, -0.0011205393, 0.0036689083, 0.0018182385, 0.00010937583, 0.00767837, -0.0032855626, -0.002445281, -0.01974448, -0.01888551, -0.022290293, -0.007059403, 0.0114953825, 0.009863406, 0.05502238, -0.008221816, -0.0026811243, -0.008931448, -0.017924841, -0.006648681, 0.020052746, -0.029250141, -0.004049867, 0.01437091, -0.0013252078, 0.016582271, -0.007184308, 0.0015840657, 0.018145353, 0.02354276, -0.0015479388, 0.0103856, 0.0027844133, 0.013718228, -0.018476544, -0.014703775, 0.01286701, -0.0049322504, 0.0025941136, 0.02703006, -0.00090427743, 0.017515538, -0.0055864705, 0.011122422, -0.018535377, 0.0063299816, -0.018021936, -0.010925899, -0.0039801314, -0.023618447, -0.0076798005, -0.0044338824, 0.016171737, 0.0071676117, -0.01331211, -0.00047268503, -0.01338982, 0.0105227735, 0.0051965704, -0.02081744, 0.003422151, 0.0031968975, -0.007755269, -0.012546941, 0.014057111, 0.01913184, 0.0065713674, 0.024382716, 0.01313367, -0.01685907, -0.0026925115, 0.007761557, 0.0027281817, 0.0022696145, 0.0048480397, -0.00091376447, -0.00034032683, 0.00418795, -0.0011994912, -0.00047734007, 0.013832553, 0.01978409, -0.015747955, -0.021439828, 0.0018878757, -0.0046636392, 0.0030682227, 0.0019856454, 0.0064158738, 0.029850584, -0.011645314, 0.0048189103, 0.003928659, -0.017517408, 0.002556624, 0.00019705447, 0.026882704, -0.010654516, -0.0024880324, -0.030389007, -0.022616668, -0.015473089, 0.019231463, -0.018365175, -0.004922724, -0.008576297, 0.009995119, 0.01531449, -0.006788736, -0.06248654, 0.011519615, 0.006374763, -0.00397591, -0.01906669, -0.0060163224, -0.009469903, 0.0084393015, 0.00751593, -0.020428691, -0.001996491, -0.023058718, 0.007044063, -0.0002626693, 0.007709169, 0.003675083, 0.013945143, -0.0083385445, 0.008364735, -0.013118011, 0.008640931, 0.005237332, 0.0150930295, 0.0008223245, -0.02312906, -0.011245065, -0.011930997, -0.011988853, -0.013807259, -0.004702081, -0.011637897, 0.010831718, -0.019239992, 0.017450688, 0.0020536194, 0.020640435, -0.029740715, -0.025924345, 0.01767095, -0.05442806, -0.02271641, -0.014273173, -0.047616493, 0.005592835, -0.01682555, 0.020387832, -0.009378519, -0.023354659, 0.01098826, -0.00941495, 0.015866451, -0.019636469, 0.0039686295, -0.0034570938, 0.026081864, 0.0022046054, -0.0156139415, 0.00544876, 0.007969343, -0.01288228, -0.007623273, -0.029032012, 0.01595014, -0.00931006, 0.004962048, 0.015421815, 0.0014268238, 0.018106751, -0.007940165, 0.029639529, 0.0041846633, -0.0030998946, 0.003412703, 0.030334985, -0.012604757, -0.019335264, 0.018861562, -0.00028237855, -0.002045666, 0.026832636, -0.0050317366, -0.0010154871, -0.016843237, 0.040427994, 0.010008659, 0.0049493746, -0.007915822, -0.09878135, -0.016245805, -0.0061469423, -0.0067487215, 0.024052687, 0.0060202247, 0.01406519, 0.04569994, -0.006604041, 0.001122656, -0.0033976547, -0.011299239, 0.024879323, -0.018097874, 0.012087354, 0.011161505, -0.030504173, 0.010078493, 0.018985074, 0.02274479, 0.02041076, -0.01758579, -0.010258155, 0.017908402, -0.020184075, -0.021508953, 0.008960432, 0.007923188, 0.0051048887, -0.0023558596, 0.01109975, -0.01689321, -0.004549759, 0.0016901204, -0.014485737, 0.00898911, -0.030444758, -0.021842178, 0.003595615, 0.009595967, 0.027019942, -0.002483464, -0.0005722981, 0.012187053, -0.0031226925, -0.013863555, -0.050446495, 0.0084969215, 0.014283865, 0.0025965788, -0.0056012436, -0.02942218, -0.030141512, -0.011057528, -0.0203037, 0.0070270593, -0.01637583, -0.03164066, 0.0124318665, 0.021584878, -0.0022404508, -0.0049347174, 0.0058413083, -0.007309381, -0.0182175, -0.011331009, -0.017484667, 0.00391009, 0.009324706, -0.010718788, 0.0049866633, 0.0051251343, 0.0066676266, -0.018647637, 0.0063686967, -0.011113587, -0.006319654, -0.0027078525, -0.041497994, 0.024205329, 0.025467815, 0.02437774, 0.015217935, -0.01512022, -0.0067968834, -0.01153578, -0.00963062, -0.012188263, -0.007389136, 0.0021922605, 0.00527165, -0.03293626, 0.00952135, 0.021456059, 0.023514576, 0.017909596, -0.0048969947, 0.01492695, 0.0056429496, -0.024867598, -0.014982061, 0.011769351, -0.018172141, 0.0036432766, -0.013038204, -0.012633944, 0.0013324998, -0.006070886, -0.0032477756, 0.0009286788, 0.03033504, 0.0044022338, 0.008614159, -0.0135466475, 0.0069179554, -0.0018049227, -0.032316253, -0.00045738765, -0.014808999, -0.00085317466, 0.004730726, 0.0007147412, -0.019516772, -0.010621425, -0.007322089, 0.010266241, -0.002094839, -0.009009294, -0.0046497225, 0.0058409716, -0.00910376, 0.019110648, -0.0017707343, 0.010196441, -0.013497676, 0.002505748, -0.0014246593, -0.008327102, 0.018449685, 0.009364162, -0.0020158086, -0.0011390069, 0.007775909, 0.0058473763, 0.014076559, -0.0031718344, -0.008948543, 0.00040313957, 0.0032717402, -0.013760834, 0.002349668, 0.022695247, 0.015263428, -0.030695772, -0.0051214825, 0.0062791226, 0.002921594, 0.004809099, 0.0011884217, 0.010468986, 0.003763953, 0.002432667, -0.0045288038, 0.01746269, -0.02265352, -0.005543781, -0.013346626, 0.002857691, 0.028484846, -0.004365979, 0.013362623, -0.023803437, -0.01249283, 0.0016834796, 0.034960818, -0.019348372, -0.0023590024, 0.0066917986, -0.026858179, 0.00060256134, 0.012478482, 0.012442215, 0.0051316824, 0.008806365, -0.006123981, -0.017762829, -0.016506668, 0.0003812441, -0.020313289, 0.015982023, -0.006724768, -0.012910343, 0.044583533, -0.023131823, -0.024846086, 0.010569559, -0.0059269634, 0.020748733, -0.01919074, 0.02496012, 0.0050392076, 0.0102672465, 0.0030397908, -0.013683481, -0.0002890858, -0.006815558, 0.0065242923, 0.023158211, -0.036653116, 0.0065521346, -0.011430292, -0.0035747485, 0.004780294, -0.005860696, -0.003851172, -0.0044784406, 0.010401582, 0.021335447, -0.013142857, 0.021357609, 0.0031203618, -0.014599688, 0.017121205, 0.008501129, -0.0042469446, 0.0021953336, 0.008946235, 0.0015535114, 0.01241146, 0.0027284531, -0.0023383847, 0.012643628, 0.007937988, 0.00015264736, -0.0031254634, 0.004239643, -0.023223963, 0.0014138698, 0.01673168, -0.0030942492, -0.0058017713, 0.017697912, 0.012435527, 0.00807246, -0.016738292, -0.007648072, -0.015649293, -0.0073362896, 0.008490081, -1.9251593e-05, 0.0060857967, -0.0039953794, -0.018685907, 0.010559615, 0.010915444, 0.015735107, -0.005893914, 0.0033293224, -0.024364008, 0.0146735655, -2.2347736e-05, 0.021104448, -0.024496404, -0.0016382152, -0.008654906, -0.007785682, 0.014529812, 0.0067254095, -0.00347971, 0.02313189, 0.00074497185, -0.010218789, -0.004985395, -0.0046111555, -0.017299006, 0.01673275, -0.01213536, 0.02608454, 0.00023600197, 0.027895376, 0.018759394, -0.015901884, 0.0111212665, 0.00011116133, 0.00070595305, -0.026990626, 0.027271338, -0.023903815, -0.021083087, 0.0066610733, 0.028157147, 0.009483417, 0.005319271, 0.013410587, -0.0017526795, -0.0068628034, -0.021583486, 0.011742644, -0.0031294378, -0.008306483, 0.015507751, -0.004151594, -0.008836627, 0.013653272, 0.012141737, 0.0019278569, 0.024014853, -0.014149915, -0.008983098, 0.019262278, 0.0031495383, 0.011770946, 0.0012290726, -0.013303351, -0.044434737, -0.0032696517, -0.00084462704, -0.01168934, -0.0005491898, -0.0001607359, 0.00014342926, 0.0010363557, 0.0024455995, -0.019481229, 0.024849959, 0.011157226, 0.01729191, 0.017836284, 0.009843459, 0.014295627, 0.0049510603, -0.01642375, -0.0016564772, -0.021699931, 0.009133468, 0.013596964, 0.005939987, -0.0042610704, -0.0007445616, 0.020794174, 0.0059523773, 0.029081939, -0.002831219, -0.009784613, 0.017351337, 0.011968453, -0.017633451, -0.018222526, 0.0070706126, -0.015831888, 0.0007847895, -0.009406663, -0.0053054756, -0.0051733823, 0.0023044895, -0.018288834, 0.0036675322, -0.023986114, -0.011725569, 0.006073232, -0.0098315105, -0.017792635, -0.0043513365, 0.01120378, 0.012169651, -0.0027069391, -0.020958891, -0.022591015, -0.016328847, 0.0021929424, -0.012656197, 0.006185522, -0.019237805, -0.016587092, 0.0008473804, -0.0152376685, 0.005215008, 0.0029769656, -0.006333453, 0.0021814827, -0.0039758026, 0.026391517, -0.0012723887, 0.012040706, 0.021495324, 0.014997441, 0.009269321, 0.00433897, 0.013467937, 0.009278061, 0.018486142, 0.005326003, 0.004231452, -0.006392187, 0.011979888, 0.02444498, 0.012331937, -0.003080729, -0.0056554354, -0.0008097171, 0.0007769826, -0.010306052, 0.0064085815, -0.011416588, -4.7616563e-06, -0.0011154294, 0.008337897, 0.01010791, 0.027363317, -0.008057734, 0.010165685, 0.010379406, 0.011391606, 0.0012662046, 0.004169636, 0.005437375, -0.0008174374, 0.006924508, -0.0051763006, -0.021394022, -0.014460355, 0.023858871, -0.0011972347, -0.00026906357, -0.020598821, 0.010339508, -0.0037859099, -0.005825745, -0.0053222007, -0.0064450656, -0.010449995, 0.009510567, -0.025691025, 0.012898758, 0.00035552238, 0.01609356, -0.011162259, 0.014089718, -0.0026504, 0.0028971317, -0.010917464, 0.008508379, 0.004123784, 0.00085811364, 0.017986054, -0.005381521, -0.012684707, -0.002586227, -0.009648611, 0.012405978, 0.015668912, 5.238952e-05, -0.008350256, -0.018771226, -0.0095671965, -0.0040806923, 0.012962211, -0.022081269, 0.0058433684, -0.017217195, -0.00030043264, 0.00047202286, -0.011754966, 0.016527215, -0.01735184, -0.028883709, -0.009688524, 0.018412558, -0.011484541, 0.0074851946, -0.0496565, 0.007580125, -0.013780834, -0.015883513, -0.007757966, -0.0049182954, -0.015638981, -0.0026120625, -0.0035382826, 0.0045441515, 0.03124525, -0.014932464, 0.02569156, 0.0394315, 0.010440877, -0.0013846328, -0.006777992, -0.01559246, -0.0051401923, -0.012100568, 0.01426422, -0.0032955226, 0.016437978, -0.012714036, 0.021917045, 0.015153435, -0.005213559, 0.008845507, -0.013277035, 0.0024435315, -0.0011816041, 0.019221066, 0.0065235933, -0.014481741, 0.008981988, 0.028113596, 0.0018798804, 0.017778749, -0.009499163, -0.020217746, -0.011119622, 0.013810851, 0.024453871, -0.0006835361, 0.015078298, -0.02222489, 0.016099006, 0.014860474, -0.0067288997, -0.0030236803, -0.0021519763, -0.018076088, -0.028190715, -0.012307901, 0.030383853, -0.006164148, 0.0014311165, 0.00916241, -0.005517855, 0.017402176, 0.010360454, 0.0067057745, -0.011199053, 0.0028891969, -0.00095088634, 0.00624411, -0.0047048815, 0.0024225651, -0.008685524, -0.0086125685, -0.016448727, 0.020188099, 0.016092207, -0.007251781, 0.03211177, 0.0073387157, -0.0077932985, 0.008422902, -0.021494312, -0.00926802, 0.019991634, -0.0008419233, 0.0017097994, -0.008101294, -0.009871089, -0.02528083, 0.00017774345, 0.00201896, -0.008657474, -0.01097319, -0.002851611, -0.0031609687, 0.0032813956, -0.010147294, -0.010897061, -0.008544367, 0.004400475, -0.0097395135, 0.0039168997, -0.011595728, 0.000423585, -0.007201444, 0.0128039885, -0.015577846, -0.0011179214, -0.006375694, 0.001982678, -0.0109942, 0.014975536, 0.012272649, 0.023491269, -0.041246362, -0.0148785375, 0.006956809, 0.012893638, 0.016429296, -0.004507071, 0.0110197235, 0.0016052852, -6.204253e-05, 0.020692684, 0.010019281, -0.009450251, 0.02788929, -0.016425861, 0.0022814919, -0.018887136, -0.00039251888, 0.010816644, -0.0046469434, 0.027421493, -0.045174956, -0.0031488137, 0.0004943905, -0.013333539, 0.0066216886, 0.004424641, 0.01624388, 0.007483651, -0.028590161, 0.002032539, 0.049016815, 0.006245884, -0.0086256405, 0.012028307, -0.0007883692, 0.006094342, -0.0036383288, 0.02515836, 0.001803756, -0.015331855, -0.0030847597, -0.011556458, -0.010345862, -0.009076375, -0.018978309, 0.012540087, -0.017827418, -0.010078542, -0.015076161, -0.00041764192, 0.01270331, 0.009556216, -0.0013100841, 0.0206785, 0.006724035, 0.008061011, 5.4308854e-05, 0.0038894932, 0.022126889, 0.004939745, -0.0010723444, 0.011834891, -0.0063820546, 0.004859267, -0.00027748608, -0.019400174, 0.031713467, 0.017798996, -0.014890763, 0.006316926, -0.0112512205, -0.004869514, -0.00969421, 0.007207613, 0.016994419, 0.012472134, 0.01248067, 0.009026109, 0.022679074, 0.020919295, 0.0018782105, -0.024231473, 0.002172076, 0.015329211, -0.015518135, 0.003049882, -0.00049240194, 0.036395233, 0.027467173, 0.0134986285, 0.014999799, -0.0059550707, -0.004808594, 0.013839492, 0.0015090861, 0.0066111684, 0.009580837, -0.007047158, 0.0034197783, -0.01434432, 0.017313868, 0.0005143149, -0.0046869013, -0.017919173, -0.032065965, 0.16350587, 0.12101117, 0.0027986336, -0.0013405437, 0.016434545, 0.013619039, -0.036686786, 0.038921367, 0.0010960957, 0.0126427915, -0.027565064, 0.003230614, 0.010345908, 0.010218846, 0.013626141, -0.017029367, -0.030108318, 0.0035387857, -0.010620371, 0.0042603835, -0.02898023, 0.020923559, -0.008348089, 0.0074165203, -0.028895305, 0.017644921, -0.0014307961, 0.008252223, 0.001902345, -0.0039845817, -0.005794569, 0.014533675, -0.010517514, 0.0015295941, 0.001975893, -0.02308076, -0.010110098, 0.019051343, 0.005080299, 0.0056263967, -0.01751444, -0.011325015, 0.0015291426, -0.007721848, -0.0009944966, 0.021311086, 0.0068962164, 0.015721388, 0.010627347, 0.003871341, 0.00024865006, -0.0020894548, 0.014520914, 0.020211475, 0.003519046, -0.010092971, 0.008913571, -0.005569176, 0.0026322757, 0.0067357523, 0.009670531, -0.00839034, 0.004940191, -0.0026513627, 0.014320234, 0.014080666, 0.0012383426, 0.0019773697, -0.012877665, -0.0031876392, 0.0050280695, 0.0066062068, 0.0023024597, 0.006365965, -0.019296503, 0.0030308533, -0.0043220026, -0.017687663, 0.003079332, 0.0023963514, 0.0042226664, -0.0045264317, 0.023253862, -0.013098762, 0.010400465, -0.008137789, 0.0074684937, 0.0049261576, 0.123688444, 0.010958196, -0.00024295237, 0.009941254, -0.0050705913, 0.0027283675, -0.010958279, 0.03377634, 0.023617888, 0.0052227974, -0.012982675, 0.0050272043, 0.010043338, -0.0025979462, 0.00074601226, 0.015593116, 0.029487187, 0.059554417, 0.038708337, -0.00080791855, -0.0006269366, 0.012429534, 0.0035146852, 0.013997314, 0.015649578, -0.01117623, 0.0011026164, 0.013939095, -0.007846539, 0.0062658745, -0.094212614, -0.00931005, 0.012798536, -0.0085517345, 0.0048808693, 0.032076184, -0.019079108, 0.006017682, -0.0029917075, -0.0112217935, -0.0027251022, 0.019600138, -0.0040498464, -0.019198624, 0.00085622165, -0.0012100699, 0.015825564, 0.008632187, 0.0032672773, -0.0031325193, 0.018671824, 0.008847381, -0.018851796, 0.00599653, 0.014225017, 0.0183411, -0.0058932966, 0.01712355, 0.020195313, -0.019606173, -0.008794919, 0.0016887087, -0.046493504, -0.0050282674, -0.014053761, -0.012169945, 0.024370551, -0.008859933, -0.0073022842, -0.019674698, -0.005830866, -0.025156023, 0.0019501541, 0.006362799, 0.020729603, 0.018937979, 0.007960895, 0.003330729, -0.018606745, -0.010665745, 0.018651877, -0.02306006, 0.014570413, 0.0035858275, -0.0029019357, -0.0069912937, -0.018176079, -0.00022214746, 0.022289192, 0.019890362, 0.0028112363, 0.016935393, -0.0115524605, 0.00031722733, -0.010333554, -0.0066712676, 0.014998937, -0.001112522, -0.0013061458, 0.0009419429, 0.0018834734, 0.018922282, -0.0030007188, 0.03110238, -0.013350341, -0.026591882, -0.017492132, -0.007180335, 0.014946584, 0.0063863755, 0.0021504145, 0.0011693324, -0.0073636477, 0.11190605, 0.014625334, 0.013441853, -0.0015745529, 0.004502057, -0.015202976, 0.002962392, 0.00264805, -0.004100073, -0.0092533585, -0.014509325, 0.020791203, -0.0055396147, 0.01680132, 0.0038030585, -0.017318716, 0.007570173, -0.006145309, 0.0015780316, -0.007004981, -0.0018312011, -0.014761748, 0.01638461, -0.0055114515, -0.0030236174, -0.00040695502, -0.0017380475, -0.0146840485, -0.016923225, -0.022741687, -0.003721445, -0.024176678, 0.01708846, -0.0123290345, -0.01572308, -0.035702392, 0.012127271, 0.021061914, 0.023651147, 0.0045007668, -0.01674411, 0.012206778, 0.023060037, -0.0053419224, -0.029324265, 0.18999746, 0.011287113, 0.013149581, -0.0023117806, -0.017830133, -0.008733785, 0.0023657791, 0.0065752063, -0.0030640692, -0.008750598, 0.022651505, -0.0060501727, -0.030152552, 0.011893316, -0.004346837, -0.006219647, 0.018971214, 0.0069979094, 0.002890814, 0.020904623, -0.0091715455, -0.021949358, -0.030887127, -0.0024990828, -0.02642014, -0.0075686253, 0.02038064, 0.027206289, 0.0005318326, -0.016337615, 0.006618752, -0.017660934, 0.02471071, 0.0035303324, 0.00054908666, 0.003948668, 0.009322517, -0.02279514, 0.00597551, 0.0012253565, -0.0018193773, -0.0027192226, -0.044532306, 0.014059359, -0.008662175, -0.011447729, -0.0051310165, 0.012037087, 0.00065425545, -0.032180924, 0.022389356, -0.010260922, -0.015644105, -0.0099218665, 0.0010851029, 0.00082900183, -0.012219541, -0.008250479, 0.0032583657, -0.0072524846, -0.006953652, 0.011181964, -0.0066531356, -0.005847766, -0.0032405502, 0.004253854, -0.011215504]"
"Beca Rita Cetina: cambian fecha para el registro de estudiantes de primaria, ¿cuando es?",https://oem.com.mx/elsoldemexico/img/25273721/1755464343/BASE_LANDSCAPE/1200/image.webp,MÉXICO,no descripcion,https://oem.com.mx/elsoldemexico/mexico/beca-rita-cetina-cambian-fecha-para-el-registro-de-estudiantes-de-primaria-cuando-es-25513575,"[-0.032183673, -0.0049782796, 0.013586261, -0.04351216, -0.0152450595, 0.015087306, 0.0062739067, 0.01005672, -0.01476936, 0.015974926, -0.01734507, -0.016883915, -0.00012480146, -0.019862225, 0.13520315, 0.039294988, -0.02347182, 0.007079316, 0.005925025, -0.00066087296, 0.008704035, 0.032313988, -0.0004807747, -0.0047225696, -0.00033756252, -0.00621461, 0.010533082, -0.03251229, 0.010663083, -0.004791205, -0.0052159657, 0.005262036, 0.0070091784, 0.006789742, -0.0023763024, 0.013056522, -0.0013833524, -0.001992842, 0.0010723828, 0.010820094, 0.009949723, 0.013700061, -0.021939028, 0.0066962475, 0.025776735, -0.028652852, -0.00065743737, -0.030072855, -0.019183053, 0.02162837, -0.0068848277, -0.0120534245, -0.021879978, -0.1644655, 0.006885863, -0.008043462, 0.007532415, 0.019945497, -0.0059157345, -0.016500918, -0.020861832, 0.033080995, -0.01230681, 0.009830054, 0.012739437, 0.0029713947, 0.010986625, 0.0012787879, -0.0048208386, -0.009373539, -0.005235183, 0.005342301, -0.005492206, 0.010330742, 0.010341794, -0.040493038, -0.029036162, 0.0015863047, 0.0036923287, 0.014834483, -0.005516693, 0.007158075, -0.0062502893, -0.0009586528, -0.0027640802, -0.014115132, 0.0021908372, -0.00028524554, -0.0036466168, -0.008991072, -0.017822618, 0.022265334, 0.025121503, -0.02895159, -0.005428468, 0.012355298, 0.006101712, 0.016546035, -0.017465102, -0.021046005, -0.023777146, -0.010401298, -0.0017321974, 0.018121867, 0.019049605, -0.020519894, -0.00083583803, 0.005166808, -0.004357975, 0.008069856, -0.011977335, -0.005167911, -0.025885511, -0.0019147376, 0.021728696, -0.12855382, 0.0072308313, 0.007664542, -0.023169193, -0.01031927, 0.010838172, 0.02575745, -0.027812721, 0.025547216, -0.025731927, -0.01825279, 0.015762866, 0.007038078, 0.0074319057, -0.017727464, 0.006617288, 0.002472858, 0.02124169, 0.03396386, -0.022636298, -0.0017085443, -0.025088953, -0.035328858, 0.0301926, 0.0034887432, 0.0094841635, 0.00014724262, -0.0053546256, -0.011578974, -0.014292964, -0.0074325944, 0.003475334, 0.012767974, 0.00892559, -0.00599667, -0.0047647315, 3.883879e-05, 0.018367106, 0.00062511466, 0.003425435, -0.016952617, -0.0031527735, -0.014675751, -0.028935557, -0.004048231, 0.02759785, -0.018337475, 0.05328972, -0.0049963263, 0.015949327, 0.038744476, -0.016757963, 0.021184932, 0.007930166, -0.019297626, -0.00812656, 0.0033106888, -0.008593721, 0.023817152, 0.0073760482, -0.0073852492, 0.022560345, 0.0035446323, 0.014526416, 0.0016081865, 0.0112011805, 0.005602647, 0.0021971015, 0.008850748, 0.0073071434, -0.0064225905, -0.019674417, 0.006263791, -0.011972491, -0.0028339615, -0.01715758, -0.025578627, -0.024113964, -0.0218075, 0.00096297887, 0.025155632, -0.0012052032, -0.008140026, 0.0021864888, 0.013380812, 0.020622538, 0.008989571, -0.00038065913, 0.008767246, -0.0018706559, -0.012236378, -0.007154548, 0.013226318, -0.0026738415, 0.014611125, 0.00091491727, 0.0072331536, -0.018606585, -0.015810965, 0.0022741817, -0.01602085, -0.004157083, -0.019464986, -0.004323339, -0.010318408, 0.031581458, -0.011119863, -0.0034095796, 0.030258013, -0.018115135, -0.033153698, -0.0042239744, -0.009655339, 0.01719941, 0.008373062, 0.0126953395, -0.03601643, -0.0034363712, 0.024941824, -0.0234837, -0.0075194086, -0.016782846, -0.000106523585, 0.019029446, -0.013945877, -0.00693071, -0.0025348328, 0.006388574, -0.0080399085, 0.051925443, 0.01870312, -0.005328165, 0.026514286, -0.011485934, 0.027253428, -0.010680996, 0.022955881, -0.026146915, -0.005709179, -0.034876615, 0.007873667, 0.015358192, 0.0148490565, 0.0077876574, -0.012012134, -0.036642432, 0.003450375, -0.007437143, 0.02543085, 0.026692089, 0.0166962, 0.015011, 0.0037666738, -0.0019624028, -0.049725432, 0.001345607, 0.013899793, 0.008763609, 0.0036079844, 0.0073425183, -0.007589001, -0.09853231, -0.014237776, 0.009777804, 0.0010904386, -0.00042601614, 0.026796926, 0.0008314307, 0.021533355, -0.022976989, -0.043385126, -0.022485666, -0.0439573, -0.0019059075, -0.0035093715, 0.0051812576, 0.027605496, -0.015248642, 0.016634608, 0.005199768, -0.028076325, -0.0003901422, -0.0017619757, -0.012769515, 0.01205887, 0.0139032, 0.008584382, 0.015295145, 0.044202667, 0.00054924836, -0.004318821, -0.007735724, -0.009015926, 0.013904838, 0.006327477, -0.002109686, 0.008266884, -0.010491208, -0.003412906, -0.0025297592, -0.0014707891, 0.00016179516, -0.005679883, -0.009195482, 0.0142447045, -0.029676808, 0.0070661325, -0.007785669, -0.018983973, 0.0057196594, -0.0019618755, -0.013782395, 0.025591733, -0.014708538, 0.031118069, 0.007869848, 0.018440714, -0.007505374, -0.008019984, 0.012493784, 0.0077227624, -0.04428866, 0.022466829, -0.004805397, 0.026552802, 0.004325243, -0.022252481, 0.027367668, 0.0049125385, 0.01059131, 0.02077766, 0.003496617, -0.017158872, 0.0030382709, -0.024703309, -0.006907768, -0.021028228, 0.005202754, -0.00030020482, -0.0059872717, 0.013322511, -0.03634945, 0.054578215, -0.0031525425, 0.048184592, 0.011559268, -0.00939282, 0.0109268045, -0.019914497, -0.0034958038, -0.026409578, -0.027965497, 0.010110495, 0.0134319, 0.009571191, -0.029738447, -0.01322912, -0.019767659, -0.00596577, 0.015796883, 0.014766732, -0.02244605, 0.005915051, -0.010685103, 0.02671506, 0.011500919, -0.039334387, 0.014847457, -0.005634737, 0.010441331, 0.02375558, -0.019301862, 0.017449694, 0.008126162, 0.012506775, -0.005651362, -0.020033645, -0.02820832, 0.012915251, 0.002185111, -0.024626914, 0.012377269, -0.021806693, -0.0032774846, -0.01812551, 0.022976376, 0.0074739843, 0.019789537, -0.008207439, 0.02489399, 0.026577815, -0.00074848294, -0.018233504, 0.0027217038, -0.010823771, 0.020866368, 0.010816671, 0.010682724, 0.030040976, 0.024658717, -0.0058340183, 0.0016282165, 0.0046540448, -0.013829425, 0.01586017, -0.007826099, 0.009281547, -0.0044773533, -0.0018057469, 0.011104236, -0.00995219, -0.009253827, -0.014405354, 0.027855448, -0.007266825, 0.0040016677, 0.017719934, -0.023451129, 0.0035631687, -0.0027145671, 0.013679299, -0.019701518, -0.009441055, -0.014961928, -0.004073503, -0.0019500495, -0.0052274424, 0.0096645625, -0.0037234847, 0.040228754, -0.010341066, 0.00086096127, 0.022233535, -0.011789843, 0.009047224, 0.019368606, -0.0016721393, 0.011106725, -0.0074522262, 0.003226358, 0.010017618, 0.017477347, 0.0059814546, -0.049712885, 0.0037666224, 0.0025840353, -0.0053194724, 0.008865944, 0.0031076584, -0.025453258, -2.1760423e-05, -0.00045718325, -0.0016018776, -0.0018206438, -0.0061787628, -0.0031277773, 0.0020857882, -0.02012995, 0.02088206, -0.032128766, -0.014975321, 0.020770771, -0.00023383652, 0.014512702, 0.014875689, 0.024571236, 0.00031560674, -0.016903406, -0.005834508, 0.012782135, 0.0076869624, 0.014391871, 0.012878116, 0.010773891, 0.014726852, 0.033635627, 0.009550043, 0.0033399141, -0.018026188, -0.010711108, -0.014881662, 0.0033262812, -0.032835465, 0.002387173, 0.0021978843, -0.0053455816, -0.0043293615, 0.000311836, -0.0108125955, -0.033477217, 0.022440154, 0.00052213174, 0.011631582, 0.0114878025, -0.020996751, 0.008342842, 0.048675902, -0.0020636965, -0.0046986477, 0.0003396318, 0.028656106, 0.029766249, -0.024518427, -0.007341971, -0.0038360306, -0.022403948, -0.0140697835, 0.021482132, 0.008371988, 0.006640161, 0.022746338, -0.019600978, 0.011604241, -0.018086264, -0.010784391, 0.0047688647, 0.034739345, 0.0068017687, 0.00027934965, -0.015296615, -0.026565226, -0.007616744, 0.0027069927, -0.010873273, 0.0036011648, -0.028030349, -0.015832627, 0.008995796, -0.014631033, 0.027587807, -0.0982431, 0.009413782, -0.03334832, -0.011400391, -0.027875885, -0.00523799, 0.014053987, -0.0070862365, 0.005743732, 0.0035395245, -0.02026853, -0.0019754088, 0.002766125, 0.00818642, -0.0017593884, -0.027925901, -0.017660411, 0.008288804, 0.0038422542, -0.007069564, -0.010479848, 0.030308671, 0.021752436, -0.012329118, 0.015356168, 0.00662191, 0.0049682315, 0.0074492265, -0.000641693, 0.013945214, -0.02037321, -0.027010897, 0.015052788, -0.0023438318, 0.032695655, -0.010425701, -0.00804839, -0.010787985, 0.008034587, 0.021750733, 0.0059838407, -0.028435666, 0.04716441, -0.04919312, -0.0010170843, 0.033188492, -0.0051370203, -0.00087625254, -0.0049549276, -0.03571359, -0.03255024, 0.0070348717, -0.01046364, -0.010242742, 0.012591179, 0.014952191, -0.05466587, -0.011885774, -0.009193102, 0.002546784, -0.0105398465, 0.0013637941, -0.0040488536, 0.010764548, 0.013030068, -0.013665429, -0.030107992, 0.0065462138, 0.025085026, 0.0013450568, 0.0050827907, -0.0018645227, 0.00507159, 0.01436786, 0.020978315, 0.0030376047, 0.017662311, 0.02173208, 0.010319821, -0.0062358025, -0.0035509437, 0.008542436, -0.09039254, -0.021715498, 0.00030709655, -0.022860289, -0.018910859, 0.0123983305, 0.033881046, 0.0007866242, 0.033662274, 0.01205363, -0.00041105476, 0.00380348, 0.0024969561, 0.0017940367, 0.005499601, 0.016768701, 0.023740549, 0.003060213, -0.006134144, -0.023677908, -0.01811536, -0.00044738525, -0.015851602, -0.009005373, 0.025644094, 0.00031410786, 0.02482862, 0.0016080827, 0.011526461, -0.016735854, 0.019990148, -0.14299692, 0.029280439, 0.013175274, 0.00538452, -0.02813681, 0.022428025, 0.03785039, 0.022858882, 0.0064740116, 0.007954822, -0.010000267, 0.021788381, -0.052982163, 0.018424109, 0.035493713, 0.094333254, 0.026960438, -0.016064446, -0.00016932342, 0.008305149, -0.016551401, -0.011304687, 0.018681327, -0.0019723107, 0.026823873, 0.00093331095, -0.0064642774, 0.017499305, 0.02368458, 0.022039326, -0.003636856, 0.013445891, 0.00013394379, -0.0033378692, 0.026675869, -0.0010373766, 0.019682351, -0.003098707, 0.03273177, 0.0047850786, 0.01316488, 0.015086956, 0.0012558646, 0.015766758, -0.010529491, -0.010701568, 0.025389142, 0.0039820317, 0.011084852, 0.0013171065, -0.009470194, -0.058298413, 0.013578834, 0.0038796419, 0.018921712, 0.028149374, -0.007991007, 0.018656487, 0.005800138, -0.005055166, 0.006645647, -7.1963754e-05, -0.008103629, 0.013848907, 0.0067993673, -0.016380832, 0.0026995267, 0.008315431, -0.0077508762, 0.027832098, -0.038878992, 0.02697055, -0.015647387, -0.014420571, -0.002478748, -0.009903517, -0.026509764, 0.0016523243, 0.009574192, 0.0128509775, 0.020569481, -0.009838375, 0.0056248815, 0.0005894053, -0.015971184, -0.0037195315, 0.0232824, -0.019150885, -0.0035579423, -0.016703913, 0.022634596, 0.0045484435, -0.018300176, -0.0063569397, 0.0369363, 0.017155621, 0.028972222, 0.021244893, 0.016908525, -0.0021400333, -0.012563017, -0.00987531, 0.010922166, 0.011209422, 0.0028240383, -0.0022128418, -0.0044364235, -0.016437253, 0.059850577, -0.028326077, -0.0038223239, -0.004126466, -0.0061637554, -0.0003759437, 0.016332952, 0.015142592, -0.008228298, -0.0068373056, -0.012411321, -0.010478814, 0.0056251837, -0.0039743343, -0.007015758, 0.0102649415, 0.005247951, 0.019270118, 0.0037253918, -0.0010727237, -0.0003513928, -0.025427736, 0.012651543, -0.01735835, -0.0029322456, 0.0031113722, 0.0056426576, 0.002705899, -0.0037906659, 0.008590215, -0.0028199444, -0.0107882535, 0.020398851, -0.004266074, -0.0027650339, 0.0015462787, -0.004538317, 0.008316087, 0.019118154, 0.02016122, -0.0077667586, -0.02105555, 0.0063205715, -0.016662702, -0.003261902, -0.017637148, -0.01616116, -0.0075892867, 0.008143781, 0.004189149, 0.0022101689, 0.0118054915, 0.017030453, -0.025180293, -0.00398905, -0.0024300413, 0.0044927592, -0.007911048, 0.016512847, -0.009561681, 0.022049643, -0.009119182, -0.006142425, 0.014931569, -0.00611073, 0.0042563896, -0.013252141, -0.0018210427, -0.0017152425, -0.009869502, 0.010408625, 0.0141297905, 0.013402077, 0.019009778, 0.0032103301, 0.0072807223, 0.01229016, 0.006014839, -0.017280133, -0.014354098, 0.0149368225, -0.0017356455, -0.0026496383, -0.016328061, 0.011289717, -0.018813146, -0.004062082, -0.004930128, -0.0075835274, 0.0077585527, -0.030019958, 0.0029778117, -0.011170037, 0.00070609985, -0.009103018, 0.00539841, -0.009393808, -0.0027125385, 0.008777411, 0.012742045, 0.002005973, 0.0030462628, 0.01191207, 0.0014916955, 0.01431014, -0.015327255, -0.01649941, -0.00097095186, -0.0015067854, 0.0060138195, -0.005943422, -0.0022191058, -0.029069073, -0.0072490866, 0.0017309844, 0.004905814, -0.0075093536, 0.010457862, -0.0013908896, 0.009308229, -0.011343372, -0.010873402, 0.0074871886, 0.012589899, 0.003314299, -0.012203848, 0.0012910352, 0.008208637, -0.0035168352, 0.013056941, 0.009112962, 0.0019618745, 0.0072504124, -0.006439721, 0.0064791925, -0.0065020234, -0.0113167325, 0.0033859569, 0.003814175, 0.008684995, 0.0029072894, 0.006200565, 0.0033853631, -0.0045233266, 0.013220528, 0.022862976, 0.027765444, -0.008415056, -0.010254465, 0.027035573, -0.0064598853, -0.0013580513, -0.019763246, -0.01542002, -0.02279171, -0.015350709, 0.0012301004, 0.007416662, -0.0114698885, -0.00016587936, -0.0009841067, 0.010730579, 0.0075720283, -0.00837686, 0.015837856, -0.014064979, -0.013552673, -0.022143586, -0.0001458307, 0.0104110185, 0.0074255588, -0.018377127, -0.008155986, 0.0010594936, -0.0077429214, -0.0009489665, 6.717843e-05, -0.006024561, 0.0045300256, 0.014943577, 0.0074491133, -0.0020986528, -0.009604255, 0.016764551, -0.008848666, -0.005286128, -0.0074700434, 0.0037823943, 0.0060023232, -0.0018254681, 0.0035715334, -0.0064084777, 0.016403956, 0.0056909835, 0.005144006, -0.03022638, -0.00402767, 0.0074466565, 0.007706465, 0.016820941, -0.013368607, -0.0076225726, 0.079622574, 0.02119986, 0.0052988552, 0.007220505, -0.0034737145, 0.0024521896, 0.010992102, -0.006579671, -0.010160651, -0.008956248, -0.02469221, -0.0045314967, 0.019066872, -0.0049974895, -0.00010085355, -0.0067857243, 0.009472789, 0.015974307, -0.015047819, 0.008354107, 0.011908273, -0.005728267, 0.012709821, 0.0030105903, -0.0020281745, 0.0003076369, 0.008013764, -0.020722905, 0.0084241545, -0.0135769155, -0.010600412, 0.014032918, 0.010732487, 0.016624063, -0.018530339, -0.0038850491, -0.006899098, 0.006805963, -0.0045632557, -0.001740504, -0.011344511, 0.0018339839, -0.011703973, -0.0019839178, 0.000929582, 0.007208733, 0.011033578, 0.018106485, 0.0020502831, 0.0062910193, -0.009563669, -0.008978293, -0.0023782246, 0.008001437, 0.0016885358, -0.006633865, -0.011362393, -0.002136351, 0.00072315644, 0.0011386997, 0.0077244723, -0.022637572, 0.0014195283, 0.011804441, 0.010845057, -0.005586645, -5.359394e-05, -0.00086218934, 0.0024521954, 0.012818597, -0.028288709, 0.009894617, -0.005095705, -0.023622693, 0.03920922, 0.0059678163, -0.0080389185, -0.013393105, -0.031534743, -0.006488321, 0.0047772354, 0.00049472455, 0.0028247933, 0.0035501039, 0.014135058, -0.0036919012, -0.0023459538, -0.0033744846, 0.0013023512, -0.0038427275, 0.0043348437, -0.011558605, -0.016526354, 0.01563826, -0.024355983, 0.012169603, 0.077052675, 0.010189226, -0.012328544, 0.0072756507, -0.011395178, -0.008070258, 0.003619619, -0.014361135, 0.019277047, -0.008505034, 0.023197917, -0.002293584, 0.00046199848, 0.011871036, -0.01565842, 0.010378549, 0.00300405, -0.019186404, -0.007833913, 0.0013090034, -0.0065314565, 0.011633413, -0.020805141, -0.0057967473, -0.001319289, -0.0063979216, 0.0070762206, 0.030843815, -0.025754392, -0.008398976, 0.0060847052, 0.011772671, -0.0056453994, -0.001060235, -0.0069034444, 0.0057971105, -0.021579767, 0.008458595, -0.0035939533, 0.012846861, 0.0023438884, 0.0073021804, -0.00085355656, 0.0117551815, -0.0033323558, -0.005349007, -0.017792124, 0.0047606453, -0.013132173, 0.005076881, 0.017680313, -0.0031567318, -0.010061457, 0.00081300206, 0.00068966474, -0.024661893, 0.0049312473, -0.013928793, -0.013764007, 0.02346852, 0.002888739, 0.011251246, -0.0110234255, 0.025141526, -0.011223957, -0.011964043, -0.01849681, -0.0019592056, -0.003030402, -0.0022430187, 0.009184172, 0.0108907325, 0.016160155, 0.004244897, -0.0065686405, -0.012400783, 0.016909685, -0.001523745, 0.0050420566, 0.0008080162, 0.016778218, -0.0040571443, -0.00010192773, 0.005610422, -0.004514207, 0.010322285, -0.0027630054, -0.010817944, -0.01658917, 0.00076201244, 0.009855031, -0.0064927787, 0.0026472295, -0.010228189, -0.0036042612, -0.010845668, 0.01973124, -0.0051217373, 0.008562036, 0.013259021, 0.0058844304, 0.014023498, 0.0055939183, 0.004375178, 0.0030821846, 0.0029456255, -0.007281956, 0.01237539, 0.0017179048, -0.016035454, 0.017720804, 0.0034504482, 0.022643538, 0.0058937054, 0.002394333, -0.017505806, 0.013288931, 0.006595252, -0.00024122617, 0.021554746, -0.010667304, 4.0088868e-05, 0.004441019, -0.01970367, 0.0057407306, -0.0055103637, -0.02182962, 0.0028951182, 0.005094436, -0.00569721, 0.003280399, 0.0040824204, 0.012235967, 0.0009478481, -0.0020875698, 0.0029475943, 0.00060230074, 0.0084058605, 0.021316469, 0.009643342, 0.013366932, -0.003861158, -0.00475843, -0.0054999157, 0.02355541, 0.0061777774, 0.010598494, 0.005199011, 0.013526452, 0.0053906646, -0.013281657, 0.0020014197, -0.015479031, -0.015937649, 0.0011568894, 0.005907718, 0.006957974, 0.0005554119, 0.0043233708, 0.018820316, -0.02131367, -0.039255276, 0.016842417, 0.005770834, -0.002418068, -0.00084842095, -0.0073994487, 0.021825315, 0.006668231, 0.014129729, 0.0025033858, 0.0031741534, 0.01051124, 0.003769729, 0.003792988, -0.007235329, 0.008116231, -0.013822785, 0.0022183063, -0.0034044317, 0.008688453, -0.0026700485, 0.0122640915, -0.008314959, 0.012918869, -0.013649721, 0.0017906395, -0.010120262, 0.001119147, 0.0036633103, -8.246049e-05, 0.0013873645, -0.004841729, -0.0011505757, -0.0130473785, 0.007618988, 0.011408395, 0.018943466, -0.009198614, 0.0001993333, 0.0011156879, -0.0018475485, -0.009901103, -0.024352735, 0.003551966, -0.010966704, -0.0142834615, 0.001082888, 0.003360893, 0.005233518, 0.0004620187, 0.012201417, 0.00080504565, -0.019168057, 0.001792927, -0.018651346, -0.0026162716, 0.0076846094, -0.004990941, -0.0060509434, -0.0057747196, 0.0026796688, -0.010787944, -0.01112327, -0.0033604812, -0.016187282, 0.001821802, 0.009582844, 0.012078497, -0.00024290955, -0.0018304272, -0.0041893385, 0.0070563895, -0.01979363, -0.016888427, -0.0081542125, -0.006523439, 0.030448694, 0.020482993, -0.0030086692, 0.006017399, -0.0047477726, 0.011464299, -0.011510768, -0.003604133, -0.0029591373, -0.0030084013, -0.005151002, -0.0059375186, -0.0211335, -0.014745076, 0.0014612968, -0.0104396315, 0.001091934, -0.012337433, -0.02443933, -0.0018994228, -0.007908952, 0.0016092313, 0.0014922704, 0.011822681, -0.008945358, 0.005984036, 0.020396922, 0.0052407705, -0.012160499, 0.017799387, 0.015709195, 0.012901855, -0.015249635, 0.010554529, 0.0014250756, 0.0023377123, -0.0074002948, 0.014268459, 0.0020505483, 0.022980236, -0.010321033, -0.024175253, -0.018277934, -0.00057161134, -0.017706787, 0.015365315, -0.0021564048, 0.005728266, 0.0031006178, 0.006944294, -0.022394516, -0.010312168, 0.018579891, 0.0079577975, -0.007521902, 0.0061694416, 0.026275951, -0.00896195, 0.0061346577, -0.00566336, -0.011623591, -0.004550559, 0.009186275, -0.010581336, 0.02123525, -0.005355774, -0.0038194961, -0.012092668, 0.0022377165, -0.014077242, 0.0041117985, 0.009435067, 0.004988752, -0.002832145, 0.004286697, -0.0047718915, -0.0079661, 0.0038937605, 0.015877135, 0.008429853, -0.006040178, 0.026933225, 0.009143289, 0.003184767, 0.022940129, 0.020976083, -1.30974395e-05, -0.0070006154, 0.012585089, -0.019797383, -0.0003835917, 0.0051521757, 0.012853151, -0.009326328, -0.004461556, 0.012178141, 0.017311823, 0.021472223, 0.0146144945, -0.014418431, -0.0027038192, 0.009598977, 0.004519467, 0.004680841, -0.013267642, 0.0059930175, -0.0062966025, -0.0026396238, -0.01407883, -0.013750301, 0.008185189, -0.005319122, -0.012248543, -0.009218787, 0.012784118, 0.010101296, -0.0043813214, 0.0046231574, -0.00039105833, -0.014285932, 0.017485173, -0.007381087, 0.012880547, 0.0031945324, -0.009155052, 0.008469696, 0.030859612, -0.008530503, -0.016490467, -0.07894952, 0.009372904, -0.013712914, 0.026226712, 0.021465749, -0.008420735, -0.008076424, -0.010419635, 0.00071797014, 0.0071258554, -0.0013186117, 0.0034566887, -0.0028348798, -0.017435508, 0.0005326759, -0.022814179, 4.7448022e-05, -0.004426124, 0.0026304035, -0.010995359, -0.0031977817, -0.0067864917, 0.013240335, 0.007035924, 0.0013081394, -0.008799856, -0.0077039306, -0.00050650426, 0.01632505, 0.011055949, 0.005697943, -0.010255578, 0.008678424, 0.0077322335, -0.0026814162, 0.009379662, 0.005715644, -0.011832033, -0.14162874, 0.0057978122, 0.008852912, 0.009706175, -0.0029145214, -0.003895502, -0.013117555, 0.00074259605, 8.666304e-06, 0.008214876, -0.004742147, -0.003994548, -0.011877269, 0.0028983562, 0.014773525, -0.020052308, -0.0019745557, -0.0068935254, -0.0016080479, 0.0077537275, 0.0012455371, 0.008764361, 0.005391913, 0.017585626, -0.021511808, 0.0010186632, 0.012292505, -0.011016416, 0.0062902626, -0.0017703885, 0.0154768955, 0.009974017, 0.0022671549, 0.009244211, -0.009223028, 0.0022304056, 0.008428827, 0.003660626, -0.0064922, -0.014920583, 0.0049179476, -0.0010778408, 0.022393197, 0.013772076, 0.0028805272, 0.01997254, -0.0030475708, -0.017149027, 0.0125405425, 0.00998351, -0.015497783, -0.0058141793, -0.009570074, -0.0037189333, 0.012891161, -0.00011498154, -0.007977916, -0.0152096925, 0.012650139, 0.0036830737, -0.0145862615, 6.0038487e-06, 0.0028562213, -0.0038707906, 0.0071566864, 0.005082595, 0.013382165, 0.020891976, 0.010462776, 0.0055469885, 0.022202285, -0.0002674576, -0.0005567562, 0.005156328, 0.00514011, 0.0038563523, 0.00030448587, -0.01954201, -0.011833858, 0.010449875, -0.012356097, -0.0049330993, -0.011935729, -0.012300724, -0.0048037153, 0.008418204, -0.0077817184, 0.0039452882, 0.0060210815, -0.05032301, 0.005844693, 0.0039801253, -0.017601034, 0.0014138483, 0.0044040293, 0.014109823, 0.020309972, 0.024169829, -0.0041661602, 0.018532181, -0.0048116334, 0.025243806, -0.013353731, -0.010674517, -0.020283302, -0.00026497978, 0.010502038, 0.003291354, 0.023178907, -0.022277245, -0.004104044, 0.0057443096, 0.02914452, -0.015925018, 0.006247201, 0.009072349, -0.0071937307, 0.010799473, -0.02917667, 0.01931543, 0.007817291, -0.0071489806, -0.0020701012, 0.0047271107, 0.0014223391, 0.012488812, 0.0038767261, -0.0027669477, 0.001450102, 0.013673184, -0.00831078, -0.000896355, 0.017307876, -0.01579985, 0.00050569896, -0.027751813, 0.019552581, -0.0016268393, -0.008054545, -0.008209787, 0.0061826664, 0.0089655975, -0.011672826, 0.01080611, -0.007792149, -0.017322453, -0.015251319, 0.015388073, 0.019522779, -0.00847095, 0.0004496168, 0.0017627068, -0.021561397, 0.012901685, 0.0001294109, 0.0063415626, -0.0018124487, -0.008648802, -0.00041536381, -0.022093184, 0.0010124536, 0.007389604, 0.017322747, -0.016848756, -0.0022467582, 0.002438467, 0.00025626124, 0.008107659, 0.0037673742, 0.020197628, -0.013254829, -0.004251067, 0.024651753, 0.0025339872, -0.026789848, -0.014572815, 0.032525014, -0.004188759, 0.013611935, -0.0004107232, -0.0016464284, 0.014209268, 0.007126355, -0.012924561, -0.0085713575, 0.0045023034, 0.009022492, 0.0017572014, -0.010708166, 0.0010638415, -0.013556673, 0.0028239829, -0.037176516, -0.0032180303, -0.0019961917, 0.014967732, 0.0026816488, -0.024921117, -0.024057515, 0.0024530874, -0.011585291, -0.010608361, -0.00637226, -0.15926948, -0.007091299, 0.0058801044, 0.020280646, 0.006029354, 0.0071593407, 0.004694026, -0.011725877, 0.011195415, -0.02706964, 0.022642352, 0.032771215, -0.00033459344, 0.0042700158, 0.0004438379, -0.019054797, -0.003701186, -0.002871393, -0.00523789, -0.02285371, -0.03191105, 0.0062587084, 0.012990216, -0.0025819216, -0.017744895, 0.00011588226, -0.0029280474, -0.003128257, 0.0061612837, -0.012503045, -0.0036524765, -0.011204528, 0.00025703423, 0.01789809, -0.014448164, 0.005953222, -0.02242238, -0.0030975374, -0.005914714, -0.007992803, -0.0055169305, 0.014038272, -0.028181385, 0.010246853, 0.010065204, 0.020771824, -0.022951113, 0.0039936802, -0.01865356, 0.0043417336, 0.006675573, 0.007343981, 0.0056043286, -0.024498742, 0.017185753, -0.029926326, 0.02210626, 0.010065028, 0.011464743, -0.00476926, -0.03451481, -0.0024422207, -0.0005696975, 0.007413851, 0.011611301, -0.0052151205, -0.0021918064, 0.14631061, -0.022234222, 0.0074130893, 0.009196147, -0.013785985, -0.00017264609, -0.012589153, -0.009628019, 0.004468994, -0.0017470323, -0.011491644, 0.017724287, 0.0066493964, -0.01184112, -0.023387408, -0.008035029, -0.0025351478, 0.022863917, -0.009370106, 0.00456413, -0.008652514, -0.0021900781, -0.009399372, -0.0073296786, 0.004268541, -0.0197299, 0.014673213, -0.017628888, 0.026609814, 0.0011076757, 0.010720562, -0.003910154, -0.0024686113, -0.015521623, 0.011062548, -0.0032659548, -0.013679031, 0.012867272, 0.018753707, -0.003166648, 0.034368083, 0.003386478, 0.010079299, -0.047183335, -0.0056789247, 0.011575426, 0.027069977, 0.0034946261, 0.0071929335, -0.005374994, -0.025378387, -0.005728818, -0.02971552, 0.0039675264, 0.00633472, -0.020287195, -0.012234345, 0.0067493794, 0.006257438, 0.01680753, 0.014875237, 0.016247991, -0.030574048, -0.009154652, 0.006883102, -0.015060555, 0.0061749066, -0.007992733, 0.0059607676, -0.11695711, 0.0078040175, -0.030114317, -0.0018890582, -0.0029251485, -0.04132227, 0.014279876, -0.0021379006, 0.016709344, -0.01850161, -0.01591397, -0.0063206204, 0.019894948, 0.0005974783, 0.0052587916, 0.008623776, 0.010586985, 0.010093088, 0.021064278, 0.01592994, -0.0071693207, -0.0023108646, 0.018608514, -0.021728812, -0.004935558, 0.03431049, -0.018144501, 0.006276452, -0.012321639, 0.0067214225, 0.004590847, 0.0009773903, -0.014916609, -0.0066068145, -0.009849726, 0.0034863774, -0.01202683, -0.0060807564, -0.011621858, 0.0030408292, 0.006636697, -0.005529966, 0.0050459253, -0.004609511, -0.003691699, -0.00968959, -0.016842801, 0.011548434, 0.004655749, -0.011540248, 0.0026859639, 0.0060678157, 0.0009851095, 0.000843042, -0.0017688626, 0.004513001, -0.0013243523, 0.005294453, 0.013687687, -0.030678421, 0.017726174, -0.0055930824, 0.0032158406, 0.015467777, -0.0006371861, -0.0067341295, -0.004701147, -0.0032553468, -0.0012336563, 0.0093761105, -0.0043002195, -0.002818062, 0.006967678, -0.021139106, -0.015787689, 0.016527785, 0.00790173, -0.0007896694, -0.013842051, 0.014418742, -0.0029325695, 0.021429947, 0.01299582, -0.011523264, 0.04190969, -0.011555399, -0.0014180483, -0.011833035, -0.01685978, 0.019016992, 0.0046654553, -0.017277924, 0.025043324, -0.0022158457, 0.013764021, 0.022604007, -0.004052454, -0.0006790216, 0.010118182, -0.0029340251, -0.00079275685, 0.00076942565, -0.015273592, -0.00072397414, -0.009632378, 0.013688867, -0.0118374815, 0.017955799, -0.009050424, 0.011416903, -0.008735183, -0.00030207267, -0.0003833468, 0.01341736, 0.0038793841, -0.0044622705, 0.0041436185, -0.011883574, 0.00030080086, -0.016031066, 0.00041275323, -0.003717125, 0.0028184424, -0.0059017325, 0.008589849, 0.019000014, 0.010980932, -0.0062071667, -0.0038261723, -0.019969802, 0.019702358, -0.013013125, -0.012952741, -0.01040701, 0.0018570259, 0.003159084, 0.019999746, -0.0021660996, -0.01207396, -0.016230233, -0.004506806, 0.01881994, 0.003816564, 0.0050159045, -0.0004343023, -0.022256458, -0.004983549, -0.007540491, 0.00018241482, -0.0057251668, 0.02428449, 0.0051681995, -0.01260412, 0.014379333, -0.0020835348, 0.0031412905, 0.0029203573, 0.012191591, -0.020114465, -0.00652624, -0.011153553, -0.004610253, 0.00718429, -0.011126598, -0.0047832355, -0.0020559998, -0.008333914, -0.014812787, -0.020490833, -0.023589836, -0.0112846205, -0.0063489513, -0.007133426, -0.00027385465, -0.0029487328, 0.008635891, 0.0004528922, 0.016850354, 0.008095887, -0.07476536, 0.010002959, 0.0057436638, 0.003731672, -0.005123768, 0.022128401, -0.0032983208, 0.016505508, -0.011370946, 0.004705475, 0.013997126, 0.0034099678, 0.0068213046, -0.016627625, -0.012370751, -0.0012224711, -0.025834575, 0.016724529, 0.002457856, 0.016405206, 0.002211023, 0.0021926984, -0.002587154, -0.0061473395, -0.017417476, 0.010330923, 0.01036105, 0.037102535, 0.0010637656, 0.0067923777, -0.02642244, -0.008040502, -0.014382999, -0.014518095, -0.0009652018, -0.0068330104, -0.012008694, -0.037675753, 0.011412873, -0.060430706, -0.013134232, 0.033749636, -0.057613414, -0.014443217, 0.016435781, 0.024499882, 0.006059397, -0.009580958, -0.020791987, -0.026807258, 0.009074011, 0.006431122, -0.003441546, -0.0041238363, -0.011413532, -0.020506209, -0.020808263, 0.007260716, -0.005836188, 0.0016577971, -0.026016854, 0.0028865933, 0.0022820707, -0.0040309066, 0.0044490127, 0.03235114, 0.00826558, -0.0006744369, -0.0029086052, 0.026768297, 0.011269083, -0.016512021, 0.04321949, 0.000119394565, -5.0509207e-05, -0.004693419, 0.011110683, -0.0037897998, 0.016472405, 0.014616761, -0.009137473, 0.0072958344, 0.017729314, 0.044877876, -0.0021331448, -0.02122564, -0.0046020197, -0.07875212, -0.0003276383, 0.008385922, 0.00075092964, -0.000109512905, 0.007337093, -0.006294036, 0.049203727, -0.0077384403, -0.014224642, -0.026620075, -0.0009815037, 0.015211546, 0.015711635, -0.014986915, 0.0037099815, -0.01696856, 0.013580545, 0.00845031, 0.022872811, 0.019260896, -0.0071409694, -0.016832713, 0.0017433857, -0.010379918, -0.06733092, -0.02544402, -0.029134225, -0.006518195, -0.0011580056, 0.009645707, -0.014937186, 0.010209063, 0.004619635, 0.015199736, 0.020047143, -0.029425362, -0.006369075, -0.008181682, -0.0026427393, 0.028423192, -0.009350327, 0.006787457, 0.029180882, 0.0095786, 0.006350176, -0.008462001, 0.017716922, -0.029720878, 0.0010282825, 0.010295901, -0.02796235, 0.019860575, 0.013320816, 0.011265514, -0.015945707, -0.0067300177, -0.010921647, 0.009703222, 0.0008127691, -0.018489819, 1.4873517e-05, 0.017936295, 0.0050953315, -0.019962419, 0.019419456, -0.016754659, -0.0012466023, -0.008003431, 9.1155474e-05, -0.016912237, 0.005494074, 0.033794645, 0.0049292278, -0.006934345, 0.0041182097, -0.007409665, 0.029810669, -0.0030496472, -0.02489231, 0.016709285, 0.005066882, 0.010798354, 0.025269812, -0.0047034957, -0.022788433, -0.0061702672, -0.02858406, -0.00012892445, -0.00794376, -0.013499984, -0.0049354862, 7.936095e-05, 0.02018643, -0.009938143, 0.0041558556, 0.011361022, -0.0035256098, -0.0057827975, -0.031382684, -0.00045833006, -0.017929535, -0.026866574, 0.012661168, 0.0063198884, 0.0014816672, 0.010481162, -0.004933576, 0.0142539805, -0.01607594, 0.016414864, 0.012731925, -0.0048471563, -0.0016320616, -0.025309028, 0.02774576, -0.0040349313, 0.018310703, -0.013024814, -0.0046750153, -0.0039602513, 0.014885847, -0.011240228, -0.02249802, -0.009113829, -0.013282849, 0.0011692946, -0.002320978, -0.003745004, 0.01571832, -0.002177222, 0.017813683, -0.025027646, -0.0031079166, -0.0014518423, 0.025341043, 0.0067692576, 0.008907779, -0.028176542, 0.021810908, -0.012111067, 0.008328694, 0.007746051, -0.0076335473, 0.03380187, -0.01614708, -0.005355276, -0.036359284, -0.009262859, 0.00171829, 0.00710241, 0.01276149, 0.014067324, -0.009101431, -0.03113543, 0.019693002, -0.011666291, 0.0028362498, 0.0037336526, -0.010652454, 0.01980082, 0.02005741, 0.0010652528, -0.0048065446, -0.0018216074, -0.024906145, -0.02844953, -0.012066061, 0.02082707, -0.009895189, -0.008852935, -0.019746004, 0.0036032838, -0.016205072, -0.008691148, -0.014489198, -0.009732667, 0.01366992, 0.0034055577, 0.0002141807, 0.027070204, 0.021337966, 0.003626949, -0.015289317, 0.012970104, -0.012896143, 0.020941554, -0.020274479, -0.005131864, 0.024432413, 0.00085680914, -0.010358831, 0.003618603, 0.002142748, -0.02559937, 7.073632e-05, 0.0065399045, -0.017894723, 0.00678705, 0.026353277, 0.007843517, 0.0052651023, -0.009743602, -0.022142349, 0.015183297, -0.0016948611, -0.013695789, 0.0001315469, -0.014029686, -0.0034491546, -0.011767545, -0.005171039, 0.013516696, 0.0029842027, -0.0032466515, -0.013905495, -0.00902606, 0.006849159, -0.008343388, 0.00042976456, 0.017598487, 0.0013936873, 0.017097527, 0.012620066, 0.0041642943, -0.008302929, -0.028057097, -0.013728748, -0.016811678, 7.2989555e-05, 0.009158204, 0.005290745, -0.013724687, -0.01222835, -0.020611009, 0.0034641742, -0.01645237, 0.008691412, 0.019023195, -0.0100639425, 0.016245065, -0.014671038, 0.030313939, 0.013764364, -0.021734191, -0.014577462, -0.00054439314, -0.015172197, -0.0062169563, -0.014119913, 0.0072342707, -0.009784117, -0.017207384, 0.0035201933, 0.015931828, -0.009028096, 0.013692309, -0.009546721, 0.011008691, 0.0032146852, 0.0016690854, 0.0142515395, -0.0060227425, -0.016912045, -0.04584036, 0.0055976324, 0.021525314, 0.00459188, 0.011319226, 0.003954613, -0.0129242325, -0.016344134, -0.009434712, -0.0056120087, -0.004912337, 0.03926385, -0.012195943, -0.01815296, -0.0014317005, 0.013764467, 0.016732022, -0.0026829592, 0.029901559, 0.00941402, -0.00088076264, -0.01491916, 0.011693016, -0.013153708, 0.019065134, -0.0052442574, 0.01861691, -0.004090889, 0.003215702, 0.00030318598, 0.0050822063, -0.024435742, 0.0043198904, -0.008002758, -0.010528629, 0.0063639074, -0.0048911097, -0.0021070098, -0.02722015, -0.00019289872, -0.012391499, -0.017616646, 0.006351019, -0.010839691, 0.001845866, 0.003962034, -0.011304907, 0.010358216, -0.0059639756, 0.0035695985, -0.023253186, -0.0011496831, 0.006036383, -0.0052292673, -0.009345488, 0.018374173, 0.020457394, 0.011949043, -0.004332645, 0.010444891, -0.005342329, -0.006779437, 0.016092598, -0.0026093905, 0.022233829, -0.01449751, 0.013856346, -0.01217462, 0.008916306, -0.015864868, 0.00472528, -0.0051331073, 0.0015791621, 0.0063154763, 0.0041279593, -0.009595839, -0.012689301, 0.02686928, -0.00395089, -0.03494662, 0.010596503, -0.025328748, 0.023099931, -0.0148181245, 0.0201422, 0.025254002, -0.009220235, 0.0063598426, 0.016980302, -0.0071595837, 0.011064109, -0.014903147, 0.0116731245, 0.010520666, 0.0054744314, -0.02459429, -0.010077027, 0.02982003, -0.0070250127, 0.0040461803, -0.00169483, -0.011363846, -0.010474465, -0.0012211604, 0.003318606, 0.023566091, -0.0004322623, 0.0016802258, -0.012437043, 0.011516036, 0.00621989, 0.018704193, 0.0053910045, 0.0004749386, -0.0017439487, 0.0048902505, -0.0037864891, 0.023048311, 0.004325784, -0.0016649902, 0.013061587, 0.0021458797, 0.018364798, 0.010984097, -0.0018686096, -0.00923836, -0.013367591, 0.001055594, 0.012386839, -0.013852268, -0.018359048, -0.0059181764, -0.011770077, 0.0048939446, 0.005909549, 0.0025220162, -0.0026627944, 0.012615195, 0.0071836025, 0.0038344448, 0.0077660955, 0.018772768, 0.008665773, 0.00811388, 0.008004233, -0.01165094, -0.014615822, 0.02819836, 0.0082865795, -0.0004540635, -0.022062631, 0.024876056, 0.0031621277, 0.022055808, 0.0039542685, -0.012194035, 0.004234415, 0.011427602, 0.008697369, 0.0314114, 0.02362466, 0.023455534, 0.021033145, -0.016741686, -0.008706295, 0.013707613, -0.0016369254, -0.0235727, -0.021543633, 0.019331062, 0.0014154202, 0.020837493, -0.0132145025, -0.0035849488, -0.005868529, 0.013740078, 0.024496695, 0.002470887, -0.00034037762, -0.00024674344, -0.0081927385, 0.029526696, -0.013686549, 0.014734765, 0.020985816, -0.009489935, 0.021357892, -0.016788764, -0.009070325, 0.0008442872, 0.0009877201, -0.027661372, -0.0028771004, 0.019246811, 0.003043065, -0.012546519, 0.0061883396, -0.008451779, 0.0002543393, -0.009613065, -0.00032297557, -0.017312603, -0.007078471, 0.027810598, 0.004690696, -0.014047536, -0.046144344, -0.011403267, -0.05815541, -0.0017454615, -0.0038635791, 0.004940458, -0.0015858482, -0.027818143, 0.012266345, -0.016744338, 0.01027865, 0.00071432436, 0.0077407868, 0.0016499133, 0.01064312, -0.002420017, -0.0074035428, 0.00079221633, -0.020305049, 0.0018640897, 0.0010402442, 0.011307808, -0.0040526115, -0.013599489, -0.003829725, 0.01410562, 0.013753391, 0.0043398724, 0.01869736, 0.005348956, -0.001470575, 0.003557281, 0.0028281477, 0.016319927, -0.00087296363, 0.01870154, -0.000927197, 0.01666577, -0.00021574601, 0.0024655832, 0.0022519927, -0.030321842, 0.0016893463, 0.007900312, 0.021849573, 0.011822193, -0.020728828, -0.018375743, -0.021678852, 0.0057734544, -0.0048559755, -0.007712048, -0.008321723, -0.010151971, 0.006333965, -0.026184086, -0.0012654858, -0.00137886, 0.009451754, 0.015151273, 0.0112297665, 0.021095483, 0.0059019667, -0.004712606, -0.016276235, -0.003591024, -0.0101850685, -0.019904003, 0.0026519343, -0.0062243794, 0.0040413025, 0.022738146, 0.006281946, 0.007320282, -0.005669083, 0.01707975, 0.0033037183, 0.02035894, -0.0080374945, 0.023011895, -0.00056559674, -0.009553473, -0.0028775567, -0.012924573, 0.00083586795, 0.0046708165, 0.0022221792, -0.017850317, -0.019213635, -1.3246603e-05, 0.005815556, -0.008376755, -0.012401983, 0.005738435, 0.017128801, 0.013026157, 0.013781453, -0.02547623, -0.008843743, 0.010095379, -0.0011168877, 0.003126295, 0.019587666, -0.01114022, 0.0175336, -0.008007567, -0.007896522, -0.0023804784, 0.0014718885, -0.00024643634, -0.0070923795, -0.027859842, -0.005897675, 0.0061009936, 0.00024755567, -0.0016162728, -0.016051676, 0.0073470715, -0.013356778, -0.0006516636, 0.0022025125, 0.0069259685, -0.011279317, -0.01194602, 0.0056538186, 0.02295841, -0.010908887, 0.0046710325, 0.0070163915, 0.011542252, -0.018992532, -0.020359647, -0.009119695, 0.002431745, 0.0040778103, -0.0049933787, 0.023180747, 0.008759459, 0.0053947675, 0.0100599965, 0.019517379, 0.06729875, 0.016712237, 0.0077646384, 0.009523471, -0.008681836, -0.011027869, 0.009345477, 0.0050357278, -0.00363812, 0.00048146505, -0.013865203, 0.01344031, -0.016136467, -0.020130899, 0.02489961, -0.0005697658, 0.006482259, -0.019451026, -0.013038987, 0.0017375534, 0.01132258, 0.013197921, -0.01562728, -0.0018191632, -0.023456044, 0.0019012248, 0.028611064, 0.002733852, -0.0034913383, 0.014728321, 0.014695655, 0.0089116255, 0.0290693, 0.0007477471, -0.018349608, 0.0064711943, 0.009290446, -0.00394041, 0.009926063, 0.02951892, -0.0084718745, 0.011845402, -0.030280283, 0.00054406206, 0.01601634, -0.009259354, -0.011324198, 0.010691659, 0.010292899, 0.0015364019, -0.011700043, 0.008925629, 0.019849598, 0.013418887, -0.024213573, 0.013068087, 0.0026805315, 0.005158012, -0.0104055675, 0.036795314, 0.005277893, 0.0007783648, -0.012249837, 0.0068663196, 0.020674935, -0.0026913837, 0.0071067456, -0.005767603, 0.00082010304, -0.007112079, 0.013959387, 0.019707007, 0.0012050975, -0.008678508, -0.012796087, 0.16837135, 0.13062228, -0.0005575442, -0.015071568, 0.0071400516, 0.013152887, -0.011826647, -0.02831093, 0.012800766, -0.013399918, -0.01593358, -0.012887121, -0.005676439, 0.013466261, -0.016925888, 1.8480627e-05, 0.020480815, 0.008857011, -0.008782906, 0.01701768, -0.020926556, -0.0043004113, 0.0017846442, -0.012891525, -0.026951453, -0.0012490571, -0.0066772955, -0.012253575, -0.010829395, -0.005010611, -0.014574778, -0.011208135, -0.012270951, -0.0052873297, 0.013316105, 0.0066671004, -0.025515255, 0.021816686, -0.0003728253, 0.004840811, -0.009899145, -0.019930575, 0.013871227, 0.028027128, 0.04853763, 0.01312996, 0.0065504177, -0.0051079835, 0.0067769927, 0.024699345, 0.009715286, -0.0022109195, -0.0021876371, -0.009988037, -0.012999363, 0.0033569622, 0.014706677, 0.004927732, 0.015887046, 0.0045789997, 0.005039984, 0.02258513, -0.014377385, -0.009514053, -0.0075548496, 0.014907841, 0.0030150104, 0.0073011164, -0.007954731, 0.004229841, -0.00109616, 0.030871006, 0.0010717334, 0.015403055, -0.014642297, 0.025849978, 0.013400014, -0.023439465, 0.012459422, -0.0013073054, -0.005607851, 0.023948796, -0.0070126266, -0.004898733, 0.005335838, -0.00767062, -0.008348593, 0.014705685, 0.12014272, -0.007767553, 0.015534146, -0.0055000684, 0.009007692, 0.004298517, -3.434575e-05, 0.044442993, 0.003612077, 0.016375996, -0.0039926744, -0.0079836985, 0.023651496, 0.0054166703, 0.0036792771, 0.012927741, 0.027855258, 0.050305888, 0.007403585, 0.009095351, -0.003418018, -0.009350248, 0.004327499, -0.0014077963, -0.009088742, -0.027501618, 0.010607822, 0.018445753, 0.0003766776, 0.00047575083, -0.080205925, 0.006060124, -0.0028201428, 0.018033048, 0.01108872, 0.023779012, -0.0130929835, 0.01973292, 0.0044380873, 0.030270936, -0.025306765, -0.006756738, 0.011705315, 0.0030688865, 0.010756996, 0.0054855403, 0.036001127, 0.009045229, 0.00938899, 0.010404135, -0.010200464, 0.004441653, -0.005556472, -0.00513805, 0.01854097, 0.009029975, -0.018545875, 0.025727069, -0.0065975646, 0.012314501, 0.0033561585, -0.0025288288, 0.006620513, 0.0097698625, 0.020484738, 0.010751294, 0.0034637277, -0.004147945, -0.0133361, -0.012794302, 0.009326931, -0.015389871, 0.00038578265, -0.01293013, -0.0031724356, -0.006957127, -0.0023384462, -0.0073872395, 0.0024733655, 0.0010332459, 0.009284919, 0.014322338, 0.036140714, -0.0137043325, -0.01118608, 0.0047608875, 0.0091765765, -0.02460934, -0.0016016891, 0.010031907, -0.013775868, 0.0021983534, -0.0034766044, 0.0032059907, -0.014956971, -0.025036385, -0.0005294752, 0.0093794465, -0.01340935, 0.006390903, -0.014810517, -0.0009897928, 0.0018542215, -0.010447539, -0.00455718, 0.016017124, -0.040129617, 0.013086228, -0.012344577, 0.004458915, 0.007258438, 0.006770671, 0.032119833, 0.1267172, 0.008225331, 0.018875865, -0.004259904, 0.00080807676, -0.0068523632, -0.029018298, -0.024457108, 0.00604487, 0.007497317, -0.010665901, 0.017132685, -0.011023126, 0.0033500378, 0.017277436, -0.0056535723, -0.010874623, 0.010387729, -0.0045750453, -0.010920101, 0.03699097, -0.01436373, 0.040943213, -0.017245103, 0.010056195, 0.0041479208, -0.020199412, -0.0064324997, -0.0010371179, -0.006951402, 0.011906513, -0.00516651, -0.005018471, 0.002083553, 0.002297653, 0.0075452216, 0.013683265, 0.0083942795, 0.00665349, -0.0069761076, 0.0069727064, 0.00946805, 0.002537461, -0.0071245576, -0.040248547, 0.19475992, 0.003619469, -0.0013386951, -0.021273823, -0.024262613, -0.014672751, -0.015378082, 0.009120407, 0.0045078513, -0.0068008187, 0.0129276, -0.013945363, 0.0056552947, 0.019747317, -0.017184936, 0.0009724574, 0.00908386, 0.007071022, -0.02133702, -0.00078470015, 0.011803939, -0.008856978, -0.016074175, 0.00399819, -0.008609043, 0.011654789, 0.0043123146, 0.02896957, -0.013655922, 0.010079662, 0.011544622, -0.003111185, -0.0019038703, -0.013966304, -0.004211904, 0.0017100961, -0.00043767298, -0.011575652, -0.005193467, 0.00568604, -0.0031365291, 0.008163045, 0.013501438, -0.0035026127, -0.0010385349, -0.01524982, 0.003404164, 0.0016228225, 0.016160715, 0.020393375, -0.021655608, 0.027049614, -0.0068474594, -0.0006661786, -0.017481357, -0.019800369, -0.026700594, 0.0015801203, -0.003039623, -0.00079387246, 0.013125903, 0.008060348, 0.010165918, 0.008046024, -0.009280242, -0.00068903534, -0.024459986]"
Mensajes en Spotify: como funciona el chat en la plataforma de musica,https://oem.com.mx/elsoldemexico/img/25513559/1756675888/BASE_LANDSCAPE/1200/image.webp,TENDENCIAS,no descripcion,https://oem.com.mx/elsoldemexico/tendencias/mensajes-en-spotify-como-funciona-el-chat-en-la-plataforma-de-musica-25513025,"[0.0045200624, 0.006090184, 0.01736763, -0.06967277, 0.00040756457, 0.0005059901, -0.010503275, 0.0031954965, -0.009578676, 0.015350128, 0.017102724, 0.009579613, 0.009439303, -0.018855715, 0.12518711, 0.019664133, 0.009937769, 0.008919568, -0.025678115, -0.001972869, -0.0008884372, -0.00089719356, -0.018411705, -0.0009509045, 0.016858993, -0.021222712, 0.017088348, -0.024185658, 3.1917618e-05, 0.027490802, -0.00022140052, 0.0330639, -0.023756709, 0.019570103, -0.0064819427, 0.04122669, -0.008279358, -0.015540176, -0.029101355, 0.011800353, 0.007665036, -0.009118671, 0.008038175, -0.023677051, 0.009413852, -0.00031715166, -0.0006719167, -0.01194332, 0.02759956, 0.014537783, -0.014787993, 0.0010561339, -0.010126407, -0.1727054, -0.002217106, -0.04183172, -0.0008914292, 0.0065784156, -0.022406226, -0.024871575, -0.004512007, 0.013615076, -0.016840743, -0.02698651, 0.006026928, -0.0018050576, 0.013553361, 0.020852186, 0.01380923, 0.0050947345, 0.008918375, -0.014231787, -0.04618419, 0.008555448, -0.010889099, -0.01377283, -0.0066472236, -0.0055437265, 0.007676206, 0.0035715462, -0.0007067078, -0.0052254493, 0.0067506754, 0.014081907, -0.007783199, 0.020192835, 0.003250878, -0.01946384, -0.015190317, 0.027038084, 0.012017233, 0.0117252525, 0.020156382, -0.01833752, -0.030396312, -0.00059466815, 0.030521402, -0.005578163, 0.0032728359, 0.005909266, -0.01538369, 0.007797691, -0.020764085, 0.008936118, 0.0051905382, -0.0029154746, 0.017354995, 0.022781957, -0.010109817, 0.0003062818, 0.008627551, 0.0077547655, 0.009906853, -0.00086880743, -0.01094042, -0.12755184, 0.0024753506, -0.00042436464, -0.008255275, 0.012001041, -0.016816586, 0.0009618166, 0.0108071435, 0.029737657, -0.040385872, 0.015289929, 0.011850667, -0.006585571, 0.0033675665, -0.010710538, -0.013369498, 0.011225066, 0.030752283, -0.030987388, -0.026895296, 0.0235287, -0.01582073, 0.023297785, -0.018809313, -0.001674763, -0.0069161505, -0.0061363084, -0.008848862, -0.011464237, -0.013716608, 0.0045801257, -0.008616615, 0.027103495, -0.005824875, -0.012695476, 0.01322996, 0.0014765293, 0.012156921, 0.011468457, -0.014726903, -0.04663836, 0.016605362, -0.008559143, 0.020289961, 0.0093565155, -1.4042109e-05, -0.01873796, -0.01964109, 0.018343447, 0.005883929, 0.00916416, -0.0034653912, -0.00043503896, -0.0017981246, 0.029202046, -0.023733603, -0.01302058, 0.0057514017, -0.015167595, -0.0051751942, 0.02641165, 0.013208947, 0.011218449, 0.0037505827, -0.034370534, -0.014095393, 0.014923614, -0.013929185, 0.022589799, 0.007376249, 0.020660257, 0.017642712, 1.1140248e-05, -0.0065288004, 0.0018506157, 0.00031391552, 0.003180329, -0.005018742, -0.00790348, 0.0150239365, -0.020887882, 0.026611932, 0.018025937, 0.003581282, -0.010061262, 0.031135112, -0.0111523755, -0.03154213, 0.0057181926, 0.012441434, -0.029789567, -0.032125734, 0.0022227676, -0.0071338224, 0.01020785, 0.013647177, -0.018317705, 0.0046220194, -0.013066126, 0.022640798, 0.026578357, 0.02084604, -0.023831496, -0.005776595, -0.036874935, 0.0020791246, -0.012711028, -0.013902237, 0.021251988, -0.002420496, -0.012410314, 0.003495093, -0.02437152, 0.03629058, -0.02115008, 0.012924135, 0.022882152, 0.003120272, -0.01228263, 0.016758606, -0.0031641605, -0.015336434, -0.006907342, 0.020520208, -0.0016151337, -0.002155749, 0.005212687, 0.002161157, 0.012422782, 0.008809496, -0.012762394, -0.015928932, 0.0056869034, -0.011205553, 0.03589605, 0.042039946, -0.0045122877, -0.018118974, 0.014367966, -0.023245886, -0.03389403, -0.008470632, -0.00011314006, -0.020257346, -0.0031795902, -0.019841926, -0.01825794, -0.021001548, 0.012065765, 0.0009400164, 0.00936356, 0.0014615607, 7.0399365e-05, -0.03161991, 0.023151431, 0.012148533, 0.00412241, -0.010217655, -0.021738453, -0.006240985, -0.0046832785, -0.06734863, -0.011680517, 0.004424192, -0.020813787, 0.0049847094, -0.007673991, 0.0128109185, -0.00019858038, -0.010230464, -0.013346238, -0.044192843, -0.024310062, 0.028672352, -0.03579746, 0.020942334, 0.0073577603, -0.003035215, 0.0050208815, 0.01999824, -0.015718807, 0.028141089, 0.035765775, 0.018586697, -0.034690417, -1.716017e-05, -0.018373458, -0.0008169201, 0.032997604, 0.008974304, -0.024662754, -0.008614234, 0.0038970998, -0.01120631, -0.015073442, 0.011497495, -0.019942332, -0.018003454, -0.017359115, 0.03284258, -0.018687012, -0.0055277753, -0.020913426, -0.0069093, 0.015075619, 0.0108226705, -0.038049642, 0.0048452998, -0.024690142, 0.0035244843, 0.00012080472, 0.0026805454, -0.007376811, -0.00506512, 0.011974362, -0.019888641, 0.012907657, -0.0053613647, -0.029753156, -0.0007173116, -0.005876578, -0.008688359, 0.0002544382, -0.011537915, 0.016195714, -0.0067253932, 0.004590473, 0.018296793, -0.0042027007, -0.03007991, 0.016953198, 0.0066295164, 0.0021780306, 0.00936224, -0.04367877, -0.009296492, -0.0027786198, -0.032974355, -0.0082400795, -0.014521575, -0.012647014, 0.014636304, 0.0056315865, 0.022378633, 0.0042436854, -0.000686111, 0.017283998, -0.027538395, 0.023363579, 0.0023716611, -0.0056496216, -0.0038827898, -0.014008694, 0.0035311289, -0.013675636, 0.0033246598, 0.007730315, -0.023234228, 0.021721408, -0.003781919, 0.0051937993, 0.0031629964, 0.012852847, -0.0059810006, 0.019990468, -0.011949216, -0.023461731, 0.00732367, 0.008561484, -0.019234957, 0.0017984435, 0.0014285382, 0.003027741, -0.01401249, -0.039068177, 0.005486276, 0.022715446, 0.00060180953, -0.011672707, -0.019611873, 0.022544907, -0.02376092, 0.026928198, 0.02524704, 0.024924096, -0.03576434, 0.0012229698, 0.002759836, 0.030474892, 0.03797414, -0.028115889, -0.008148314, -0.04489383, 0.02085152, 0.007405437, 0.011809322, 0.0035744805, 0.01475352, 0.013033733, 0.019487882, 0.034721192, -0.022090849, 0.019111542, -0.014946538, 0.020582985, -0.007713092, 0.008451005, 0.018880164, -0.020049434, 0.013481719, 0.027989613, 0.007332252, -0.034868143, -0.015823869, 0.0161712, -0.00297899, -0.008464564, 0.00093937747, -0.015110412, -0.0034889085, -0.01865063, 0.019325882, -0.0352968, 0.013273154, -0.00630509, -0.010523577, -0.014460226, 0.013080147, 0.007280347, 0.02592259, 0.0004844529, 0.005209841, -0.0066882693, -0.004372272, -0.010866027, 0.03235714, -0.024929823, -0.0059811585, -0.02910104, 0.009230909, -0.025082063, -0.014171698, -0.0034520624, -0.00042363175, -0.019302772, -0.0014379967, 0.008899364, -0.009774925, -0.000264613, -0.014641726, -0.015612891, 0.016493201, -0.020149404, 0.011717254, 0.055634253, -0.0026644284, 0.0073318486, 0.021706382, 0.01174823, -0.012690622, -0.0031477378, -0.028135173, -0.00527092, -0.004358816, 0.0017725909, 0.020751769, 0.007725782, -0.03661331, -0.001250489, -0.0047289594, -0.009767627, -0.0102704195, 0.012579263, 0.012463854, 0.0059074727, -0.0037218882, 0.0029787184, -0.023273744, -0.031211521, -0.020746097, -0.012726828, 0.0077490616, -0.012553254, -0.0059766034, 0.000114004855, 0.009627023, -0.02158701, -0.00725291, 0.033004433, -0.0014390983, -0.024401452, 0.01200858, 0.008371328, -0.009850464, -0.012905404, -0.054524414, 0.0024701876, -0.013729945, 0.008689123, -0.0028908227, 0.011043656, 0.01382104, 0.0132888025, -0.0098542515, -0.0109692775, -0.024361152, 0.03081726, 0.001382219, 0.0014911282, 0.0074096187, 0.011275542, 0.005100116, 0.00035348645, 0.022306135, -0.021095935, -0.02103579, -0.011664378, -0.012291257, 0.0039512194, -0.0014082356, -0.003276769, -0.012196299, -0.0052372753, 0.0026739454, -0.0030839348, 0.0029392638, 0.011408022, 0.00487036, -0.008355316, 0.013421767, -0.099964105, 0.026860619, -0.0029443225, -0.009036435, 0.01579948, -0.027293269, 0.01848593, -0.012891872, -0.003953237, -0.025030356, -0.0039775386, -0.014079504, 0.029733574, 0.010835165, -0.021165118, 0.015793514, 0.0012058193, 0.020298578, -0.013088879, 0.021987788, -0.01612924, 0.024590049, -0.022394182, -0.008836311, -0.021494925, -0.0038920515, -0.041155793, -0.029765774, -0.059539836, 0.0041780495, 0.0023494363, 0.010276379, -0.017655386, 0.013478247, 0.032427017, 0.019813204, -0.03584521, -0.015543874, -0.0014918812, -0.014429638, -0.0073118783, 0.019802159, 0.012753293, 0.02422833, 0.0027738619, -0.0017041644, -0.0150228385, -0.0065082875, 0.045397192, -0.003632391, -0.025239244, 0.0037359702, -0.033289187, -0.016036237, 0.027992038, 0.019017704, -0.0102781365, -0.025533168, -0.017077418, 0.014978841, -0.029612651, -0.013971074, -0.010177679, 0.023584172, -0.032966863, 0.0037866328, 0.003976443, 0.029196586, -0.009810592, 0.02051053, -0.019748425, -0.00047000792, 0.0069483784, 0.014600177, 0.009063521, 0.019641891, -0.009481086, 0.029927758, 0.015295881, 0.012531927, 0.018582853, 0.0046533877, -0.10236501, -0.0035389983, -0.032268297, -0.02207779, -0.023910688, 0.0106683355, -0.01944226, -0.015977168, -0.014886504, 0.0017272282, -0.015368479, 0.01099936, 0.016278934, -0.018296283, 0.032099057, 0.01581661, 0.009531625, -0.011411985, 0.02647516, 0.0049986737, -0.003324781, 0.005437578, 0.025841337, 0.013288644, 0.00093804096, -0.004861584, -0.019377746, 0.020437213, 0.010880399, -0.014928088, -0.031108873, -0.13624962, 0.018465076, 0.0032445164, -0.009303462, -0.014801721, -0.013729465, 0.02006964, 0.0008244676, -0.03197926, -0.008529563, 0.016360972, -0.024463274, -0.02151894, 0.01735449, -0.02639843, 0.10476576, -0.0367957, 0.016769415, 0.00859652, 0.0038919414, -0.014062349, -0.022617055, 0.014217506, 0.0062490483, -0.024847696, -0.015870715, 0.004356383, 0.036993533, 0.010515327, 0.013727855, -0.0057915817, 0.023867875, -0.006821193, 0.011618469, -0.019065632, -0.020549778, 0.02838947, -0.013185118, 0.009546912, 0.009280216, 0.018493552, 0.026976665, 0.0074347793, 0.0060942383, -0.0046676523, -0.038058985, 0.011726603, 0.00946047, -0.001965293, -0.015489594, -0.022036513, -0.048534114, 0.0037815736, 0.022253565, -0.013079868, 0.017100314, 0.0037361581, 0.0024332216, 0.005090698, 0.021664107, 0.021346826, 0.012123335, 0.0048982706, 0.020264354, -0.012058063, 0.014768277, 0.02064016, 0.020013915, -0.0057486487, -0.0039721634, 0.011006279, 0.006568911, -0.013202014, -0.050087202, -0.01132877, -0.008925492, 0.005261886, -0.0042325654, -0.008415796, 0.0077898395, -0.017503163, 0.0018082798, 0.025846954, 0.00070407917, -0.017075583, 0.0066331066, 0.017341238, 0.0056734444, 0.0026415556, 0.0013002356, -0.0059243203, -0.00045976555, 0.0374972, 0.009395083, -0.004882863, 0.021605272, 0.00892466, 0.027418347, -0.011363605, -0.027384115, 0.005177628, -0.010696935, -0.013885727, 0.019192072, 0.014905046, 0.028699132, -0.0008174868, 0.027695661, 0.026510775, -0.023541173, 0.009102978, 0.0056746504, -0.006882632, 0.0032556274, 8.336418e-05, 0.009713541, 0.00010198213, 0.0101713315, -0.0047652824, -0.013027344, -0.0016941876, -0.011948608, 0.0065092216, 0.012479723, 0.009291155, -0.0034089894, 0.00140785, 0.019193538, -0.0007272442, -0.04209336, -0.0033489848, 0.0055366815, -0.014557907, 0.008930658, -0.0003673866, 0.014158647, -0.0006150228, -0.005909469, 0.00239291, -0.0017883615, 0.011002741, 0.0055173943, 0.01921877, -0.012242478, -0.020190079, -0.015008334, -0.021887349, 0.00632886, 0.013068625, -0.004112187, 0.021146426, -0.00041797463, 0.0135544, -0.0032254073, 0.007969058, -0.010514112, -0.0034498132, 0.005764549, -0.012425381, -0.011215542, 0.01787545, -0.019959765, 0.02067638, -0.0048997826, -0.0024332386, 0.0055915117, 0.011014729, -0.0057946616, -0.0038595076, 0.003730656, -0.028795395, 0.013085954, -0.0308429, -0.009650432, 0.0074694445, -0.016077857, -0.034912694, 0.005979762, -0.008715521, 0.0061844205, 0.010274315, 0.0011829188, 0.010663859, 0.0059267147, -0.0008269465, 0.019250229, 0.0017593155, -0.0023823127, 0.011627405, 0.00736771, 0.0077121807, -0.013801866, 0.012320207, -0.019589039, 0.018565409, -0.011891494, 0.0041757743, 0.004061961, 0.0051637636, -0.0005059221, -0.00960543, -0.018347986, 0.008741477, 0.010510278, -0.003393715, 0.02037684, 0.002589407, 8.263487e-05, -0.0015623723, -0.00033578885, 0.00080477836, 0.012261424, 0.014190652, 0.013017752, -0.025797589, -0.020495614, -0.0016814872, -0.022679027, 0.002665622, 0.003240667, -0.020515472, 0.017374976, 0.0105618015, 0.002376806, 0.023293039, 0.012097197, -0.004434118, -0.0101388255, -0.015050627, 0.005709796, 0.004726611, 0.011075838, 0.020721836, -0.008647311, 0.00094440684, -0.004594645, 0.014302993, 0.00069422985, 0.020572994, 0.019321106, 0.0027038439, 0.0024915456, -0.004031167, 0.0014158788, 0.01375662, 0.00085078034, -0.021243708, 0.0021005927, -0.014713562, -0.005698286, 0.010644485, 0.0020540606, -0.021595245, -0.0030649966, -0.0031360616, -0.02501453, -0.017247055, 0.01609301, -0.0045540137, -0.012506494, -0.022309914, 0.0045363917, 0.012194428, -0.012859032, -0.0111954855, 0.00073127606, -0.008965258, -0.005344538, 0.010581201, 0.017264452, -0.0052699684, 0.019550199, 0.022857865, 0.0046425113, -0.022563696, -0.007273726, -0.019783419, 0.0076196417, 0.010077781, -0.020836992, -0.0052757524, -0.016819274, -0.01805344, -0.028265636, -0.005509336, -0.007612802, -0.007894888, -0.010551855, 0.003515787, -0.004609246, -0.011938049, 0.0038183127, 0.004669512, 0.016374676, 0.021112941, -0.0002564693, 0.0029429086, 0.006634903, -0.0043417523, -0.01477316, 0.021973245, -0.019477762, 0.002274699, 0.0013737525, 0.003595692, -0.003601333, 0.0049830605, 0.005875959, 0.0029517333, -0.01153441, 0.08653522, 0.006125851, 0.01555386, 0.0073401337, 0.00021082773, 0.001122624, 0.007099512, 0.0072288048, 0.018142587, 0.003837266, 0.012675751, 0.0059787445, 0.00757408, -0.0127783, -0.0014864852, -0.0012716061, 0.004084613, 0.0065502184, -0.0077535925, -0.005356794, -0.016452545, 0.0011081104, -0.0107229, -0.021427369, 0.0025922554, 0.015197213, -0.00831623, 0.0011604871, -0.00043149537, -0.009481952, 0.0009170633, 0.008601204, 0.008309597, -0.0020398968, -0.003528478, -0.002531344, 0.0007267727, 0.010667928, 0.0016402719, 0.020326216, -0.03086479, -0.016344965, 0.0019095204, 0.0034494197, 0.008655727, -0.007136155, -0.015668795, -0.0022888335, -0.008686795, 0.0037477575, -0.01866903, 0.006672771, -0.005226463, 0.00017340116, 0.004629373, 0.0012087357, 0.0034431159, -0.0006549164, -0.0063872784, -0.014987834, -0.005621136, 0.016506411, 0.0074291746, 0.0023496647, -0.013280403, -0.014407101, 0.0013598028, -0.004327194, -0.00033732093, -0.0007482229, 0.008413282, 0.01078954, 0.0020593754, 0.010775217, 0.012681699, 0.0072644423, -0.006363128, -0.01628663, -0.0059890556, -0.019814411, 0.006838572, -0.017348133, -0.0034446598, 0.010288349, 0.003124869, 0.0105525665, -0.011731976, -0.0013470547, 0.0049754726, 0.001089454, -0.0036879657, -0.027951993, -0.0044338587, 0.001250062, 0.006147735, -0.0040793475, 0.041413646, 0.012992846, -0.007591438, -0.0098233335, -0.011940984, 0.007548035, -0.0054549715, -0.0044380873, -0.0020193814, -0.029083353, -0.014725205, -0.011695229, 0.004781601, 0.005977899, -0.0053948453, 0.027070016, 0.009164733, -0.00759139, 0.0032430005, 0.0017208672, 0.009464355, 0.003128337, -0.004302564, -0.008507863, -0.016006188, -0.0062041725, -0.011617229, 0.015476453, -0.020542976, -0.0052559017, 0.0018534444, 0.00022128985, -0.002077766, 0.0015630015, -0.014924503, 0.0119425785, 0.0044248803, 0.0007453473, -0.0070473533, 0.009815352, 0.012245441, 0.0031089974, 0.008700873, -0.0071785795, -0.011570083, 0.010689028, -0.013356878, 0.0042346357, 0.00634513, -0.021056877, 0.012379017, -0.010291121, 0.0085995, -0.0025390217, -0.008737181, -0.01966443, -0.00824615, 0.017318046, -0.00088372274, 0.00728121, -0.0037588212, 0.020556318, 0.007974343, -0.010280475, -0.007011212, 0.02507548, 0.012984251, 0.02898485, -0.008167301, 0.0059149046, -0.0039868797, 0.0010375576, -0.01497099, -0.011836343, -0.006839319, 0.0014051814, 0.018040383, -0.008705121, -0.0062119034, 0.009927988, -0.013395025, -0.0128073795, 0.02531946, 0.0028333706, 0.0007088216, -0.00652931, -0.012020694, -0.021466123, 0.0045351847, 0.0025820113, 0.008460955, -0.010321637, -0.011175359, 0.0037642932, 0.00075745536, -0.007049817, -0.010792198, 0.005561938, -0.0027377564, 0.007036924, -0.0012026174, 0.012654904, 0.0007218105, 0.009216205, 0.009423018, 0.003545448, 0.012546594, 0.007625958, -0.016399702, -0.017710794, 0.0072470796, 0.013382435, 0.005291061, -0.0064345454, -0.010423914, -0.00483794, 0.0019901462, 0.023188565, 0.0067879395, -0.011273215, 0.023079645, -0.0010371791, -0.010858739, -0.024410687, 0.00017496533, -0.0014309965, -0.00537653, -0.00010533607, 0.014637031, 1.0828784e-05, -0.00695846, 0.0046046264, 0.012108349, -0.017970223, -0.005512568, 0.017462937, -0.0024599053, 0.0032250488, -0.0052440455, -0.0027656953, -0.003258159, -0.007304453, 0.005809028, -0.026903817, -0.0058960435, -0.011175004, -0.00072047894, 0.0090836445, 0.0044950545, -0.013450604, -0.0067033274, 0.0010211951, -0.008658527, -0.00020091778, -0.0049152127, -0.014702363, 0.0029366068, -0.0006490459, 0.027827023, 0.0057122423, -0.0038028553, -0.059658557, 0.009692052, 0.017740052, 0.025244083, 0.013913104, 0.0056952345, -0.0140268365, 0.007086236, -0.0058805803, -0.0035237262, -0.006802279, -0.0103899, -0.012413448, 0.0037839718, -0.0067940224, 0.016250666, 0.0077775577, -0.01676343, -0.009214042, -0.006340758, -0.0036070833, 0.002386813, -0.0069427583, 0.009749658, -0.00638463, 0.011451728, -0.0011121458, -0.0006429724, -0.017710991, -0.006680183, -0.003579136, 0.007926807, 0.015598362, -0.0053484356, 0.012734869, -0.00016892515, 0.0032767246, -0.008790682, -0.01322059, -0.006369933, 0.006323055, -0.0022153764, 0.011075121, 0.012746586, -0.016026698, -0.017091546, 0.0128412545, 0.0035881074, -0.0062130284, -0.00035707492, 0.0037746471, -0.0034038685, -0.018713932, 0.00015729204, -0.026937913, -0.015058457, 0.013224306, -0.030252563, -0.021713778, 0.0051065823, -0.0058665434, 0.00024223587, -0.0026949944, 0.021887377, -0.005393646, 0.006451628, 0.014899155, -0.013823556, -0.00023884933, 0.0081504965, 0.005721904, -0.008225871, 0.013941022, -0.007843377, 0.010249893, -0.0073523927, 0.01938078, 0.005590107, -0.008993047, 0.012375888, -0.0056833685, 0.015498529, -0.009368277, -0.02570379, -0.012718005, 0.011051353, 0.017566912, -0.007854427, -0.016001472, 0.020643646, 0.0011111213, -0.002566722, -0.015240813, 0.009674836, 0.013869708, 0.010879782, -0.0015707253, 0.014175461, 0.010391431, 0.001569613, -0.007400609, 0.002153785, 0.014745694, 0.0010724943, 0.0064672194, 0.0030913344, 0.006987899, 0.0014017506, 0.0029433228, 0.0011849147, 0.004225006, 0.009029718, 0.0006613277, -0.00036500357, 0.010330954, -0.009527178, -0.006973899, 0.0063325935, -0.0059116147, -0.007373845, -0.0038146416, 0.015225068, -0.0010655327, -0.014587677, -0.016240295, 0.016968183, 0.0048824837, 0.009745855, -0.013013305, -0.007696327, -0.0021725926, 0.02559314, 0.009676923, 0.005886463, -0.004152372, 0.009272693, 0.0097674085, -0.0056471764, -0.009993262, 0.0014273282, 0.0021533952, -0.006841703, 0.0042697345, -0.012309463, 0.0026442183, 0.00755303, -0.0029350603, 0.007336811, 0.02339623, 0.0028849973, -0.0097124595, -0.005819199, 0.013673733, 0.026205631, -0.011444675, -0.008072839, 0.014756962, -0.002067632, -0.0009746744, -0.0069668572, -0.008019996, 0.034302253, 0.011275622, -0.0009488975, -0.00148154, 0.009757452, 0.0012657924, -0.0126159, -0.009413149, -0.0016065063, -0.010256896, 0.004049744, 0.0072468827, 0.028997513, 0.008609042, -0.0074731824, 0.01006671, 0.0069982605, 0.0113763055, 0.008420542, 0.012950359, -0.0081716515, 0.0042025773, 0.011876214, -0.0018265441, -0.012254444, 0.010455466, 0.0007401314, 0.018365707, 0.0036197812, 0.0014873272, 0.004781673, 0.0219134, -0.011229072, -0.01657339, 0.011639015, 0.017156377, -0.0057961456, 0.014096783, -0.0072921603, -0.0084178895, -0.010837777, -0.017808234, -0.00800633, -0.014739115, -0.07879712, 0.0056962706, 0.0074222814, -0.0074463454, -0.0021663238, -0.015713923, 0.008831904, -0.016570788, -0.007476279, -0.0038057007, -0.015018679, -0.008584475, 0.0031683864, -0.025749717, -0.016724862, 0.016072223, 0.011754917, -0.02051114, -0.00023802932, -0.009024714, -0.0021354377, 0.015071306, 0.0029934174, -0.0056336247, -0.007772467, 0.012883197, -0.009573003, 0.012544208, 0.0092565995, -0.001263486, -0.02315212, 0.0034185394, -0.034023203, -0.011025151, 0.0054145013, 0.011728889, -0.0005605994, -0.0065645226, -0.13706951, 0.015769707, 0.01871137, 0.00058856263, 0.018610913, -0.010833834, -0.003889489, 0.017596355, -0.0027379354, 0.0064843595, 0.005053468, 0.001946742, -0.010615823, -0.026700452, 0.006619203, 0.0022656873, -0.017833365, 0.0099113155, -0.0027973831, 0.0036882334, 0.0076088365, -0.0004765806, 0.0012115021, 0.0006393324, -0.0064308, -0.00535449, -0.0053389356, 0.010621066, 0.018297432, 0.003226043, -0.010141545, -0.0043581044, -0.015913192, 0.008742994, 0.007977504, -0.0012640636, -0.00245522, 0.0066680955, 0.003926284, -0.010450772, 0.009157514, 0.005793111, 0.008825845, 0.0140363155, -0.01693009, -0.007836882, 0.010992022, 0.011139042, 0.015256741, -0.01612184, 0.003401544, 0.011287517, 0.008706984, 0.004469054, 0.017456463, -0.010015357, -0.010305007, -0.018374112, -0.005363418, 0.014321509, 0.0013285103, 5.9479877e-05, -0.0064199152, -0.009079592, -0.008168635, -0.01031279, 0.014462576, -0.000197142, -0.009590911, 0.016491037, -0.0058687525, 0.00861762, -0.005949508, -0.0048397826, 0.028390905, 0.02106053, 0.021899205, 0.011738934, 0.0042759287, -0.0024878595, -0.0056624394, -0.011206217, -0.024995547, 0.0064392653, -0.014807875, 0.011759379, 0.011002223, 0.02428402, -0.016493231, -0.06983503, 0.0010585885, -0.014335212, 0.0015427544, -0.0021345315, -0.0067643006, -0.037469923, 0.013151151, 0.0031334083, -0.004804926, -0.009137049, 0.009851128, 0.019272888, 0.018241446, -0.02335825, 0.010691778, 0.00044207572, -0.024070024, -0.010574459, 0.007729646, -0.016098987, -0.00084309326, 0.011255873, -0.031935845, 0.0029256945, 0.007226363, -0.003288923, 0.025135886, 0.014166213, -0.0052536135, -0.003515915, 0.014481549, -0.0058485577, 0.027873723, -0.0003774587, 0.0070637767, 0.0145234745, -0.006011677, -0.004952729, -0.024501344, -0.019867606, -0.0007663306, 0.013228499, -0.005718235, 0.0012676255, 0.006474996, -0.006651851, -0.0017869798, -0.0007542976, -0.009567563, -0.010273642, -0.0052593066, 0.0039165164, 0.0033972124, 0.019370167, -0.0069892537, -0.009272871, 0.0037848959, 0.0043094754, -0.0027494924, -0.0067722653, -0.012620707, -0.021976084, 0.0042761248, 0.011698691, 0.0063327197, 0.013033769, 0.02276576, 0.0018972568, 0.022591531, -0.008628642, 0.0035371105, 0.023029745, 0.013091012, 0.003838608, -0.0036552998, 0.010819386, -0.0067259055, -0.002957958, 0.0036805025, 0.0033736185, 0.012674697, -9.59103e-05, -0.0022536227, -0.013957819, -0.008740283, 0.0042002313, -0.00665648, 0.0045995866, 0.007512874, -0.026218649, -0.00018900116, 0.005736902, -0.0014240321, -0.007204745, -0.021209594, 0.013584839, -0.021449115, 0.008849523, 0.003427437, 0.03848457, 0.022598682, 0.0014310944, 0.013243498, 0.012752964, -0.013943279, 0.0021598905, 0.0037390145, -0.009538407, 0.015143581, 0.010946039, -0.005382538, -0.007792225, 0.0077005518, -0.16573434, 0.010738687, 0.0052089896, -0.018120693, 0.015313149, 0.0014139636, -0.006619978, 0.0031202286, 0.02557822, 0.016692821, 0.018031009, 0.01571068, -0.0039179884, -0.013183696, 0.014617297, 0.00019071279, -0.00030239992, -0.010131603, -0.0052363765, 0.006039698, -0.038295154, -0.002438322, 0.0033674985, 0.0036494383, -0.014955139, -0.015430292, 0.026013771, -0.0030044208, -0.0018856813, -0.0014715581, -0.010617207, 0.0035260422, 0.006753534, 0.0052111237, 0.009108495, 0.005899598, -0.0147486115, -0.0043161316, 0.008191387, -0.02582779, 0.008742248, -0.0032889224, 0.0090748705, 0.016321285, 0.0034542445, -0.0059697856, -0.032316733, 0.0059101344, 0.005286871, -0.005089753, -0.004848206, -0.0135193085, -0.0008548704, -0.035563163, 0.01990931, -0.022174375, 0.0076535516, 0.015175843, 0.007811671, -0.00529944, -0.002183593, -0.019871764, -0.0049418756, -0.0023222736, 0.008563359, 0.010568132, 0.014427355, 0.1421407, -0.021014206, -0.010959074, 0.0036764336, 0.0157, 0.00413119, 0.000114442104, -0.0023937377, 0.004736386, 0.0027906639, 0.016007993, -0.008977782, 0.003625271, 0.01470279, -0.007396503, -0.0047871955, 0.009214316, 0.037921686, -0.015750758, -0.01914613, -0.006446088, -0.0057139965, -0.022992972, -0.010860194, -0.012219084, -0.0015803856, 0.013429155, 0.0039968994, -0.014343382, 0.011962592, 0.019076329, -0.001861624, 0.0140103735, 0.0077102897, 0.0073374, 0.0034499469, 0.011948663, 0.0033388168, -0.0034900424, 0.0071229674, 0.00752042, 0.010273167, -0.0026324159, -0.023498924, 0.024420751, 0.008120034, -0.019735707, 0.02535248, 0.00045935652, 0.013294247, -0.0015664373, 2.9670344e-05, -0.008525815, 0.0020335978, 0.0030637172, -0.013326652, -0.003928758, 0.0034364313, -0.0065226643, -0.0023159685, 0.008367349, 0.011694387, -0.011739883, -0.019104851, 0.0035941394, 0.016282288, 0.005044802, -0.028851185, -0.0022357043, -0.10864034, 0.012462542, -0.022646166, 0.009996126, 0.006618568, 0.0010870463, -0.0017458485, -0.0059354417, 0.0135086905, -0.0014508408, -0.011444411, 0.025323, 0.004863919, 0.0094452705, -0.010886901, -0.0050919172, 0.022773134, 0.011510536, 0.0011896648, 0.008245034, 0.0020882594, -0.00925892, 0.009240623, -0.0030648985, 0.026186477, 0.0073651923, 0.009337658, -0.00010408479, -0.02477206, -0.00928161, 0.0046782577, 0.012146108, -0.00919875, 0.009002036, -0.022470482, 0.005244244, -0.016501976, -0.019944564, -0.009665153, 0.011999359, -0.009605348, 0.00046393464, 0.017207474, -0.011372365, 0.0011925827, 0.010294631, -0.0063477084, -0.007822009, -0.000947447, 0.0080852555, 0.01294276, -0.018046537, 0.013084148, 0.025372254, -0.014502571, 0.007900489, -0.0015974543, 0.0035855405, 0.01330843, 0.002945678, 0.00606463, 0.048478726, 0.00058689923, 0.02226592, -0.009205409, -0.009852865, -0.028936038, -0.025812553, -0.011589722, 0.00044581472, 0.0066176015, -0.004645607, -0.013353895, 0.0034753713, 0.011733996, 0.012418042, -0.0010635683, 0.011421201, -0.025558341, 0.019310521, -0.0020872538, 0.0063433526, -0.001818801, -0.0037414515, 0.020924589, 0.001312999, -0.019431498, -0.01496813, 0.011422885, -0.015980873, -0.0012695978, -0.021446604, 0.009311228, 0.0028607906, 0.00264659, -0.006629005, 0.0023142705, -0.011620504, 0.0025947357, 0.022181526, 0.014315846, -0.01184733, -0.020803757, -0.028866762, 0.010598803, -0.018353594, -0.0035196075, -0.015255808, 0.007411786, -0.0030151512, 0.0041931383, 0.00943437, -0.0054769046, 0.005534597, 0.017062604, -0.02647309, 0.008834474, 0.020362254, -0.034816317, -0.031225903, -0.009544227, 0.027939886, 0.018125078, -0.0022029008, 0.0329504, -0.017190924, -0.00414821, -0.001132428, 0.003434582, 0.010897016, 0.04476461, 0.011047674, -0.021219114, -0.005003371, 0.017404033, -0.028004851, 0.008873184, 0.004051527, -0.003264751, -0.011041876, -0.0024914434, 0.021353893, 0.003663975, -0.010482873, -0.0017820708, -0.015917512, 0.0015982799, -0.0083527025, -0.0012700168, -0.0029345236, 0.018400887, 0.020908674, 0.0123121925, -0.01312392, -0.017439246, -0.022559429, -0.0048684496, -0.008538938, 0.022935305, -0.008451138, 0.0071948455, 0.027463183, 0.011550722, -0.00813605, 0.020231716, 0.006461611, -0.0100167105, -0.0020559062, -0.008435554, -0.0106630195, 0.004507163, 0.015157551, 0.0067439196, -0.0065629585, -0.007082954, -0.00043889775, 0.0015076436, 0.01735457, 0.0017872987, -0.053397696, 0.01278184, 0.0022384396, 0.002295942, -0.010328614, 0.00988109, -0.013006385, 0.002497414, -0.016321236, -0.0071313772, -0.006388663, 0.013119117, -0.018757496, 0.0069135884, 0.008538409, 0.0025854115, -0.0023058553, -0.014027773, -0.003712365, -0.0064124498, 0.0060176067, 0.01754028, 0.0067216186, -0.0047126664, 0.0061867377, 0.005583452, -0.0018887623, 0.004848577, 0.01315365, -0.016633037, -0.022213966, -0.006452024, -0.014802848, -0.0006602773, -0.03166038, 0.028840449, 0.004254155, -0.009474196, 0.008402234, -0.056939833, -0.011926086, -0.0068169385, -0.0798247, -0.014716649, 0.00030789388, -0.0056826356, 0.013576351, 0.0007852326, -0.01315435, 0.0055885124, 0.024186421, 0.015909139, -0.008955757, -0.0049643978, 0.0109624285, 0.0032348088, 0.0034056837, -0.016213467, 0.012786169, -0.019169422, -0.018346151, 0.017496195, -0.01470529, 0.009474882, -0.006544401, 0.006533078, -0.012781797, 0.0046102665, 0.011743446, -0.015457919, 0.022143068, 0.0016058771, 0.0020400435, -0.0013980003, -0.007836671, 0.019670542, 0.01537239, -0.003218401, 0.0077147833, 0.029670365, -0.020699684, -0.0314889, -0.013849705, 0.054229196, -0.018866865, -0.0036676703, 0.011979474, -0.1089403, 0.0031426356, 0.00942136, 0.007703717, -0.011472745, 0.00058056327, 0.0032958554, 0.041845918, 0.007689582, 0.008727427, 0.005897938, -0.0042503704, 0.014210906, -0.013742743, 0.0075308266, 0.006090799, -0.016228097, 0.013931521, 0.002559552, -0.014400785, -0.0060173552, 0.009874565, -0.008122557, 0.01919, -0.01517384, -0.012438965, -0.0041838526, 0.0009804382, -0.0035547796, -0.0008551836, -0.013840995, -0.000991158, 0.015310245, 0.007130937, 0.00834773, 0.0115450835, -0.013898014, -0.013448992, -0.010624207, 0.009742597, 0.025285142, 0.018510336, -0.008610312, 0.01087641, -0.042228073, -0.006627394, 0.015667405, -0.03455507, -0.006886744, 0.004363751, 0.011215791, -0.0026618151, -0.0074047362, 0.023604114, -0.007629194, 0.004755264, 0.024359997, -0.028519966, 0.022551216, 0.021096447, 0.001395557, 0.009848117, -0.002287851, -0.003079965, -0.016814291, -0.01643386, -0.0055270144, -0.001099437, -0.036926635, 0.011373526, -0.010515948, -0.016613446, -0.021672172, -0.0075897654, 0.016014218, -0.005679312, -0.007234109, 0.017507516, -0.007620859, -0.0015851984, 0.027559627, -0.016234308, 0.023793356, 0.0013333643, 0.011506215, -0.0305335, -0.0127731, 0.0029555564, 0.0061545805, -0.014951123, -0.025748363, 0.007077426, 0.002780765, -0.0028681697, 0.022332737, -0.0026288053, 0.0060776332, -0.0008818306, -0.0036755155, -0.0021263352, -0.0072472445, -0.008934954, 0.0060863243, -0.034108598, 0.00409356, -0.012819626, 0.014366383, 0.012636921, -0.019273762, -0.007845528, 0.005378997, -0.00933496, 0.0117178, -0.013691394, -0.008544068, -0.015640939, -0.0127263125, -0.013597097, -0.015497401, -0.007929705, -0.018343128, 0.0015768952, -0.009029937, -0.004756153, -0.009293067, -0.008617644, 0.013936141, -0.018581122, -0.01225127, -0.00077662256, -0.012016747, 0.008562812, -0.0113582555, 0.010047117, -0.029470477, 0.00538511, 0.00097013084, -0.004878677, -0.012268542, -0.0037486912, 0.003035767, -0.009252444, 0.019150885, -0.013297813, -0.009903936, -0.0015430524, 0.014188399, 0.010364007, -0.019849893, 0.005295675, -0.011997671, -0.006787943, 0.013915161, -0.009103558, -0.02430619, -0.0046048737, 0.0006121643, -0.020560022, -0.0020510708, 0.018910045, -0.011650216, 0.003248016, -0.022530127, -0.01099788, -0.006519312, -0.0025619061, -0.01939949, 0.0043507414, -0.012436685, 0.031248435, 0.0033716944, -0.0152201755, -0.003623929, 0.012780622, 0.031242447, -0.019216493, 0.001835117, 0.001633217, 0.019109696, -0.02533035, -0.003427884, -0.018208047, -0.016301088, -0.00040189433, 0.006007143, -0.0048772623, 0.004258434, -0.0005727425, 0.003968054, 0.023710413, 0.000892882, -0.014341089, 0.013656424, -0.009565931, -0.014750795, -0.004939418, 0.008332826, 0.012914907, -0.00044235995, 0.011793806, 0.00094612077, -0.0071476023, -0.004035153, -0.010113269, -0.008343608, 0.001627463, -0.013206485, -0.014863706, -0.0074983686, -0.0019643933, -0.0008310915, -0.00391849, -0.0057560015, -0.010060877, -0.021986866, 0.0012380345, 0.010457788, 0.01875094, 0.015871776, 0.020464389, 0.009246229, 0.014928115, -0.00478057, 0.0014061877, 0.005214593, 0.008915246, -0.023559017, 0.008181326, -0.0115597, 0.033620913, 0.02482608, -0.004669438, -0.014506165, -0.004964234, 0.0014047408, 0.020399146, 0.007682618, 0.016144367, -0.0170193, 0.0037085805, 0.00931868, 0.010273029, 0.0104734255, 0.014871177, -0.0035882925, -0.019089775, 0.010065638, 0.009449177, 0.0132035175, -0.009704419, -0.0066817375, 0.0064438153, -0.014515901, -0.023687774, -0.0046274727, -0.0066380254, -0.011026008, -0.012892809, 0.009400215, -0.009798977, -0.016770987, -0.0030964448, -0.0090145655, 0.05278193, -0.036286563, -0.017722474, -0.0021975972, 0.023294754, 0.022407113, 0.00038250856, -0.0025180092, 0.018448764, -0.018150505, 0.01158766, 0.0036228162, 0.010271519, -0.024669964, 0.0104691535, 0.005260027, 0.0084513575, -0.013104991, -0.028432883, -0.0070819007, -0.008941075, -0.0015863159, -0.0010436024, -0.008329847, -0.031111283, 0.00027315997, 0.0105703585, 0.0095611345, -0.018885542, 0.030396104, 0.0018298201, -0.016413068, 0.006826905, -0.0026768474, -0.0038964946, -0.039652556, 0.00911948, -0.014235078, -0.010628882, -0.0019977146, -0.0055130385, -0.017949212, 0.0075848373, 0.016253356, -0.023711164, 0.0030965295, 0.0061039375, 0.01918129, 0.008435365, -0.015542344, 0.005769887, -0.018730761, -0.00588904, -0.0072315377, -0.0093012415, -0.0064809034, 3.942412e-05, -0.039089106, 0.0011263513, 0.002609654, 0.0028605247, 0.008207311, -0.0017969918, -0.020994762, 0.014984878, -0.00080496777, 0.004940723, 0.003555791, -0.0021385923, -0.024688605, 0.006565627, -0.0040930286, -0.0044938526, -0.01959399, 0.0019105294, 0.0017738084, 0.01674517, -0.022096949, 0.020631183, -0.00023047432, 0.004283675, 0.006920813, 0.018899946, 0.03864438, -0.011549648, -0.0023732262, -0.0038264992, -0.009444403, 0.008503625, -0.010818103, -9.458458e-05, 0.014150498, 0.006145379, 0.016404932, 0.009594176, -0.0012102348, -0.022846155, 0.005772069, -0.001825844, 0.0022292533, 0.0044133877, 0.0060944487, -0.024751317, -0.007483574, -0.020502092, 0.012128853, -2.5284467e-05, 0.020300806, 0.014080654, -0.023744272, 0.018280432, -0.0029303844, 0.010847468, -0.0041012024, 0.018897608, -0.013777153, -0.022633908, -0.035423473, 0.031033479, 0.01939176, 0.026589137, -0.025664987, 0.0031044788, 0.01142554, 0.016786823, 0.00071334327, 0.014754882, 0.008717796, -0.0035940078, -0.016215883, -0.0013744368, -0.016807485, -0.021664917, -0.0014025451, 0.0025320635, 0.02387175, 0.010229203, 0.010259103, 0.005882108, 0.018168554, -0.010812668, 0.009382741, -0.008574579, -0.012367258, 0.0076833963, 0.015423607, 0.016632318, 0.018709578, -0.0006791347, -0.0039865407, 0.018162237, -0.016383529, 0.018404527, -0.015005268, 0.014405331, -0.01788557, 0.022755334, 0.008048141, 8.148684e-06, 0.0037945334, 0.005261262, 0.012713528, 0.010537483, -0.009796181, -0.0056042755, 0.017594455, -0.017059937, 0.0034900077, -0.018742835, -0.013076099, 0.020419853, 0.0036710564, 0.015057086, -0.0011722349, 0.022097161, 0.017130395, -0.015314854, -0.014192313, -0.0068483776, 0.016003095, 0.011667101, 0.023339076, 0.0054160515, -0.022885455, 0.0015942834, 0.0022100536, 0.012131245, -0.004168586, -0.011384893, 0.005487326, -0.008229849, -0.0113378065, -0.038104966, 0.0015688532, -0.0073932945, 0.001378992, 0.022761118, -0.018819682, -0.007808823, -0.002089063, 0.00749193, -0.014032999, -0.013790672, -0.024219427, -0.010472848, -0.0073945764, -0.0033469747, -0.0065662707, -0.021838494, -0.04279993, 0.013871929, -0.017220782, 0.002270535, -0.022069914, -0.00019126013, 0.012919491, 0.0028262616, 0.022605145, -0.0049798414, -0.0055927252, -0.0030800302, -0.009389312, 0.008281348, -0.027713485, -0.046406385, -0.0079480745, -0.007167345, -0.009576474, 0.0014851846, 0.01094202, 0.007794472, 0.0038868894, 0.0069671227, 0.012937804, 0.028487597, -0.00028990314, -0.013428725, -0.012887823, 0.0028852622, -0.028900778, -0.019963479, 0.0063751666, 0.0042428323, 0.018037898, 0.011000096, -0.015942812, -0.03023399, 0.011229016, -0.016015355, -0.0076702563, 0.00097228086, 0.031438738, -0.0053829765, -0.0023238938, 0.006713336, -0.00994275, -0.01956257, 0.0040550684, 0.026108565, 0.0029135563, -0.005681283, 7.0166334e-06, 0.0007387555, 0.004749568, 0.02469764, 0.039224457, -0.012786604, 0.0038598292, -0.012377976, -0.005434999, 0.008251239, -0.0223498, 0.006211302, 0.007942814, 0.020347515, 0.027164353, -0.022073327, 0.01699858, -0.012008424, 0.007081177, 0.0020379683, 0.013426021, 0.0004284469, 0.0010856149, -0.01633591, -0.025718471, 0.0026613344, -0.02252518, 0.008961352, -0.03242517, -0.007191652, -0.0041526495, 0.013144452, -0.003157171, 0.010400264, 0.009509802, 0.011047068, -0.019188236, -0.008001566, -0.038039222, 0.0034867406, -0.005681757, -0.003906563, -0.002951093, -0.01474631, 0.021915318, 0.019750811, -0.00021711961, -0.0145617, 0.01951816, -0.00483233, 0.00705127, -0.019399682, 0.023967579, -0.025384936, 0.010558864, 0.010835356, -0.025966963, -0.0027401205, -0.012672524, 1.8144188e-05, 0.010594875, 0.0069446247, -0.0043374943, 0.013354035, 0.001972116, -0.00050323585, -0.0010768477, 0.0025002598, -0.015156019, -0.010055731, -0.000433036, -0.005551222, -0.01500081, 0.002301131, -0.002910283, 0.00031557752, -0.010399569, -0.02459313, -0.0013663184, 0.0051757423, -0.0037625032, -0.025581658, 0.009823564, 0.0126227625, -0.0166538, 0.010831661, 0.008845701, 0.044309475, -0.0053218394, -0.00440559, 0.0013742812, -0.0061835577, -0.0041108583, -0.008111018, -0.0035819232, -0.0037187869, -0.0017998646, -0.005598458, 0.008862804, -0.015905855, 0.004718465, -0.0101634255, -0.012230246, -0.0026790376, -0.010103888, 0.009891582, 0.0035551693, 0.017060775, -0.01098932, -0.013792404, -0.023046222, -0.0185096, -0.015468812, 0.008818496, 0.010337233, -0.012896767, -0.014075639, -0.0057210503, -0.008602287, -0.0085989805, 0.023444254, 0.012631815, -0.016382186, 0.036184564, 0.0007173829, -0.0070878114, 0.02267737, -0.0066240667, -0.0121264355, 0.014554555, 0.028413288, 0.0007014785, 0.025078176, -0.008968264, 0.008337744, 0.0017028407, 0.020474695, -0.0023776332, -0.009056029, 0.024792865, 0.0080242725, -0.002624916, -0.013887053, 0.01724917, 0.0023877418, -0.0132399, 0.0043796715, -0.033772755, 0.0029904267, 0.012075657, -0.0023880135, 0.021762619, -0.0047564954, 0.0014801533, -0.0021221342, 0.0045613823, -0.0126222335, 0.017820353, 0.003169423, 0.007082368, 0.0111912275, -0.0030916, 0.18222298, 0.11970424, -0.0050244816, 0.0034535523, 0.008231788, -0.01299469, -0.009912374, 0.0019208363, 0.015337415, 0.027225992, -0.0040730773, 0.0025027075, 0.016802363, 0.0032836779, 0.00034277854, 0.0033799657, 0.020787733, 0.0061879894, -0.0042353137, -0.01807686, -0.006196652, 0.019443888, 0.019379204, -0.0038202158, -0.026211113, 0.03124553, -0.017453142, 0.0046420516, 0.024486082, -0.011867497, -0.009573072, -0.0067327367, -0.016380787, 0.004724552, 0.0060676774, -0.018008647, -0.021380533, 0.010856205, -0.010671087, 0.00034217344, -0.013133739, -0.007695983, -0.011341732, 0.001845733, 0.028683094, 0.0080752075, 0.006784182, 0.003281469, 0.00041113244, 0.011365096, -0.0126250405, -0.01744917, 0.015328256, -0.01224316, -0.022844156, 0.004802437, 0.00419725, 0.01925646, -0.010817391, 0.0047186883, -0.0019729503, -0.0012473804, -0.0032470946, -0.012535898, -0.00036821718, -0.0039886856, -0.016612366, 0.0067595844, 0.005879616, -0.0030291493, 0.0041747405, 0.016237123, 0.013110746, -0.0017388624, -0.0066218707, 0.008933093, 0.0023716218, 0.0015961342, -0.0036298172, -0.0021497975, -0.0030334773, 0.031518623, 0.0031002325, 0.01151107, 0.0075277803, -0.008741518, 0.032180957, 0.026926152, 0.106398225, 0.021196106, -0.0030068322, -0.021020941, 0.0033035714, -0.0035518971, 0.022055581, 0.06079325, -0.005811957, -0.014839801, 0.011101611, 0.003680663, 0.0066342815, 0.007248997, -0.003387676, -0.024744464, 0.018602027, 0.011419247, -0.023306528, -0.00086765154, 0.0036617138, 0.016472546, -0.0070930263, 0.015718129, 0.00013114676, 0.0015409441, 0.012868927, -0.0070796157, -0.0012253879, 0.00884267, -0.07226255, -0.00906958, -0.012558764, -0.0067545534, -0.0021064093, 0.020813175, 0.012185231, 0.00900796, -0.00805028, 0.014244817, 0.022764252, -0.009848556, 0.012328832, 0.0033375113, -0.022713056, 0.0116872545, -0.0073625455, 0.019988894, 0.015000946, 0.004101942, 0.013726122, -0.019867692, 0.014994923, 0.012664882, -0.0027748663, -0.0008286002, -0.0065352377, 0.0051976186, 0.013421654, -0.0065768, 0.009173345, 0.0022047386, -0.04489698, 0.002506692, 0.011197444, 0.00057160924, -0.011372913, -0.003996178, 0.0030728723, -0.01778641, 0.008677958, -0.025699891, -0.0019052076, -0.042963687, -3.7409874e-05, -0.0042274203, -0.009510851, -0.0076240716, 0.022087378, 0.012133455, 0.03564301, 0.0017833954, 0.008308026, 0.015138184, 0.009128593, 0.011893161, -0.0051269922, -0.0037745463, -0.01654198, 0.005271538, 0.021265175, 0.016959941, 0.007919395, 0.0011421901, 0.008046237, 0.0017885366, -0.026023874, 0.002436667, -0.0006062602, -0.024074135, -0.009530076, 0.010639522, -0.017538415, -0.0050301338, -0.013111388, -0.006766763, 0.009639086, 0.0027722898, 0.021324178, 0.00047037698, 0.0027000152, -0.024599457, -0.015044969, 0.10727235, 0.009650216, -0.0018188108, -0.0011315087, 0.024740165, -0.03188738, -0.004446469, -0.0007997298, -0.010923495, -0.02221978, 0.006521956, 0.017616149, -0.0062980587, 0.0024096132, -0.0161817, -0.0016165259, 0.0011280561, -0.008320925, 0.016301055, -0.017701488, 0.002251204, -0.0060248147, 0.011172613, -0.0043294453, -0.002783499, 0.012084899, -0.0033734918, -0.008590347, 0.0030221047, 0.0055952603, -0.021654375, 0.005835684, -0.010177972, -0.012583662, -0.00898011, 0.018739488, 0.008583796, 0.0029129086, -0.008452321, -0.016976574, -0.0016783304, -0.021810863, -0.015046216, -0.009845635, -0.034750484, 0.19494253, 0.011280153, 0.026520649, -0.023126487, 0.01724985, 0.012042124, -0.010230939, -0.027910689, 0.01794811, 0.0047761556, 0.02614382, -0.0003382914, -0.0051529096, 0.029794754, -0.00087500503, -0.02059238, -0.0036817594, 0.035161145, 0.014159798, 0.004296049, 0.014706642, 0.010085116, -0.008192146, 0.005507684, -0.0073324954, 0.0038558054, 0.005674652, 0.0037480204, -0.0040772674, -0.017428357, 0.013774978, -0.0037601069, 0.0125904, -0.015900545, 0.010865919, -0.005906239, -0.013069526, -0.012188717, -0.0026772905, -0.00093208207, -0.0055419737, -0.0002447101, 0.010887971, 0.037135758, -0.004170889, 0.0067084827, -0.026866488, 0.0014361921, -0.0046319086, -0.01778775, 0.00674621, 0.0016232515, 0.0076165926, -0.030784776, 0.0038920615, -0.022206325, -0.0059991316, -0.0038973284, 0.0060994574, 0.003804574, 0.0075142425, -0.009388044, 0.010008203, -0.017945474, -0.0005872948, -0.0032498846, 0.000998124]"
De Belinda a Antonio de la Rua: quienes fueron los invitados de Shakira en CDMX,https://oem.com.mx/elsoldemexico/img/25430145/1756670551/BASE_LANDSCAPE/1200/image.webp,GOSSIP,no descripcion,https://oem.com.mx/elsoldemexico/gossip/de-belinda-a-antonio-de-la-rua-quienes-fueron-los-invitados-de-shakira-en-cdmx-25510775,"[-0.026499586, -0.009019909, 0.0116505865, -0.084381424, 0.001269613, -0.014534626, -0.02400457, -0.0027748465, -0.042239897, 0.012208054, -0.0025925355, -0.0074809073, 0.012426049, 0.010834838, 0.1224452, 0.0006755646, 0.013793991, 0.011747107, 0.01043846, 0.01857076, 0.005006749, 0.0062785847, 0.027046889, -0.047580585, 0.014313527, 0.018166184, 0.007320462, -0.009246421, 0.025041375, 0.009954013, 0.013431903, 0.010084481, 0.0046959566, 0.004994916, -0.012116772, -0.002722383, 0.0030164216, -0.016046584, -0.0060587316, -0.00949953, 0.013052339, -0.00042416604, -0.012950142, 0.012111075, 0.0066545317, -0.018210245, 0.01284612, -0.021426884, 0.033677936, 0.017518176, 0.020259937, -0.01783592, -0.0010049767, -0.15732835, -0.025932917, -0.01824902, -0.0039228713, -0.007684238, -0.028341163, -0.014685823, -0.01536349, 0.023042748, -0.034436695, -0.01994146, 0.015383955, 0.017389456, 0.0026191266, -0.0003650023, -0.014506559, 0.0109882355, 0.012482182, -0.024285661, 0.029743085, 0.006678401, 0.0019609965, 0.0067231697, 0.015213662, -0.0032828662, 0.015504834, 0.010753304, 0.009413161, 0.014216838, -0.00022737974, 0.00278279, 0.012623792, 0.018383598, 0.019068705, -0.011950873, -0.007948414, 0.018616382, -0.01077842, -0.020685261, 0.0059552337, -0.01793709, -0.014948713, 0.014256001, 0.012997961, 0.010137927, 0.01110357, -0.0044917134, -0.004574098, 0.019937221, 0.003268469, 0.0112360045, 0.024743559, -0.020669684, 0.025787372, 0.0078042448, -0.0068545523, 0.02087471, -0.047881283, 0.015235708, -0.0016699012, 0.009194113, 0.008577699, -0.12719432, -0.0365278, 0.013956607, -0.0045328545, -0.0072030853, 0.018238949, -0.0032177342, 0.0073769186, 0.0041516917, -0.010807511, 0.004848196, -0.021654712, 0.015486666, 8.3222185e-05, -0.012354516, -0.031769518, -0.007008201, 0.013605952, -0.01518205, -0.020386204, 0.026736468, 0.0049082926, -0.0063197063, -0.009502563, 0.005195777, -0.017201414, 0.0009007055, -0.008381168, -0.010320232, 0.0151838325, -0.018233906, 0.00089029316, 0.019599682, 0.013902936, 0.014294466, -0.01061596, 0.007077528, -0.00059312436, 0.012766071, 0.00018696395, -0.015989963, 0.030148193, -0.013241256, 0.0036799365, 0.004951105, 0.03013275, 0.024939489, -0.02015187, 0.019129587, 0.002257576, 0.03662457, -0.025436882, 0.008761293, -0.010500152, -0.003491199, -0.0018049087, 0.016767995, 0.006273205, 0.0103851985, 0.017526813, 0.023266539, -0.00041257884, 0.0047983443, -0.007850209, 0.021165706, -0.01671779, 0.021116892, -0.01208893, 0.037726067, 0.037972648, -0.041810594, -0.015970368, -0.018539874, -0.012830334, -0.0122281285, -0.02805444, -0.008931361, -0.0058101676, 0.008100115, 0.020282084, -0.0067115813, -0.023613526, 0.0076078596, -0.011183709, 0.00053594296, 0.015086036, -0.008916213, -0.0007453016, -0.013054498, -0.018190624, -0.013901084, -0.034897793, -0.005794057, 0.010163248, 0.011389793, 0.0011480451, 0.0191831, 0.0382237, -0.0079030795, 0.03601044, 0.024581026, -0.0042700963, -0.022908092, 0.018542498, -0.006403437, -0.0373955, -0.018103914, -0.0006177327, 0.0064317253, -0.012855303, 0.009280324, 0.0042068553, -0.0025117893, -0.013290316, -0.0015964718, 0.019444315, -0.0030444316, -0.004295455, 0.02477045, 0.0024609258, -0.023671338, -0.003482057, 0.009115809, -0.0029233608, 0.028505666, 0.033708908, 0.007873539, -0.0029864353, 0.0006857804, 0.01372184, 0.036007088, -0.002167015, 0.018333199, -0.024568148, 0.01785503, 0.030545462, -0.010931059, 0.0010461188, 0.013842781, -0.03132615, -0.009484967, -0.013196225, 0.03040371, 0.008720306, -0.003800423, 0.037523516, 0.0018871599, -0.013874541, -0.0064578587, 0.0023039503, 0.01842514, 0.0072760596, 0.016799996, -0.045250002, -0.0027259244, -0.008618844, 0.009571902, -0.022309076, -0.0020340222, -0.016936086, 0.002902329, -0.05649405, 0.0065504364, 0.053069152, -0.0012810411, 0.018795345, 0.007714429, -0.012013994, -0.014701939, 0.015985316, 0.029810088, -0.016833514, -0.017195413, 0.017927697, -0.0013425138, -0.0019825997, 0.0014387004, 0.015339396, 0.00992779, 0.0002617571, -0.027473914, 0.01656276, 0.018015543, 0.038818914, 0.008436137, 0.017613463, 0.0407119, 0.0043870397, 0.033912994, 0.0325619, -0.015930794, -0.010028944, -0.054819357, 0.0059642387, 0.004942879, -0.0179016, 0.014026026, -0.020425532, -0.0010288054, 0.0016399432, -0.022277279, 0.014798892, 0.01902419, 0.001187724, -0.0076889847, 0.012910115, -0.020809753, 0.03556597, -0.00053238147, 0.0061808703, 0.0074943285, -0.019017454, 0.01808276, 0.037423152, 0.012827877, -0.004432881, -0.025200311, -0.002167297, -0.0135659585, 0.0021676884, -0.0069344104, 0.031110829, 0.0017714866, 0.016558807, 0.01703306, -0.0066742953, -0.0020911715, 0.0067998786, -0.0074521173, -0.04094706, 0.019168328, 0.017470498, -0.028429814, 0.011197458, -0.04014699, 0.008513855, 0.021793623, 0.015276071, -0.018040478, 0.026782796, 0.010655592, -0.00025619657, 0.025005728, -0.00033361293, 0.012422971, 0.028107248, 0.009111976, 0.0021615578, -0.01156198, -0.024321014, -0.030373497, 0.017477386, 0.004889408, 0.0070143575, 0.0009910733, 0.0028711574, 0.00067020254, 0.0034003388, -0.008753517, -0.0044627814, 0.010888637, -0.003941181, -0.0036759556, -0.018531438, 0.0035775618, 0.0017828094, -0.030764678, 0.023397263, 0.008723869, -0.008077861, 0.020106684, 0.016119892, 0.005969618, -0.0074066943, 0.0031738407, 0.020104978, 0.02746199, 0.012896297, 0.013101715, -0.006416058, -0.004841915, 0.03641685, -0.008924051, 0.006578218, 0.0019615963, -0.037656754, 0.02120518, -0.028649423, 0.02042762, 0.032783575, -0.03769226, -0.01262534, -0.011841978, 0.021877714, 0.008126689, 0.029818844, -0.013252783, -0.023529503, 0.012579671, 0.015351932, 0.012250423, -0.028881395, 0.007159171, -0.0035812934, 0.030919457, 0.02218723, 0.0073352326, -0.0036875922, 0.025997113, -0.00402892, 0.030643197, -0.00033549464, -0.027522812, 0.016707664, -0.027710803, -0.011572613, -0.029811932, -0.017959952, 0.00043110907, -0.04617361, -0.007402799, -0.00019266813, -0.012854681, 0.007353229, 0.008599489, 0.022323139, 0.014725789, -0.012730423, 0.004388356, 0.005882686, 0.016042639, 0.022518383, -0.002129218, -0.010783869, -0.002984138, 0.021401415, -0.019115278, 0.0315016, 0.0048446395, 0.024407836, 0.010969788, 0.035506215, -0.015813973, 0.019739024, 0.007747171, 0.0126238745, 0.0063929064, 0.026908765, -0.011142693, -0.037284337, -0.0073406463, 0.0012121756, -0.014195649, -0.0032901294, 0.028041348, -0.04795626, 0.020404676, 0.0051238863, 0.030027697, -0.0022176052, 0.0017417129, -0.0051049725, -0.022252925, 0.02092474, -0.003041069, 0.016317127, 0.0052474546, -0.032121416, -0.004973227, 0.011077433, 0.021872059, -0.008017709, 0.02739885, 0.004573634, 0.025385521, 0.01321814, 0.0047963015, 0.019564746, -0.017125374, -0.028921312, -0.028819615, 0.019831518, -0.01054776, -0.003930834, -0.0069670756, -0.03435749, 0.017407237, -0.015963878, 0.017561855, -0.018264027, -0.0132775605, 0.021077298, 0.01778938, 0.03281069, -0.0029127821, -0.034147356, 0.008961394, 0.022122176, -0.0066936812, -0.015122062, 0.014107062, -0.014076475, 0.008971133, -0.012162902, -0.003193663, -0.013323065, -0.00026708655, -0.0045396783, 0.0007121366, 0.02290229, -0.00632312, 0.030051058, -0.004816836, 0.007313418, 0.007848112, -0.008238055, 0.028613873, -0.0012967603, -0.046154246, 0.019044302, 0.0011313419, -0.009191137, 0.01301348, -0.004983898, -0.0029920645, -0.0012156767, 0.00912768, 0.010242331, -0.037592717, -0.013135686, -0.08137163, 0.006577369, -0.0032157244, -0.02252934, -0.019041069, 0.012213739, 0.019554848, -0.0036325154, -0.010883551, 0.015167931, -0.01368977, 0.025220687, 0.012840008, -0.008204902, 0.009449976, -0.0040299646, -0.0019310556, 0.028554225, 0.023596019, -0.0017082673, -0.0045056646, 0.011855804, 0.008344194, -0.005444159, -0.010690693, -0.0027795497, -0.008281859, -0.023612458, -0.010702426, 0.0340658, 0.0041106967, -0.023646833, -0.011525846, 0.031218328, 0.023804119, -0.014644836, -0.025112016, 0.012531566, -0.023696294, 0.015304785, -0.0011506856, 0.0015512464, -0.00026548214, 0.033575844, -0.029140828, 0.007939679, -0.012465207, 0.0028605016, 0.0049351016, -0.03308228, 0.006071752, 0.005816138, 0.011317495, -0.030969398, 0.002270093, 0.012836195, -0.01712227, -0.021400655, -0.0033144066, -0.008205103, -0.008069053, 0.008693557, -0.0068243304, 0.009733444, -0.00490351, -0.013767154, 0.007297097, 0.010333223, 0.005907398, 0.0074822363, 0.004895395, 0.0024568136, -0.0005526065, 0.004370661, 0.024656488, -0.019172588, 0.014556224, 0.022392519, -0.008477867, 0.014554396, -0.017774543, 0.022692824, -0.12764032, -0.017521335, -0.032161485, -0.019805804, -0.015626885, 0.017403347, -0.014992202, -0.0013158035, -0.004526825, 0.0048827245, -0.00014754389, 0.0012995551, 0.01864544, 0.0016405681, -0.010458447, -0.010326882, -0.009180762, -0.016711334, -0.007605516, -0.005615614, 0.009093753, -0.009369101, 0.030181792, 0.004599965, -0.0050612735, 0.013556322, 0.0045967866, -0.008167771, 0.0002487853, -0.0228491, 0.0015786948, -0.120077975, -0.0027679298, 0.0126566505, 0.0114552565, -0.009618155, 0.020653386, 0.010594266, -0.0031193418, -0.010002308, -0.009406498, 0.0051806164, -0.025641195, -0.016647223, -0.009548818, 0.007424921, 0.10428154, -0.0056328736, 0.007138323, 0.009274699, 0.0009591034, 0.012524196, -0.00035057656, 0.02155999, -0.009778767, 0.03986268, -0.011030288, -0.0013302446, 0.018308638, -0.051568978, 0.036179483, 0.012454825, 0.0230239, -0.009400177, 0.008256365, -0.0048349006, 0.0003559948, 0.03622419, -0.009961286, 0.015938975, 0.028385216, 0.0029533268, 0.015057516, -0.006852995, -0.010841306, -0.036892302, -0.013022729, 0.008558307, -0.0025318915, 0.0059453174, 0.046331767, -0.020748165, -0.06734275, 0.0014071852, 0.032098673, -0.0078301355, 0.0012677744, -0.039255105, -0.00346283, 0.011114464, 0.012278609, -0.0035207237, -0.013279065, -0.021808205, -0.01221871, 0.0064544617, -0.01948655, 0.02245208, 0.030670492, 0.024226094, 0.0028757034, -0.015634116, -0.003870237, -0.0147934295, -0.028956708, -0.021191357, 0.0032910206, -0.010240134, -0.0030117892, 0.037695166, 0.014942422, -0.005774175, 0.0064452705, 0.015444689, 0.012778244, -0.019335767, 0.0040329797, 0.0076430677, -0.006489838, -0.020175276, -0.023830015, 0.00018189839, 0.033698294, 0.0032022605, 0.013097009, 0.026346331, 0.005292487, 0.008593917, 0.012326743, -0.022393847, -0.022398947, -0.000117098774, -0.008808707, -0.029319836, -0.0045660883, 0.011347718, -0.009788625, -0.019825717, -0.009062776, -0.006443298, -0.023285957, -0.012199089, -0.0024363177, 0.005141211, -0.0059019034, -0.012336934, 0.008156071, 0.009296228, 0.009209858, -0.0077909934, -0.025090922, 0.012146475, 0.0022540994, -0.012269185, -0.00033113582, 0.0041000065, -0.011189878, 0.0091775395, -0.0039737974, 0.011040726, -0.04855627, 0.0023953258, 0.0075160326, 0.0009666542, 0.0012982802, -0.008876027, -0.0046109287, 0.0076254876, 0.00027307117, -0.00730896, -0.00032912585, 0.0088559855, -0.00065200427, 0.011632262, -0.012522034, 0.016435096, 0.004203439, 0.005516117, -0.013142023, 0.0043354607, -0.013583845, -0.004979697, -0.013206507, -0.009946508, 0.002669877, 0.00019219889, -0.012223942, -0.0092982305, 0.00017635597, 2.1837774e-05, -0.019987071, -0.0026677034, -0.015586098, 0.0042212275, -0.0049129887, -0.013353365, 0.00040509854, 0.009954568, -0.0023294203, 5.317909e-06, 0.0032405015, -0.0029659804, 0.005138977, -0.013281869, -0.003119591, -0.01283217, -0.007902818, -0.014618471, -0.0027834, -0.013632449, 0.008141919, -0.017233156, -0.00096, 0.0072369194, 0.021534374, 0.015996512, 0.012773287, -0.000411565, -0.017600624, 0.018377434, 0.0074397344, -0.003627011, -0.02870525, 0.032264415, -0.008099151, -0.010967323, -0.001880493, 0.004075398, 0.014695942, 0.0099126, 0.0061761304, 0.016100828, -0.0117809875, 0.014016015, -0.005998241, 0.0061981226, 0.009353962, -0.014330315, 0.010316471, -0.000482686, -0.001620088, -0.013130875, 0.020560086, 0.009549486, -0.0073768245, -0.005807675, -0.0017796358, -0.011755285, -0.010248467, 0.011499887, 0.012811464, -0.0023537579, 0.0063058985, 0.011283385, -0.021142585, -0.010078145, 0.0041461284, -0.013401439, -0.012576253, -0.0013234476, -0.02391252, -0.002270968, 0.02887451, 0.006311963, -0.0033189876, 0.0065489733, 0.0063465945, -0.008753806, -0.010775211, 0.003580747, 0.0033463645, -0.017529493, 0.010997487, -0.015540805, 0.0086070625, 0.009738706, -0.0107473, -0.0012569311, 0.0011681237, -0.002507943, 0.004815294, -0.01545817, 0.0054865857, 0.003066405, 0.012181462, 0.006329167, 0.0080813505, -0.0014577371, 0.019127706, 0.010120892, -0.005023942, -0.019275889, -0.0040393104, -0.008763979, -0.012512334, 0.001012327, 0.00011984832, -0.014259098, -0.005139717, 0.00077290606, -0.0006711269, -0.01967875, -0.009277031, -0.0072072977, 0.0011490205, -0.011547146, 0.010616709, 0.01981376, 0.00013153383, 0.0002997353, -0.01716131, -0.0013018784, 0.008270054, -0.0034130258, -0.004267104, 0.0027382842, 0.0048974385, 0.01730681, 0.022070862, -0.01515766, -0.034090813, -0.00027725293, 0.0043766187, 0.008915705, -0.011638623, 0.0042963657, 0.017063633, -0.001456779, -0.010275977, 0.010153151, -0.00039019936, 0.011103642, -0.00923874, -0.0036316724, -0.017650342, 0.020440707, -0.004348401, -0.0062036654, -0.010617506, 0.014887609, -0.0059346384, 0.070624575, -0.00055601617, 0.005888544, 0.002166115, -0.017281171, -0.010017947, 0.007241707, 0.014120567, 0.013511118, -0.0032074451, -0.0013415999, 0.012067062, -0.0143634975, 0.0024734836, -0.009117435, 0.000631783, -0.00017326059, -0.004377638, -0.0012553598, 0.01082758, -0.004444306, 0.0066058612, 0.0047924765, 0.004835014, -8.1026956e-05, -0.005337369, 0.0047679604, 0.017464288, 0.02838144, -0.0080203, -0.0035820468, 0.013690721, 0.01770417, -0.004096029, -0.018639337, -0.0034362222, 0.003947575, 0.012120674, 0.0032144869, 0.015194228, -0.00035199363, -0.029388664, 0.006351723, -0.0075441576, 0.0075421855, 0.0070116534, -0.00638806, -0.013619727, 0.0031171483, -0.0071588177, -0.008783852, -0.014278181, 0.0019644143, 0.011093161, 0.002414883, -0.0052955057, 0.014968006, -0.0054649557, 0.011424362, -0.009259972, 0.005148012, 0.0081753405, -0.008645382, 0.0043756594, -0.0114458, 0.00027180996, -0.020132346, -0.009202123, -0.006880407, -0.012274914, 0.006857025, -0.017057188, -0.005860059, -0.017516209, 0.0075174063, -0.0013710863, 0.021252472, -0.011817262, -0.01403192, -0.005939449, 0.027586283, -0.004626162, -0.0056325532, 0.013903539, -0.0014576549, -0.0044996478, -0.019477304, 0.009208671, 0.023442395, -0.0018278625, -0.0068493793, 0.0075170016, 0.0040754434, 0.0017672435, 0.008838372, -0.004228321, 0.055440463, 0.020091001, -0.006099185, 0.0068345596, 0.010335587, -0.00071145286, 0.017154597, -0.0015459359, 0.00974514, -0.019576116, 0.0076800394, -0.008611132, 0.0138030555, 0.003955432, 0.004397287, -0.0065524606, -0.017254516, 0.015258514, -0.007997634, -0.019432066, -0.0004895793, 0.01775628, 0.0070623313, 0.010108208, 0.004071825, -0.008163055, 0.0021494396, 0.010337628, -0.018585335, 0.005514996, -0.0029584293, 0.013451353, -0.00062783156, 0.0028910227, 0.002550408, 0.027266424, -0.013319381, -0.014966172, 0.0020788, 0.0037711095, -0.010213127, -0.012500145, 0.018441081, 0.006318534, 0.0055926177, -0.007198872, -0.0014196817, -0.022648865, 0.012564869, 0.017523475, 0.003246384, 0.01458751, -0.0070918375, 0.0045540766, -0.008111753, -0.008716998, -0.0042912452, -0.0074711447, -0.011630819, 0.0020864375, -0.017857447, 0.019090645, 0.01096476, 0.0062478613, -0.008259545, 0.01897498, 0.0056797974, -0.0074960976, -0.016199553, -0.010854913, 0.027880037, 0.00086275593, -0.012145693, 0.003018236, 0.0051148166, 0.0076512364, -0.011163965, 0.0043870346, 0.004478875, 0.014382249, -0.0049571074, -0.01693593, 0.004562685, 0.0055895415, -5.600689e-05, -0.0031791078, 0.0036852702, 0.0024471695, 0.012867168, 0.0011255057, 0.0027582792, 0.012114394, 0.012331158, -0.014240229, -0.0068426034, 0.025687117, -0.008852297, 0.009378664, -0.02895317, -0.006559717, 0.004613546, 0.0127054425, -0.0039173206, -0.0021575985, -0.037159827, 0.00837843, 0.017146975, -0.0031605922, -0.0006288677, 0.0037974687, -0.008724552, 0.006584469, -0.0044691833, 0.0057482664, 0.0073962593, -0.009375971, 0.00896037, 0.019092731, 0.005645193, 0.010314546, 0.0050381823, 0.019385612, 0.0016103925, -0.0062955795, 0.003201459, -0.0048913835, -0.017454777, -0.0067965947, 0.006818188, 0.0005291824, 0.010690215, 0.022780987, 0.010011555, -0.0015654243, -0.0113884555, -0.0065208427, -0.0028929983, 0.006469097, -0.0047678873, -0.003309479, 0.016196324, -0.019154914, 0.0022675884, 0.0005964871, 0.003537978, -0.005430942, 0.0032836671, -0.0071017253, -0.0023058085, -0.01225676, -0.013370375, -0.0010286199, -0.0102489805, 0.0056539583, -0.0059493785, -0.0014887358, 0.006812486, -0.017479094, 0.009078168, 0.012372094, -0.012320976, -0.060304586, -0.004698013, 0.01945643, 0.010101001, 0.0040616114, 0.00017162783, 0.014265895, 0.0061817025, -0.0004605548, 0.004245982, -0.013185786, 0.022987382, -0.003045514, 0.024612272, -0.009149128, -0.008879505, -0.012223319, -0.008882227, 0.013177279, 0.0021250842, 0.006829889, 0.0038489965, 0.026940592, 0.014427758, -0.004162716, -0.009494625, 0.0036829824, -0.014643295, 0.002455047, -0.006971478, 0.001827577, 0.0033368107, -0.008483012, 0.008492449, 0.0013477018, -0.010343193, 0.00093080115, 0.0047482816, -0.004644579, 0.012795045, 0.0045320825, -0.012258345, 0.015458085, -0.01220011, -0.005031968, -0.0041166525, -0.0028423977, -0.013743469, -0.011722448, -0.012654231, 0.0040158858, 0.0071423175, -0.021479106, 0.0090843905, 0.00010914108, -0.009014403, 0.0023824202, 0.0067635183, -0.0028454647, 0.0059618005, 0.005698174, -0.0014086168, 0.0011554013, -0.023530325, -0.0007446076, -0.0042817635, 0.0059147556, 0.010273567, -0.018538864, 0.0025554416, 0.023783887, 0.0034853418, 0.011620776, -0.0020270671, -0.009426965, -0.020096969, 0.029411834, 0.0059865136, -0.011380256, -0.005889248, -0.0022203894, -0.013238939, -0.009434181, -0.016336313, -0.001402113, 0.003914259, -0.00928116, -0.0009103388, -0.02715211, 0.005622392, -0.0020985617, 0.0044273175, 0.010157981, 0.00097488734, -0.010189613, 0.015579591, -0.005642809, 0.0042644683, 0.007816627, 0.0073547657, -0.0013942352, -0.009281202, -0.003254443, -0.006030066, -0.0186643, 0.011133286, 0.0025486248, -0.0012268741, -0.011303097, -0.0043656677, -0.013003468, -0.0066133733, 0.0060088006, 0.012468904, -0.017781025, -0.0024235314, -0.0012998496, -0.0020518978, -0.0062962985, 0.009501091, -0.009539765, 0.008557427, 0.008869947, 0.009110815, -0.010783087, -0.006785217, 0.009123961, 0.0032945194, 0.015272781, -0.011757402, -0.011042125, 0.0008555222, -0.004399788, -0.0037896913, -0.0046938653, 0.022625696, 0.02443409, -0.0049824975, 0.005296545, -0.003632271, 0.008726876, -0.0032770985, -0.0055531785, 0.00090837124, 0.010309097, 0.0059052818, -0.0019838728, -0.0065716146, 0.02099381, -0.022065235, 0.0041214623, 0.0047966246, -0.018592399, 0.0137122655, 0.005207418, 0.003975192, 0.006958908, 0.0032777037, 0.012668783, 0.010726901, 0.017524807, 0.03305778, 0.0066591282, 0.001252624, -0.008664329, -0.0039499956, 0.010266172, -0.004828581, 0.007323392, -0.0057901596, -0.0025832946, 0.0006853252, 0.0049360017, 0.022476971, 0.02174476, 0.00036616583, 0.006626406, 0.011815412, 0.019888708, -0.011430282, -0.01837808, 0.0035606541, -0.0023253122, 0.0072581046, -0.009398472, -0.02242017, 0.006763331, 0.009013636, -0.003019198, 0.017814707, -0.016803825, 0.0073042423, 0.0026615825, -0.0023944885, 0.0012021965, 0.005832735, 0.0005838157, 0.010685803, 0.014301061, 0.0038608066, -0.0017132607, -0.0059441123, -0.0070944848, 0.003679612, -0.009628571, -0.082074195, -0.007935209, 0.004165847, -0.009068234, 0.008039812, 0.002908309, 0.017687617, -0.025814043, -0.003925076, -0.015140357, -0.003743644, 0.0015143206, -0.015599204, 0.019123519, -0.011117026, 0.0014178811, 0.020919891, -0.005835857, -0.00084327644, 0.01043066, -0.010763489, 0.010848691, -0.018882176, 0.0048972336, 0.007883687, -0.0056890063, -0.001081068, 0.003306678, 0.023388535, 0.006288366, -0.0011262979, -0.013702633, -0.0006569007, 0.018041762, -0.011498555, 0.0034151024, 0.025955718, 0.021130975, -0.14310418, 0.014564931, -0.011214575, -0.0024832648, -0.0059150173, -0.0057871793, 0.02357542, 0.0010899986, -0.0014540273, 0.009998346, -0.0006261329, 0.00012911396, -0.01718526, -0.0026035598, 0.0020615112, 0.0053583845, 0.011187817, 0.0009527707, -0.008837244, -0.00027276028, 0.0056899716, 0.009886364, -0.0066574574, 0.0011900413, -0.023860866, -0.013668413, -0.0010339589, -0.0002339544, -0.010603529, 0.008667533, 0.011560055, 0.0040791184, 0.0050176126, 0.018571494, 0.010755458, -0.009134971, -0.0033851797, 0.0067971917, -0.0032741926, -0.007969096, 0.020852081, 0.0070917415, -0.0054531465, 0.0064858827, 0.004879216, 0.016277593, -0.005166241, -0.0034705487, -0.011150361, -0.002920502, -0.00310237, 0.0075578126, -0.006515706, 0.0021683942, -0.010236683, 0.002181035, 0.016828302, -0.009094643, -0.013255177, 0.005563988, 0.0060902433, -0.00040335234, 0.0012785313, -0.010949555, -0.026563307, 0.0031899628, -0.003810846, -0.0005077478, 0.0068356614, 0.004406709, -0.0027571379, -0.00021013198, -0.024777152, -0.022540221, 0.017177926, -0.0020410614, 0.0035063354, -0.00791174, 0.007852612, -0.00731177, 0.0023738262, 0.0042869337, 0.0015004429, 0.005323729, -0.003495265, 0.010102709, 0.0032838392, 0.0011559268, 0.008646904, -0.05450254, -0.0006261494, -0.009739639, 0.004632092, 0.021736588, 0.009121583, -0.0049190163, 0.017484834, -0.00019159178, -0.029326953, 0.011474279, -0.011658335, -0.0008440193, 0.010047432, -0.0023593889, 0.0069931042, 0.0026883848, 0.013892377, -0.012383974, 0.013576526, -0.013493539, -0.0094907405, -0.002464978, 0.01405666, 0.0023785133, -0.002958851, 0.0016527956, -0.009630531, 0.011418304, 0.0119562885, -0.009004682, 0.0059141917, -0.009401064, 0.006131597, 0.006629909, -0.0018407413, -0.0034968487, 0.0016827493, -0.013090705, -0.009861643, 0.012794923, 0.01361474, -0.010485637, 0.007528047, -0.0015705397, 0.00544511, -0.01737313, 0.0043298537, -0.015656367, -0.010250426, -0.016776027, -0.00084091607, 0.028968915, 0.016625205, 0.0004831094, 0.006286815, -0.015396661, 0.014685979, -0.017713018, -0.011349994, 0.0014742058, -0.012239846, -0.009256511, -0.023940878, 0.0033607064, -0.0072114537, -0.0013508637, -0.0005525374, -0.004364168, 0.012583972, -0.027098928, 0.021001458, 0.010154967, 0.023268534, -0.0091970945, -0.012975555, -0.00043498146, -0.010214328, -0.023602534, -0.011609647, 0.023523806, 0.01920878, -0.011127184, -0.008922791, -0.010088224, -0.0005022725, -0.013264471, -0.008813672, 0.0010767982, 0.006674371, -0.0068417396, -0.013322282, -0.0054424964, 0.008166464, -0.0054547936, 0.012723033, 0.012362179, -0.016424961, -0.009252393, -0.0023787539, 0.025935158, -0.0017867413, -0.010784134, -0.0060514165, 0.009113725, 0.008121168, 0.005849277, -0.013051307, 0.00074846105, -0.009887376, 0.024926146, 0.020691715, 0.013787236, 0.0073263654, -0.173678, -0.024717866, 0.013320706, 0.008819897, 0.006455651, -0.00010848566, 0.0036205521, 0.008161447, -0.013377885, 0.0018866808, 0.013661769, 0.023747187, 0.0018807638, -0.030266127, -0.004629507, 0.032574743, -0.004081592, -0.0012708685, -0.0007038959, -0.0023116982, -0.023071239, -0.005738849, -0.0050337208, 0.006093067, 0.029036704, -0.03928264, 0.013715326, 0.0033770243, 0.009160374, -0.022301547, 0.014370701, -0.003388756, 0.014617845, 0.0018102431, -0.0055806157, -0.0037692331, -0.009726789, 0.011014002, -0.01206369, -0.007017198, -0.0060850075, -0.007794821, 0.012998596, 0.0037847648, -0.010281862, 0.0014967177, -0.034946945, -0.01734715, -0.0099589955, -0.020236043, -0.00993779, -0.0081078475, 0.00068201346, -0.02208137, 0.011105202, -0.0018906002, 0.016736958, 0.01136986, 0.010624199, 0.020696735, -0.0183971, 0.010340457, 0.00033802388, 0.012773295, -0.0016210816, -0.0051878276, -0.009306532, 0.13110541, -0.031541396, 0.028009873, -0.0062898397, 0.017792357, 0.023538165, 0.008694374, 0.004113418, 0.019568974, -0.013676966, 0.008130491, 0.014828035, 0.009957995, -0.019072315, -0.0036887268, -0.002174809, -0.0062389583, 0.021795204, 0.010325943, 0.011884352, -0.0031582152, -0.008678275, 0.005777178, -0.00013656486, 0.010256739, -0.008340689, 0.0056941384, 0.017478503, 0.016720228, 0.010854912, 0.017565988, -0.005637613, -0.004461064, 0.009430179, -0.013258276, -0.0084731085, -0.017480467, -0.0061581116, -0.018465353, -0.005425478, -0.0072441534, -0.0057091145, 0.0023459753, -0.0088016605, 0.011034486, 0.025656369, 0.008260936, 0.003719387, -0.0067544836, -0.005405669, -0.0051866504, -0.024179624, -0.0029429279, 0.002924577, 0.0089651905, -0.018441556, -0.010600108, -0.0083520785, 0.029469736, -0.0136252185, 0.017513212, 0.007978992, -0.01756112, 0.006135883, 0.011089544, 0.0037344566, -0.015875626, -0.024615768, 0.0075622266, -0.1180172, -0.0006205873, -0.018571412, -0.022875678, -0.00059006055, 0.007952696, -0.017105924, 0.014389326, 0.019047813, 0.0066643488, -0.015897905, 0.008313124, -0.020895025, 0.00032738387, -0.01859809, 4.6323476e-05, 0.0156457, 0.02008288, 0.033732295, 0.007624617, 0.0069030286, 0.005964121, -0.002175237, 0.01596122, 0.012599524, 0.0130393505, 0.001219915, 0.013925938, -0.005309189, 0.01063229, -0.0036988677, 2.809942e-05, -0.02636227, 0.007268317, -0.014458558, -0.007222934, 0.0048140595, -0.008629878, -0.0024523698, -0.014529848, 0.015886977, 0.0063179773, 0.016940981, -0.0036982563, 0.019316297, 0.009208583, -0.0006652788, 0.008398589, 0.0012259601, 0.00027952268, -0.0047561023, -0.0031808892, 0.005465756, 0.0025224206, -0.027155936, 0.021986827, -0.006011499, 0.012106767, -0.03149624, 0.010816488, -0.0032180168, 0.017215267, 0.0012326716, -0.019014798, 0.0017141062, 0.0123774195, -0.0067182668, 0.008962329, 0.009357981, 0.020548696, -0.017738, -0.013191984, -0.01054844, 0.011842067, -0.015545876, -0.009662947, -0.011990899, 0.003919313, -0.029225292, 0.011401672, 0.008864231, 0.013018335, 0.00062119256, -0.011729755, 0.039870616, 0.00060572673, 0.0008286349, 0.014628751, 0.025614865, -0.0040209354, 0.017425332, -0.0037478423, 0.0031125147, 0.027495757, -0.019648073, -0.011483349, 0.010324525, 0.004386017, 0.022609238, -0.006060963, -0.0065691713, -0.025892513, -0.018379867, 0.006841987, -0.004404603, -0.002997187, -0.0027886573, 0.00035406346, 0.0153430505, -0.006484448, 0.014932065, 0.011831276, -0.014722834, -0.008652134, -0.016621087, 0.0042306497, -0.0061437823, -4.427635e-05, -0.02410682, 0.006391757, -0.006283727, -0.010434137, -0.016713299, 0.004543951, 0.020852992, -0.005699349, 0.0028604183, -0.016844215, -0.00041589295, 0.0063466593, 0.026252171, 0.009669772, 0.005554546, -0.01198321, 0.015521441, -0.024557063, 0.0044256407, 0.022025505, 0.015979357, 0.021066798, 0.0062055853, 0.018506128, -0.0047577154, -0.0022988578, 0.0045614312, -0.0019394871, -0.0041640894, -0.0014237843, 0.0050214925, -0.024002904, 0.008126651, 0.022596823, -0.00041246673, 0.019495042, 0.018044647, -0.008139476, -0.005005624, -0.0019225366, 0.015362047, 0.01807892, -0.020044215, 0.028867286, -0.001375397, -0.01727475, -0.006709269, -0.0069672596, 0.023138998, -0.0075725177, -0.024492364, -0.028582698, 0.023910105, 0.0015540823, 0.007001694, -0.0040478585, 0.004418911, 0.010179643, 0.0054909573, 0.010619541, -0.017465847, -0.05687813, 0.020824105, 0.013828782, 0.008967966, -0.015225738, -0.0034869898, -0.0002218972, 0.0033946412, -0.018952277, -0.014671691, 0.007681276, -0.0038610874, -0.011697275, -0.0071276957, 0.018561877, 0.039444145, 0.008271883, 0.0022364727, 0.0035485653, -0.01213065, 0.009605701, 0.009626411, 0.013626024, 0.02556984, -0.009736112, -0.012501116, -0.017125001, -0.010445817, -0.019399902, -0.0037860498, -0.020811688, -0.0051253103, 0.0055190423, 0.00258677, -0.014220718, 0.005437299, -0.0192244, -0.023908446, -0.0018750422, -0.06561726, -0.007253831, -0.008093804, -0.049827315, 0.0114079965, 0.0020331843, 0.0007016087, -0.0047133756, 0.0024826033, 0.020064296, -0.0098600695, 0.003034624, -0.0020170216, 0.0046237432, -0.015200378, 0.0063473475, -0.006116112, 0.008067789, -0.008715589, 0.024036404, 0.011178027, 0.011207741, -0.00534969, -0.009269316, 0.00077388657, -0.0010454293, 0.0022492437, -0.0035216638, -0.011868626, -0.00097186706, -0.0025307718, 0.003931489, 0.011556721, -0.015014642, 0.017616715, -0.0012791685, -3.584836e-05, -0.009895923, -0.014622845, 0.009398719, 0.027135005, 0.011489393, -0.015059885, -0.0047479593, 0.04239079, 0.0051365197, -0.0048996937, -0.005991564, -0.09842249, -0.009382895, -0.017975798, 0.007742171, 0.00028554484, 0.017101156, 0.011443333, 0.05602176, -0.014901854, -0.010934247, -0.016197115, -0.0065161516, 0.0067819995, -0.022011204, -0.0031558028, -0.005091943, -0.03169165, 0.019793, -0.006902748, 0.0023690031, -0.00262656, -0.021791836, -0.011078519, 0.003436616, -0.0002913698, -0.039444994, 0.0114146555, 0.00880773, -0.00048089633, -0.009683765, 0.0004488366, 0.0031156929, 0.004795732, 0.0032071755, -0.011841175, 0.009621728, -0.014117363, 0.015680412, 0.0019213861, 0.012966571, 0.023922874, 0.0064446167, -0.0011381507, 0.016589206, -0.020768428, -0.0102568, -0.019649593, -0.003919432, 0.009143469, 0.010456091, -0.0017481669, -0.026777223, -0.0031657931, 0.014251342, -0.0013997481, 0.0050847456, -0.001745294, -0.035258584, 0.015399446, 0.014660852, 0.018938236, 0.00794998, -0.004313758, 0.0014974123, -0.01599897, 0.0201167, -0.008817041, -0.028404174, -0.00036349928, -0.0090869125, 0.0029377502, 0.008587688, 0.016328394, -0.005793996, -0.008818019, 0.010465488, 0.011536103, 0.02169427, -0.019792601, -0.0005350962, 0.016530383, 0.005460248, 0.0178475, 0.015538708, -6.5506494e-05, 0.004314339, -0.017195597, 0.009358238, 0.009467115, 0.012353162, -0.014443512, -0.019552425, 0.004555634, 0.007812247, 0.0011932006, 0.010217701, 0.0020616066, -0.010642567, -0.011315096, -0.015003492, -0.0071317297, 0.002324179, -0.014351047, 0.00049697876, -0.001329326, -0.0031241134, 0.0011461606, -0.020512257, -0.0020732551, 0.007263055, 0.02106977, 0.014923505, 0.0019940608, -0.0108264275, -0.012139718, 0.0050991396, 0.0013650305, -0.0022239708, -0.015821515, -0.0030834777, 0.015118764, 0.0037109698, -0.029432984, -0.033692278, -2.3006549e-05, -0.0015479682, 0.00939788, 0.013530708, 0.0007422262, 0.010108635, -0.015632298, 0.008689819, 0.008868406, 0.011647436, 0.0045292648, 0.0033373719, 0.011788435, -0.0008581859, -0.00762717, 0.00744406, 0.008922371, 0.017220054, 0.023252662, -0.008782685, 0.025717216, 0.010148244, -0.01511516, -0.023220863, -0.035216235, 0.007790268, 0.0032280225, 0.019737374, 0.019397125, -0.04099476, -0.027901316, -0.013130643, 0.0060254093, -0.0008171042, 0.0024291717, 0.015945321, -0.009394747, -0.0026780476, -0.013072135, 0.0015903537, -0.0122832, -0.0014218801, -0.017907731, 0.010406934, 0.006759002, 0.021874066, -0.028637065, -0.021197781, -0.0032895075, -0.022960601, 0.040166557, -0.0052426415, 0.01781738, -0.017635185, 0.0090707475, -0.014297844, -0.0018975927, -0.003951505, 0.0020912015, 0.011672295, -0.0060240226, -0.015178744, -0.0149673335, -0.0038116784, -0.0025987353, 0.032174345, -0.018436799, -0.025035424, 0.02434715, -0.020236898, 0.0022351583, 0.007693004, -0.021315113, 0.003126581, -0.028122418, 0.0036187766, -0.0012742416, -0.0039411252, -0.0047922796, -0.02454518, 0.026277466, -0.006006652, 0.0006884224, 0.012139178, -0.0067002573, -0.007477955, 0.012863817, 0.0013833084, 0.0019487737, 0.015401674, 0.0014012544, 0.00429792, 0.011777866, -0.016485356, -0.004943394, -0.014310778, 0.014689278, -0.00039359383, 0.017243035, -0.0024380903, 0.009035965, 0.00075775076, -0.0041899337, 0.0149559295, 0.008644679, -0.004581665, -0.010380079, 0.007631955, -0.003377765, -0.0089002205, 0.0039610215, 0.007137693, -0.020902937, 0.016359234, 0.0105296215, 0.0036855643, 0.052068707, 0.011289058, 0.01558502, 0.0014259128, -0.020227917, -0.029230863, 0.01216426, 0.009793742, -0.007814321, -0.013520569, 0.015808549, -0.026499737, 0.008982632, -0.015448951, 0.02022922, 0.0031111822, -0.0013179734, -0.02226041, -0.011830125, 0.0013194791, 0.0134511525, 0.012039411, 0.0017960372, 0.013384996, -0.006403691, -0.018107094, 0.005486795, 0.0006625711, 0.0035048933, 0.005561045, -0.007589154, -0.020980539, -0.021734439, -0.024770867, -0.01719032, 0.032333504, -0.005653136, 0.041848794, -0.009605281, 0.0376593, 0.0057830415, -0.039037865, 0.01712883, 0.000579566, 0.0062332125, -0.005216722, 0.003716473, 0.017760953, -0.0028948912, -0.0082826, 0.04168505, -0.005474516, -0.0016019962, 0.023267062, -0.019431533, -0.010668809, -0.0061088693, -0.00049982284, 0.001856465, 0.026117504, 0.03994099, -0.002156429, -0.0017572786, -0.0059054634, -0.006201424, 0.013696471, 0.012412663, -0.011919414, -0.009361408, 0.0014933596, 0.009418848, 0.010210313, -0.006269278, 0.004000833, -0.027280545, -0.006659661, 0.01575634, -0.0027119673, 0.015128955, -0.014744137, 0.005830092, 0.011195717, -0.0018930516, -0.0031332946, 0.008670931, 0.0065241526, -0.0052972054, 0.0037852265, -0.014689928, -0.006081723, -0.002448728, 0.0013413334, -0.019466348, -0.025674723, 0.00035909843, -0.0102395, -0.009520693, -0.005201516, 0.011978826, 0.004946378, 0.008892484, 0.006959849, 0.008862012, -0.013055918, 0.010583753, 0.009082017, -0.0031823807, -0.023170946, 0.032139268, 0.01250224, -0.01430177, -0.0021938984, -0.020593498, 0.000279634, 0.01864719, 0.0048069614, -0.005766329, -0.016130738, -0.01638771, 0.020802371, -0.027901722, -0.002048181, -0.029457102, -0.0078457715, -0.0053635454, -0.0078740595, -0.012642176, -0.0152734155, -0.012393316, 0.017757839, -0.008555188, 0.015879244, -0.01735351, 0.02021576, -0.0024138703, -0.018683722, 0.017974718, -0.004348103, -0.0015984125, 0.0008926319, -0.011482737, 0.009179121, 0.025688881, 0.007000026, -0.006354865, 0.0065039457, 0.028190222, 0.008105306, 0.00017726242, 0.009293294, 0.005575264, 0.02097204, 0.01194029, 0.021224486, -0.0007990026, -0.0015796894, 0.0057706055, -0.01731062, 0.016370682, -0.038462073, 0.009909765, -0.0020341345, 0.0050274376, -0.01798957, 0.006475599, 0.032875758, -0.0077584703, 0.020433867, 0.030275853, 0.0069177314, -0.02098976, -0.0012034478, 0.024946818, -0.011016351, 0.011020832, -0.00986112, -0.01019628, 0.007619017, 0.019402405, -0.0033443877, -0.0070537175, 0.00855209, -0.0022970543, 0.0006489449, 0.01663294, 0.011114237, -0.0071773822, -0.005398401, 0.014079135, -0.01333378, 0.00455926, -0.028140003, -0.022058263, 0.028319579, 0.016115246, 0.0026130162, 0.019602757, 0.03244968, 0.015550994, -0.008512262, -0.0031846121, -0.0002509456, 0.02933089, -0.0005619023, 0.0127254, 0.0017112802, -0.004118456, -0.016323684, 0.02331368, -0.01611514, -0.012290392, -0.0045966366, -0.016318118, 0.006592762, -0.0027983964, -0.016146049, -0.0072527947, -0.0021673022, 0.034372557, -0.0146062225, -0.018756583, -0.010318924, -0.00020130015, -0.010949888, -0.016334947, -0.02303243, -0.021337135, -0.006090978, -0.025909934, 0.016445532, -0.051972385, 0.0013662205, -0.030962652, -0.009899979, -0.0135711795, 0.0011873144, -0.0062237238, 0.017281046, 0.016413445, 0.004020635, 0.009538035, 0.001448946, -0.017591666, -0.001789811, 0.004108907, -0.0054903007, -0.0067849453, -0.012046168, -0.0088872, 0.0060276003, 0.0011694506, -0.009529972, 0.032797765, -0.032341503, 0.01862836, 0.03345382, 0.014420964, 0.01942565, 0.0138566485, -0.0015006496, -0.017930606, -0.013232458, -0.016662275, -0.049148977, 0.013588905, 0.011365434, 0.009123123, 0.018963827, 0.016267762, -0.021842938, -0.034049854, -0.0009939661, -0.007919484, -0.0063880263, -0.002388511, 0.0073456215, 0.009870819, 0.0015889952, -0.010851786, 0.0021462527, 0.0014481824, 0.0024327955, -0.0051265145, -0.0058531254, 0.0052320585, 0.009288738, -0.010730667, 0.016365599, 0.04176069, 0.0033376613, 0.002956766, 0.017644234, -0.019263979, -0.0039361846, 0.008039591, -0.010102813, 0.008207924, 0.0057740654, 0.016313938, -0.002883052, 0.0007706217, 0.018077135, -0.026762312, -0.0003638569, 0.020472623, 0.0067910743, 0.0064155613, 0.0041044275, -0.020855086, 0.006923397, 0.0079437, 0.0047081453, 0.0071427766, -0.021470921, 0.0014981736, 0.004378834, -0.008874119, -0.008816688, 0.0018896041, -0.028937437, -0.0111581385, -0.0041688695, -0.019855324, 0.0045864014, 0.00035580862, 0.030413382, 0.014423084, 0.0012531948, 0.009695159, 0.03386802, 0.013925647, -0.020223692, 0.021572363, -0.01932811, 0.012154712, 0.0063300473, 0.022758335, -0.013976634, 0.0074383686, -0.0083948225, 0.006014127, -0.025380258, -0.02120159, 0.014456285, 0.022713779, 0.0036835296, -0.06377703, -0.0015008069, 0.0018420487, -0.0061531276, -0.0031931659, 0.025487794, -0.0032387397, 0.0050610984, -0.005485591, 0.0066718073, -0.00091892853, -0.023040066, 0.009490134, -0.004996603, 0.017884051, -0.003679107, -0.0221297, 0.0035258862, -0.007370538, 0.0045991237, 0.01243032, -0.009967903, 0.020411663, -0.043197595, 0.006010545, 0.03278838, 0.018342987, -0.018913195, 0.0067769405, -0.011716132, 0.012791789, 0.00044649641, 0.010555334, -0.00061894563, -0.00575417, 0.005650123, 0.0069165756, -0.0024160035, 0.010010686, -0.00611096, 0.014583045, -0.027946873, -0.003953842, -0.03087946, 0.011780218, 0.0078511825, -0.005933604, -0.0060552945, 0.0058132512, 0.009921671, -0.007185436, -0.006239378, 0.0010226126, -0.0018464494, 0.0006774069, -0.03032803, -0.0005006371, 0.0042158472, 0.0065186257, -0.017993033, -0.025090167, 0.01872476, -0.015629444, -0.007201302, -0.012485564, -0.017915139, -0.0005875192, 0.005773594, 0.026752997, 0.017680978, 0.022838242, -0.004462289, 0.012496453, 0.03179384, 0.010472851, -0.013480191, -0.00040512532, 0.009240908, 0.015873974, 0.010083132, 0.0050909035, 0.015806662, 0.0021499218, -0.004131765, 0.0013037832, 0.0144450385, -0.02605129, -0.017778525, 0.024560653, 0.013305566, 0.012173714, -0.007457074, 0.0032622602, -0.0017761345, -0.01315794, 0.024104923, 0.0042921156, -0.0053077256, 0.01740594, -0.015933853, 0.16752186, 0.12028762, 0.007766643, 0.007828891, -0.0015390791, 0.013534531, 0.0023902054, 0.015799703, -0.00018014299, -0.00034194652, -0.03451688, -0.010615058, 0.010765407, -0.011046376, 0.011488608, -0.004646797, 0.0062350687, 0.015547637, 0.005751013, 0.010474619, -0.005432411, -0.013987845, -0.017629629, 0.00028968742, -0.047591142, 0.0066507813, -0.0127076, -0.0026800241, -0.00036790862, -0.004701527, -0.015753092, -0.01998208, -0.022935813, -0.0018125656, 0.0018880757, -0.0038561795, 0.0013861567, 0.03807187, -0.0072336444, -0.015460346, -0.003607347, 0.015665872, -0.016938142, 0.0111914845, 0.011125085, -0.014316932, 0.019170506, -0.007837723, 0.0033368992, 0.02769392, 0.014566403, -0.0076146293, 0.024309883, 0.02421111, -0.003282075, 0.006488167, -0.004108927, 0.0117704775, -0.0034256221, 0.011165208, 0.021119384, 0.0087844245, 0.000908886, -0.024404105, -0.0017624769, -0.0041213, 0.0020413052, -0.02109186, 0.004046824, -0.0038854943, 0.0030153187, 0.0024178242, 0.0033742625, 0.01522909, -0.016082207, 0.012705496, 0.0048346133, 0.0048585217, -0.014486466, 0.002734376, -0.019892182, -0.0063741594, 0.014711474, -0.0026647442, -0.00014307124, 0.013496432, 0.008236597, 0.005154276, 0.11372723, 0.016036784, 0.00776567, -0.012545835, -0.0011587386, -0.010471385, -0.018725965, 0.030548561, 0.0147360535, -0.0054721823, -0.006363497, 0.0027725543, 0.01901054, -0.01681543, -0.024796193, 0.00033509394, 0.010505723, 0.022315819, 0.0011126765, 0.0009617438, -0.009218235, -0.012782867, -0.01011852, 0.009590137, 0.009877134, 0.0035175039, -0.0051175253, 0.0004947292, -0.014696867, 0.01647312, -0.0931077, -0.014659438, -0.0026743133, 0.0036628223, 0.012259435, 0.033455204, -0.01304019, 0.0057516787, 0.0049393163, 0.012334948, 0.008053588, -0.0050490703, -0.0035660563, -0.011039791, 2.3949498e-05, 0.006390872, 0.015923293, -0.014551524, 0.024714993, -0.0019572254, 0.023849528, 0.00014773663, -0.030449705, -0.0067465855, -0.005336701, -0.009040144, 0.011394293, -0.016902046, 0.009558046, 0.0072749835, 0.002491578, -0.004085904, -0.061878078, 0.005515049, -0.00037428396, -0.020278206, 0.020289095, 0.0025099034, -0.023255268, -0.018622972, 0.009597796, -0.020898975, 0.0040118075, -0.015638426, 0.013589542, -0.024282418, 0.007210416, -8.19443e-05, 0.005798091, -0.019052375, 0.011543089, 0.0066031627, 0.00033304497, -0.0023335896, 0.0057403212, 0.001001226, -0.010967707, -0.008273514, -0.0055488795, 0.013757602, 0.011290656, 0.030059634, 0.0032900781, 0.015764201, 6.0053617e-07, 0.008563777, -0.002333733, 0.01876626, 0.0051740916, -0.0016895407, 0.015806286, 0.015665712, -0.021307323, 0.02240991, -0.033397656, -0.010708404, -0.00952587, 0.007893039, 0.013409593, -0.0031369883, -0.01803246, 0.0022950592, -0.0076676845, 0.10556258, 0.009043799, -0.0057895165, 0.022293072, 0.012886725, -0.009487228, 0.030326487, -0.020089889, -0.0045948215, 0.0165993, 0.0040723803, -0.0032402403, 0.0123103475, 0.0024938206, 0.008339211, -0.022512157, 0.02480466, -0.02192584, 0.004818311, 0.0034548834, 0.00080175383, -0.009661616, 0.012351109, 0.0010929963, -0.0008261324, 0.019709418, -0.009751051, 0.020765383, 0.0055643553, 0.021762554, -0.017293448, 0.011588108, 0.02931326, 0.0003417043, 0.0052551804, -0.016297566, 0.0124912765, 0.010548871, -0.0026721251, 0.0070998142, -0.008323391, 0.021323407, -0.019805325, 0.0072362283, -0.01419214, 0.18946567, 0.037031602, -0.0022529769, -0.015980816, -0.0071590464, 0.00077943556, 0.0006534663, 0.005434847, -0.024733108, -0.0023379894, 0.05459876, 0.011344015, -0.009953143, 0.027536925, 0.002826633, 0.0027797788, 0.004710624, 0.01261782, -0.015249161, 0.00046029274, -0.0150884995, -0.013264742, -0.02725493, 0.009582612, -0.020380327, -0.02280809, 0.017437166, 0.011962434, -0.004860306, -0.0061312285, 0.0014315684, 0.003732432, -0.0017654602, 0.015387638, 0.00097173214, -0.0020314455, 0.008253847, 0.0042669266, -0.0026175664, 0.008974856, -0.017596046, -0.008167848, 0.006972266, 0.015955256, 0.00831491, -0.013002489, -0.020932375, 0.021520428, -0.011042012, -0.028102024, -0.012150632, 0.0009246458, 0.009585694, -0.013106927, -0.008214837, 0.00034800742, -0.008134688, 0.013849806, -0.013110852, -0.0056552445, 0.01242663, 0.0003036313, -0.012354549, -0.0069311485, -0.0035424912, -0.012308725, -0.008609795]"
"El medico, escritor y academico Arnoldo Kraus fallecio a los 73 anos ",https://oem.com.mx/elsoldemexico/img/25509733/1756659108/BASE_LANDSCAPE/1200/image.webp,CULTURA,no descripcion,https://oem.com.mx/elsoldemexico/cultura/el-medico-escritor-y-academico-arnoldo-kraus-fallecio-a-los-73-anos-25507578,"[0.033876985, 0.009492486, 0.02953351, -0.07490588, -0.015824609, -0.006516873, -0.02732406, 0.024181109, 0.011307618, -0.015533437, -0.0010099664, -0.022316668, 0.006919598, 0.0046441252, 0.11526417, -0.0030788751, -0.012854771, 0.025971116, -0.0032575277, 0.007162365, 0.014112471, 0.0037273355, -0.03746541, -0.0066647036, -0.0044845063, 0.027153118, 0.041651152, 0.028010847, -0.021313496, -0.002220139, 0.0010688019, 0.025759602, -0.016582515, -0.008817401, -0.007583216, 0.01021213, 0.003255471, -0.0325977, 0.003161114, 0.028167162, -0.009906633, -0.004888712, 0.0044436823, 0.016783968, 0.019854754, 0.00039790748, 0.038782362, -0.016132632, -0.0022747226, -0.012390895, 0.020224748, 0.022142176, -0.019367596, -0.16072354, -0.0015198262, -0.0038892718, 0.011425439, -0.019359434, -0.0058783973, -0.011323894, -0.01039139, 0.029403003, 0.0015952392, -0.02759106, 0.008115401, 0.010483124, -0.001222057, 0.03267945, -0.03194674, -0.014792415, -0.014446435, 0.009215044, 0.013720035, 0.003776343, -0.02791461, 0.0075853113, 0.019411549, 0.03142493, -0.015878903, 0.00945191, -0.013872177, 0.01188038, -0.01980878, 0.005297655, 0.0114266705, -0.0098864045, 0.021949993, -0.031295687, 0.009249846, 0.01720921, 0.00022490692, 0.013112068, 0.023230068, -0.0036502918, 0.0040539308, 0.0008014418, 0.00035571633, -0.04340975, -0.0028697187, 0.0062300996, 0.0027335687, -0.006380083, 0.010704128, -0.018013489, 0.040679406, -0.01980772, 0.020116065, -0.00040851877, 0.019908456, -0.0056173387, 0.00058025424, -0.007951758, -0.02131749, -0.0034731429, 0.018064318, -0.14394608, 0.008643437, -0.0026425158, -0.011921771, 0.020035421, 0.002671994, 0.023778893, 0.030870816, 0.015460694, -0.01983388, -0.0050148387, -0.022189176, 0.035748485, -0.040879227, 0.016696146, -0.025125954, -0.001192834, 0.0026860507, 0.0038024907, 0.006921648, 0.021766353, -0.017203473, -0.010253158, 0.0014579088, -0.0024063024, -0.014393446, -0.006675911, -0.006049357, 0.0021850266, -0.011107608, -0.021290954, 0.0011768626, -0.0046741082, -0.03436535, -0.034509268, -0.0068767616, -0.0123791415, -0.010440861, -0.00032082756, -6.212606e-05, -0.01715237, -0.018196544, -0.009765154, -0.001928224, -0.014072013, 0.013264463, 0.039814048, -0.003970437, 0.04253885, 0.021686977, -0.006408486, -0.0068455804, 0.01025313, 0.020260029, 0.0005747274, -0.027089791, 0.0039049021, -0.016495833, 0.026179217, -0.015475769, 0.037017733, -0.004985034, -0.017923348, -0.0152814835, 0.005668694, -0.016933069, 0.026027974, 0.0067862254, 0.029090706, 0.01642568, -0.015940126, -3.1422656e-05, -0.005546568, -0.012005254, -0.016448295, -0.022497222, 0.002020217, -0.005306036, -0.0056461426, -0.012119264, 0.006294046, -0.026602788, 0.026979541, -0.010111204, 0.012496354, 0.00032304993, -0.0070827166, 0.017696198, -0.006326345, -0.017172748, -0.002398035, -0.0069184834, -0.0018152873, 0.0007470327, -0.008320081, 0.0056425035, 0.049569502, -0.00092943915, -0.03844902, -0.00701368, -0.041569673, -0.002469086, -0.01987049, -0.0067865695, -0.0027690704, 0.019613542, -0.05775266, 0.013831802, 0.013900483, -0.034508493, 0.0106040435, 0.020046314, 0.023166709, 0.0053204256, 0.005570224, 0.021665856, 0.005919956, -0.0216633, 0.020190645, 0.0013011307, -0.0159356, -0.006142963, -0.03294535, 0.0124993045, -0.007965317, 0.0012787257, -0.009526103, -0.027092153, 0.026537284, 0.0007773689, -0.01159957, -0.023696503, 0.010051601, -0.006636131, 0.015779382, 0.009136456, 0.003181152, -0.013125402, -0.003568309, -0.005365479, 0.013790457, 0.007657321, -0.014109619, -0.023687208, 0.0010086782, -0.010129478, -0.025936153, 0.0004013106, 0.007092878, 0.009788252, 0.0070459475, 0.007832496, 0.055681553, -0.033458665, -0.017774655, 0.007139624, 0.0015565773, 0.0018903249, -0.016642386, -0.0061830278, -0.0016764373, -0.079737365, -0.00770371, 0.011012734, -0.020191642, -0.016335115, -0.0019535783, -0.0027908913, -0.0074541187, -0.014501741, 0.0066454895, 0.015491216, 0.0065705907, 0.01178765, 0.0071631446, 0.00956868, 0.0054987203, 0.02393595, -0.0066937217, 0.010570147, -0.016199999, 0.0057433886, 0.011930906, -0.018059522, -0.00017815368, 0.0073904237, 0.0031821872, 0.020664386, 0.050672155, 0.024878807, -0.018000212, 0.013783468, -0.02858926, -0.03688117, 0.023753619, 0.012620685, 0.028323261, -0.0017056605, -0.009683215, -0.00064975343, -0.009233412, 0.0071607204, 0.0033499412, -0.0068993126, 0.0070493193, 0.0077054794, 0.0004934306, 0.014519978, -0.017790424, 0.016821552, 0.0021479842, 0.0035939924, -0.012794469, -0.0053409757, 0.01096762, 0.0023503944, 0.002604267, 0.012245921, -0.0014212255, -0.022109995, 0.006909574, 0.020231823, -0.019872013, -0.0070417244, -0.031325117, 0.0024464019, -0.0213534, -0.035156026, -0.01177396, -0.009527524, 0.010245513, -0.019971104, -0.014754396, -0.007262911, -0.032716215, -0.013078159, 0.012243449, 0.024711212, -0.0043392438, -0.014592883, -0.0026606, -0.016435126, 0.0077236947, -0.024993263, -0.012103921, 0.007820588, -0.0014967078, -0.015241634, -0.009866362, 0.0086252615, -0.012550751, 0.029938849, -0.0023668252, -0.016612828, 0.023541776, 0.023656113, -0.009821911, -0.022459984, -0.012031533, 0.009272311, 0.0049754954, -0.004708781, -0.012518363, 0.012178152, 0.009302495, 0.012654223, -0.011381454, 0.0026792635, 0.0007144352, -0.00710982, 0.0014087493, 0.004618577, -0.011773729, 0.008457628, 0.031055706, 0.02939628, -0.0378473, -0.009769023, -0.006649274, -0.009981804, 0.0088469945, 0.035327964, 0.013796995, -0.015897056, 0.030709544, 0.004841717, -0.017272593, -0.003879749, 0.015123216, -0.006894519, 0.012603316, -0.033432834, -0.025107717, 0.02490004, -0.030657772, 0.014476624, 0.0068793795, 0.009205999, -0.004748051, 0.026625693, -0.010623082, -0.011058798, 0.0008190399, 0.02623173, 0.015379707, 0.0016312259, 0.021605808, 0.0035006336, -0.0103518255, 0.032812107, -0.021602537, 0.012609978, -0.018884555, 0.0029494795, 0.017393408, -0.029315189, -0.014028376, -0.0031348157, 0.0061779143, 0.005064677, 0.0015797721, -0.01517557, -0.007596925, -0.029053016, 0.024405764, -0.00050725386, 0.011175939, 0.017949028, -0.03748194, 0.032974165, -0.0051784585, -0.024569307, -0.013088788, 0.018243555, -0.013025227, -0.015189654, -0.019530406, -0.00944583, -0.0045570536, -0.022034654, 0.00993001, 0.012374616, -0.035837423, 0.041300908, -0.0076272218, 0.012019139, -0.04033127, -0.0016598934, 0.0029881056, -0.00016448012, 0.012482147, -0.00075644185, -0.011336377, -0.0026491724, -0.04066808, -0.0147938095, 0.015122195, -0.0011388238, 0.020624522, -0.013636611, -0.025294906, 0.0043667853, 0.0066316086, 0.018878361, 0.017161902, 0.0152505115, 0.010450177, -0.020523962, -0.017171998, 0.00076429395, -0.0088012805, -0.0109227095, 0.02265661, 0.03701557, -0.02318686, 0.011175451, 0.013192451, 0.006317626, -0.01152976, -0.012848322, -0.05511177, -0.008690603, -0.0018065635, -0.0057812356, -0.021063657, 0.01768711, 0.0072201183, -0.010591671, -0.0060277544, 0.016747028, 0.017242756, 0.0033806926, -0.0010879771, 0.0028728256, -0.007331287, -0.0034115922, 0.006415282, 0.029260797, -0.0023672888, 0.00020512182, 0.0098426, -0.002171539, 0.0045097526, -0.0007402355, -0.0008232398, -0.0042907977, 0.0230764, 0.006908358, 0.0027933244, -0.028269183, -0.004213861, -0.0006628811, 0.0060143284, -0.0041406467, -0.021905065, -0.043011602, 0.0073980186, 0.0018294409, -0.037999317, -0.021688962, 0.007680509, -0.014775183, -0.0075058425, 0.006125868, 0.024356717, 0.023269773, -0.0056351153, -0.042131163, -0.011531883, -0.0047298744, -0.077180475, -0.025020199, -0.049846675, 0.016035445, -0.010759515, 0.0055626305, 0.012361856, -0.03022631, -0.007837587, -0.014920237, -0.014791811, -0.0029533752, -0.01246411, 0.022396386, -0.030358199, -0.021808187, 0.0036493177, -0.030927079, 0.033117488, -0.00065605994, 0.010442039, 0.0042387755, -0.01923199, 0.0042185197, -0.013792494, 0.018494895, 0.012987079, -0.014457687, 0.0077569406, 0.016517622, -0.023886595, -0.01261135, -0.008549437, -0.0040323283, 0.006609667, -0.011159014, -0.020846212, -0.01641051, 0.010584699, 0.010527361, 0.01536577, 0.026632346, 0.010123463, -0.001129109, -0.033675008, 0.025484657, -0.014586807, 0.007130229, 0.01650943, -0.0032736282, -0.023062887, -0.02222476, 0.017279116, 0.023714826, -0.023490785, -0.029841261, -0.0039677653, -0.03176086, -0.019440865, 0.020348672, -0.03247848, -0.00583857, 0.014858944, 0.002798328, -0.003602224, -0.013577663, -0.021514934, 0.027316751, 0.003801864, 0.012675597, 0.011068323, 0.0073104426, 0.02585269, 0.0057262145, 0.0016322127, 0.012983857, -0.009678572, 0.013168088, 0.012005892, -0.015691323, -0.027839785, -0.012682507, -0.07550184, 0.011245315, -0.0001687374, 0.019479424, 0.01445852, 0.010780836, -0.024169762, -0.018523984, -0.008130259, -0.011747494, 0.012755707, 0.0062141614, 0.008083487, -0.009899148, 0.0027068802, 0.0058637382, -0.0010254825, 0.0265626, -0.012948727, 0.012681767, -0.0032937424, -0.0014899515, -0.023664642, -0.041291762, 0.013601017, 0.021772021, -0.018074425, 0.0150314905, 0.010509464, -0.017531162, -0.026055366, -0.13081075, 0.025794301, 0.0022529678, 0.008134899, 0.018405957, 0.018682254, 0.0017793941, -0.0023035721, 0.015511223, -0.0008431344, -0.017167538, 0.008974081, -0.028413417, 0.0078555085, -0.003779756, 0.13231452, 0.008799117, -0.0016884453, 0.017011259, -0.0020512026, -0.008279058, -0.005311869, -0.024942202, 0.006504725, 0.0022320736, -0.012410272, 0.0067927768, 0.00413011, 0.003341125, 0.02860963, 0.01902687, 0.020929359, -0.016013056, 0.0154455155, 0.0063803503, -0.0070904344, 0.024084328, -0.011436215, 6.38657e-07, -0.029050825, 0.023184443, 0.0104384115, -0.0055366694, -0.004734539, 0.010942728, -0.03518696, 0.008292827, -0.0018034045, -0.010976279, 0.033051867, -0.0082390895, -0.05953953, 0.017120566, 0.028772097, 0.02145621, 0.0032176378, -0.011577249, 0.017596504, -0.003301506, -0.0023481022, -0.00025008965, 0.014428367, -0.0021677276, -0.0076353103, 0.012549713, 0.00016408962, 0.0155804865, 0.002616846, 0.0007723608, 0.015083882, -0.009350576, 0.0037337886, 0.010727797, 0.0038916892, 0.021150915, 0.021608451, -0.020797774, 0.004441241, 0.0013672487, 0.01584456, 0.004057758, -0.016248051, 0.01799723, 0.021991033, 0.010984217, 0.00909908, 0.020088613, 0.018148214, 0.024482852, -0.014081099, 0.017843297, -0.013144247, 0.0064216484, -0.014885111, 0.022132747, 0.009200889, -0.0106370095, 0.032130744, 0.011066125, -0.00054498174, -0.025153106, 0.009426576, 0.014803878, -0.0051208823, -0.0032510282, 0.0031721347, 0.009503289, -0.014213672, 0.05910483, -0.024497066, -0.008401936, 0.005038623, 0.001647031, 0.009427257, -0.009950113, 0.019310892, 0.00056934054, 0.004808576, 0.0044978615, -0.014258286, -0.0020859893, -0.007672989, -0.012226212, -0.007393955, -0.0070509627, 0.008672596, -0.0044646417, -0.020262256, 0.0011993088, -0.06555427, -0.004431575, 0.0074077286, -0.00087167183, -0.0014001478, 0.00869941, -0.011489796, -0.013249508, -0.0020787816, -0.0203259, 0.0065483865, -0.0003894594, -0.0118843205, -0.01215081, 0.01064398, 0.009744846, -0.0026921546, 0.004907689, 0.0038927079, -0.014151119, -0.006419598, 0.012965576, 0.005321565, 0.028884199, -0.007017553, -0.009944763, -0.0020653335, 0.0044472083, 0.0065319617, -0.0039626593, 0.0010427678, -0.0030163976, -0.0131033, 0.009040873, -0.019514276, 0.012849276, -0.008566504, -0.0006860098, 0.00044360096, -0.00067001855, 0.00065626396, -0.008131126, 0.006412498, 0.0026925246, 0.016547905, -0.0036399143, -0.014260591, -0.019706214, 0.008970502, -0.009667474, 0.008042461, 0.0057265637, -0.015048678, -0.025367934, 0.00448785, 0.0060116895, 0.0051996526, 0.009154759, 0.011565185, 0.0012413089, -0.024759533, 0.0016003341, -0.010597467, 0.025572008, -0.012406353, 0.00059471215, 0.0035864483, -7.072974e-05, -0.018005485, 0.013305496, -0.009079467, -0.019952744, -0.0018783209, 0.0061638085, -0.00091604434, 0.004801481, -0.015058815, -0.0024423574, -0.014252469, 0.007008627, -0.006053443, -0.0071502384, -0.014755892, 0.015618054, -0.0037572207, 0.011043081, -0.019103883, -0.004664168, 0.01118514, -0.006871817, 0.0047254288, -0.0018844929, -0.007334598, -0.011063636, -0.004790175, 0.011834016, -0.01629064, 0.006637156, 0.011785785, -0.0111135375, 0.012305394, 0.020330971, 0.006113181, 0.008367213, -0.010908593, -0.008145344, -0.0030586184, -0.0071238573, 0.0014678884, -0.009443622, -0.030286139, 0.0010797402, -0.0052472344, 0.0049726036, 0.008569131, -0.0017957536, -0.014822116, -0.011808751, -0.0033958803, 0.01339741, 0.020186065, -0.011274523, -0.012016658, 0.0140189165, -0.0071086977, 0.006034924, -0.004255281, -0.014311989, -0.0016209236, -0.00907577, 0.010389893, -0.0018928271, -0.02442146, 0.0041419542, -0.013566641, 0.0018255898, 0.0006363391, -0.018241305, 0.0005511724, -0.0012530679, 0.012649228, 0.0030157426, -0.0003938771, -0.0015247192, -0.014639132, 0.002639907, 0.0036884635, -0.011823399, -0.0031153378, -1.3178677e-05, -0.0031661736, -0.004440988, 0.0036977984, -0.0028565144, -0.002310221, 0.013542581, -0.0061206454, 0.015999261, -0.0027492277, 0.002297343, -0.028368447, -0.009132073, -0.00238488, 0.0050004064, -0.011659927, 0.010971112, 0.0029879988, -0.0032183782, 0.0038767327, 0.00049825414, -0.0012075513, 0.01168689, -0.008393936, 0.002826896, 0.010823653, 0.013812671, 0.003646002, -0.0075392914, -0.0017663104, 0.008363213, 0.008488801, 0.09518277, 0.014934322, 0.0063727456, 0.010772873, 0.017016403, 0.00385273, -0.006881655, -0.009378036, -0.0014568794, -0.0046374593, -0.0024624732, -0.0008540885, 0.008820979, 0.007827893, -0.00060742744, -0.014856625, -0.0071328543, 0.008641777, -0.015030741, 0.005179931, 0.0053025344, 0.024765145, -0.0060315286, -0.013773616, -0.013295261, -0.011103373, -0.0077514565, 0.010521108, 0.0025471544, -0.004804051, -0.0037449005, 0.019121874, 0.007958196, 0.0077411816, -0.0018155642, 0.020022241, -0.027018482, 0.0024505984, 0.009007861, 0.019428974, -0.0031529213, -0.008677234, 0.0033070566, -0.0049312934, 0.015005363, -0.006658792, 0.019797841, 0.006097881, 0.0015698734, 0.009799914, 0.008807326, -0.009314654, -0.0026753915, 0.009027443, -0.004356583, 0.00011824711, 0.01072535, 0.012258679, 0.014361486, -0.0021996154, 0.006328405, 0.017721927, -0.0067104036, 0.0016357747, -0.009913411, -0.013478306, -0.010986125, -0.01315701, 0.008770289, 0.010073144, -0.011197473, 0.00059620914, -0.009496468, 0.0055185757, 0.04156933, 0.0034908578, -0.0043999506, 0.00014458229, 0.0014637847, -0.014206382, 0.012389165, -0.0063041053, 0.0056284224, -0.0038294839, -0.025417978, -0.01488032, 0.0015305559, 0.01166376, 0.026970241, 0.003325761, -0.008861071, 0.0012048398, -0.005202444, -0.003005101, -0.012822741, -0.009425141, 0.07715128, -0.0012371397, -0.024296276, -0.012472485, 0.0010207447, -0.015346054, 0.014566936, -0.0011020894, 0.0045506903, -0.0075404085, 0.016461978, -0.02263653, -0.008624872, -0.020323075, 0.00026759933, -0.010109125, 0.00313816, 0.0023322962, 0.014125744, 0.0073448014, -0.00036051986, -0.0071466323, -0.0042623486, -0.0098128775, 0.0066061732, -0.0126600275, -0.011397373, -0.0037407966, -0.011833843, -0.01325599, -0.0038466933, -0.0016206582, 0.02738335, 0.011672576, -0.011931287, -0.008515136, -0.0064799273, 0.00061331055, -0.001020068, 0.016606076, 0.007594296, 0.007973007, -0.00043915358, -0.013136665, -0.016031742, -0.0049466533, 0.0002752078, 0.0029347732, 0.00041712518, 0.00894041, 0.0065308027, 0.013157245, -0.003966581, 0.006667414, 0.0022808714, -0.0056884177, -0.0015909965, -0.0017142228, -0.024115507, 0.0040405057, -0.01478054, 0.0074303052, -0.011308205, -0.009192255, -0.020094147, -0.0068149455, 0.008250896, -0.0027625596, 0.019746244, 0.01025603, 0.0036778287, 0.0121010365, -0.011120392, -0.006413501, -0.0001698304, -0.0102000525, 0.02466549, -0.0065344353, 0.0016563926, 0.004139212, -0.012616181, -0.025000913, 0.009060424, 0.02403272, 0.007908212, 0.017894328, -0.009576246, -0.0142177595, -0.010648123, -0.017432103, 0.020850442, -0.023470482, 0.00047909972, -0.013393271, -0.008886326, 0.00035464374, 0.02646691, -0.0035152924, -0.005691846, 0.006318185, 0.004552854, 0.01959374, -0.0043283384, 0.0011871981, -0.0063684974, 0.002860412, 0.00799835, 0.0005925554, 0.0053356546, 0.0018015954, -0.0077930116, -0.0055567445, 0.012981831, 0.012624542, -0.013997762, -0.024206944, 0.020047572, -0.008661013, -0.014781362, -0.0009991367, 0.009265565, 0.0057002767, -0.011069512, 0.0055410275, 0.013829546, 0.0031261044, -0.010734738, -0.00017837185, -0.004751669, 0.00868412, 0.007083719, 0.031683818, 0.0071614645, -0.011667901, -0.008320714, 0.011008363, -0.003081393, 0.0021432436, 0.0076863007, 0.010348577, -0.013159544, 0.004295201, 0.004228262, 0.0011773289, 0.009997329, 0.010272796, -0.009776422, -0.00017604762, -0.00090774655, -0.010775346, 0.0004233436, 0.026882924, -0.00600935, 0.0016245436, 0.0016265633, -0.0058570816, 0.020110462, -0.011718617, 0.0035880944, -0.0061065177, 0.007445881, -0.041520394, -0.0067118257, 0.011971194, 0.012761489, -0.009738524, 0.0035353452, -0.002666679, -0.008982881, 0.015101834, 0.004061473, 0.012166633, -0.006773976, -0.0041786456, -0.005087327, -0.0253435, 0.01258523, -0.000576592, -0.0061876876, 0.0073551508, 0.006006886, -0.006976779, 0.004507723, -0.0020554608, 0.007300764, -0.001177924, 0.0071377703, 0.00223871, 0.010351577, -0.0014921873, -0.012080783, -0.022601128, -0.003494412, -0.0068423348, 0.0073499847, 0.013260852, -0.014814811, -0.0064875926, -0.0040388242, -0.003279308, 0.0052748774, 0.0014788148, -0.001529855, -0.008025348, -0.006981294, -0.016838238, -0.02274379, 0.015877008, 0.00041612893, 0.0024582844, -0.007606974, 0.0022568183, 0.0014046067, 0.004183563, 0.0106690675, -0.023321295, -0.009838121, 0.015120119, -0.006898378, -0.012130018, 0.002696834, 0.016704533, -0.005279185, -0.016341303, -0.008281187, 0.004865569, 0.023831937, -0.004474858, 0.0017825605, 0.008485577, 0.00324869, -0.0031083084, -0.0100839585, 0.0025088731, -0.021249715, -0.0076761246, 0.01034081, 0.01769865, 0.0065868543, -0.008251959, 0.0033700545, 0.0011384024, -0.001081396, 0.0064289705, -0.0062673287, -0.023009615, -0.012575809, 0.003921564, 0.012668309, 0.0027140665, 0.014138251, 0.004717421, 0.004979837, 0.015519081, 0.0016796283, 0.00090782513, 0.03194036, -0.00033699497, 0.013648318, 0.0037172628, -0.009695085, -0.013937374, -0.0071991766, 0.0023558484, 0.021289857, -0.026666285, 0.01709898, -0.015262279, -0.010362902, -0.013103131, -0.0033612852, -0.0034902138, 0.021537658, 0.0007784522, 0.0029792055, -0.008150328, 0.013401952, -0.0054314923, 0.0052752257, -0.005491494, -0.0069741015, -0.017289149, 0.015817259, -0.003720295, -0.011638199, 0.0014793153, 0.011769379, 0.012707521, -0.0054454184, -0.0061924015, -0.013386263, -0.019275596, 0.011804616, 0.016219778, 0.01261484, 0.0020033678, 0.0038523164, 0.006087557, -0.011668949, -0.013737736, -0.006643051, 0.005340819, -0.009843335, -0.0064088153, -0.010121619, 0.010988174, -0.009421861, 0.0014662066, 0.00848946, 0.010010039, -0.012062331, -0.0060688946, -0.0063900314, -0.01623874, -0.0013834414, 0.0012881376, -0.0024345191, -0.012585899, 0.005095211, 0.024327226, 0.009145459, 0.00218596, 0.010335539, -0.022613315, -0.0014643199, 0.01055109, 0.0145815145, -0.005283356, 0.00091983954, 0.005658777, 0.0054441947, -0.00018805356, -0.0018752073, -0.0058736643, 0.0011353578, -0.007392209, -0.004317704, -0.018007416, 0.024926355, 0.009225894, -0.0023049847, 0.0056977477, 0.008223603, 0.0047978265, -0.0017361274, -0.012895835, -0.00992105, -0.0018738459, 0.0074185254, -0.009699569, -0.010985262, -0.009170194, 0.033972073, -0.003920415, -0.014278537, -0.013297495, 0.0036229864, 0.0020547865, -0.019040987, 0.015438823, 0.0038649347, -0.005285133, 0.0075474596, 0.0019105184, -0.01042539, -0.003305177, -0.093004264, 0.00045653267, 0.0021194867, 0.017238453, -0.00057350413, -0.0018733641, 0.017327182, -0.009979192, -0.00084644766, 0.013259089, -0.00881301, -0.01506942, 0.0065725343, 0.001581623, 0.009327383, 0.012522401, -0.005173428, -0.008665836, -0.0059516877, 0.007850873, -0.009814495, 0.003167309, -0.008954457, -0.00039804878, -0.0002251681, -0.006679259, 0.013356086, 0.0022685437, 0.008854783, -0.0020883547, -0.017642787, -0.0012955719, 0.008295805, 0.005977, 0.031036928, -0.0034763215, -0.0024406333, 0.007287267, -0.12760665, -0.0015950645, -0.005272005, -0.009200054, -0.006066333, 0.002041991, -0.009597526, 0.014164986, 0.010192647, -0.012187284, -0.0070009725, -0.006454111, -0.0007670494, 0.0021196092, 0.0066682454, -0.00160425, -0.001998379, -0.008257073, 0.00024835995, 0.0013426255, -0.021142736, 0.0051529086, 0.008331603, -0.013108851, -0.011831633, 0.00517569, 0.0044599185, 0.020827698, 0.0016509427, -0.006354643, 0.009977308, 0.009902135, -0.0064245192, -0.0008277216, 0.005998671, 0.008410852, -0.0055075213, -0.001841074, -0.022254119, 0.0074854256, 0.015483087, 0.00019864274, 0.008755049, -0.0033469908, 0.004592663, 0.0036507086, 0.0007164623, 0.011996156, 0.007500815, -0.009242095, -0.031617, 0.01025534, 0.017847931, -0.00494006, 0.002622306, -0.013559584, 0.0052471496, 0.009181451, -0.006859837, -0.004281603, 0.004548823, 0.00016385158, 0.012375742, -0.027596805, -0.012301324, 0.010151967, -0.0056359335, 0.01587333, -0.0067954925, 0.007609793, 0.017390406, 0.015112933, -0.020288922, 0.01024322, -0.0049078255, -0.014645365, -0.0060559707, 0.0031908012, 0.010635935, 0.00682989, -0.0056797303, 0.0024776615, 0.001579411, -0.017312875, 0.013193682, -0.022372974, 0.0008646665, 0.01866732, 0.0016614207, -0.054342203, -0.00967525, 0.011572475, -0.011757898, -0.008571649, -0.009702351, -0.025596466, 0.0003786318, 0.017298216, -0.020060485, 0.018354718, 0.013021639, 0.014252304, -0.005521192, -0.0019187005, 0.012383058, -0.019000895, 0.005138433, -0.009905722, -0.0032276625, 0.004860715, 0.00019564042, -0.016020617, 0.007183025, 0.006789381, 0.017275855, 0.01122052, -0.00024623325, -0.0049112705, -0.0139866, 0.019022245, -0.012337358, -0.009444489, -0.038162988, -0.029690942, 0.011498425, -0.015581363, 0.013872836, -0.007346141, -0.0072507276, -0.018207695, -0.008618916, -0.00094888895, 0.001068225, -0.013351142, 0.004606985, -0.0063354247, -0.001641739, 0.020508232, -0.0233364, -0.010136473, 0.009386092, 0.005319261, 0.018015604, 0.009706388, -0.0051864837, 0.0018469208, 0.010870338, 0.001747654, 0.012161973, -0.012581377, -0.021588434, 0.003345945, 0.02978986, -0.02516343, 0.008711164, -0.03610265, -0.006696593, -0.006731545, -0.012296774, -0.018548766, -0.013729928, -0.007085203, 0.03796508, -0.012585939, 0.001708094, -0.016211387, 0.006566341, -0.0071959803, 0.014146297, 0.024142224, 0.018205017, 0.016718484, 0.010457669, -0.0021500215, 0.0032245913, -0.03967313, -0.0156109845, -0.010553733, 0.011380224, -0.0019361385, -0.0313098, 0.0006152712, 0.0026765033, -0.004919271, -0.017864142, 0.011821929, 0.013557085, 0.016769854, 0.0016977044, -0.0059953844, -0.019467141, -0.007999368, -0.01917311, -0.012941805, -0.017423393, 0.012903179, -0.01139167, -0.008074027, -0.0147750685, -0.015997501, 0.0041973824, -0.004854798, 0.005156861, -0.1529521, 0.004631909, -0.001494569, 0.0060243336, 0.009649625, 0.0017684189, 0.0019317777, -0.0029445027, 0.014753107, 0.008031681, 0.02167212, -0.0042669624, -0.0019928566, -0.011725747, 0.0071354616, -0.013803182, -0.00017238299, 0.0069754967, 0.0017195406, -0.035125304, -0.023089297, -0.018280204, -0.010351581, 0.012625546, 0.0030835725, 0.012833267, 0.010012867, -0.010942489, -0.013714858, 0.00072235375, -0.009785221, 0.015591499, -0.011211633, 0.009159054, 0.0013168948, -0.002429551, -0.0005266996, -0.0042514317, 0.0011837245, 0.022364791, -0.0027787886, -0.010706216, -0.021833833, -0.003947444, -0.0072416854, -0.01617668, -0.007296623, 0.02043582, 0.0059479144, 0.009940342, -0.0051609105, -0.0008961462, -0.01509793, 0.0016277354, -0.002268499, -0.013769039, 0.020585405, 0.0010797371, 0.024461312, -0.0015946212, -0.010935774, -0.0064607537, 0.0012153663, -0.009601062, -0.004148545, -0.0054316395, -0.006915541, 0.14879902, -0.039010644, 0.035465945, -0.02094391, 0.000871992, 0.016470121, 0.013986155, -0.02072215, -0.01821028, -0.013884766, -0.0071022445, 0.0029439882, 0.024349203, -0.0101712, -0.017653706, -0.019425869, -0.0015945341, -0.00010503086, -0.0015952551, -0.011853966, -0.009874229, -0.011854265, -0.02287982, -0.015676746, 0.03226905, -0.021737311, -0.0071728993, 0.016300973, 0.021108557, 0.00960838, 0.008217648, -0.009088978, -0.029863864, -0.010253297, -0.0069189565, -0.008852196, -0.0021284034, -0.0025884137, -0.002587794, 0.0084286295, -0.00068072526, 0.016039226, 0.003589769, -0.008731191, 0.0028625207, 0.0055910656, 0.0021259643, -0.015523842, 0.009299096, -0.0105044525, -0.041573137, -0.0009965193, -0.0016692432, -0.0049165576, -0.0047645154, 0.00025323158, -0.01034921, 0.0020279817, 0.003332209, -0.0074435524, -0.012869984, 0.015467609, -0.010593255, 0.021619793, 0.008640794, 0.016300654, -0.010568512, -0.014419303, 0.0063596093, -0.11594265, 0.005793112, -0.016756112, 0.017377758, 0.006077249, 0.012301671, -0.0031832203, 0.013520026, 0.008220319, -0.0076037, -0.004382987, 0.013304469, -0.02116113, 0.012939887, -0.0037527, 0.017462473, 0.0021515244, 0.0018407928, 0.021605602, -0.005588752, 0.029124638, -0.0019160806, 0.022837091, 0.002839157, 0.0044958396, 0.019006412, -0.007849831, -0.010155708, -0.013606475, 0.012297526, 0.009610087, 0.0006557832, -0.023091193, 0.0087661585, -0.010049216, -0.026463777, -0.014734357, -0.00983722, -0.010813345, 0.01482279, -0.017367892, -0.0044099516, 0.0023369018, -0.007729535, -0.022397695, -0.029672844, -0.02888147, 0.020163616, -0.01210198, 0.00091628137, -0.008885045, -0.003696761, 0.0041923816, -0.0037463303, 0.013023492, 0.023354916, -0.0018042435, 0.0016178268, -0.017921722, -0.0028541794, 0.0081609525, 0.017534606, 0.010595543, 0.009515773, -0.020846378, -0.008934811, -0.002817046, 0.008509849, -0.005563173, -0.008480125, -0.021972254, -0.0034154283, -0.01922389, -0.0017280441, -0.0034253856, 0.0066088242, -0.005645829, 0.012379728, -0.029955376, 6.7043344e-05, -0.017141808, 0.0070846407, -0.00010469282, -0.005626312, 0.029854082, -0.014645123, 0.014472934, -0.016669646, -0.019356953, -0.004959187, -0.0019860903, 0.0048613334, -0.017003492, -0.006460105, 0.014835517, 0.00932533, -0.011635455, -0.033889953, 0.011067748, 0.004092115, 0.0039359406, 0.0052769976, -0.0025966414, 0.00040248723, -0.014556723, -0.013552838, -0.009586683, 0.015239071, 0.006631231, -0.0052146977, -0.010020863, 0.011277863, 0.00587256, 0.026023831, -0.021803072, 0.013022077, -0.0002479188, 0.006397639, -0.0041260705, -0.003503282, 0.006846614, 0.010320968, 0.0067896903, -0.0030864794, 0.015461371, -0.011649752, 0.0044263555, -0.0023698215, 0.014043296, -0.01008777, 0.015890373, 0.008510146, 0.013351802, -0.0012996326, 0.018593531, -0.007798319, -0.0038407631, 0.001470905, 0.0005612777, -0.016770862, 0.01407186, 0.020969898, 0.0133827245, 0.018587425, -0.012141135, -0.015805142, 0.019302128, 0.024840813, -0.02017147, -0.0080852145, 0.00014485068, 0.0042782994, -0.013413974, -0.018494658, 0.005023322, -0.00083812006, 0.00912656, -0.005431049, 0.0017237782, 0.014350361, -0.0032939538, -0.007284695, 0.0015223136, 0.006175132, 0.0029563762, -0.013504061, 0.005012408, -0.00025919886, -0.041247908, 0.0033453358, 0.002713427, 0.0050846925, -0.005714687, -0.0021007303, -0.007726678, -0.006623447, -0.0063082674, 0.012309556, -0.003994202, -0.059047475, 0.012476657, 0.00406947, 0.008753852, -0.013357285, -0.005663484, 0.0040078666, 0.026254265, -0.008787012, -0.014777498, -0.004133778, 0.014276459, -0.00042191969, -0.013144746, 0.0031089047, 0.013131035, 0.02212794, 0.0014746663, 0.011809363, 0.02338206, 0.0020739145, 0.014426601, 0.017460862, 0.011753472, -0.013766788, 0.026377654, 0.004257958, -0.011255746, -0.0016791533, -0.003194368, -0.012637611, 0.0022260551, -0.00095265184, 0.030522306, 0.009217904, -0.015719283, -0.015888924, -0.0024681129, -0.024818111, -0.07728194, 0.0023154821, 0.017881097, -0.060895838, 0.01114518, 0.012139699, 0.018527344, 0.0059487876, -0.008397665, -0.011764887, -0.009634081, 0.0066870535, -0.02005721, -0.010019457, 0.0005450205, 0.0014369246, -0.0032760957, -0.016868817, -0.0023114213, 0.0011964234, 0.0035150126, -0.028493583, -0.027336504, -0.013259744, -0.0024871945, 0.00012722198, 0.013965784, -0.017725794, -0.0052288473, 0.021533445, -0.01141484, 0.009258531, -0.0169493, 0.018241985, 0.0017614661, -0.0076958667, -0.000376379, 0.009866169, -0.009524173, -0.0064482214, -0.0011268951, 0.014845705, -0.006254082, -0.0015214769, 0.038228445, 0.009530551, -0.015608684, -0.01074693, -0.103448816, -0.015139, 0.009591974, 0.020930972, 0.002984387, 0.008803466, 0.0076009315, 0.060260665, 0.008418758, -0.007990374, -0.0043513617, -0.00031652563, 0.0036512818, -0.019688144, -0.0020514722, -0.009836353, -0.031284347, 0.011263496, -0.0083141895, -0.0023731058, 0.0139383245, -0.010676269, -0.0002460054, 0.013018906, 0.00021369403, -0.05244689, -0.010228484, 0.010111574, -0.008531014, -0.0005938674, -0.01830093, 0.011175595, -0.016022984, -0.013547131, -0.003003364, -0.0036746857, -0.003422051, 0.011675573, -0.013083714, 0.0056991857, 0.028324768, -0.0049013663, -0.013374843, 0.017178755, -0.0053374968, 0.0066613914, -0.019237341, -0.004644455, -0.020047905, -0.00835583, -0.021440422, -0.021471502, -0.013187491, -0.022460721, 0.00796222, -0.013362214, 0.018224293, -0.01669241, 0.0012142312, 0.014117581, 0.03240498, 0.0070297327, 0.015533809, -0.009649223, 0.01763395, 0.04123714, 0.006149404, 0.022754645, -0.027382916, 0.013615028, 0.014107909, 0.015327366, 0.020194922, -0.0061679003, -0.0099597, -0.006939083, -0.011270714, 0.022864882, -0.016622534, -0.0032026847, 0.008971588, 0.009533661, 0.022346616, -0.0034304725, 0.0043129926, 0.018362416, 0.012914625, -0.0029845037, -0.0002891984, -0.013592454, 0.005958033, 0.0075771706, -0.0014216995, -0.012313315, 0.0067372997, 0.007311763, 0.016048275, 0.00364995, 0.0019455622, -0.02897481, -0.0094761355, -0.02016687, 0.004510434, -0.011646223, -0.0020943356, -0.025797516, -0.0010015848, -0.0081033725, 0.0063185855, 0.011562166, 0.013008942, 0.008993207, 0.016842308, 0.027738996, -0.007903149, -0.004017187, 0.008096263, -0.0073462, 0.0064926976, -0.0046833325, -0.012583312, -0.00468567, -0.01208812, -0.0049360096, 0.008685469, -0.007877953, 0.0013924118, -0.0037488681, -0.008745158, 0.023047434, -0.011145825, -0.0033010019, 0.0052276915, 0.0068896785, -0.0028401136, -0.00563622, 0.013667789, 0.0068924804, -0.008537175, 0.0026166113, 0.009917531, 0.008900871, -0.011541856, -0.00585045, 0.002693185, 0.030418487, 0.0045758886, -0.004703071, -0.009483851, -0.0073588286, -0.00083256187, -0.0017777688, 0.017622314, 0.0021495302, -0.025109569, 0.0006205971, 0.0018735927, -0.0082309805, 0.0028835658, -0.011697026, 0.0101986425, 0.007290216, -0.014049326, 0.00046349873, -0.026226582, -0.014880969, -0.03664999, -0.006006562, 0.0054922327, 0.009962125, 0.019377217, 0.013732918, 0.014803782, -0.0374381, 0.04311588, -0.016847212, -0.0065585407, -0.010113218, -0.0028926306, -0.015536266, -0.0061440547, -0.01566498, -0.0026101319, 0.023457855, 0.006722421, 0.007970875, -0.017055292, 0.014694436, 0.0044455025, 0.007152926, -0.0040705074, -0.009553343, 0.01060119, -0.021267759, -0.03505328, -0.017840527, -0.009407701, 0.029740872, -0.019617768, 0.0153403515, -0.0028655182, 0.006475775, -0.031420343, -0.016713368, -0.021750765, -0.0030375232, -0.01994611, -0.00594686, -0.015391673, 0.02982816, -0.0047668694, 0.001937894, -0.0005953634, -0.008197675, 0.008472128, 0.024523687, 0.0020201574, 0.007278578, -0.00094395416, -0.0052687153, 0.008939941, 0.004173865, 0.005002275, -0.010178547, -0.005304502, -0.0064808154, 0.005920701, -0.017370382, 0.00838188, 0.008537682, -0.014101072, 0.030085709, -0.007007059, -0.0025220464, 0.0035804713, -0.00014748727, -0.013299749, -0.00975843, -0.001613838, 0.007151494, 0.008445657, 0.014264517, 0.014650265, 0.0014077396, 0.003909031, 0.014099125, 0.025055083, -0.0026308636, -0.014749289, -0.002992521, 0.011285543, 0.0132323755, 0.0023402867, 0.00072028476, -0.00066245673, 0.0009629139, 0.013454387, -0.014086409, 0.008305899, 0.00055998354, 0.020228324, 0.017377963, 0.0042388, 0.009751478, -0.017790234, 0.0032494727, -0.013346539, 0.016101781, 0.0133038545, -0.014953015, -0.006472258, 0.018175077, -0.015468449, 0.0002941553, 0.025789753, -0.008352847, 0.0010471568, -0.006995764, -0.021358967, -0.003680156, 0.00067601743, -0.010614742, -0.004461956, 0.01127874, 0.007160052, 0.016465168, 0.005767218, 0.0017139011, -0.015746303, 0.0022311208, 0.01184261, 0.015289916, -0.010663096, -0.0003314141, -0.006473705, 0.009141214, -0.018514073, 0.007942901, -0.007291074, -0.0077974773, -0.004866508, 0.013867241, -0.021703443, 0.018644776, -0.0030318664, 0.005284231, 0.010006698, 0.00936583, 0.02228904, 0.0088613415, -0.0053309146, -0.0035805698, -0.02145118, -0.009128568, -0.011307807, 0.0025160958, -0.02059192, 0.017683363, -0.0013590337, 0.0008976688, -0.015119209, 5.840362e-05, 0.0010719883, -0.015366966, 0.020542115, 0.005377723, 0.0040479605, 0.00314772, 0.012280294, 0.01535609, 0.00927456, 0.00082405226, 0.018160153, 0.00013777563, 0.0024706598, 0.027279127, 0.021726714, 0.011229273, 0.0041385074, -0.002887451, 0.014859592, -0.004547113, -0.0045092017, -0.02982113, 0.029937444, 0.016990071, -0.01142193, -0.015641687, 0.007062558, -0.0070352447, -0.023300933, -0.015367093, -0.0030044373, -0.0019432518, 0.008307036, -0.017667409, -0.017914029, 0.008994659, 0.018780408, -0.010203427, -0.030346256, 0.0016251325, -0.016333092, -0.005529911, -0.0017603843, -0.0033277953, 0.0018268179, -0.017752467, -0.020382114, 0.016235359, -0.004813186, 0.011232013, 0.005015576, 0.021412514, 0.0059922365, -0.019879496, 0.00050349487, -0.0052550463, 0.009198473, -0.01218109, -0.029741036, -0.0003561353, -0.0035431904, 0.004349208, -0.01684448, 0.010549579, 0.010582885, -0.00043918163, -0.023085186, 0.005899002, -0.0023397745, -0.010124438, 0.007487829, 0.005879183, -0.012276585, 0.017542403, -0.01826481, -0.022192385, -0.008265373, -0.010571768, 0.0008416403, 0.013839676, 0.022278998, -0.002848331, 0.023089856, -0.013628793, 0.025168752, 0.010835997, 0.004771841, 0.0019814095, -0.004379154, 0.0025118878, -0.013606156, -0.024682181, -0.03591423, 0.036178023, 0.00250382, 0.009313517, -0.020805977, -0.025326412, 0.0005562927, 0.0126074, 0.0025821598, 0.0072449376, -0.004910563, 0.0092045935, 0.0062658447, -0.005233336, 0.0031663908, -0.013404827, -0.016348183, -0.0016750267, -0.02078636, 0.013700085, 0.013263456, 0.015368901, -0.029495258, 0.009793846, 0.0078020575, 0.008317196, -0.01942821, 0.0045700762, 0.006522545, 0.016345685, 0.021150233, -0.016987698, 0.00053117384, -0.001280554, 0.013450954, 0.015495469, 0.022722224, -0.010475877, -0.016030813, -0.008550037, -0.00475777, 0.007756279, 0.0026460409, 0.017132528, 0.018314058, -0.0045448197, 0.0020644732, -0.029270796, -0.009299661, 0.025203042, -0.022865556, -0.011267329, -0.018352604, 0.01133698, -0.010626596, 0.020157723, -0.04831565, 0.008913148, -0.036109667, -0.034764566, -0.00033256825, -0.003986741, 0.005938256, 0.0065032383, 0.003890515, -0.027235089, 0.02359999, 0.0031832247, 0.036398318, 0.0142072765, -0.00034852617, 0.018549988, -0.007795639, -0.010083317, -0.0005737225, -0.011445598, -0.005463309, -0.007647859, 0.014763335, -0.004722779, -0.014083283, -0.0067725116, -0.016573478, 0.0140578775, -0.034394335, -0.00079072814, -0.04361576, -0.006806074, -0.009057292, -0.004680884, 0.0070081158, -0.01180446, 0.02092183, 0.008411843, 0.0003380992, -0.010778159, -0.013493629, -0.022155356, -0.00026874064, -0.02176367, 0.009736481, -0.009797509, -0.01678546, 0.006169144, -0.0021771486, 0.0034285209, -0.0014816925, -0.0120596215, 0.01739742, -0.01003776, 0.0057744742, 0.00968576, -0.0019924692, 0.031088954, 0.013960501, 0.017648323, 0.0050426023, -0.0076199137, 0.0031309729, -0.0048240093, 0.011869459, 0.009980972, -0.0129982, -0.029112823, 0.012771975, -0.015623681, -0.010269751, 0.03160235, 0.011128533, 0.021836229, 0.032470863, -0.0021500038, 0.0065888446, 0.020629797, -0.037488405, -0.008246562, 0.01232152, -0.004887576, -0.0070284763, 0.011623044, 0.0018593249, 0.008559181, 0.011854658, 0.0056181117, 0.015317603, -0.004207553, -0.0012078208, -0.0020009417, -0.0083347, -0.003241233, 0.0023201262, 0.008325715, -0.0024863272, 0.012655557, -0.0017217976, -0.028616885, -0.012416733, -0.017392272, 0.015357911, -0.012006241, -0.0077834325, 0.0024046723, -0.0073382184, -0.002560912, 0.008793077, 0.021519553, -0.0012076596, -0.005175153, -0.0034229946, 0.004303445, -0.0044162823, 0.021718478, 0.01309882, 0.020091416, -0.012430225, 0.015028814, 0.018353974, -0.00052782486, 0.015233791, 0.010233115, 0.027010059, 0.0032378945, -0.0044277995, 0.012549197, -0.011452951, 0.009705361, 0.016695075, -0.003607124, 0.022556446, -0.007285988, -0.009802313, -0.014044803, 0.008658451, 0.021400712, 0.0010118479, 0.0005780948, 0.012708755, 0.045986123, -0.006392396, -0.014763908, -0.0041002072, 0.006178854, 0.015015953, 0.008613776, 0.012913405, 0.007821645, 0.027975207, -0.016502375, 0.012548837, -0.00084287155, -0.0010485426, 0.010905528, 0.028610831, 0.00879134, -0.024823286, 0.011548603, -0.054066163, -0.0004319362, -0.002755884, -0.01159431, -0.0036019434, -0.011163564, -0.0134673985, 0.00840103, 0.0008455646, -0.000126752, -0.002639851, -0.009235367, -0.015074816, -0.005285733, -0.010808095, 0.014620991, 0.004924872, 0.0074514695, -0.005090132, 0.0060449564, 0.01637398, -0.008124442, -0.019171031, -0.013583025, -0.0077748005, 0.021195764, 0.01672718, -0.012413988, 0.034313966, 0.0076533393, 0.0155191785, -0.00389588, 0.0010358769, 0.0052703223, -0.0077370764, 0.006466833, -0.014082389, 0.010549084, 0.010538286, -0.010958602, 0.012752227, 0.0020875616, -0.016563188, -0.006430702, 0.024436213, 0.0032915992, 0.009287214, -0.0018768985, -0.0032080757, 0.010177148, 0.014680447, 0.021437023, -0.012504026, -0.006181901, -0.029782241, 0.0047435015, 0.15725066, 0.12999275, 0.01165487, -0.008201754, 0.0014530331, 0.00094187853, -0.00017620371, -0.0011551353, 0.0021290323, 0.03812127, -0.011903271, 0.015405456, 0.02668291, -0.002406045, -0.010499908, 0.001928969, 0.0010532807, 0.016882012, 0.021171823, 0.016242456, 0.0075560603, 0.004772286, -0.011062956, -0.0368863, -0.011356793, 0.012627624, -0.0011229377, -0.00065412663, 0.0051150387, 0.0158089, -0.02116711, 0.0018154959, -0.015913738, -0.0055192704, -0.017654674, -0.026178459, -0.0020068525, 0.005650319, 0.013161995, 0.00740899, -0.00973872, 0.0038282606, 0.011811175, 0.0069303857, 0.0046202927, 0.0035708873, -0.01206494, 0.0059367833, -0.00749873, -0.003407489, -0.015004049, -0.0015738364, 0.011888056, 0.008246154, 0.011388574, -0.008480975, 0.0010106972, 0.0099136, 0.0042485767, -0.014272971, 0.010427628, -0.006129058, 0.006237341, -0.0014081916, 0.035425965, -0.00850085, -0.01256957, 0.024337875, -0.00019400347, -0.02528766, -0.019419381, 0.018045496, 0.017468277, -0.011977562, -0.0014581343, 0.009145415, 0.011539016, -0.01054697, 0.0016147443, 0.0029801126, 0.0035018898, 0.0059123766, 0.019975845, -0.014124082, 0.0033434879, 0.015612535, 0.00038218556, 0.0102132205, 0.11681724, 0.014894543, 0.0017895569, -0.023602583, 0.009110758, 0.0003805947, -0.009043796, 0.06182543, 0.0025487419, 0.0023164928, 0.018379822, 0.005500495, -0.0028288835, -0.0008954852, -0.0038795779, -0.014902393, 0.013403646, 0.05444487, 0.013706964, -0.008305354, -0.028667618, 0.011468322, -0.007043359, -0.030810742, 0.009578008, -0.0026331353, 0.007184087, 0.007823418, -0.012843173, 0.003974875, -0.09997223, -0.012252637, -0.0059016347, 0.0054131937, 0.014510105, 0.028831659, -0.016597848, -0.019344267, -0.016638512, 0.013234869, 0.001017935, 0.0052111307, 0.014087501, -0.0052787047, 0.009128322, 0.002457788, 0.007359409, -0.008514854, 0.00063262787, 0.015645806, 0.02264101, 0.0070419265, -0.015883362, -0.02514447, 0.0016404671, 0.0062722364, -0.018844098, -0.01710024, -0.0010435608, -0.001705246, -0.017921455, -0.0023923728, -0.0076466007, 0.0035495644, 0.02750523, 0.008646612, 0.0061120763, 0.008635199, 0.032217633, 0.03289243, 0.0015522965, -0.009227207, -0.009647963, -0.0016465851, 0.018096495, -0.0044249957, 0.013830461, -0.010036707, -0.009095242, 0.023501227, -0.014264919, -0.00707362, 0.014334685, 0.008821632, -0.008753954, 0.032172218, -0.010763759, 0.01480188, -0.003861268, 0.009502894, 0.0023338608, 0.028273487, 0.016834844, -0.005113142, -0.0015121739, -0.0029917087, -0.033826284, -0.029832365, -0.016308624, 0.0024141134, -0.022967577, -0.015045079, 0.015444136, -0.002284685, -0.008581134, -0.012094898, -0.0055945995, 0.000825141, -0.0053438707, 0.009206553, 0.016111575, 0.008923789, -0.0012879686, 0.11328261, 0.0011621083, 0.022400115, 0.012315222, -0.014113023, 0.017499458, -0.0009886606, -0.013023328, -0.029824404, -0.019261463, 0.018174088, 0.046871778, -0.005372246, -0.017646786, 0.004495511, 0.0006979719, 0.003379281, 0.012255626, 0.0047124773, -0.02796749, -0.026511589, -0.0013366758, 0.03538813, -0.011630979, -0.005954834, 0.010653167, -0.0072867884, 0.007843694, 0.0105147865, -0.008927601, 0.0030154223, -0.010804502, -0.027117146, 0.014312303, -0.008127663, 0.009927174, 0.023098305, 0.01708408, 0.0018084114, -0.014268544, -0.0061568343, 0.006372675, 0.005036986, 0.021047432, -0.024693977, 0.19464849, 0.013990589, 0.007921679, -0.0072426144, -0.0002158115, -0.020705527, 0.017709255, 0.016461814, -0.009503983, 0.014384409, 0.013948174, 0.028360333, -0.005005539, 0.00594364, -0.0030730204, -0.006303847, -0.002915663, -0.024728518, -0.012957371, -0.016315311, -0.02380822, -0.0136637725, -0.019069267, 0.02905928, 0.00046380938, 0.0030512067, 0.0006084877, 0.009221736, -0.0046318923, 0.0043296306, 0.029852021, -0.009231182, 0.013092193, -0.0022044755, -0.008569559, -0.0031289093, -0.0036985802, 0.012826818, 0.00015633673, -0.009070039, 0.01765005, 0.0061054933, -0.0014712701, -0.0074339025, 0.0065717986, -0.02227585, -0.01065621, -0.0069081853, -0.0055689467, -0.02108135, -0.020545484, -0.017435443, -0.0011818651, -0.013181974, -0.027635792, 0.024218516, 0.0017276176, -0.006145828, -0.0036616132, -0.023805883, -0.010202604, 0.0077082934, -0.015292442, -0.019388106, -0.0015666111, -0.0023324185, -0.018990401]"
"Eventos astronomicos en septiembre: dos eclipses, el equinoccio y lo que nos espera en el mes",https://oem.com.mx/elsoldemexico/img/25491985/1756571297/BASE_LANDSCAPE/1200/image.webp,CIENCIA Y SALUD,no descripcion,https://oem.com.mx/elsoldemexico/ciencia-y-salud/eventos-astronomicos-en-septiembre-dos-eclipses-el-equinoccio-y-lo-que-nos-espera-el-mes-25491950,"[0.003151334, -0.008498738, 0.010439888, -0.035286903, -0.008008443, 0.022576008, 0.017330265, 0.00678679, -0.036181655, -0.011264172, -0.019062404, 0.007174734, 0.0059817648, -0.00046522325, 0.11627977, 0.009477423, 0.019861154, -0.013762752, 0.014434697, 0.012842901, -0.033092055, -0.018627435, 0.021344397, -0.016375087, -0.01681426, 0.020032369, -0.0013154709, -0.018742273, 0.03296827, -0.0064368467, -0.01915032, 0.008601683, 0.0026993484, 0.019572193, 0.0035598609, 0.011060445, -0.010046063, 0.0063491585, -0.0016520529, -0.010313402, 0.017461022, 0.0036099511, -0.006531044, 0.013574829, 0.004036822, -0.029415775, -0.00483752, 0.004098637, 0.012803404, 0.005993295, -0.019409018, -0.024600456, 0.019481897, -0.17623611, -0.022637514, -0.021235583, -0.024660042, 0.010803221, 0.01394217, -0.029151132, 0.002858071, 0.06507153, -0.022726122, -0.025534244, 0.0032844755, -0.01163585, -0.008185188, 0.011957616, -0.02321966, -0.0037349958, 0.0075474516, -0.019221812, 0.006866751, 0.01692808, -0.013921394, -0.008260703, 0.016572634, 0.026427116, -0.038820077, 0.00024013204, 0.0032205344, 0.006484251, -0.0035030623, -0.033687364, 0.009996492, -0.024973404, 0.015526896, -0.010704613, -0.020501357, 0.035658658, -0.022959972, 0.014614931, 0.01074375, -0.0040537845, -0.026860356, 0.0014375793, -0.008505365, -0.007790606, -0.01655037, -0.00018889343, -0.023443822, -0.019194962, -0.0048324475, 0.022148268, 0.008765342, -0.007269436, 0.040217206, 0.019115895, 0.00454414, -0.00212186, -0.00769357, -0.0033296088, -0.0073236637, 0.02136351, 0.01971724, -0.13153271, -0.01325701, -0.0069248946, -0.013745459, -0.020069193, -0.0060243397, -0.0040530334, -0.0052147903, 0.021443756, -0.03178431, -0.021674696, 0.013094234, 0.0025676708, 0.00040672274, -0.0011603143, -0.02503673, 0.013925469, 0.009006962, 0.0033459947, -0.0095572, 0.0124237705, 0.0041829897, -0.028732948, -0.037338052, -0.004754369, 0.0035808631, -0.00031388112, 0.008887878, 0.0061152973, 0.0008224517, -0.011088455, -0.018310096, 0.0019439672, -0.0034242845, -0.026156764, 0.014627887, 0.005493192, 0.0055686506, -0.01535384, -0.019826654, -0.0013073585, -0.021251703, 0.008148359, 0.0005734026, 0.010350695, -0.009861117, 0.02424393, 0.0005372946, 0.013071225, -0.023389097, -0.0011282136, -0.014127382, 0.02622713, 0.036388278, -0.008143567, 0.023918096, 0.009061575, 0.0012229619, 0.0034059912, -0.03509321, 0.038218156, 0.006735331, 0.015614056, 0.013799644, 0.014009497, -0.016304316, -0.0018207323, 0.0045123175, 0.024539668, 0.0065669967, -0.030310107, -0.009445825, 0.013410375, -0.009343294, -0.006394788, -0.023980731, -0.013873039, -0.028184988, -0.04575388, 0.0013224394, -0.0025285727, 0.008501636, 0.008894826, -0.029195882, 0.007293171, 0.030062798, -0.017838826, 0.0054354933, -0.0198096, -0.008610446, 0.0072137644, 0.01520519, -0.011533183, 0.0010247917, 0.01334013, -0.013954981, 0.020643452, -0.00056291244, -0.01857165, 0.03139361, -0.015334177, -0.0068307715, 0.004501205, 0.002350182, -0.036299504, -0.029159496, -0.020257803, -0.008303616, 0.02467882, -0.04088593, -0.028395051, 0.014423276, -0.0005055588, 0.019357895, 0.03397535, 0.0047172243, 0.017622834, -0.026140152, -0.0363791, 0.008494889, 0.04791922, 0.017941631, 0.02960897, 0.0036414838, -0.012286891, 0.0017741818, -0.004955696, 0.012004213, -0.027961181, 0.00047800157, -0.010842071, 0.024587529, 0.0077916593, -0.006690221, 0.0041168244, 0.02389137, 0.04170123, 0.00845207, 0.019395625, -0.028811688, -0.0021016325, 0.008860667, 0.023804128, -0.024046928, -0.0050392803, -0.020140639, 0.01838264, -0.00066016463, 0.0031335924, 0.005085226, -0.0028480976, 0.010286386, 0.04709068, -0.0029039928, -0.031405397, 0.00075538026, -0.004011159, -0.018105352, -0.0139631815, -0.025044324, -0.0026061109, -0.07051694, 0.022185024, -0.032166474, 0.013440556, -0.025612393, -0.015531891, -0.02173158, -0.0022176332, -0.0030637735, 0.013878457, -0.037137154, 0.006051699, -0.006834135, -0.012250379, 0.010557322, 0.0016091582, 0.0012018866, -0.021236373, -0.0034655246, -0.044364084, 0.016646475, -0.03321031, 0.00084385986, 0.019012433, -0.002195096, 0.017350698, -0.008115367, 0.03503425, -0.0031814333, -0.034404878, -0.003213908, 0.0033362017, 0.006672324, 0.027822994, -0.0047411895, -0.00485793, 0.03681285, -0.024956416, -0.03039338, 0.00936061, 0.015833294, -0.0029334219, -0.024738686, 0.024451168, -0.002433049, -0.0287343, -0.0027525953, -0.016233949, -0.016315209, -0.010294322, -0.021675289, 0.0078654075, -0.02287566, 0.00568386, -0.0089034, 0.0026281045, -0.00290885, 0.00057121675, -0.008591021, -0.008311683, -0.01293149, -0.010193416, 0.0027373408, 0.021172628, -0.016758181, -0.01923538, -0.0010313243, 0.018669046, -0.0063006245, 0.009313484, -0.027589388, -0.023884853, -0.007039028, -0.011518583, 0.01244016, 0.0047928635, 0.0078587625, -0.00037027057, 0.0071814856, 0.016956747, -0.026368521, -0.003313034, -0.01595949, -0.0058896374, 0.03248289, 0.010946835, 0.005454259, 0.0012241552, -0.021201339, -0.021120708, 0.01695682, -0.008808317, -0.036897045, -0.0011134689, -0.0059521026, -0.0013138616, -0.047335938, 0.006185561, 0.012114124, 0.005532782, -0.015588755, 0.015755681, 0.008463942, 0.0066531133, 0.01592678, 0.013647361, 0.021311793, 0.016541418, -0.0027731538, -0.025026966, 0.0054466743, 0.011092447, 0.0063036336, 0.0058203135, 0.0071422732, -0.010341987, -0.018103015, -0.008937197, -0.012085814, -0.010927417, 0.024309114, -0.0020709864, -0.01769785, -0.044007167, 0.017662562, -0.007975319, -0.019018494, 0.0048292093, -0.0032797826, -0.0056759412, -0.00026807855, -0.026031872, -0.0033552123, -0.017897252, -0.0034422847, 0.013767869, 0.01458286, -0.015178148, 0.029330954, 0.0062079895, -0.010825603, 0.0055791344, 0.017783461, 0.032454383, -0.0026822726, 0.05689704, 0.02713681, -0.0014251481, -0.0108183, 0.0055955537, 0.0095697455, -0.001127022, -0.0059478274, 0.009329303, -0.009043016, 0.022614535, -0.016217723, -0.006228747, 0.0015771082, 0.011225324, 0.0032835177, -0.03418192, -0.0036181442, 0.020845843, 0.020284066, 0.02948729, -0.00022399292, 0.01956165, 0.0101900045, 0.004974341, 0.008670493, -0.012216218, -0.01819682, -0.00897874, 0.0025760652, 0.0016009243, 0.004407446, 0.008230848, 0.0012598004, 0.027149785, 0.012474819, -0.048788834, 0.018895749, -0.013462824, 0.030529357, -0.02893956, -0.0055047255, -0.029780295, -0.025236528, 0.0053668334, -0.015500543, -0.0002598315, 0.016173828, 0.004244475, -0.0023455203, -0.018659778, -0.009869434, 0.016142717, -0.0049107275, -0.011862268, 0.020989394, -0.016264122, -0.017170794, 0.01752983, -0.008826374, -0.045932982, -0.014521598, -0.008309438, -0.0029251203, 0.013819671, -0.014046208, 0.003152915, 0.008077909, 0.020887012, 0.034605455, -0.00926866, -0.0051128594, -0.009324846, -0.014690037, -0.0077331434, 0.0073612886, -0.025462272, 0.017555697, 0.0028025496, -0.03361059, -0.0018170458, 0.019161448, 0.006081742, 0.0031666497, 0.026719783, -0.013829086, 0.017489102, -0.008616981, -0.024609026, -0.013601787, -0.0050247656, -0.015864028, 0.0076575717, 0.018046139, 0.007352071, -0.008509157, 0.01878411, 0.009559475, 0.00942694, -0.0021590434, 0.01619797, 0.029660374, 0.007375555, -0.010952832, 0.0010703285, -4.7730664e-05, -0.0061166836, 0.000598902, -0.0024591102, -0.040766038, 0.03568826, -0.013269573, -0.016717223, 0.0112694185, 0.005483254, 0.020419942, 0.04661423, 0.025626127, 0.0028614583, -0.0021861852, 0.001490427, -0.0126454225, -0.0078863455, 0.0097619295, -0.09677852, 0.00031303923, -0.004983147, 0.0004502999, -0.020429565, -0.012859523, -0.00021453542, 0.006395698, 0.03692332, 0.032261513, -0.009979894, 0.004090952, 0.014883613, 0.0057712845, 0.020823985, -0.010226637, -0.012871057, -0.012660948, 0.008859168, 0.016024306, -0.011980539, 0.007643801, 0.015942954, 0.016647313, -0.018884921, -0.020618236, -0.017882142, 0.022064734, -0.009833474, 0.0054336577, 0.00095616915, -0.0040116673, 0.029202748, 0.012740499, 0.014751885, 0.013901787, 0.00191601, -0.0068731233, 0.020565595, -0.009961601, 0.019771745, 0.03576001, 0.023638584, -0.018838523, -0.03876085, 0.019316839, 0.0030200244, -0.00053843536, 0.0027352576, 0.0072297435, 0.007233329, -0.01576358, -0.013796008, -0.013030585, -0.033152442, -0.013787915, -0.01951057, 0.015074666, -0.002852334, -0.014013656, 0.0040244246, 0.013626958, -0.0038095766, -0.008674106, -0.032584764, -0.0044646272, 0.0009806375, -0.0010144393, 0.012535513, -0.0008544806, -0.014110882, 0.013720546, 0.009780292, 0.016930565, 0.013995741, 0.025858406, -0.020823149, 0.010372398, 0.022962995, -0.023673384, -0.0106470585, 0.017176885, -0.10132404, -0.01160843, -0.00722331, 0.0027420311, -0.009889228, -0.013710327, -0.0027000944, -0.0036156373, -0.0018436577, -0.009253938, -0.024204584, 0.02854516, -0.025706489, -0.03310476, 0.0038258883, 0.009518197, -0.008858583, -0.0029542854, 0.029985672, -0.013806262, -0.016498378, 0.0019529952, 0.003835533, -0.005320878, 0.02044527, -0.018573858, -4.6988705e-05, -0.008287144, 0.010308818, -0.04099102, -0.006931619, -0.120457195, 0.0015366925, -0.0116581945, -0.008651404, 0.020341037, 0.016703855, 0.020694671, -0.0066233687, -0.031602375, -0.003567982, -0.012009862, 0.00010463931, -0.039393857, 0.013204645, 0.005580186, 0.08940494, 0.009429324, 0.01118603, -0.017041543, -0.0049830326, 0.0013195673, -0.03893248, 0.00061918073, -0.012855367, 0.0121878395, -0.0016354624, -0.021622539, 0.026214419, -0.010724299, 0.011452309, -0.020860584, 0.0013099904, 0.009233454, 0.003577813, -0.008470854, 0.013422919, 0.0072604422, -0.025795694, 0.0036646414, 0.028708162, 0.027536644, 0.02913736, -0.015088409, -0.0035935678, 0.018283399, 0.0034259798, 0.025418645, -0.0005575352, -0.004416896, -0.019043777, -0.009705794, -0.073627554, 0.025731696, 0.020976268, 0.011643539, 0.023228258, -0.005423055, 0.01879183, -0.0061116526, -0.009162716, 0.016102161, 0.023176065, -0.0032663213, 0.0068432903, -0.015039519, -0.016473256, -0.010816282, 0.0115699535, -0.015182401, 0.017789448, -0.0055433903, 0.034730975, -0.029203087, -0.027817003, -0.010077214, 0.0050661312, -0.026894137, -0.016223442, -0.018521376, -0.001927287, -0.008766329, 0.0199363, 0.00079830905, 0.0021659536, 0.007121428, -0.036182474, 0.0039426754, 0.0142808175, 0.010145431, 0.009001716, 0.024542175, 0.01299226, -0.0036099018, -0.010734325, 0.0025611992, 0.0010175543, -0.013880574, 0.026348285, -0.020489812, 0.0028448037, 0.0027928727, 0.006140452, 0.0028899242, -0.00010778271, 0.0073446864, 0.009000954, 0.01658115, 0.0043682307, 0.0037142516, 0.0033407903, -0.003999082, -0.00017489115, -0.01523492, 0.01190128, -0.0007515458, 0.003186378, -0.023676401, 0.01326358, -0.017667355, -0.010221446, 0.003008689, 0.0031368502, -0.015606401, 0.010453429, 0.00038341593, 0.0050082286, 0.0050379317, 0.016658612, 0.00029289807, -0.04266733, 0.022170339, -0.005007414, -0.014326244, 0.0078106686, -0.0058779907, 0.006708254, 0.00011800627, 0.008124343, -0.006002814, 0.009046862, 0.02936503, -0.0137712145, -0.007911013, 0.0055169524, 0.0018528736, -0.0073261564, 0.0077423058, -0.010592022, -0.01843665, 0.017128099, 0.0017546195, -0.014010934, 0.016449947, 0.0011956912, -0.008881012, 0.014999677, 0.0068571614, -0.007065876, -0.004464188, -0.010448565, 0.010715157, -0.010692162, 0.013137466, -0.0044175084, 0.019945338, 0.0023896848, 0.029676221, -0.01947911, -0.010110765, 0.00687328, -0.0020133182, 0.0029760373, 0.011255021, 0.0005171037, -0.0003220376, -0.004471327, 0.0021835463, 0.004515552, -0.010244932, 0.015865553, 0.006711804, 0.011235615, -0.0008754618, 0.012617474, 0.017512638, 0.00746369, 0.008959643, 0.008735706, 0.016152931, -0.0218098, 0.0015790699, -0.022530075, 0.021430496, -0.0103403935, 0.03210088, 0.016876291, -0.008107522, -0.0040902016, -0.007393449, -0.00903967, 0.007427593, 0.0078000445, 0.00674159, -0.015636662, -0.0022254041, 0.008170966, 0.006280063, 0.01906249, -0.004470638, 0.0020863223, -0.006827993, -0.017147763, 0.0058919676, -0.005141145, 0.003086413, -0.033993114, -0.008544172, 0.0017816473, 0.014089607, -0.010555084, -0.004692417, -0.029794592, -0.007882607, 0.0021687585, 0.006645166, -0.013173702, 0.0071818205, 0.0016001748, 0.0060574156, 0.013464072, -0.015748823, -0.012843804, -0.0073710894, -0.012717239, -0.012275699, -0.010374064, -0.022935532, 0.009437894, -0.00016004295, -0.0076748887, -0.022433694, 0.00323971, -0.01606156, 0.0029423474, 0.0075820116, 0.006646391, -0.016365925, 0.011661109, -0.0057603023, -0.0018510696, 0.0005380156, -0.019056503, 0.01850922, -0.0026680597, 0.00066521927, -0.02536289, -0.0045124902, -0.011360745, -0.01004165, -0.009926243, -0.010674955, -0.0114614125, 0.0032685902, 0.0065918653, -0.009155605, 0.02421225, -0.01301097, -0.021820016, -0.0019768944, 0.013625696, 0.008538132, -1.7837114e-05, 0.0044611534, -0.027008673, 0.0004586621, 0.00642455, -0.0051403297, 0.005411688, -0.003350122, -0.024458645, 0.005036275, -0.016292216, -0.007550817, -0.0075656394, -0.008129704, 0.0011428314, 0.0034784998, -0.00073620485, 0.005467311, -0.02370698, -0.031948153, 0.003049385, -0.0046670027, -0.006013866, 0.015014858, 0.015661348, 0.0033960796, 0.014617432, -0.007255643, -0.017323611, 0.00035409108, -5.576148e-05, -0.0017776684, -0.00673408, 0.019683925, -0.011314903, -0.0058933906, -0.011094344, -0.0027161983, 0.008351389, 0.08631476, -0.024832314, 0.00092169835, -0.0020935792, -0.010622987, 0.003700497, -0.0054506273, -0.0032971594, -0.014309147, 0.022521399, 0.002684002, 0.024649769, -0.0033215857, -0.01024323, -0.0033260682, 0.002426999, 0.0025277706, 0.011461293, -0.0046992186, 0.004775518, -0.011661488, -0.0017074753, 0.0136467805, -0.0028816308, 0.0043191817, 0.0013611757, 0.012602843, 0.009626075, 0.022013582, 0.020405293, -0.0019312521, -0.002455461, -0.01053479, 0.0056646843, -0.021896739, 0.0055836793, -0.008126138, 0.022792662, -0.012288517, 0.011939956, -0.0003410445, -0.015427722, -2.2534896e-06, -0.00504307, -0.00081949646, 0.007619407, -0.003032075, 0.0030578005, -0.024321904, -0.007690282, -0.011023234, -0.010663917, -0.011888202, -0.0006650382, -0.005030053, -0.009402012, 0.017092882, -0.010088719, 0.02273038, -0.00834863, 0.007667013, 0.022269543, -0.011770338, 0.02062077, -0.0033653516, -0.0037484292, -0.01210987, 0.0017721924, 0.00058881484, -0.007193985, -0.009442214, 0.0124314325, 0.0026747144, 0.002218444, 0.026418988, 0.0057005947, 0.0076645715, 0.0014169994, -0.018879306, 0.0010969179, 0.00063229766, 0.0079975575, -0.011024008, -0.017581305, -0.0011987825, 0.0102437055, -0.010659594, -0.008098954, 0.0068907016, 0.013312186, 0.008362928, -0.014718328, 0.010726236, 0.0068873283, -0.0065202527, 0.0142897265, 0.06826843, -0.006212292, -0.01629036, 0.004361624, 0.011916046, -0.0035590413, 0.013817777, 0.0031581265, 0.011837028, 0.006611383, 0.007579389, -0.009146824, -0.013292999, 0.005287997, 0.01380268, 0.016494859, 0.025899153, 0.0076437695, 0.016251115, 0.0043406067, 0.00027428335, 0.002344964, -0.0056894566, -0.014044776, -0.010476277, -0.009185883, -0.012231284, 0.014199432, -0.012488826, 0.0061250273, -0.0014793349, 0.01083733, 0.0011877798, 0.005637612, 0.006980967, 0.0044554966, -0.010300741, 0.00559227, -0.011339818, -0.0015216853, 0.0021880069, 0.008167063, 0.026731715, 0.0077174427, -0.008893157, 0.006404429, -0.014972881, 0.012335114, 0.008572009, 0.0024754265, 0.00015146483, 0.011542776, -0.0018338261, -0.0004155556, -0.012486962, -0.0021612847, -0.0058725337, 0.008640927, -0.0004338016, 0.008439393, 0.009602078, 0.0047899215, 0.010139253, -0.008262089, -0.010989374, 0.00688017, 0.0047408063, -0.008462125, 0.0061958847, 0.019161426, 0.009385198, 0.021413388, -0.008061535, 0.0056821285, 0.0031201488, 0.0072032963, -0.00036623288, 0.0010848437, -0.026531084, 0.00412529, -0.014390988, -0.00541608, 0.0027284, -0.0075470316, -0.011796575, -0.005006645, -0.027013615, -0.00470708, -0.031426787, -0.0014578119, -0.0013934987, -0.015793389, -0.0050628423, -0.0064563802, 0.016445613, 0.005900737, 0.01037191, -0.0068649314, 0.02867305, -0.0050249686, 0.009959358, 0.03357469, -0.01794075, 0.0066069798, 0.002211148, -0.0074166963, 0.0019604147, -0.009140453, -0.009564415, 0.00524173, 0.009074339, -0.0024872432, -0.0048686266, 0.019569758, -0.009272762, -0.008488184, 0.00016917658, 0.005237259, 0.002049762, 0.0034857374, 0.0023678679, 0.016853519, 0.016859451, -0.010043477, 0.016697275, -0.015644852, -0.02596924, 0.010837156, -0.00066311774, 0.012745946, -0.00827515, -0.0056465524, 0.0065430533, -0.006726916, -0.010620152, 0.0015667828, -0.02466708, -0.0021868877, 0.003074801, 0.0015224494, -0.010880294, 0.0058427253, 0.007708181, -0.009338872, 0.003138805, 0.007912172, -0.018746879, -0.00031160333, -0.019612135, -0.007400539, -0.014469878, -0.00019231401, -0.001296149, -0.0016632014, -0.00035700804, 0.016088974, 0.0056219376, 0.008499951, 0.0015068464, 0.012976621, -0.017568845, -0.046877887, 0.0032045355, 0.019247519, 0.008632505, 0.009229012, 0.017592978, 0.016088804, 0.009743601, 0.010282098, -0.015376675, -0.009433852, 0.0020301393, -0.012589404, 0.01670876, -0.025606059, -0.0025537158, 0.0052846274, 0.0016477832, 0.0091904, 0.0012827291, 0.00072015595, -0.006098783, -0.0121099, 0.005819886, 0.0037998708, 0.007832951, 0.0065875323, -0.017866962, -0.012512176, -0.016764658, -0.005410058, 0.00016449604, 0.005912079, 0.010692918, 0.0061533228, -0.015014359, 0.02006864, -0.013560393, 6.2479776e-05, -0.02293814, 0.00438842, -0.0199206, 0.0038743718, -0.006737254, 0.0011338096, 0.0008665384, -0.008050528, -0.0033998266, -0.012078907, 0.008945043, -0.00016256742, -0.0038743538, -0.0060277693, 0.013279138, -0.003684756, -0.018783772, 0.016097099, -0.006701304, 0.013335942, -0.017321553, 0.0061098346, -0.00010682752, -0.0026413908, -0.0056373123, -0.028083412, -0.011220066, 0.011653631, 0.00086414866, -0.0019583956, 0.0065107103, -0.01793885, -0.0117539205, 0.00902683, -0.014715293, -0.009203301, -0.013075859, 0.0066491165, 0.009638219, -0.018082479, 0.016597303, 0.00087049406, -0.018614767, -0.011378583, 0.0034045873, 0.018026538, 0.006020733, -0.014083883, 0.0022552807, -0.0023403212, 0.007923812, 0.01286785, 0.017453495, -0.028510781, -0.01004997, 0.025668569, 0.00025949275, -0.002921329, 0.004539789, 0.016212849, 0.007381701, -0.009710599, -0.0032961676, 0.0091271605, 0.018015364, -0.005355426, 0.015810471, -0.00019776748, -0.01887948, 0.018351628, -0.0035490815, 0.0027646152, 0.007718436, 0.0073147253, 0.0044518304, 0.01328666, -0.006601862, -0.017077178, -0.02227061, 0.010806768, 0.011086322, -0.004090952, -0.0014813237, -0.015601376, 0.009137531, 0.007929854, -0.003112969, -0.010807421, -0.002180386, 0.0032349234, -0.0017019443, 0.0025015823, 0.0008987584, 0.009546907, -0.00531364, -0.002618598, 0.004953792, 0.0007464141, -0.0122031, -0.0020958965, -0.0056012296, 0.008917598, 0.021539923, 0.000574266, 0.003600255, 0.0019779326, 0.017906718, -0.013492839, 0.00851555, -0.020577503, -0.010467976, -0.0014640939, 0.0075352835, 0.015103966, 0.007487767, -0.0017807984, 0.0026504083, 0.0037820283, 0.0059009343, 0.0041207606, 0.011179017, -0.018867007, 0.018207213, -0.0010131444, -0.0075851055, 0.019140877, -0.0001361336, -0.018882051, -0.017276818, 0.0067266515, 0.010636731, -0.013353694, 0.022536417, 0.009253774, 0.025206346, 0.012475302, -0.00060495787, 0.01927355, 0.015367112, 0.0143710775, 0.00041593812, -0.0029755195, 0.0019960213, 0.008234867, -0.012686035, 0.010171559, -0.0025794168, -0.011861081, -0.001386488, -0.01057654, -0.0095133325, -0.0079224035, 0.010199012, 0.01605836, -0.0112625295, 0.03226267, 0.015741467, 0.009554225, -0.015139131, 0.02017919, -0.016609559, -0.0072721434, 0.020596614, 0.015257637, 0.019863326, -0.012794648, -0.083318785, 0.007495736, -0.0015166197, -0.0041918564, 0.003281315, -0.013757804, -0.0037725344, 0.0005391986, 0.00074461196, 0.022689452, -0.0033179135, 0.0064265, 0.017259963, -0.009024942, -0.0090093175, 0.023644015, -0.007085739, -0.0040629655, 0.0023864165, -0.012384853, -0.0034689037, 0.009650248, -0.009746151, 0.0022274863, -0.0130737545, -0.0063073193, 0.00034763123, -0.0059933984, 0.002393803, 0.010283334, -0.0026475808, -0.007140183, -0.0029044216, 0.0031876818, 0.0018816937, 0.015660537, -0.0048388285, 0.016065268, -0.12961958, 0.0041011623, -0.00706503, -6.985751e-05, -0.005873389, 0.010653342, 0.0008249752, 0.018390108, 0.00808062, 0.000732351, 0.019900607, -0.00712896, 0.0042402092, -0.00572922, -0.012855547, -0.010983638, 0.009501637, -0.011743706, -0.0011443255, 0.0059818714, 0.022961669, 0.022403203, -0.0032834325, -0.0011326264, 0.008799392, -0.010824822, 0.010820203, -0.007958941, 0.0129708, -0.014395096, -0.002211392, 0.017786719, -0.0031013382, 0.00035431806, 0.0040042917, 0.00761435, 0.007196367, -0.029285911, 0.011298323, -0.0076619056, 0.00038722195, -0.0022894621, -0.0010186647, -0.00049530575, -0.0014841716, 0.002419122, -0.019899394, 0.0037103873, -0.006231284, 0.017842203, -0.013068133, 0.009468218, 0.011374295, -0.017673654, 0.018072644, -0.0017736296, 0.0071929526, -0.0052309628, 0.00033386308, 0.0014755988, 0.007488772, 0.009665453, -0.003667492, 0.008970772, 0.018107586, 0.00028843395, -0.002777092, 0.007087297, -0.003068122, 0.018154645, 0.03370899, 0.00031416546, -0.030825771, -0.010394952, -0.0068055065, -0.0016714308, -0.0022080806, -0.010498138, 0.012304645, -0.006577234, -0.02097953, -0.017181564, -0.0131888855, 0.011647289, -0.0067210454, 0.0051068715, 0.03589024, -0.006823659, -0.0016850224, -0.06378327, -0.0002485694, 0.001123366, 0.004065257, -0.016060218, -0.013726814, 0.0068353764, -0.012750923, -0.00952357, -0.0018122478, 0.005615477, -0.00035343668, -0.005714095, -0.013462625, 0.0024005421, 0.001591131, -0.0114226965, 0.0043566828, -0.01511321, 0.02416184, 0.00037151648, -0.014158194, -0.01057329, 0.0028201076, 0.02385957, -0.031628937, -0.0038918194, 0.005687088, -0.012029186, -0.006453116, -0.0121994745, 0.01429554, -0.0041966, 0.0012480579, 0.014346539, -0.0005983467, 0.01081881, 0.009151345, -0.012761051, -0.016074214, 0.00021238269, 0.0045494097, -0.010147002, -0.009323757, 0.008590879, -0.0033787761, -0.011934572, -0.010739647, -0.008144348, -0.016866371, 0.02221662, -0.0013611696, 0.008241041, -0.011223765, 0.025896208, 0.01620447, 0.0065787435, 0.0045600645, -0.0017369712, -0.0063879495, -0.010986327, -0.01540371, -0.014753185, 0.001417955, -0.026015304, 0.0076942877, -0.007969207, -0.007934354, -0.021161566, -0.0017813711, -0.020019323, 0.01720288, 0.008157031, 0.011775523, 0.0025303455, 0.00083881564, -0.02606478, 0.020869374, -0.007466483, 0.03173069, 0.010699772, 0.011337623, 0.0016571116, 0.009755487, -0.001505916, -0.018566746, -0.021086974, 0.0067227785, -0.0033142632, 0.014903158, 0.013943205, -0.004447825, -0.0025025134, -0.0029698529, -0.020567648, -0.014016432, 0.019628663, -0.0029360552, -0.024656912, 0.014840525, 0.010714263, -0.0076318956, -0.023065124, -0.006208268, 0.0015041502, -0.018365687, 0.0077035227, -0.00604154, -0.011324614, -0.009069916, 0.015700625, 0.008939084, 0.0036391374, 0.020073999, -0.14960012, -0.0118482765, -0.012682317, 0.0026555741, -0.0071610957, 0.0022483005, -0.030673364, -0.010596932, 0.03525764, -0.007248966, 0.03292066, 0.017350068, 0.01759716, -0.01349759, 0.011217374, -0.0011297843, 0.019336564, -0.00594057, 0.004555297, -0.024558255, -0.009354851, -0.0007597931, 0.0027031202, 0.0145225795, 0.0020776934, -0.013536848, 0.023042865, -0.012409279, 0.00022571182, 0.0036781959, 0.012420549, 0.019670216, -0.004760882, -0.003434373, -0.027532522, 0.004890369, -0.0048078047, -0.008064004, -0.032901764, -0.018233618, 0.00032210807, 0.002173793, 0.0016024882, 0.017103426, -0.015776863, 0.010586686, -0.0058307233, -0.0026479645, 0.0033851953, 0.010065326, 0.009601891, 0.015608079, 0.0070981937, -0.019478254, 0.010649531, 0.0033249757, -0.0036212225, 0.0047763186, -0.011513244, -0.010186146, 0.0053976662, -0.013850248, -0.020833481, -0.0045965197, 0.0097060725, -0.0061528576, -0.013239433, 0.1408467, -0.0074573513, 0.02001748, 0.01110295, -0.016406583, 0.00018237867, 0.022760715, -0.0052787308, 0.018634366, -0.020519739, -0.021476798, -0.012887917, 0.009535584, -0.019053828, 0.0029410121, 0.018957786, -0.0042074905, 0.00505167, -0.012262531, 0.005862609, -0.005495918, -0.022068514, 0.0016002675, -0.0037210584, 0.008075559, -0.0020444433, -0.005152068, 0.0047391113, 0.018512914, 0.0066604866, 0.004623366, -0.011517579, 0.0029496737, -0.010330028, -0.0007505553, 0.0019428186, -0.0026276817, 0.015286546, -0.02240256, 0.009313101, -0.007899731, -0.016038595, -0.016707193, -0.0070591536, 0.00068095786, 0.004984864, 0.020875646, 0.0067464914, -0.01692411, 0.015046566, -0.015843438, 0.015762495, -0.022778297, 0.016403388, 0.007746888, -0.028605057, 0.003918174, 0.01373975, -0.0062411223, 0.019252531, 0.011833024, 0.010632575, -0.0044181817, 0.0045749093, 0.0017872154, -0.0021430536, -0.008189979, 0.011237343, 0.0016547315, -0.10754627, 0.0066674636, -0.0074236654, 0.012405781, 0.006148765, -0.012542583, 0.0069333795, 0.00056400907, 0.017093614, -0.005738329, -0.020788232, 0.01699557, 0.004388729, 0.017231911, 0.0112957405, 0.033334866, 0.0027392914, 0.028773725, 0.033120424, -4.3314565e-05, -0.0001175316, 0.018591365, -0.0076149656, -0.006579686, -0.0053838524, -0.0028578846, 0.0010216759, -0.012769638, 0.009156382, -0.0010251175, 0.0024511043, 0.004565075, -0.012023412, -0.0053845844, -0.014359055, -0.003748054, -0.018678308, 0.014193118, -0.026199054, 0.020204611, 0.009009067, 0.0034221439, -0.019324882, 0.005751587, -0.0021821589, -0.0015640664, -0.019490741, 0.0066646966, 0.0017266728, -0.018188713, -0.013624174, -0.003442905, -0.02448048, -0.0017967228, -0.0017187757, 0.010474144, -0.015213651, -0.0065339007, 0.02147938, 0.0075684492, -0.01558358, 0.014014214, 0.020892324, 0.0017492309, 0.007098084, 0.007865881, 0.006082921, -0.0031341992, 0.0038923863, -0.0056903036, 0.0034571139, -0.010872369, 0.00014965085, -0.016130319, 0.021796193, -0.035445925, -4.1433814e-05, -0.0019672127, -0.00088561774, 0.006335013, -0.017230736, 0.018825257, -0.008992452, 0.0029495514, 0.029478898, -0.012767251, -0.0068238424, -0.0031813462, 0.001229452, -0.012319319, 0.018283736, -0.0037770078, 0.01103425, -0.007991798, -0.011602803, 0.0045942813, 0.0051389476, 0.003600218, 0.0019843369, -0.010288785, 0.013503381, -0.015823746, 0.0064624175, -0.009724049, 0.004187934, -0.008789438, -0.010890899, 0.0008560482, 0.013445703, 0.005644113, -0.010992502, 0.010279726, -0.031096304, 0.01268882, 0.003141809, 0.017682007, -0.007032423, 0.009197854, -0.015247526, -0.008180682, 0.016225364, 0.014394119, 0.026244909, 0.00133334, -0.005721087, -0.0070356363, 0.0024404938, -0.0023725433, 0.0076185963, 0.01778815, 0.027064817, 0.0096390145, -0.015346358, 0.007203679, 0.002982677, -0.0035871095, 0.005885738, 0.023289682, 0.027781293, 0.025151284, 0.014830196, 0.016738245, 0.008151102, 0.0212274, -0.02601101, -0.027576627, -0.017254623, -0.0040956563, 0.0188534, -0.0019537613, -0.040013406, 0.017312577, 0.005552445, -0.008022168, 0.03469791, 0.012969601, -0.012059782, 0.01569734, 0.0026102397, -0.0068644066, -0.01390253, 0.005291863, 0.0054470478, -0.0036527654, 0.01154203, 0.0069102515, 0.006089629, -0.014537592, -0.0018142269, -0.02329454, -0.0082491245, -0.011378894, 0.01055157, -0.004839065, -0.006667267, -0.0045394613, 0.016926285, 0.0033306105, -0.002499823, -0.05927541, 0.019204758, 0.0007454923, -0.020591823, -0.013818187, 0.0064865653, -0.009099069, -0.0016732126, 0.009618711, -0.014070015, -0.0042848573, -0.00041971946, -0.0038250943, -0.029928379, -0.008961089, -0.009977044, 0.009580495, 0.00569035, 0.0019260932, 0.01717808, -0.0011642096, -0.011164081, -0.006342118, 0.018429823, -0.011714608, -0.018131772, 0.015428675, -0.0068769725, 0.02174042, 0.010065773, 0.009999977, -0.016467275, -0.007460393, 0.0030920547, 0.0052922554, -0.014315177, 0.0069925715, -0.016391313, -0.0075861746, -0.074138775, 0.0065290662, -0.001445959, -0.040070377, -0.019116504, 0.0068398644, 0.014911049, 0.0036612377, -0.008205986, -0.0016778917, 0.0018898834, 0.00966113, -0.0025255068, -0.008626885, -0.0043865144, -0.003499026, 0.0047203954, -0.0061268383, 0.006626356, -0.00813385, -0.020248905, -0.00490182, -0.0143116675, -0.002866501, -0.026556168, -0.002195634, 0.00975701, -0.007449103, 0.0069377366, 0.0020203453, 0.018537838, -0.014995614, -0.02050566, 0.015645951, 0.008907885, 0.0048789093, 0.00011741026, -0.0060981927, -0.017953984, 0.008179292, -0.0050290693, 0.009068974, -0.005983602, -0.012756351, 0.057327855, 0.014212763, 0.009414148, -0.0001422691, -0.099974565, 0.00975062, 0.0057153483, 0.0016838793, -0.0050321403, -0.011312254, 0.011781424, 0.045685217, -0.028613921, -0.006959401, -0.011026301, 0.0006176451, 0.007176795, -0.026241304, 0.0051943525, -0.026461996, -0.0046980525, -0.00055867597, 0.027353792, -0.006018523, 0.01736202, -0.0058318987, -0.03396114, 0.016483743, 0.019036943, -0.058706835, -0.012661785, 0.0010503087, -0.00349202, 0.0043911072, 0.012830604, -0.024138212, -0.0014867542, -0.0062667844, 0.0091517, 0.030754238, -0.025677672, -0.014862629, 0.008156873, 0.042784657, 0.036230065, 0.014482051, 0.009175421, 0.0047601666, -0.0022325183, -0.0010898089, -0.009925327, -0.033405468, -0.012089534, 0.012605594, -0.0028785542, -0.03302669, -0.008648222, -0.0015264828, -0.0010898922, 0.0038025714, -0.00402838, 0.005345927, -0.0032884022, 0.016790934, -0.011204538, -0.0053325766, -0.0041883914, 0.0069027664, -0.007605823, 0.023345547, 0.0025778997, -0.008280834, -0.014884371, 0.017619463, -0.009042228, -0.008157664, 0.037572358, -0.004324315, 0.00059261953, -0.0010091771, 0.014888653, 0.005640001, -0.023664955, 0.0042876136, 0.020042375, -0.00027859092, 0.012178193, 0.008360502, 0.009710917, 0.01723038, 0.008102935, 0.0074829184, 0.03685514, 0.014172218, -0.005840515, -0.0087184375, 0.009295457, 0.023334503, 0.011224639, 0.005056841, 0.02089499, -0.0014407486, -0.021914663, -0.020244572, 0.0048172516, -0.010890265, -0.004520934, 2.749177e-05, 0.0029710487, -0.013768599, -0.014235089, 0.004758619, -0.02693239, 0.004606669, 0.0124338465, 0.00093597174, -0.019638699, 0.020581119, -0.0025288681, 0.00294114, 0.0077353874, 0.01635447, 0.0031487276, -0.009363456, -0.0036836185, -0.015647609, -4.98767e-06, -0.033382952, 0.035595704, 0.017025797, -0.028722418, 0.002226704, 0.0017395968, 0.008176363, 0.0025582805, 0.0144363735, -0.00527829, -0.0011107964, -0.022750312, 0.005672841, -0.014976236, 0.012053559, 0.005748412, -0.011342434, 0.010689836, -0.0075904788, -0.026808996, 0.0105123585, 0.032286692, -0.024001421, -0.007147165, 0.007756406, -0.007650754, -0.01710998, 0.00036980896, 0.013062206, 0.0012007441, 0.010037718, -0.004551225, 0.03504411, -0.017913435, 0.010238611, -0.0036193144, 0.019836271, 0.010906534, 0.0008594907, 0.029130604, 0.017880466, -0.0056229495, 0.016304575, -0.0052725906, -0.034952525, 0.02020107, 0.007864928, 0.0044870465, 0.0009473018, 0.009547888, 0.011512445, 0.011947148, -0.0098826885, 0.013702341, -0.010605768, -0.00091430015, 0.002829145, 0.009374867, -0.011950559, -0.007616773, -0.009896296, -0.012421974, -0.005494394, 0.009442811, -0.0023083005, 0.007955767, 0.014594121, -0.01389793, -0.008230334, 0.022625983, 0.0049722805, -0.00558686, 0.011209552, -0.009979616, 0.023478009, -0.03597069, 0.017169258, -0.014464444, -0.011532462, 0.0020496158, -0.008922056, -0.0050601647, -0.013247044, -0.005839864, -0.020175984, -0.016253397, 0.0049375766, -0.015769685, 0.006084898, 0.028159318, -0.0003213534, -0.0069991634, -0.009738215, -0.010345014, 0.0036419812, 0.03195625, -0.009118376, 0.015421584, 0.031038173, 0.01559483, 0.006965557, 0.013576741, -0.012872106, 0.016048187, 0.024358865, 0.0038707643, 0.006011434, 0.012666792, 0.0017493058, 0.0049015186, 4.3661526e-05, -0.015539392, 0.04097908, 0.0012959992, 0.010349, 0.0006965201, 0.014663063, 0.018549096, -0.007747978, 0.025155444, -0.0036815205, -0.021488635, -0.02686992, -0.041918103, 0.004559454, 0.01235347, -0.021183643, -0.004174355, -0.0057645985, -0.02130501, -0.018722324, 0.010641227, 0.01309325, 0.0055411137, -0.00058160047, 0.00019387006, -0.0019715242, -0.026083222, -0.013200669, -0.031557254, -0.0020512335, -0.0057470705, -0.013863139, 0.0053365678, 0.0033582002, 0.028474709, 0.0043735225, -0.0040207314, -0.0053727967, -0.016338814, -0.020139446, 0.034515012, 0.011947153, 0.003355284, -0.013825705, -0.030831076, 0.0143707525, 0.019110072, 0.009092001, 0.009647062, 0.010042732, 0.015882198, 0.009056312, -0.019288627, 0.011481605, 0.0043303883, 0.005086029, 0.007980573, -0.016347509, 0.022971783, -0.015178503, -0.020630378, -0.0076166787, -0.010170178, -0.0001096253, 0.01361845, 0.0072233444, 0.013702198, -0.018867549, 0.0029433265, 0.0025065383, 0.022062566, 0.024424948, 0.0066859378, -0.01891056, -0.017335432, 0.01425734, -0.0049726386, -0.0011809571, -0.010581211, 0.015204885, -0.0011780167, -0.01895142, -0.008590613, -0.005459063, -0.019843444, 0.0090903565, -0.0026515257, 0.013140396, 0.0017491045, -0.014668758, -0.0041104066, -0.0052953917, 0.005481674, -0.014138444, 0.0032603436, 0.020805458, 0.02013168, 0.008702359, -0.008045677, -0.017447347, 0.011909296, 0.00607135, 0.0013124957, -0.021773297, -0.018860443, -0.016236275, -0.0065744664, 0.03010963, 0.01719987, -0.0133657055, 0.0071317498, -0.002064568, 0.014447649, -0.0020411615, 0.01970658, 0.0047015767, 0.0018454499, -0.023478663, -0.0111064715, 0.008854167, 0.03389509, -0.0022286645, 0.01057742, -0.017125484, 0.0025013504, -0.007655123, 0.0005584895, 0.018766355, -0.010602993, 0.0010131825, -0.010779746, -0.0019151816, -0.018698586, -0.009587598, -0.0035602243, 0.011016374, -0.0010670702, -0.003855799, -0.0142449895, 0.01905412, 0.021566993, 0.018328805, 0.009156916, -0.021776566, -2.0764105e-06, -0.008846252, -0.023555648, 0.024832394, -0.005957355, 0.015572328, -0.021780146, -0.024782745, 0.0083053745, 0.0064743017, -0.0118439635, 0.013667319, -0.01827082, 0.011705194, -0.0057116225, 0.0029167554, 0.010337848, -0.011693592, -0.020736547, 0.008662914, 0.001326192, -0.0055129617, -0.00057166297, 0.009589769, 0.008045253, 0.0077098683, -0.0028171288, -0.0006732327, 0.007403872, -0.019563684, 0.02659266, -0.0072532874, 0.004908971, 0.003527058, 0.003465798, -0.0019160553, -0.010095172, 0.025737684, -0.023780571, 0.014105843, 0.016550304, -0.02682615, -0.0041915523, 0.008856487, 0.010984631, -0.0023061684, -0.021686228, 0.0027547115, 0.029595155, 0.001232472, -0.014539818, 0.0052444753, 0.006973361, -0.021741888, -0.0069620176, 0.017883316, 0.0031933433, 0.019350965, -0.014520775, 0.005851457, 0.008485778, 0.0025422657, -0.005081412, 0.016308079, 0.011542711, 0.0052648983, -0.005536744, -0.015097388, -0.009850443, 0.010958171, 0.00330414, 0.0019853057, 0.025669148, 0.017052816, -0.009743904, -0.012921141, -0.017005486, -0.016469907, -0.011815954, 0.011016769, 0.01423134, 0.010956755, 0.0036092103, -0.010670945, 0.0018200673, -0.025995972, -0.042473916, -0.0013441846, -0.0065847314, 0.005577349, -0.014359172, 1.0818892e-06, -0.051883455, -0.016116334, -0.07321683, 0.0033265764, 0.00949395, -0.009063865, -0.019156389, -0.0061713946, 0.0009861802, -0.011782321, 0.00871151, -0.0348118, -0.0046830997, -0.008113176, 0.018800007, -0.0055705085, -2.6438e-06, -0.0021305275, 0.00663166, -0.0030408606, -0.009282988, -0.020190082, 0.016569179, -0.0047859815, 0.0049578305, -0.0023835714, 0.012885831, -0.0039590197, 0.003346312, -0.0019514898, -0.0050530084, -0.004308857, 0.0034588561, -0.009648189, 0.01850884, -0.0022352422, 0.015916789, 0.0007667753, 0.011664382, -0.030154577, -0.017749742, 0.016656647, -0.0027330618, -0.005077969, 0.02902242, 0.0018112339, 0.019325556, 0.012660313, -0.004475629, 0.00804057, 0.00011392659, 0.0051937946, -0.035298515, -0.025433164, -0.005542542, -0.008625474, 0.005236436, 0.0181801, 0.011215344, 0.013334323, -0.021400867, -0.008651161, 0.00881343, 0.010514005, 0.006833988, 0.002280572, -0.015652912, -0.0030287944, 0.009089153, 0.007543821, 0.015734734, 0.013851081, 0.0033835603, -0.018916488, 0.029825544, 0.009739371, -0.010260852, 0.02324343, -0.013473789, 0.0024389154, -0.005561789, 0.003012877, -0.031479344, 0.00956114, -0.012421651, -0.028345225, -0.005097623, -0.0076972027, 0.007647102, -0.010769268, 0.010926132, -0.009298999, -3.319579e-05, 0.022600226, 0.023441361, 0.009211082, 0.0132258525, -0.016051982, 0.018124197, -0.011695587, -0.006133312, -0.0033560868, 0.0010153659, -0.022418028, 0.0098040765, -0.0028723765, -0.009198415, -0.013772431, 0.0007895353, 0.011107105, -0.005532951, 0.0044151344, -0.0011917959, 0.011585789, 0.02022881, 0.025898542, 0.0030601267, -0.01241404, -0.002533231, 0.02731694, 0.008408895, -0.012182565, -0.008533873, 0.008127421, 0.00872643, 0.0015066576, -0.005585276, -0.005821046, 0.015240191, -0.004900847, 0.016280876, -0.032553077, 0.011852566, -0.029058196, -0.019071888, -0.012421968, 0.0014359764, 0.034140296, 0.017256128, 0.0006858783, 0.019147964, 0.045278426, 0.030816888, 0.0022945285, -0.004047329, 0.0034294077, -0.008471067, -0.013905275, -0.00017630275, 0.020180333, -0.011208498, 0.024406636, -0.009245114, -0.007876413, -0.019792963, 0.019254824, 0.003386351, -0.00071765744, -0.0072185486, -0.0032193696, -0.013221897, 0.004844115, 0.023060145, 0.013654106, 0.0026859895, 0.029919464, 0.0089191375, -0.008795378, 0.023704637, -0.0069510066, -0.0028311776, -0.018539313, 0.009241753, 0.011195497, -0.014441115, 0.00313966, 0.004950221, -0.0014230858, 0.0089108385, 0.01613831, 0.013844186, -0.006975724, -0.010211507, 0.0052271485, -0.0071343137, -0.00036450344, 0.007623799, 0.006025965, -0.0023427126, 0.0068253046, -0.011465758, -0.010994078, -0.0068714917, 0.008358621, 0.014363282, -0.008372396, -0.021015774, -0.004094219, 0.018774055, 0.006866032, 0.012751856, -0.016599804, 0.0027635957, 0.012996765, 0.019599251, 0.041964892, 0.004447097, -0.002649822, -0.0098516205, 0.015379979, -0.00637616, 0.011342565, -0.01977332, -0.010018369, -0.025670264, 0.016969081, 0.16394958, 0.12790745, 0.009412245, -0.014775439, 0.0092157, -0.00023373276, 0.0028032288, -0.008456552, 0.01028816, 0.0023569234, -0.016521392, 0.00476874, 0.001593616, -0.018583296, -0.010464159, 0.018507253, 0.007119711, -0.004411052, -0.0021179235, 0.0116311805, -0.011385073, 0.0014457923, -0.00402486, -0.00077068206, -0.021907343, 0.016404422, -0.010266821, 0.012288101, 0.0076351543, -0.0034133298, -0.005307622, -0.022420248, -0.000958187, -0.008543954, 0.0002881879, -0.0022039325, -0.022111071, 0.0027561567, 0.0051732254, 0.010153418, 0.0065840865, -0.019919729, 0.023888577, 0.0034430374, 0.014495919, 0.0060531166, 0.02941897, 0.0107077435, -0.01038164, 0.02225051, 0.0018962853, 0.026524127, -0.003356949, 0.03273815, -0.015644168, -0.0023932317, -0.015996143, 0.0024695983, -0.008129789, -0.004140909, -0.0017561988, -0.01138633, 0.0061872983, 0.015220514, -0.012397977, 0.008934251, 0.0015157636, 0.008026381, -0.018984672, 0.00047790006, -0.0062675425, 0.007387893, -0.009261863, 0.0042109503, -0.009414952, 0.015138591, 0.025287123, -0.023197087, 0.007039849, 0.015269346, 0.033975482, 0.0027446726, 0.005869063, 0.002796478, -0.004791294, -0.0020746752, 0.003158374, 0.04850132, 0.12121119, -0.00010679371, -0.0067747557, -0.0106292935, 0.008233377, -0.009832975, 0.036548913, 0.05124063, 0.025936062, 0.0024243311, 0.032317314, -0.019597484, 0.0025411225, -0.0157245, 0.014597083, -0.003947379, 0.013886557, 0.019601118, -0.013051647, 0.005759518, -0.007366537, 0.008330075, -0.0022764504, -0.00626085, -0.002346478, -0.0047533223, -0.03070512, 0.015571383, -0.010647955, 0.007247049, -0.09546011, 0.0004821835, 0.031455416, 0.0035086775, 0.0026082702, 0.0063285097, -0.016761627, -0.017519379, 0.026925284, 0.0055339104, 0.0048653088, -0.014477533, 0.006004582, -0.025078548, -0.012893087, 0.002775809, 0.00023276468, 0.00722045, -0.00603005, -0.031986404, -0.013826796, -0.0061508645, -0.004251986, 0.005641292, -0.015096958, -0.0021527295, -0.021966733, -0.0038141443, -0.0021082037, 0.0036273208, -0.0049927067, 0.010174059, -0.038689323, 0.00014858336, -0.012739235, 0.008010184, -0.009539545, 0.0011758696, 0.0114273075, -0.005997957, 0.0026523895, -0.012652988, -0.009353099, -0.03443829, -0.009843826, 0.0035661878, 0.006008883, -0.0039780894, -0.003631041, -0.012156892, 0.03687361, 0.0009842587, 0.0032011764, 0.009827567, 0.016252311, 0.0040790257, -0.00083724165, 0.0021160445, 0.03042853, 0.012097622, 0.0099227885, 0.024414051, 0.0018116857, 0.0073845233, -0.023853065, -0.0039033052, -0.010006692, 0.016637946, -0.0050299955, 0.00929543, -0.018843168, -0.016275236, 0.0077059306, 0.02633274, 0.0023431233, -0.0074283434, -0.0139893, -0.014821628, -0.011721513, 0.014975838, 0.013581585, -0.011039396, -0.0032854003, 0.104930945, -4.502644e-05, 0.009448388, 0.02471823, -0.0039703185, 0.017090283, -0.023371063, -0.018892083, -0.015159278, 0.013787064, -0.018244624, 0.006587145, 0.005325702, -0.01584599, 0.019052418, -0.023975408, -0.0059560793, -0.0063345633, -0.018612973, -0.014664939, -0.0062578507, 0.008844598, 0.01963097, 0.0047538606, 0.0094902655, 0.012267823, -0.015247244, -0.033121906, -0.0038199818, -0.001158392, -0.00109894, -0.002331278, -0.013353039, 0.0037953001, -0.012365078, 0.020613533, 0.0040118857, 0.022423072, 0.020469368, -0.012147448, 0.0067518577, 0.007355895, 0.005844721, 0.0025107553, -0.007911191, 0.19566269, 0.01457677, 0.02597531, 0.0062801107, -0.010986218, -0.00015466932, 0.0053601097, -0.0069107194, -0.0087958835, 0.01894144, -0.01885513, -0.000764533, 0.018883228, -0.0045911055, -0.005967606, 0.0140380375, 0.0017518692, -0.0048391935, -0.020316122, 0.0061613955, 0.021409942, 0.0007366199, -0.015910609, 0.0066037863, -0.0046332907, 0.033944763, 0.013588725, 0.018636728, -0.011252264, -0.016498659, 0.004539016, 0.0027889549, 0.0099360095, 0.02023558, -0.0042175325, 0.024986392, 0.015196239, -0.011735242, 0.002441, -0.0066158497, -0.009695322, 0.013702482, -0.019755153, 0.02465824, -0.006849481, -0.01047765, 0.0068419036, -0.01909926, 0.012030212, -0.021165513, 0.020536616, 0.008833862, 0.0117817335, -0.0004705916, 0.0016347792, 0.025448188, 0.00031630698, 0.029690966, 0.00838221, 0.008207312, 0.004778432, 0.010200473, -0.023011608, 0.0016595494, 0.015863346, 0.011045063, -0.017958593]"
Cientos de medios se suman a la accion global contra el asesinato de periodistas en Gaza,https://oem.com.mx/elsoldemexico/img/25518447/1756719928/BASE_LANDSCAPE/500/image.webp,no especificado,"El pais sufre un aumento de la censura mediatica, boicots gubernamentales y restricciones a la independencia editorial",https://oem.com.mx/elsoldemexico/mundo/cientos-de-medios-se-suman-a-la-accion-global-contra-el-asesinato-de-periodistas-en-gaza-25512229,"[-0.025637856, 0.010031283, 0.007245826, -0.05278622, -0.014423713, -0.0006005621, -0.018435871, 0.013498928, 0.028171478, 0.0059915795, -0.027035763, -0.0056916033, -0.0044914987, -0.017610189, 0.0949569, 0.03442166, -0.02536118, 0.02349825, 0.030556353, 0.036789197, 0.023856927, -0.028458204, -0.008566778, -0.002914537, 0.013075132, -0.036157172, 0.03677066, -0.045546927, -0.0003824205, -0.0031814834, -0.006183998, -0.0017493953, 0.029790672, -0.0020007587, -0.002143554, -0.009973182, 0.009166277, 0.008288031, 0.018859887, 0.012959218, 0.010662705, 0.031038672, -0.0017502423, 0.005209384, -0.008845962, 0.004345218, 0.019298, -0.023048908, -0.018000456, 0.0014512656, 0.02495334, -0.008466603, -0.042633325, -0.16595916, 0.00395472, 0.009759951, 0.0037121973, 0.02805849, 0.038952343, -0.025181863, 0.00944694, 0.019647013, 0.010478587, -0.06248591, -0.0056093857, 0.011323705, -0.010675372, 0.014588632, -0.010122756, -0.009075518, -0.019922571, 0.0132570295, -0.0068024117, -0.01382349, 0.0021358903, -0.013100361, 0.023858454, 0.004416046, -0.024671117, -0.0060851816, -0.027355757, 0.009887739, 0.019928215, -0.029965105, 0.0026555758, -0.0049325535, -0.00786545, -0.008743134, 0.00028710155, 0.019039867, -0.012190698, 0.009502531, -0.033025082, 0.012036721, -0.013921603, -0.00834068, 0.0053853528, 0.00063504756, -0.0062121693, -0.018117685, -0.0091965925, -0.008311475, 0.0047695213, 0.0078049805, -0.005689358, 0.014490245, 0.043981243, 0.0049305786, -0.0036067467, 0.018888291, 0.02274133, -0.00032380485, -0.025441747, -0.008043169, 0.010020067, -0.1436598, -0.01833515, 0.009922121, -0.02878262, -0.00088672637, -0.016186439, 0.00022188653, -0.0060665812, 0.0107129915, 0.018593706, 0.0037329912, 0.0031392865, 0.015805997, 0.00958167, 0.00044127554, -0.019588793, -0.02430642, 0.0144024, 0.0051196916, -0.0025615923, 0.009253084, -0.038736757, 0.027581912, -0.0048341784, -0.010922454, -0.010717449, -0.0050138794, 0.011949509, -0.033622824, -0.0070630857, 0.015741106, -0.025387576, 0.024423074, 0.015578604, 0.001037999, 0.018849691, 0.002229107, 0.0022011874, -0.00113369, -0.0005531392, -0.022235999, -0.0015979141, -0.0054379753, 0.011701823, -0.0034757855, 0.023747632, 0.026713908, 0.02668345, 0.0028964537, 0.021671845, 0.0016496874, -0.012667875, 0.0018162512, 0.015934084, 0.019005258, -0.02723452, -0.001866213, -0.009165264, -0.02443351, -0.010328481, -4.1084117e-05, -0.03705351, 0.0046835397, 0.0006365228, 0.027404606, -0.0332739, 0.0041972217, -0.021371914, 0.009839113, -0.0100162, -0.03418549, -0.0017492884, 0.021546358, -0.020209737, 0.021554563, -0.026875684, 0.0017448573, 0.024651675, -0.022103617, 0.020969644, -0.03618418, 0.006160831, -0.0010326554, 0.034823656, 0.03515869, -0.008592201, 0.009119599, -0.001765418, 0.008697463, -0.034051776, -0.006705428, -0.011996023, -0.0074987668, 0.01291514, 0.012070354, 0.0026899956, 0.008610258, -0.0029070345, -0.033166017, 0.013128545, -0.0131524, -0.040229276, -0.00465415, -0.007684096, 0.011134449, 0.0138220815, -0.03266799, -0.0019531001, 0.005783019, -0.0062422645, -0.029594392, 0.018164663, 0.010670515, 0.009236939, 0.010562528, -0.0003938891, 0.025906451, 0.016981129, -0.01091736, -0.0007919563, -0.016970312, 0.020615479, 0.027254075, 0.0033887688, 0.0060801613, -0.0031506133, 0.01724237, 0.0057293046, 0.005960833, -0.017121835, 0.01595872, -0.015047135, -0.016724987, -0.0062988824, 0.022186587, -0.00041856608, 0.0029311394, 0.024996521, -0.0026156679, -0.020896202, 0.00050663616, 0.02562588, 0.00461301, -0.0043089227, -0.029856682, -0.012918358, -0.00073642243, -0.020875571, 0.008989906, 0.019425107, 0.0041115163, -0.0008748975, -0.00024546369, -0.01366528, -0.005907941, -0.017164143, 0.030510342, 0.00226732, 0.00012565675, 0.018800095, 0.02964981, -0.049075145, 0.0032241906, 0.0017748569, -0.011507482, -0.022430707, 0.015586713, -0.00054729247, -0.010722363, 1.6905567e-05, -0.029082453, -0.01246046, 0.011104298, 0.008700031, -0.027765509, 0.012067852, 0.004994235, 0.01948358, -0.02673916, 0.008992305, -0.005842432, 0.008672963, -0.010970989, -0.030529883, -0.02309167, 0.006883948, 0.03043102, 0.008089902, 0.030427085, 0.021469206, -0.0021628016, -0.041760642, -0.00045242047, -0.0076710237, 0.0090907235, -0.012890959, -0.013529156, -0.020612545, 0.0030889777, 0.016871806, -0.026811315, 0.027465558, -0.0041243155, -0.014772884, 0.0103153195, -0.010098268, -0.023506992, 0.0018261272, 0.02861345, -0.016006544, -0.017910238, -0.003963616, 0.004005056, 0.018957058, 0.020966122, -0.024864297, -0.015879655, -0.0009902105, 0.022880444, -0.0059882686, -0.010554071, -0.0022202106, -0.0388823, 0.021086162, 0.0014393383, 0.021665214, -0.038308177, -0.0046468955, 0.01540872, -0.026709234, 0.020732468, 0.0008302989, 0.0035282148, 0.011944477, -0.009524955, 0.013867208, -0.0170911, 0.018378748, 0.0037724017, -0.0134370085, 0.029452333, -0.019509718, -0.0032348426, -0.01500943, 0.029619582, 0.03215949, 0.00393815, -0.02014432, -0.0036708796, -0.012050243, -0.027965171, -0.003909602, -0.019925592, 0.0035250227, -0.012529638, -0.0067404183, 0.005281955, -0.03155081, 0.0071070334, 0.006252536, -0.021826182, -0.009149529, -0.014944697, -0.013399191, 0.0007480762, 0.020152044, 0.0051199654, 0.031677738, 0.028666677, -0.014695274, 0.0039289896, 0.026684951, -0.002947596, 0.012512877, 0.016376488, 0.013931279, 0.003106004, -0.009857857, -0.008750695, -0.018162452, -0.0049959933, -0.0073051406, -0.0044310857, 0.0146171, -0.021817712, -0.0025762094, 0.0005751259, -0.024482278, -0.0022141524, -0.016750116, -0.0043558404, -0.008104534, -0.014568743, 0.00076220173, -0.011070927, 0.009458054, 0.009610415, 0.02077254, 0.010194859, 0.030148262, -0.0058709346, 0.016742138, 0.005803044, -0.00813942, 0.021031441, 0.0054983054, 0.006688536, 0.010129259, -0.014042382, -0.00045964125, 0.017543264, 0.016799541, -0.013849542, 0.015813578, -0.010639504, -0.023374472, 0.00041485755, -0.026707413, 0.011498397, -0.0040282533, -0.010006835, -0.023296079, 0.007532461, -0.017847512, 0.014191382, -0.0042300355, -0.009698485, 0.0033853226, -0.00071339624, 0.027732838, -0.004796722, 0.0027805788, -0.0044155996, -0.023551345, 0.009842533, 0.008578007, 0.009510283, -0.0064799706, -0.008129777, 0.0006992918, 0.022792509, -0.03577631, 0.0101783695, 0.022711154, 0.009124596, 0.0063727903, -0.02457678, -0.010449059, 0.019968605, -0.017138429, -0.0037610875, -0.0006873665, -0.012915841, 0.020758098, 0.03178368, -0.0016077954, -0.02414646, -0.018234808, 0.016462548, -0.0092158485, 0.030742612, -0.030397696, 0.02088076, 0.013806286, -0.02145178, -0.00529951, -0.010490672, -0.023692014, -0.0034870037, -0.017409893, 0.02172424, 0.0017980376, 0.01350148, -0.0071006846, -0.014056911, 0.020922372, 0.025717866, 0.027710529, -0.010862414, -0.015594004, -0.03743227, 0.002829839, -0.027398843, 0.038898796, 0.01380475, -0.021794168, -0.003959919, -0.013683729, -0.008460495, -0.032015406, 0.0070445146, -0.0133292265, 0.024780607, 0.035294123, -0.026105419, -0.00041324986, -0.00074517366, 0.004632233, -0.011116821, -0.009709661, 0.0039045487, 0.015608212, 0.022950705, -0.0100531215, -0.026406262, -0.037166845, 0.01835746, 0.0011145796, -0.0351946, -0.03206609, 0.008080109, -0.0029956193, -0.020592503, 0.009684122, 0.019988978, -0.021759825, 0.006483906, -0.01307121, -0.0019328666, 0.0015762789, 0.0008902395, 0.009406643, 0.013834667, 0.005079081, -0.0012450536, 0.007221007, 0.012656461, -0.025513897, 0.0072257253, 0.03767801, -0.073047325, -0.014924202, -0.0021385995, -0.03563044, -0.018950036, -0.001702234, -0.0044754623, 0.026383346, 0.011930658, 0.005159755, -0.0026988175, -0.0054677855, 0.010813365, -0.00030564997, -0.032026898, 0.0058580944, 0.005930962, 0.014875476, 0.025761921, 0.0014492113, 0.023353022, 0.0029059898, 0.024867103, 0.009985157, 0.018385965, 0.031177562, 0.0063158795, -0.010623593, -0.0095944805, 0.0152163915, -0.016252968, 0.0020000308, -0.029671723, -0.009250746, -0.0029608987, 0.0024475593, 0.010556761, 0.020697962, -0.0017209168, 0.025402457, 0.03431747, -0.00033040417, -0.011208589, 0.0077874325, -0.035463296, 0.015672386, -0.009072569, 0.0041273884, 0.021530295, -0.02128641, -0.016929163, -0.024466611, 0.01901746, 0.021023536, -0.007188733, -0.0054821777, -0.025510527, 0.0038612213, -0.015128043, -0.002431494, -0.015321853, -0.007862192, 0.008819682, 0.025077486, 0.0019389653, 0.004928801, -0.014977944, 0.0145279085, 0.023351343, 0.02942766, -0.0050389394, 0.011398937, -0.0088937, -0.004972749, 0.0051152445, 0.014989083, 0.03533319, 8.194399e-05, 0.039485876, 0.005782043, 0.002279592, 0.003787716, -0.10696592, 0.017711787, -0.034714963, -0.012231284, 0.0136204595, -0.018128973, 0.011617568, -0.021689918, 0.015357526, 0.022416368, -0.029343575, 0.004574358, 0.03110281, -0.03497558, 0.027902164, 0.021602903, -0.00015252932, -0.025295906, 0.0034000135, 0.011844798, -0.010600929, -0.033758547, 0.0044759912, -0.00652878, -0.0076376973, 0.021334063, -0.009520378, -0.0018491268, 0.0062509463, -0.008167129, -0.03784876, -0.12471129, -0.020477008, 0.02540949, 0.016806226, 0.005130983, -0.007167506, 0.022120185, -0.0067838356, 0.0024531998, 0.0058261063, 0.049176816, -0.037730835, -0.03732693, 0.0014273013, 0.02340031, 0.09925012, 0.0054228464, 0.021318141, 0.00409071, -0.019803992, -0.029300326, -0.008430622, 0.01462604, -0.008231152, 0.014619099, -0.02685197, 0.041955687, 0.00010619671, -0.0036342035, 0.025719997, 0.013803221, 0.010357161, -0.00036674875, 0.02357294, 0.022299808, -0.0004695488, -0.002350872, 0.009593693, 0.029310094, -0.003200177, -0.0043065497, 0.032845814, -0.0038053999, -0.017306536, -0.016976701, -0.0077421116, -0.009740175, 0.01971392, -0.013603521, -0.0043099523, -0.009672826, -0.08345947, 0.021635488, 0.009897335, 0.008024514, 0.017977417, 0.009213404, -0.00082948187, -0.023963952, -0.0043340153, 0.022723086, 0.013022369, 0.004870179, 0.004093849, -0.005765628, -0.0051786643, 0.023205208, -0.0044628554, -0.013980636, -0.004530612, 0.027777988, 0.02300929, -0.0032386696, -0.019295726, 0.0072543286, -0.017141268, -0.010102465, 0.0063954513, 0.043195847, 0.015435582, 0.0090123685, 0.016466413, 0.04385015, 0.013493337, 0.013664042, -0.019222569, 0.014569497, -0.031059172, -0.011770171, 0.010575677, 0.03464245, 0.0016029533, 0.006256856, 0.008308603, -0.02069949, -0.005782861, 0.0013388348, 0.0021813163, -0.015216761, -0.0057555153, -0.00022143348, -0.0067606014, -0.032263868, 0.029038684, 0.012982592, 0.007196178, 0.018155066, -0.033940267, 0.03826039, -0.008991392, -0.0120449085, 0.015992314, 0.005011065, -0.018256092, 0.008510252, 0.032881927, 0.0014484992, -0.0045814337, 0.012670267, -0.006495466, 0.0074302675, 0.010401846, -0.0048434245, -0.013033682, 0.017696746, -0.0035278955, -0.0013331164, 0.004944622, 0.010318469, -0.05699911, 0.0030101347, -0.000937779, 0.019707441, -0.0030623819, -0.0031110737, -0.004433437, 0.0047116205, -0.0048211087, 0.014300471, -0.0049370676, 0.005534611, -0.007833833, -0.0041918233, -0.026660958, 0.0052299504, 0.0069391313, -0.004796108, 0.011362434, 0.006180597, -0.003487674, 0.013609788, -0.008391984, 0.01197822, 0.0068887197, -0.011854011, 0.0017961632, 0.006567423, -0.015891217, 0.0049600555, -0.01721007, -0.004402797, -0.007105936, 0.016246513, 0.00076578517, 0.0005193518, 0.011493172, 0.0017503732, -0.01405478, -0.002932158, 0.00055954343, 0.0067497757, 0.010101782, 0.0057296976, 0.0020356658, 0.010177372, -0.011330158, -0.03127593, -0.0072734766, -0.013428041, -0.009436221, 0.011005915, -0.0002597288, 0.008955167, -0.0076683275, 0.018826308, 0.009471038, 0.005511572, -0.010445308, -0.0033966356, 0.024422733, -0.016305964, -0.019229818, 0.016658619, -0.014644606, -0.01187372, 0.007584336, 0.0043922183, -0.0072199954, -0.002372714, 0.0042401874, 0.0049489094, 0.0057605277, -0.0047291922, 0.005418614, -0.0058530737, -0.016797388, 0.004673195, 0.0029509484, 0.01759007, 0.015462622, 0.009676131, -0.0018097544, 0.0057588867, 0.009932947, -0.0048192027, -0.0017295679, -0.0063479072, 0.022656966, 0.0004539215, 0.020900525, 0.0017666592, -0.024501663, 0.005482555, -0.01249176, 0.0057396884, 0.00519444, 0.0070118997, -0.0039854846, -0.014880139, 0.018803775, -0.002248988, -0.008084352, 0.02961149, -0.0063189766, -0.007498425, -0.006884162, 0.0001554299, 0.013946841, 0.009688128, 0.009920688, 0.0005655318, -0.0042285505, -0.018949907, 0.012650325, 0.009938069, 0.0037130157, 0.0127602285, -0.009554753, -0.026835548, 0.01831403, 0.0051060007, 0.0008225562, 0.00047970534, -0.010499591, -0.0017078952, -0.008381901, -0.011704621, 0.009115784, 0.019517824, -0.011922493, -0.011355883, -0.00355371, 0.011416873, 0.001894276, 0.00763739, -0.010604246, 0.00856639, -0.0016415109, -0.010257337, 0.019467596, -0.0016615131, -0.004066729, -0.009133855, 0.015786244, -0.013803868, -0.005905094, -0.034731414, -0.016487395, -0.0032970975, -0.012359437, 0.012643682, -0.0046023545, -0.032206617, -0.011266895, -0.01856611, -0.00924891, 0.005753092, 0.002184571, 0.0062891333, -0.027891643, -0.017662419, 0.0126308445, -0.023955178, -0.0022617986, -0.0108961165, 0.009286111, -0.0038426484, -0.008535234, -0.025262073, 0.005769633, -0.0019840605, -0.017161865, 0.019451747, -0.0033430047, 0.016673855, -0.00742039, -0.009473498, 0.006075711, 0.025221711, -0.0035893566, 0.07869946, -0.014015927, 0.0042163366, 0.009619574, 0.0019120398, 0.007031999, -0.014821892, -0.01883223, 0.005705043, -0.0065883705, -0.0014775161, 0.0071317824, 0.016497245, -0.009506154, -0.0011545834, 0.0077554337, -0.008900312, 0.0058896383, 0.0010458167, 0.00943402, -0.0117961, 0.003941149, 0.013042489, -0.027988624, 2.1563088e-05, -0.012634806, 0.005164436, -0.004433058, -0.0042095566, -0.00048174997, -0.011301076, 0.010103586, 0.014705882, 0.016336724, -0.034385502, -0.002729044, -0.013122045, 0.0005946823, 0.0122757405, 0.010311827, 0.0058529046, -0.0033145773, 0.00047446683, 0.004044705, -0.0057627554, -0.0055458564, -0.0015153603, 0.0083444435, 0.009559885, 0.00457931, 0.0035641536, 0.0018459248, -0.009300846, 0.002430199, -0.005413794, 0.00029442072, 0.01709578, -0.006005441, -0.0060239835, -0.02280445, 0.0033978426, -0.004437199, 0.0011824952, 0.014124501, -0.0034653326, 0.002031789, 0.014975199, 0.011997382, -0.013624995, -0.01528245, 0.004081204, -0.013542404, -0.0008205183, 0.009522643, 0.020636912, -0.004163429, 0.0049589504, -0.005398966, -0.005458617, -0.023825718, 0.0024822697, 0.004798224, -0.02564535, -0.014245779, 0.005287026, 0.009674605, 0.011295709, -0.006765239, -0.004291858, 0.0058355904, 0.008395552, -0.008000007, 0.007842614, 0.024815433, 0.011430121, -0.0077570463, 0.04750428, 0.010959423, -0.0023676977, 0.002940158, -0.002950975, -0.013084422, -0.0006637953, 0.00011293557, 0.005784716, 0.011738743, 0.0126511175, -0.014729905, -0.017462516, -0.0003491497, -0.0040305224, -0.01203251, 0.0037366895, -0.0079385005, -0.006808682, 0.019789813, -0.010261821, -0.007817462, 0.0073843556, -0.0077126254, -0.0059133135, 0.021066912, 0.0013265566, 0.016464774, -0.007646318, -0.0010414337, -0.018346526, 0.023948558, -0.02356212, 0.020457692, -0.01012742, -0.009366419, -0.0136899315, -0.020897312, -0.0034145499, 0.0065918253, -0.0018990183, -0.0010611009, 0.0128309, 0.009648385, -0.021675553, 0.0022006214, -0.013677279, 0.024914466, 0.017006123, 0.015046739, -0.0009568459, 0.012955482, 0.0036858777, -0.00089297176, 0.0034900797, -0.0020781613, -0.00084262324, -0.02014139, -0.014098364, 0.011214109, -0.004840512, 0.0013104725, -0.014013181, 0.0061594676, -0.011520488, 0.006441274, 0.011371877, 0.004931038, 0.010078908, 0.030152902, 0.0038697761, 0.0074947868, -0.01612667, 0.014480661, 0.007983207, -0.0015256532, 0.028664222, 0.006051001, 0.008270561, 0.009202056, -0.008123587, -0.012920237, -0.015419096, 0.0026777836, 0.0038397904, 0.0071815415, -0.0065983934, -0.012060244, 0.022265187, -0.0009017339, 0.01933271, -0.00050624524, 0.00283006, -0.012061768, 4.8600035e-05, 0.0076072146, 0.016827377, -0.014175418, -0.0018871624, -0.011925141, -0.010155925, -0.0012633962, -0.021467304, 0.0017982638, -0.0028699778, -0.022101376, 0.011171751, 0.0037777256, 0.004957471, -0.004492009, -0.0071395836, 0.0013647128, 0.0029006454, 0.015164703, -0.006055534, -0.010948362, 0.0015352641, 0.0018058007, 0.0021418666, -0.015999159, 0.010126537, -0.0055941516, 0.011885209, -0.0068802983, -0.0011029883, -0.0134358, -0.0051010665, -0.013017755, -0.0014693951, 0.00049361517, 0.014635265, 0.010658876, 0.003513779, -0.019743726, -0.008144076, 0.039110817, -0.015475257, 0.014717046, 0.0155918775, 0.0061022104, -0.00456442, -0.019971197, 0.007884311, 0.01020366, -0.015248555, -0.013893419, -0.0033297234, 0.0037164039, -0.0123176705, 0.008284878, -0.014561149, -0.007605268, 0.013963958, -0.0005374812, -0.015137037, 0.0072297663, 0.0057196696, -0.0045498377, 0.0039790757, 0.017122893, 0.0063335225, -0.039311692, 0.0040945285, 0.006665174, 0.02973461, -0.0035440177, 0.008823594, 0.013506396, 0.015766669, 0.009741813, 0.003833507, 0.011303245, -0.034295674, -0.0052289497, 0.018021472, 0.0029186984, 0.0015860652, 0.005730241, -0.018775014, 0.018231904, -0.016197069, -0.000504311, 0.0070288824, -0.005463334, 0.009600421, 0.011676997, 0.018966379, -0.013346111, 0.010144627, 0.01361612, -0.0077183177, -0.0005263426, 0.0035860543, 0.005654227, 0.0090420125, 0.006387188, -0.01146506, 0.020520503, -0.012122183, 0.0035147676, -0.023481866, 0.010926806, -0.0132018, -0.006193515, 0.009249847, -0.008717311, -0.021047192, 0.016949654, -0.009626416, 0.005225517, 0.0032416997, 0.010697155, 0.008029255, -0.007327362, 0.017748984, 0.015781691, 0.0016076858, 0.019256685, 0.01050388, 0.0037459712, -0.0007774176, 0.0009533455, -0.0018952677, -0.0004730418, 0.0023872862, 0.0019100902, -0.008901037, -0.0044174264, -0.0019769585, 0.004677784, -0.0064339074, -0.00962856, -0.007816819, -0.0016791251, -0.008184511, -0.005836629, -0.010061686, 0.017134726, 0.0076493644, -0.013149958, -0.0090221595, -0.012545103, -0.008381719, 0.023495361, 0.0045817248, -0.023104472, 0.002482159, 0.014788137, 0.010342988, -0.028083883, 0.0003768481, -0.0012123862, -0.014455018, 0.01215595, 0.010076495, -0.011822459, 0.0015145997, 0.016972356, -0.0037693188, 0.011728038, 0.0011258281, 0.007445804, 0.008387381, 0.00641057, -0.0069021136, 0.008510425, 0.015955232, -0.005279514, -0.0029456283, 0.016770368, 0.0021854592, -0.0073056784, -0.015601799, 0.016010018, 0.025357401, 0.0021296511, -0.017389365, -0.0071617556, -0.016854517, -0.0051748203, 0.0012614087, 0.008285517, 0.0082162805, -0.0123189725, -0.009693777, -0.0042703664, 0.025809182, -0.007798367, -0.0046661287, 0.027969321, 0.008662412, -0.012087725, -0.004990688, 0.021548508, -0.0071256664, 0.001977926, 0.022780683, 0.012763517, 0.0040909788, -0.007936686, -0.0007752079, 0.024229705, -0.011651821, 0.0051981676, -0.01507635, 0.008224461, 0.008371455, -0.0015877022, 0.0119846165, 0.012679611, -0.0156186, -0.018419497, 0.010145423, 0.017770307, -0.00011845596, 0.001770596, 0.0025989413, 0.0010367958, 0.010251811, 0.0014667427, -0.005097454, 0.002521638, 0.0008109075, 0.0066512018, 0.008444977, -0.0051112636, 0.022010557, -0.0073048533, 0.0020120377, 0.0018426101, -0.008966472, 0.005226898, 0.0064917603, -0.0010151783, 0.008855664, -0.006207453, -0.010891979, 0.0016486507, -0.00029270153, -0.0123155685, 0.0022517173, -0.010868681, 0.0029732315, 0.022705115, -0.0105569465, -0.006172703, -0.027153773, 0.0066697593, 0.004858902, -0.00484107, 0.014329121, 0.0045220903, -0.004840487, -0.006387935, -0.0020203693, 0.006927983, 0.0069205184, -0.014472333, 0.0037810188, 0.004638385, -0.0048568, -0.00797128, -0.0053864615, -0.0007027605, 0.011977251, -0.0060329153, -0.1004441, 0.01107122, 0.021492245, 0.009243584, 0.0030567083, 0.0079228245, -0.009511644, 0.00034570962, -0.015361856, 0.009279662, 0.007672464, 0.0014953609, -0.013267242, 0.018917097, 0.0016095623, -0.013627933, 0.010667944, -0.006720539, 0.015906949, -0.005689986, -0.014851074, 0.017734405, 0.0025917345, 0.0030993402, -0.0069099483, 0.0014198247, -0.0032742412, 0.009207789, 0.004219723, 0.0063660047, -0.011195976, -0.011106855, -0.0053182323, -0.0012508698, 0.009466158, 0.0014504741, -0.010366256, 0.015586417, -0.13197368, 0.037250116, -0.001589362, 0.006719029, -0.020353492, 0.018846886, -0.0045766467, 0.00058252615, -0.0053994902, -0.0077146394, 0.012083221, -0.0019453309, -0.004095625, 0.00046706843, -0.0025983453, 0.012826951, 0.00713807, 0.0056054457, -0.006194428, 0.016053194, -0.014510981, -0.017183756, -0.0073849796, 0.0042614513, -0.007928969, 0.01118604, -0.0030889756, -0.003282599, 0.0076679, 0.014540612, 0.0037890838, 0.005979986, -0.0034451487, 0.0096795475, -0.0040111756, -0.015373887, -0.013819805, 0.0006973097, 0.007275257, 0.014552653, 0.026788699, 0.0021005415, 0.015535307, -0.0021074165, -0.0020760195, -0.012297495, 0.003213983, -0.0055596987, -0.000967796, 0.008318578, 0.005959818, -0.0066573313, -0.010555427, -0.0019309958, 0.0017250936, -0.0024528606, 0.004618196, -0.0068711126, -0.012088904, 0.020515857, 0.0052857934, -0.0041863555, 0.011644944, -0.0057852915, -0.015060356, -0.005155581, 0.009101078, -0.015797442, 0.0033117677, 0.013293775, 0.021638248, 0.019445969, -0.0068705496, 0.02714072, 0.005563517, 0.011477463, -0.00493727, 0.014087162, 0.0012267529, -0.008625951, 0.0015073358, 0.010381161, -0.026556423, -0.0049600955, -0.007682784, -0.02320875, 0.0014317855, 0.00047257813, 0.017310819, -0.05299741, 0.008108053, -0.015463313, -0.0041669607, 0.02523353, 0.011770473, 0.001340288, -0.016830875, 0.00060431747, -0.022815537, 0.009564599, 0.011002454, 0.0059441286, 0.013424855, 0.016631844, -0.0049559944, -0.0021243505, -0.009993468, -0.014075249, -0.0037427982, -0.0126677, -0.0041692597, 0.0011997293, 0.0018537912, -0.013671206, 0.03253428, -0.0040928293, -0.0026955088, 0.011031704, 0.0037226407, -0.00963838, 0.01659367, -0.005768662, 0.002412447, 0.008841892, 0.022749491, -0.009042075, -0.021159137, -0.008939419, 0.015875764, -0.014292634, 0.024369646, 0.022156028, -0.020092007, -0.008512902, 0.013568283, 0.005262408, -0.0029988128, 0.0056235786, 0.03167344, 0.0046866224, 0.005068705, 0.030264402, -0.01191893, 0.010617106, -0.02400111, 0.0021146112, 0.006601245, 0.0021715295, -0.017127834, -0.0062438124, 0.0027465522, 0.0080272, 0.010144594, 0.00033981155, 0.021480085, 0.0029958482, -0.0034956168, -0.018611051, 0.0010203925, -0.0037453903, -0.001485021, 0.0129213175, -0.0077809873, -0.0068347123, -0.01815822, 0.008441018, -0.0051394384, -0.0039068586, 0.0034454917, 0.004210807, 0.01285893, -0.02551069, 0.01927148, -0.014505936, -0.029350584, -0.022890434, -0.02562761, 0.008724336, -0.0030979584, 0.0066367686, 0.0005771542, -0.0136949085, -0.009319932, -0.024840752, 0.021083103, -0.012471521, 0.01739314, -0.001499792, 0.021508945, 0.033670265, 0.023049898, -0.013177189, -0.0025775367, -0.017102763, -0.011221551, -0.0070747836, 0.0013712967, -0.024974559, -0.00557826, -0.020415632, -0.0033799065, 0.002874456, 0.0011587102, -0.17675737, -0.00387065, -0.022597171, -0.017957602, 0.024394542, 0.001740425, 0.0032536727, -0.0042785523, 0.02152095, -0.001192765, 0.01583348, 0.019380175, 0.0008277492, -0.010105485, 0.03567332, -0.021632418, 0.022379989, 0.0042341813, -0.01566044, -0.006222015, -0.029843, -0.009732856, 0.010737104, -0.0008093297, 0.021308202, -0.03413264, -0.008141973, 0.033940487, 0.02179263, 0.00010778632, -0.0011362676, -0.019629417, -0.023026954, -0.015354385, 0.011193071, 0.001191674, 0.00260759, 0.027246552, 0.0004212403, 0.004561554, 0.010290661, -0.0127898, 0.0030180349, 0.0037515268, 0.005844538, -0.009684733, -0.039282985, 0.011100498, -0.0076996703, 0.007952783, -0.004762858, 0.0058164606, -0.010022106, -0.0039482024, 0.012878748, 0.00040747612, -0.0013244147, -0.016192827, -0.004913413, -0.030301347, 0.007977597, 0.010040569, -0.018726688, 0.02705109, 0.022549061, -0.0042854054, -0.000842431, 0.13241285, 0.004069024, 0.01006879, 0.010610005, -0.0050039687, 0.014329514, 0.015034937, -0.028049937, -0.007995985, -0.027617529, -0.0030310822, -0.0042403867, -0.0024075015, -0.023434762, -0.014644563, 0.0034062914, 0.009351002, 0.013663542, 0.00034408312, 0.010386259, 0.0032388794, -0.026321849, 0.0014542452, -0.0051255436, 0.0018760005, -0.0036550057, -0.025927424, 0.01288347, -0.007837305, 0.012196301, 0.025626663, -0.025466627, -0.01100448, -0.007244969, 0.009552823, 0.017616345, -0.019299056, -0.0062302165, -0.01730319, 0.016312877, 0.002053002, 0.006303637, -0.0041103098, -0.0349864, 0.008323017, -0.00653913, -0.0045092274, 0.025707731, 0.017408358, 0.013823498, -0.03509622, 0.017615912, -0.008993341, 0.0023572417, -0.0056497892, -0.031814773, -0.0038596937, 0.008219999, -0.010740696, 0.0017947818, -0.016548088, 0.0050315023, -0.009843537, 0.0140453335, 0.010497444, 0.012576879, -0.005953063, -0.017429465, 0.016319834, -0.105441205, 0.024549834, -0.0031950835, 0.007029482, -0.008680401, -0.020069614, -0.004567245, 0.024326922, 0.014259931, -0.0056247003, 0.013127075, 0.013655781, 0.046815842, 0.00087381166, 0.022712708, 0.013231647, 0.00059144344, 0.0072020604, 0.017924864, -0.012821675, 0.009758542, -0.0002042245, 0.012032851, -0.0068032304, -0.00715832, 0.01785899, 0.001974775, -0.0133778965, -0.0030411275, 0.009306125, 0.009605989, 0.030118657, -0.02067404, -0.008058171, -0.013866964, 0.0047770035, 0.011304077, 0.0054251817, -0.0073634204, -0.0035437462, -0.00030366235, -0.012626537, -0.014721945, -0.0017622041, -0.008594729, -0.00080898375, 0.002049858, -0.0062610065, -0.0033583608, -0.0023063559, -0.021082055, 0.0076820296, -0.012421226, 0.009105112, -0.009470743, 0.039942898, 0.015792647, -0.004146195, -0.0102603845, 0.006671996, -0.011466524, -0.017276619, -0.015268825, -0.006559916, -0.011360417, 0.0138503555, -0.0059386417, -0.011268055, 0.0031062996, -0.011488291, 0.010337824, 0.014347988, 0.0022127228, 0.010969238, 0.0027735722, 0.013444596, 0.010488511, 0.023962192, -0.02795724, 0.0010836658, -0.020212032, 0.017193295, 0.00023789986, 0.0015593149, 0.056971114, -0.013678213, 0.003931255, -0.0035306674, -0.009091105, -0.016411655, 0.00050191366, -0.011180468, 0.011887888, -0.012204, 0.026019778, 0.002283718, -0.0068676784, 0.005212101, 0.0029163281, -0.0073245573, 0.0077288663, -0.00960805, 0.006979966, -0.011220698, -0.0066572293, -0.018184897, 0.0039617578, -0.02203025, 0.00016308628, -0.023845695, 0.0025630917, 0.001152544, -0.008511795, 0.014725488, 0.006033956, 0.0055968557, -0.015491028, -0.011090679, 0.0057675703, -0.006747252, 0.01152164, 0.018356917, -0.0030787545, -0.017982421, 0.00816969, 0.014348764, -0.0010011335, -0.008945111, 0.01836193, -0.0035452186, 0.019819742, -0.0031688472, 0.0052230456, 0.007478305, 0.004047657, 0.006440239, 0.015773775, 0.017113535, 0.01803743, 0.001512003, 0.00833288, 0.027122121, 0.005080791, 0.030950991, -0.017184645, 0.014527578, -0.007894071, -0.013747925, -0.016469788, -0.013508168, -0.0054385364, -0.0150734, -0.01674071, 0.0042723822, -0.0017804094, 0.0014536822, -0.0032681308, -0.009922835, 0.009242758, 0.0071072485, 0.007451516, 0.013879734, 0.016667735, 0.0038703566, 0.0023666583, -0.011956272, -0.01436206, -0.009485811, -0.007153202, -0.019254666, 0.0018985586, -0.001093211, 0.0009867135, -0.0073793284, 0.007887168, 0.02408755, 0.008354073, 0.04902377, 0.004594435, -0.072078474, 0.02372616, -0.012705021, 0.0028293154, -0.027854847, -0.014411103, 0.008558493, 0.007998927, -0.011733051, -0.0031595668, 0.004629868, -0.022078322, 0.019046329, -0.019874528, 0.00410408, 0.01586562, 0.00066621084, 0.00088523596, 0.014471382, -0.007430396, 0.013213348, 0.0021726557, -0.0067694406, -0.0059741656, 0.011631514, -0.0049558785, 0.004913498, -0.016115386, 0.0065238504, -0.0065571815, -0.0039357054, -0.016232189, 0.018489735, -0.022781407, -0.00287111, 0.045435216, -0.031502455, -0.0030010147, -0.01956783, -0.042011064, 0.0031600366, -0.003981745, -0.03190013, 0.016531218, 0.014286833, -0.009785034, 0.015695406, -0.020306503, -0.0021704265, -0.014170034, 0.04018062, 0.013971986, -0.014433693, 0.0025070163, 0.008831206, -0.016167697, 0.0043624123, -0.0037160662, -0.0059453743, -0.013028071, -0.02971163, -0.007088048, 0.0051976745, 0.014913326, 0.014206505, 0.0030274927, 0.0008642506, 0.011913115, 0.0026716923, 0.016445288, -0.0065152342, -0.006629107, 0.016427059, -0.012334349, -0.005967253, 0.012507128, -0.0092008915, -0.031505644, 0.019728033, 0.027930006, 0.011441473, -0.004555372, 0.010978294, 0.037731223, 0.020715715, -0.024584165, -0.0122117, -0.10123043, 0.015247477, -0.01703473, -0.017137554, -0.013514293, 0.017792422, -0.019959034, 0.03902727, 0.02381719, -0.012633498, -0.016222661, 0.012344089, 0.01717244, -0.013028135, 0.010681058, -0.004579914, -0.022618318, 0.008870953, 0.022015281, 0.0068068653, 0.018155592, -0.007736663, -0.012786572, 0.018338732, 0.013932377, -0.05443265, -0.0057598343, -0.01604452, -0.013202352, -0.0033649595, -0.012420815, -0.021376137, -0.0042311805, -0.0036908812, -0.009479885, -0.0022372303, -0.022157181, 0.00095833105, -0.00887195, 0.017962383, 0.001233421, -0.016834086, 0.006263851, 0.006565318, -0.0030159377, -0.0018170496, 0.0016830529, 0.0054782894, -0.025294486, -0.013990855, 0.0238963, -0.024318384, -0.0009911429, -0.0058312407, 0.017693328, 0.021404201, 0.016233288, -0.031989634, 0.00535794, 0.010626632, 0.011320319, 0.013145484, 0.0012457115, 0.02521928, -0.027669502, -0.009783429, -0.0020843432, -0.007507819, 0.0013049301, 0.0068106, 0.0035883938, 0.003937149, 0.017481152, -0.0069120103, -0.0023554694, -0.030436648, 0.0010839227, 0.01876219, -0.0100857355, -0.010554014, 0.006002411, 0.014134945, 0.0070017604, 0.0072685303, 0.009873311, -0.0013956479, 0.008446102, -0.0049710306, -0.0012608236, 0.01368539, 0.0062350393, -0.01923568, -0.0021044975, 0.005436683, 0.013294287, -0.0097853765, -0.0034489855, 0.010368631, -0.0064528785, -0.0010880497, -0.009272589, 0.00085389934, -0.01634755, -0.005540065, -0.013149099, -0.010369098, 0.0056029167, 0.022014465, -0.016028147, -0.0029268486, 0.03933435, 0.012764456, 0.0132030295, 0.011858232, -0.006511006, 0.006172162, -0.0034776828, 0.012779989, -0.021434264, -0.018059686, 0.01566972, -0.020246636, 0.013242487, -0.0038127163, -0.001970444, 0.010984336, 0.02066021, -0.021107133, -0.009294854, 0.01685836, -0.0029859878, 0.0106414575, -0.01398486, -0.0104421275, -0.004931861, -0.008280882, -0.022215117, 0.013494184, -2.2614959e-05, 0.0025618707, -0.012624727, 0.01241834, -0.0016092134, -0.012235741, -0.01889913, 0.011247019, 0.0039782366, -0.0070566568, -0.01382176, -0.0014916161, 0.014527396, 0.01378669, -0.0042550256, 0.012964683, -0.04064472, -0.0057922397, 0.014389419, -0.010508087, 0.013452734, -0.013257298, 0.0019802195, 0.002277828, -0.008972646, -0.009525596, -0.015015806, 0.01468001, -0.0075261043, -0.009692826, 0.0034204556, 0.013232346, 0.013953703, -0.00254424, -0.0265998, 0.00042398326, 0.04838426, -0.014411043, -0.032921415, -0.021290172, 0.003940729, -0.022601523, 0.0030514002, -0.012291764, -0.03795849, 0.0051072133, -0.0011065113, -0.009896711, 0.0017094885, -0.014624052, 0.0003216844, 0.015941653, 0.0019532489, -0.033719886, -0.0036690533, 0.003533784, -0.026395917, 0.005063599, -0.006499613, -0.0028840394, -0.012442519, -0.004313685, -0.009285625, -0.038173422, 0.024178438, -0.03086285, 0.00997975, 0.0029290188, -0.017458485, -0.0058599235, -0.028292505, -0.001080143, 0.0038901353, -0.007852337, 0.012241944, -0.00043234066, 0.013800812, -0.012793756, 0.011351744, 0.01376445, 0.0112202, 0.00095136807, 0.020840501, 0.0026532419, 0.0033819976, -0.0035926825, 0.023857318, -0.026791807, -0.02288252, 0.00090518687, -0.01953616, 0.0107334815, -0.008397801, 0.010683584, 0.005798652, 0.004058809, -0.011466512, -0.0013554607, -0.0021613871, 0.024420146, 0.000977765, 0.021198388, 0.011160116, 0.0034575427, 0.020900646, 0.0004982489, 0.005645963, -0.0064422307, -0.015998198, 0.010029119, -0.024516638, -0.008179068, 0.008212918, -0.0052877925, 0.002544999, -0.00856529, 0.014232903, -0.011233199, 0.009050821, -0.01787039, -0.0015739782, -0.0061675897, 0.012384677, -0.0017782887, 0.0019751675, 0.021807633, -0.014357249, -0.023743002, -0.013709829, -0.005100626, -0.00153622, -0.021769702, 0.0012461866, -0.023232745, -0.01840002, -0.0145179415, 0.000121255434, 0.030578814, -0.005521907, -0.00065381377, -0.013143736, 0.034331437, 0.0070782243, -0.02700731, 0.0033893336, 0.00028277846, -0.013138035, -0.0005765105, 0.015662896, -0.014007182, -2.1723151e-06, -0.0055107777, -0.0048645353, 0.0046947445, 0.01245749, -0.01208157, 0.005161027, 0.0056272848, 0.0046034767, 0.0150835635, 0.0013103285, 0.004319233, 0.026163813, -0.020282969, -0.023801904, -0.0011617873, -0.012750107, 0.026296811, 0.0036556283, -0.007840412, 0.0062349522, 0.013046733, 0.008431546, 0.013982461, 0.0072893184, 0.003239839, -0.0012657895, -0.026233196, -0.011223638, -0.02925673, -0.001637327, -0.010623031, 0.007817025, -0.004221877, 0.014092964, -0.015481127, -0.0029954405, -0.014529066, 0.0073607042, 0.02230907, 0.017250242, -0.0069432524, -0.011995249, -0.011373062, -0.00863653, -0.027487373, 0.011074669, -0.0015181068, -0.00041768787, -0.009315496, 6.3047795e-05, 0.013970347, -0.01230945, -0.0031213574, -0.0049690846, -0.017913532, -0.0044713737, 0.03013565, -0.01057993, 0.004512282, 0.033303022, 0.011501835, -0.0024538094, 0.0015461367, 0.0010900497, 0.009412675, -0.026383411, 0.011519752, 0.008079973, -0.0077048694, 0.019155513, -0.0045661684, 0.0049344464, -0.004183231, -0.005948663, -0.013516817, -0.0047085895, -0.0049888203, 0.02386257, -0.018751273, -0.0037540323, 0.020523565, -0.004798735, 0.00064199424, 0.012306379, 0.008204625, 0.005310747, -0.004255005, -0.00924417, -0.0019921884, 0.0071109487, -0.009854451, -0.03324135, -0.0043429015, 0.0038220044, -0.017545015, 0.00017372663, 0.0076066805, -0.0031160582, 0.018578269, 0.002318482, 0.010483837, 0.014439257, 0.006193162, 0.00813585, 0.027003525, -0.009045516, -0.00021921533, 0.011004129, -0.025243592, -0.014006964, 0.0009477767, 0.00016400772, -0.018068695, -0.0097618, 0.026198396, 0.0007053332, -0.010379197, 0.019196257, 0.0050008222, 0.030084645, 0.007308947, 0.0020425366, -0.024112366, -0.0008727531, -0.031283304, -0.00828777, 0.0058558797, 0.013193692, 0.0044944608, -0.0018053902, -0.0049721617, 0.0011493945, 0.017387109, 0.011503901, 0.016645012, 0.011706802, -0.0072946907, -0.004394008, -0.010756103, -0.0022979232, 0.024713425, -0.005292657, 0.009424321, 0.004342318, 0.009446538, 0.020710561, 0.0067277197, -0.017176842, 0.014677664, 0.005249771, 0.0062131803, 0.032375235, 0.015934946, 0.012770749, -0.005198756, 0.004932952, -0.0018953806, 0.007172777, 0.009395223, 0.02127503, -0.0030376478, 0.035046984, 0.009549054, -0.0028050232, 0.008718603, 0.0046764356, -0.020592958, 0.012254171, -0.017004482, 0.00813727, 0.011641208, 0.0009852183, -0.013241366, -0.017396225, 0.014950782, -0.051419232, -0.020136708, 0.0059169726, 0.0055348314, -0.0131004425, -0.018698808, -0.018930646, 0.014726255, -0.011633288, -0.002652115, -0.016789338, 0.012126397, -0.029884467, -0.021855751, 0.018719612, 0.0055565834, -0.010490515, 0.012352899, -0.0062597063, 0.013717288, 0.010239136, 0.012560147, -0.0036320158, -0.010009288, -0.0025113423, -0.0043964954, -0.0016812165, 0.012173028, 0.0033929867, -0.028562497, 0.019064412, 0.019910455, 0.021681271, 0.00072577584, 0.008039504, 0.013624496, -0.0070873047, -0.009804753, 0.006220711, -0.007174874, 0.008870638, -0.010945515, 0.012626611, 0.0025448925, -0.030152246, -0.031921823, -0.007401963, 0.004262316, 0.011686272, -0.012627881, 0.013772279, -0.020893117, 0.011485588, 0.0009341589, -0.00654019, -0.0071077324, -0.008041102, 0.009714476, -0.01477176, 0.002852236, 0.017284174, 0.007844193, -0.012614571, 0.0052453857, 0.019188823, -0.0043294886, 0.0019602615, -0.0019354108, -0.0043281512, -0.010511362, 0.018882956, 0.0032634716, 0.0011877288, -0.023149502, 0.010423974, 0.016050002, -0.0116589945, -0.006029372, 0.007915493, 0.0057987245, 0.02412322, -0.011527765, -0.00091473834, -0.008757714, -0.030963648, -0.007619745, 0.022126164, -0.004153055, 0.002174426, 0.0070760283, 0.007303373, -0.0030114069, 0.014509407, -0.0060471124, 0.0028179013, -0.027591895, -0.0138708325, 0.024435474, -0.009581028, 0.0050269538, 0.009942129, 0.0054592364, 0.003371327, -0.0036622325, -0.008386425, -0.02308244, -0.0117588565, -0.016923126, 0.024961356, 0.014180907, 0.018680418, -0.027743138, -0.0069594923, 0.01263188, 0.0012263749, 0.008101101, -0.0053458503, -0.025833137, -0.013506347, 0.010275824, -0.019469121, -0.006520386, -0.00013521973, 0.002009762, 0.0014602476, 0.012005099, 0.0046314895, -0.011332157, 0.014870166, 0.0047020125, 0.019279893, 0.0041788965, -0.016468, -0.0033334638, -0.00013002843, -0.012297326, 0.015122275, -0.006833953, 0.006081952, -0.015939077, 0.0029539089, -0.008943437, -0.004702325, -0.005468106, 0.017868668, -0.015765695, 0.0011877317, 0.03505371, 0.0018946619, -0.015848523, -0.012740352, 0.009647727, 0.014497112, -0.0065144436, 0.0027390989, -0.011631083, -0.010250138, -0.015051161, 0.0036232104, 0.0085440995, 0.01950743, -0.0151110375, -0.008278574, -0.006749403, -0.015205542, 0.0014830813, 0.004073822, 0.00270563, 0.003716442, 0.0021151116, -0.0028042018, -0.004797418, 0.017221292, -0.0057083545, 0.024313748, 0.008630982, 0.017460134, 0.016881375, 0.01043701, 0.030718157, -0.0013744549, -0.010587421, -0.0019545006, -0.0022521769, 0.0056125848, 0.021767382, 0.008020867, 0.002001199, -0.013817829, -0.010729445, -0.012413254, 0.011873532, -0.0025974459, -0.015271816, 0.02382966, 0.012420914, 0.032586936, -0.004007452, -0.0037790115, -0.0060175373, 0.0059870975, -0.0022262563, -0.020109463, 0.01337723, 0.016836712, 0.008027539, 0.0017723417, -0.029619852, -0.020545676, 0.022829363, -0.0016166834, 0.0032863913, 0.0012963131, 0.024514366, -0.0015279073, -0.011089007, 0.0007639928, 0.023323424, 0.005748217, -0.014430663, -0.008064825, -0.010658268, 0.15746054, 0.12743157, 0.007098937, -0.023343896, -0.018131103, -0.0035011868, -0.018741572, -0.022883268, 0.015188948, -0.0007708645, 0.0035099408, -0.006677931, -0.01339649, -0.013704451, 0.0063892286, -0.0031375852, 0.023649117, -0.016001951, -0.034651697, -0.002834834, -0.019036137, 0.009739366, -0.0038107515, -0.013496416, -0.014802671, 0.025423795, -0.001452857, 0.003164529, 0.0152966315, -0.0035185982, -0.006956823, -0.017652173, -0.0075009987, -0.008174902, 0.022070935, 0.0021509286, 0.012127357, 0.021354992, -0.02262451, 0.006053783, -0.019099515, 0.0046215383, -0.026948903, -0.00587288, 0.023415016, 0.007720869, -0.020099603, -0.026083853, -0.012162189, 0.015826862, -0.009351093, -0.01486165, 0.013572504, 0.0119466465, -0.013947884, -0.012342941, -0.0004897777, 0.009152554, -0.016397169, -0.008777004, -0.008710814, -0.002955656, -0.0010744797, -0.005464106, 0.012028938, 0.016457409, -0.015375642, 0.008145061, -0.0042279405, -0.003068669, 0.034952566, -0.007064054, -0.0030451429, 0.009669792, -0.013679882, 0.005650479, 0.019626373, -0.023915207, -0.008962453, 0.026009051, 0.011132555, -0.020507356, 0.012916875, 0.027425757, 0.0005713502, -0.009304341, -0.018092854, 0.0140051525, 0.118320756, -0.01047206, 0.009855896, 0.016761221, 0.011667681, 0.0058373003, 0.0060993466, 0.07422198, 0.015138029, -0.0074260524, -0.014928389, 0.0079091415, -0.0049664117, -0.011102267, 0.0005045505, -0.004979913, 0.0058177756, 0.022395147, -0.0019830207, 0.00965523, -0.030800553, 0.027823323, -0.0188086, 0.0076716905, 0.012854092, -0.0027806081, -0.01045565, 0.01529789, -0.008143385, -0.0050320723, -0.10214996, 0.007137829, -0.017098619, -0.014434866, -0.0042978856, 0.031311084, -0.032725148, 0.020788772, -0.004780101, -0.00651549, 0.011347493, -0.0053158742, 0.0043127337, -0.027632339, -0.013143604, 0.013604292, 0.012062462, -0.018352795, 0.007395606, 0.0033612421, 0.0011687289, 0.021437937, -0.0068721035, -0.010436364, -0.0139327645, 0.016569275, -0.0054632765, -0.0022836474, -0.007100651, 0.0058102654, 0.00067319506, 0.0013036878, -0.0023279719, 0.009137722, -0.000916651, 0.020030035, 0.007090186, -0.010475791, 0.0078358585, 0.009493733, -0.0061886543, -0.023292001, -0.029400606, -0.005618866, 0.001264442, -0.004304002, -0.009803836, -0.015402894, 0.005534353, -0.011034291, 0.014316327, 0.029329116, 0.0066333166, 0.0021171216, -0.012435937, 0.01905991, -0.001736402, -0.020094793, 0.009581008, 0.021366086, -0.01951038, -0.0027204386, -0.010111002, 0.021255367, -0.012614349, 0.008168788, 0.00031482373, -0.0015753985, 0.013082878, 0.014988496, -0.014058618, 0.00928908, 0.0036328011, -0.009053572, 0.0035476924, 0.014311026, -0.031490237, 0.015825704, 0.023464752, 0.02141874, -0.011212006, -0.0016406493, -0.0006465341, 0.09351732, 0.018183239, 0.013144933, 0.019472027, 0.0070158252, -0.02547107, 0.008333195, -0.006371702, -0.0104637705, -0.0063387053, -0.0010749999, 0.025791356, 0.008844132, -0.015586427, -0.0032910318, -0.002675734, -0.00970865, 0.0043067383, -0.011373993, -0.024602946, -0.015193671, -0.02475725, 0.019196326, 0.012285815, -0.012308359, -0.027933117, -0.014834249, -0.0023045572, -0.0050923885, 0.0124905165, -0.010352639, -0.0046112286, -0.019626087, -0.0025808117, -0.012601564, 0.0008414055, 0.0043563913, 0.008302977, 0.013661196, -0.0133744385, -0.0051507265, 0.0046958774, -0.014561138, 0.017680334, -0.027320316, 0.18334489, -0.0030561548, -0.0033767887, -0.009279361, -0.009852651, 0.020536242, -0.009788701, -0.010172035, -0.018600192, 0.032244433, 0.01589367, -0.019007802, -0.004828169, -0.017958947, -0.005421924, 0.011932534, 0.0071293875, -0.014999299, 0.002884221, 0.004524997, 0.009462256, -0.008130899, -0.034192234, -0.015592853, -0.0045664264, -0.0023521604, 0.0068706, 0.009123242, 0.033371225, -0.0052500716, -0.019585133, -0.008508779, 0.0038954378, -0.004609428, -0.008871352, 0.011162178, 0.01192878, 0.006612552, 0.019127894, 0.002760022, -0.002510592, -0.0024145332, 0.0005383565, 0.0073068603, -0.0069140405, -0.0024059548, -0.004049224, -0.011104067, -0.0016188377, 0.00045926753, 0.00038225096, -0.0072249975, -0.00043347335, -0.004872576, -0.0034502428, 0.005542731, -0.017470216, 0.0024604101, -0.01893404, 0.0064298003, -0.016920788, 0.008630236, -0.036534082, -0.0026798756, -0.003744471, -0.00028358222, -0.0042034]"
"Se viene la Noche Mexicana, pero ¿sabes elegir el mejor plato para servir el pozole?; aqui lo que debes considerar",https://oem.com.mx/aderezo/img/25310610/1694508028/BASE_LANDSCAPE/1200/image.webp,no especificado,"Desde el material, hasta la temperatura, el recipiente de este caldo es muy importante  ",https://oem.com.mx/aderezo/tendencias/como-elegir-el-mejor-plato-para-servir-el-pozole-de-la-noche-mexicana-25338134,"[0.0039128438, -0.012110397, 0.02047262, -0.06424208, 0.001234047, 0.022830969, -0.00952846, 0.017124547, -0.00277715, 0.012211427, -0.013127045, 0.021504316, 0.016619865, 0.013384847, 0.11587938, -0.008471206, 0.0013815463, -0.013144672, 0.022714179, 0.0056579895, 0.006011756, -0.001193481, -0.006313885, -0.0055467593, 0.025159866, 0.000102051265, 0.0045171655, 0.00095723086, 0.035605624, 0.0070669674, 0.008002374, 0.011966163, 0.019657215, -0.014107438, -0.0048177172, 0.0038370867, -0.025491007, -0.034750603, 0.040913414, 0.0027288268, -0.017125718, 0.029879332, -0.011938657, -0.001869826, -0.024447205, -0.021262642, 0.021604372, -0.035525367, 0.03720553, 0.023312515, 0.014332657, -0.0019853846, 0.009105128, -0.16177015, 0.017788755, -0.016344992, 0.0056386874, 0.0034021067, -0.01871843, -0.039177705, -0.0106467875, 0.043664377, -0.017306268, -0.0037029206, -0.032117035, -0.007835189, 0.032789055, 0.011648237, 0.021468595, -0.0094843665, 0.015157321, -0.021540811, -0.0065049576, 0.011729171, 0.00796121, -6.594552e-05, -0.0024091273, 0.042594224, 0.0040843217, -0.002942046, 0.0021281417, -0.011836987, 0.021774191, -0.005184962, 0.010188857, 0.021338245, 0.014918622, -0.011181262, -0.014422768, 0.020265106, -0.0069087506, 0.0019642343, 0.009508854, -0.0077974466, 0.0070264554, 0.05107175, 0.01092901, -0.036047865, -0.016585143, -0.017455153, -0.029076569, -0.0041189087, 0.026830025, -0.008516055, 0.010589859, -0.024802364, 0.033308834, -0.00048543458, -0.0020423573, 0.013772503, 0.015274219, -0.001937611, 0.028175177, -0.0053039333, -0.010600749, -0.13112408, -0.023823667, 0.0079478035, -0.009405805, 0.02227489, -0.010406479, -0.019709542, -0.004126796, 0.022786751, -0.013664204, 0.009109676, -0.013900462, 0.02354102, -0.0199756, -0.026693918, -0.00650023, -0.004057244, 0.012309221, -0.013418549, -0.02257614, -0.008710877, -0.0010656168, -0.026596284, -0.021073746, -0.019209543, 0.0060994076, 0.0093813, -0.012941078, -0.007785663, 0.0071476228, -0.009021813, -0.022710463, 0.006749468, 0.01865753, 0.0013970468, 0.019630373, -0.01771148, -0.022871356, 0.018991424, 0.013887989, 0.013728082, 0.011513952, -0.004990627, -0.028234556, 0.032176953, 0.012166062, 0.01447694, -0.009513705, -0.00054313015, 0.01059528, 0.025090776, 0.0022998073, 0.020947132, 0.018777065, -0.0025602074, 0.013830659, 0.027308183, -0.03361002, -0.006655125, -0.0026464236, 0.027680088, -0.009425739, 0.007688063, -0.0053410344, 0.021396253, 0.024120018, -0.021079652, 0.024049437, 0.01020692, 0.013147463, -0.023876175, -0.019068023, 0.0027304087, 0.02397353, -0.03239779, 0.0100685125, 0.021878436, -0.027710037, -0.015248417, 0.008041769, 0.016683605, -0.028404118, -0.0051356144, 0.0005997976, 0.011647689, 0.010394345, -0.016957466, 0.023942132, -0.0303291, -0.014401962, 0.008316514, 0.0130706895, -0.00040543516, 0.016588986, -0.036996216, -0.012280963, 0.018371727, -0.00020634921, -0.027719969, -0.0066567697, -0.013095801, -0.010290587, -0.027739923, 0.002197757, -0.031204503, -0.0051155025, -0.009422728, -0.009355546, 0.03574218, -0.008530037, -0.00867967, -0.004987357, 0.009295101, -0.00081936887, 0.0070248866, 0.009174545, -0.0023356308, 0.0015797005, 0.022568377, 0.0025567014, 0.018447617, -0.033781163, -0.015537672, 0.021035993, 0.010597889, 0.0029733109, -0.02176285, 0.00031747195, 0.004318534, -0.0037286996, 0.012167186, 0.007749857, 0.009754873, -0.011298641, 0.012199678, 0.012847039, 0.017975032, 0.0076592597, 0.006331658, -0.022293856, -0.031234402, -0.021880163, 0.0192201, -0.005198057, 0.0064285924, -0.019797562, 0.00860809, -0.0050914693, -0.004468014, 0.005636056, 0.025981102, 0.0025887385, 0.0019048826, -0.056806263, 0.021841828, 0.0184395, 0.0009886766, -0.014587726, -0.03719877, -0.005407779, 0.013160368, -0.055756964, 0.014883811, -0.004735094, -0.046578385, -0.016938679, 0.02184093, -0.0052700615, 0.027360452, 0.017809866, -0.010420681, -0.003079488, -0.021432659, 0.026129726, -0.008706638, -0.023337422, 0.010649377, -0.003095854, 0.017148515, 0.034471042, -0.01123675, -0.008799357, -0.001209082, -0.023045251, -0.029708121, -0.012188533, -0.027730118, 0.014722689, 0.031186322, 0.027812522, -0.024431076, -0.0132091055, -0.03397085, -0.011156383, -0.012457993, -0.0049657333, -0.0021957792, -0.0055882526, -0.019986652, -0.0014403699, -0.002034355, 0.0065063247, 0.004340672, -0.033089396, 0.018841583, 0.0049273833, -0.027946107, 0.01600153, -0.00039636818, -0.026887817, 0.0040886705, -0.0052826605, 0.015185363, -0.01567726, -0.0058680293, -0.0048013856, 0.007908125, -0.010679178, 0.01583527, 0.025212217, 0.00873719, -0.018717086, 0.00848614, 0.009997397, 0.033079572, -0.014574414, -0.0069435015, 0.015993826, 0.012796464, -0.043148015, 0.049362488, -0.00036459122, -0.047397614, 0.008320387, -0.04960067, -0.012028767, 0.0071352413, 0.006870113, 0.010311888, 0.012213753, 0.0147478655, -0.04448961, 0.009730659, 0.011096018, 0.014672396, 0.016931439, 0.010879228, -0.035419352, -0.0069649923, 0.02438309, -0.00016479948, -0.029814806, 0.008706499, -0.0015109697, 0.0018211835, 0.0021629648, -0.010022458, -0.0019864186, -0.009965633, 0.011827819, 0.024989367, -0.007894057, 0.007706847, 0.0058559678, 0.011197329, -0.032393124, 0.00402346, 0.00066392263, 0.004601976, 0.0005273733, 0.0040506306, 0.02013953, -0.014191495, -0.001510344, 0.005111086, 9.358183e-05, 0.026656713, -9.469255e-05, -0.012090018, -0.0432365, 0.009658233, -0.0027912492, 0.015932506, -0.0059907907, 0.0012246913, 0.016954402, 0.021817947, -0.009539354, 0.018599456, 0.01794332, 0.0080330325, -0.014695595, -0.0019208182, 0.012993085, -0.017299687, 0.011942145, -0.012759939, -0.013481493, -0.018837845, 0.022326924, -0.007305272, -0.029606786, 0.00439889, -0.007642724, 0.020997602, 0.010823439, 0.0147442, -0.0012787404, 0.022537496, -0.008871986, 0.0075228363, -0.014916788, -0.01886375, 0.002258766, -0.009157119, 0.015292253, -0.00102857, -0.010050318, 0.0031547134, -0.029724617, 0.0074735726, -0.01983203, -0.013166759, -0.029609077, -0.0051300647, 0.018452827, -0.011541827, -0.007633594, 0.004990376, 0.009936723, -0.0039580464, -0.0069252234, -0.0122408625, 0.0027443366, 0.004605618, -0.008204634, 0.00946752, -0.012652622, 0.001296005, 0.025965694, -0.0029172201, -0.004595573, -0.02498027, -0.012048992, -0.006157522, 0.021021975, -0.0021235878, 0.01245421, -0.011971019, 0.02194484, -0.01106254, -0.009940819, -0.009217194, -0.008567852, 0.0052813157, -0.024826389, -0.018987682, -0.009006056, 0.00931482, -0.011979677, 0.017511806, -0.024207504, -0.015227254, -0.03163976, 0.007940128, -0.008851618, -0.042165425, -0.008407289, -0.015333296, -0.007286325, 0.015204488, 0.018705644, 0.038536068, -0.00085526257, -0.011013744, 0.03284411, 0.016973417, -0.008680349, -0.015234504, 0.009186359, -0.028530229, 0.006601909, 0.007087281, 0.029566819, -0.021711322, -0.0022657088, 0.0054756, 0.016555162, 0.00018862926, 0.007879865, 0.008806468, -0.0135252, 0.009637698, -0.021348137, 0.014583731, -0.016402533, 0.04188967, 0.010436605, 0.010222715, 0.009401697, 0.04545908, -0.01838828, 0.021954183, -0.015258763, 0.009572657, -0.0012985292, -0.031105652, -0.011323549, 0.022643179, -0.003090509, 0.0062324856, -0.022870226, -0.018395262, -0.0059205866, 0.013703161, -0.01294013, 0.026195697, 0.0041880384, -0.0059018102, -0.021319527, 0.0024404973, 0.016000185, -0.005937679, 0.0135682225, 0.0173416, 3.6417314e-05, -0.004379803, -0.009308906, 0.0071986252, -0.010240455, -0.08394904, -0.025528852, -0.020942112, 0.006136297, -0.027217166, 0.0022175114, 0.013786465, -0.03180123, 0.018957991, 0.022266114, 0.02565674, -0.0014144229, 0.024507752, 0.021228706, 0.0017369391, 0.0030124704, -0.0054710126, 0.023810053, 0.020826168, -0.01651054, 0.005629829, 0.0015602927, -0.00711842, 0.014036313, -0.021249192, -0.035109855, 0.019318225, -0.030518388, -0.016931571, 0.0045614946, 0.0073615867, -0.041673392, 0.023852196, -0.008335238, -0.011551246, -0.0068001323, 0.001948882, -0.008808218, 0.016102318, 0.020880753, -0.011907139, -0.0014141942, 0.015612856, -0.02514759, -0.034368727, -0.0050325156, -0.011764452, 0.00074353744, 0.06394173, 0.01185682, -0.010396558, 0.0010063401, -0.037645347, 0.007915477, -0.027693493, -0.030097758, -0.0035194978, -0.0074523133, 0.029011572, 0.009212291, -0.019966038, -0.019473044, -0.02564589, -0.021660447, -0.0066343215, -0.024808753, -0.013205691, 0.0076543665, 0.024161426, -0.004562422, -0.026486246, 0.0033590242, 0.017823095, 0.021970036, -0.01250269, -0.011855357, 0.02426633, 0.016459035, 0.0031507718, 0.020270724, -0.021913782, 0.029543044, -0.09159149, -0.01212491, 0.010408683, -0.031404123, 0.003107628, 0.043936405, 0.0025899939, -0.017324021, -0.00082589895, -0.01791074, -0.016890677, 0.006157368, 0.002415735, -0.011090229, 0.0075391764, -0.022058137, 0.0009789759, -0.005347137, -0.03279166, -0.017379692, 0.0018734161, -0.00014630795, 0.012953234, 0.010199499, -0.00026961995, 0.01036768, 0.012050213, -0.006171873, 0.015230797, -0.030050118, 0.03121278, -0.16393265, 0.0115348, 0.022942232, 0.00921555, 0.013900656, 0.0067011393, 0.0067699933, -0.0007235081, -0.006586083, 0.0067774886, -0.022778174, -0.00019957613, -0.0012229139, 0.016510759, 0.01835148, 0.089513205, -0.010703078, 0.012665587, -0.01595854, -0.0073500387, 0.0067975237, -0.019557146, -0.007145484, -0.011365608, 0.010711829, -0.008460838, -0.0058443793, 0.003972863, -0.028393686, -0.0015460541, 0.014515807, -0.019845288, 0.022853361, 0.013695681, -0.002625127, -0.013598415, 0.028223047, -0.033416655, -0.010116369, -0.005266192, 0.0023865795, 0.04051459, 0.016319847, 0.006256114, 0.011887961, 0.0076955636, 0.004638009, 0.00083632773, -0.029617043, 0.002241446, -0.0032004993, -0.07896613, 0.010415021, 0.04378304, 0.022879291, 0.025873188, 0.018415725, -0.00010389933, -0.016324213, -0.0033087463, -0.01832919, 0.003502919, -0.003610705, -0.0055053895, -0.006157688, -0.02353831, 0.0034726837, -0.004488278, 0.008315826, 0.016947668, 0.016669992, 0.04889899, -0.006745096, -0.033652958, -0.0072016795, -0.007993977, -0.01617454, 0.01577778, -0.0055614663, 0.008777516, 0.015680043, 0.040308986, 0.02307957, -0.011283097, -0.005512953, 0.01948391, -0.0026398236, -0.01905358, -0.015996903, 0.0070002587, 0.003972913, 0.0015127149, 0.0040323636, 0.018987736, 0.02496002, -0.0015134199, 0.01922382, -0.008096116, -0.018438712, -0.015429421, 0.004956472, 0.00845504, 0.013433383, 0.029551167, -0.0062401663, -0.0004896744, 0.02371049, 0.009323566, -0.004299201, 0.005977165, -0.0014011387, -0.009627113, -0.0031610448, 0.0014035852, 0.012656786, 0.007841164, 0.0022103484, -0.00051623455, 0.00032827037, -0.016663596, 0.010633267, -0.00024433786, -0.0127561465, 0.005554622, 0.00087877637, -0.002472616, 3.687507e-05, 0.013065325, -0.006701951, -0.044499263, 0.011634579, 0.008940298, 0.0018402385, -0.010240278, 0.008955753, 0.011175755, -0.008198781, -0.0023604112, -0.008782915, -0.003976538, 0.011521584, -0.0066481787, -0.002386275, -0.0067399503, 0.014135503, 0.0076024863, 0.010794585, 0.007122995, -0.017304763, -0.009948092, 0.018330574, -0.017794926, 0.009368747, 0.0036245259, -0.013131572, -0.009137676, 0.007573234, 0.0022460448, -0.0048133526, -0.0015295271, -0.006996743, 0.006057562, -0.010373662, -0.008929831, 0.012868132, 0.007857863, 0.016343981, -0.02957163, -0.011160532, 0.010112288, -0.0073925327, -0.006475005, -0.020830436, -0.010214948, 0.0049668397, 0.010972206, -0.00015945335, -0.009592785, -0.00010189254, 0.015301308, -0.014060761, 0.02394209, 0.008698651, 0.014864216, -0.0062849135, 0.00972984, 0.0018068153, -0.0067784227, -0.00023853008, 0.013468251, -0.017643802, -0.01531406, 0.03304407, -0.0121853, 0.01644436, 0.015676662, 0.0006285372, 0.010003302, -0.0054594697, -0.0055513247, 0.005336129, 0.007357205, 0.00807583, 0.015541347, -0.0100836195, 0.0007513844, -0.008973616, -0.0004341791, 0.0012433708, 0.007031635, 0.008840566, -0.007620232, -0.00064100145, 0.015418485, -0.0136556905, -0.026767207, 0.0012694761, 0.0067270617, -0.000678491, -0.014300489, 0.007674052, -0.0052372203, 4.4349454e-05, 0.011630731, 0.0063543473, -0.0040799417, 0.0045120777, -0.009968825, -0.006033077, -0.0039506326, -0.010579342, -0.0016546639, 0.0076102014, 0.0048187366, 0.003113994, 0.010792471, 0.012245159, 0.0007955846, -0.003910876, -0.013926931, -0.0043112403, -0.01286836, -0.0032368903, 0.008827424, 0.010703013, -0.0040935953, -0.017582353, 0.025681278, -0.0019819706, 0.008144428, 0.0014787316, -0.0044041267, -0.0012857991, 0.009332512, -0.008012384, -0.019337967, -0.0151701765, 0.018667655, -0.007617237, -0.012916923, -0.0087183565, 0.0064795776, 0.0065144603, 0.001677339, 0.012652028, -0.008387265, 0.004696345, -0.009810553, 0.009083323, 0.003369351, -0.016260497, 0.019164277, -0.002251112, 0.0041701025, -0.009368841, 0.005773666, 0.0016916163, 0.021431332, 0.00761363, -0.008996591, -0.00048467432, 0.0034177098, -0.0105194785, -0.0056333435, 0.012182294, 0.0035890902, -0.0012429602, 0.0011552441, -0.003674833, -0.026766866, -0.018498521, 0.007435303, 0.013977066, 0.0040860204, 0.01640829, 0.0041460306, -0.0013532751, -0.010319306, -0.013798016, -0.012184727, 0.009325808, 0.0091627715, 0.0066938307, 0.0045233592, 0.0067939674, -0.007259299, -0.01113331, -0.009013507, 0.027905755, -0.004253124, 0.07695296, -0.005925072, 0.0036977543, 0.0043252367, -0.016494855, 0.0010123615, 0.012495119, -0.0051746825, -0.01729634, 0.005920829, 0.002406577, 0.016107354, 0.00022735258, 0.004320999, 0.01772552, 0.015667113, -0.018536791, 0.011237987, -0.02085872, -0.005611779, 0.007917138, -0.0068585174, -0.0024780303, -0.0027512829, 0.013002358, -0.0016305005, -0.0058621126, -0.01032105, -0.0040987786, 0.013993014, -0.009204841, -0.00027098172, 0.008209634, 0.009907691, -0.020347014, 0.019075518, -0.003052841, 0.0067812908, 0.022446439, 0.0072284993, -0.0027344117, -0.00514072, 0.005025574, 0.00045698832, 0.0018758927, -0.00976459, -0.02354279, 0.002452474, -0.000978713, 0.016558371, -0.008174884, 0.0034369994, 0.011951275, -0.000908686, -0.013164422, -0.0060799057, 0.012320173, -0.0060408013, 0.009939654, -0.0033129007, -0.0011934715, 0.015757699, 0.003199385, 0.00865699, -0.019472925, -0.0124941, 0.00915769, -0.02273167, 0.015881421, -0.018528262, -0.015281674, -0.022844505, 0.012040854, -0.0054024607, 0.026198931, 0.022890406, 0.00904294, 0.0017270172, -0.013395784, -0.010925542, 0.0190743, 0.006854963, -0.011299285, 0.00012879125, -0.0045439885, 0.005966201, -0.008885802, -0.003458868, 0.021618249, 0.0030461648, 0.016048053, -0.00012617005, 0.0074454756, -0.0021194257, -0.0014877579, 0.0052653393, 0.0392516, 0.0033136588, 0.0041573243, -0.0028968658, -0.0014069171, -0.0022834241, -0.0016174292, -0.009698263, 0.0081038, -0.023068365, -0.0008254605, -0.015803967, -0.0035906371, -0.01811432, -0.0075166025, 0.017296756, 0.0014419302, -0.0012071854, -0.002332834, 0.000840227, 0.020240411, -0.012839467, 0.0041696983, -0.010814371, 0.003515394, -0.0005650083, -0.0042499867, 0.017463448, -0.0010976453, 0.004036075, -0.0024939943, -0.008091421, -0.0058880257, 0.008270699, 0.0050059366, -0.012790211, -0.01523283, -0.0138154365, -0.008959651, -0.010310754, 0.014314947, -0.016353691, -0.0028047932, -0.0003825464, 0.010160714, -0.0077916468, -0.0031914806, -0.008928647, -0.0010178348, -0.012947921, 0.0064619607, 0.0035135462, -0.008518188, -0.018038595, 0.0024471309, -0.004563315, -0.0135741, 0.009475476, -0.0057702507, 0.0013597962, 0.0013207926, 0.026094034, 0.003554992, -0.019160312, -0.0077380952, -0.0011629375, 0.016033355, 0.0043856665, -0.00664074, -0.012278801, 0.007885806, 0.004557278, 0.0067920573, 0.0060148085, 0.003462035, -0.017941952, -0.0041062813, 3.2083697e-06, -0.006377353, -0.0028097907, -0.00992701, -0.020241847, -0.0013818688, 4.8860726e-05, -0.010354885, 0.0072191963, -0.009075675, -0.0049971393, -0.011948139, 0.010926139, -0.0038289335, 0.00054891274, 0.017565921, -0.016796086, -0.0055691386, -0.012972728, 0.00945894, -0.0013539334, 0.00722955, 0.0072560688, 0.014264304, 0.007069188, -0.008824432, 0.021496437, -0.004961837, -0.003772089, 0.009094023, 0.00016806214, -0.00742727, -0.009959335, -0.007827631, 0.011504746, -0.005683804, 0.0041320017, 0.000780378, -0.014949449, 0.0114633385, 0.011893701, -0.021959087, 0.0066155153, 0.017004315, 0.020212974, 0.018945083, -0.0008130596, 0.0039397976, 0.0035529372, -0.031196618, 0.009294074, -0.010829904, -0.025501426, 0.009931392, 0.001966518, 0.009245052, 0.005978195, -0.008198871, 0.0029277713, -0.008919167, -0.005141627, -0.0052663665, -0.0028584946, 0.004540655, -0.011263689, -0.0025065911, -0.0021188285, 0.0004660885, 0.0016225609, 0.00080032944, -0.020483684, 0.0030866028, -0.005608055, -0.009707037, -0.005516563, -0.0021153332, -0.008481927, 0.011982391, -0.009833089, -0.0018286712, 0.003022525, 0.0033594891, 0.010908706, 0.010100867, -0.0443397, -0.0033326223, -0.008531811, 0.012867439, 0.010273645, -0.013891238, 0.00081744336, 0.008726217, 0.009918449, -0.0104910275, 0.004596064, 0.013400772, -0.0007604666, -0.0075124167, 0.008465552, -0.018004093, -0.003040902, -0.0010610073, -0.00073546346, -0.0062151155, -0.014875044, -0.017133038, -0.0020461846, 0.022980582, 0.009834695, -0.0008614338, 0.0071790977, 0.0025817892, -0.009485464, -0.002185934, -0.0027285337, -0.012436587, 0.0038294815, 0.014064105, 0.001092433, 0.010462125, -0.004995763, 0.0009374588, 0.014777331, 0.0033878707, 0.0065262136, -0.01185728, 0.006018862, 0.014837023, 0.0013560591, 0.00045408632, 0.0048244433, -0.00066882477, 0.00042096523, -0.008684727, 0.031244282, 0.009793333, -0.002397496, 0.010912254, -0.015934695, -0.02466542, -0.0010357163, 0.016051529, 0.019639175, 0.013608059, 0.008393053, 0.0044622314, -0.00882484, -0.011367814, -0.018480416, 0.0047501433, 0.003590006, -0.00839809, 0.0031315114, -0.008801084, 0.008104964, 0.011494589, -0.00757128, -0.025863541, 0.0015169396, -0.009333108, 0.010246921, 0.004062838, -0.0031260138, 0.02086671, -0.009350571, -0.01669407, -0.0050662737, -0.0070471168, -0.006611529, 0.0028685199, -0.01644793, -0.009906627, -0.025737032, -0.0034175133, 0.004302602, 0.004270343, -0.014834828, -0.019980438, -0.008577022, 0.012674126, 0.0032192536, 0.00717731, 0.014425889, 0.009974195, -0.0064376025, 0.014358371, 0.021435268, 0.020324154, -0.018558329, 0.0016329084, 0.003067932, -0.014251959, 0.0009956231, -0.0132678, 0.0034116858, -0.00020060265, 0.0023012212, -0.014844494, 0.00038524056, 0.005798195, -0.025946423, -0.007518833, 0.0011924612, 0.005575482, 0.008708806, 0.032213584, 0.017479245, 0.0005365419, 0.008107285, -0.0025881305, 0.0029674585, -0.0024645631, 0.019433573, 0.0054374184, 0.0016017279, 0.0013470202, 0.021572273, 0.0064679626, -0.01750735, -0.0049157613, 0.004430862, 0.000661086, -0.002922197, -0.010097349, -0.0015522287, -0.010084649, 0.012426133, 0.009130144, 0.009796715, 0.00090546015, -0.004910539, -0.015643155, -0.0029539305, -0.007770381, 0.006374278, -0.0026617956, 0.023272531, 0.01997852, -0.027770497, -0.015639683, 0.004567378, 0.012936866, 0.0019832235, -0.00035711977, 0.021425448, 0.004772359, 0.009399786, -0.0073990077, 0.008238135, 0.001364163, -0.0004972548, -0.005063127, -0.004002225, -0.0071458244, -0.0020898331, 0.009585699, 0.011479255, 0.023613274, 0.0021147535, -0.0015794699, -0.010380303, 0.00423375, 0.007708884, 0.0063231816, 0.0064312355, -0.0134908445, -0.0037513643, -0.015442183, 0.01052273, -0.014484057, 0.025143372, 0.011684615, -0.00029963814, -0.0017919088, 0.009080569, -0.0067169154, 0.004682187, 0.004219289, 0.00925657, -0.004923429, -0.009358258, 0.009296835, 0.0031935212, -0.0068259058, -0.012316526, 0.027831022, -0.007270408, 0.0055681034, -0.010997742, -0.079800166, 0.0012316125, 0.00090820785, -0.00069659634, 0.015349924, 0.0048293564, -0.0051201764, -0.020075424, -0.005689477, -0.0035070095, -0.0025346777, -0.00599812, 0.0046546333, -0.0016253901, -0.005353538, -0.004406968, -0.013690944, 0.002605884, 0.012073649, -0.007444051, -0.008686756, 0.001438479, -0.00217219, -0.003499979, -0.0017295001, -0.008637344, 0.020043962, -8.535135e-06, 0.0064317086, -0.0018248721, 0.0027453862, 0.015099025, 0.021803437, 0.009578452, 0.020452796, 0.013487797, 0.0094161695, 0.020601138, -0.14102514, 0.028520206, 0.008650235, 0.0010832069, 0.0019431254, -0.013915278, 0.0097315535, 0.017154071, 0.012923561, -0.012288345, 0.0093740905, -0.0031945396, -0.00017332665, -0.012956754, -0.00044622069, 0.0054587526, -0.023419607, 0.0060403463, -0.032628022, 0.0020304127, 0.00061142014, 0.012467994, 0.00826036, 0.024241274, -0.0075417836, 0.0024235176, -0.0046744286, 0.0001837319, 0.008463094, 0.0035313105, -0.006364748, 0.005658012, 0.0024416246, 0.0077167107, 0.015866153, -0.00035365793, -0.00514741, -0.00045128635, 0.0006117631, -0.0059958296, -0.0029956258, -0.0083312085, 0.022755556, -0.0016805228, -0.008113769, 0.016847482, 0.0060871053, -0.018803917, -0.004048359, 0.018001227, -0.00078231003, -0.0016581721, -0.009499956, -0.010827135, 0.01901733, -0.00982343, 0.0034042438, 0.006989374, 0.001350346, -0.003527947, -0.008255075, -0.0241541, 0.009058527, -0.010101005, -0.015588221, 0.0065979036, -0.0233496, 0.019353935, -0.0060149194, 0.017416708, -0.0026760998, 0.015740167, -0.0063288733, -0.011088546, -0.0062971534, 0.02529332, 0.010336693, -0.012387373, 0.0038981277, -0.010815019, 0.012059192, -0.028178575, -0.009837493, 0.011194076, -0.007485972, 0.024336278, 0.00775291, 0.0025394084, -0.025080742, -0.055210456, -0.008509729, 0.0012289183, 0.00561438, 0.008095252, -0.006673482, -0.00031603652, -0.023102967, -0.015264307, -0.008216946, 0.010543175, 0.010297696, 0.024792362, 0.0065404032, 0.016085058, 0.00195482, 0.0031600243, -0.013567558, -0.02846288, 0.020046586, 0.00805035, 0.0152159715, -0.006601726, -0.00045714117, -0.0006274144, -0.0055856872, -0.0061756475, -0.010827884, -0.0062064687, 0.013531297, -0.0008023404, -0.0034918066, -0.001735163, 0.005480103, 0.010742241, 0.007301184, 0.020776084, 0.009415831, -0.00570288, -0.021242678, 0.012718364, 0.0019166793, 0.013224774, 0.0030291118, -0.0076632677, 1.544888e-05, -0.022128506, 0.01245016, -0.033335775, 0.007290679, 0.004353627, 0.008379414, 0.026290158, -0.007832165, -0.022720678, 0.019349614, 0.013932421, 0.01113101, -0.016585197, 0.020175088, -0.0053919996, -0.0067404355, 0.00854773, -0.0065141567, -0.0108736195, 0.008166066, -0.00683472, -0.0075414977, -0.017129485, -0.013633932, 0.02677092, 0.0020725494, 0.014145475, 0.01257806, 0.008037693, 0.019202024, 0.0077771465, -0.0048817005, -0.031776514, -0.004198959, 0.004716809, -0.005461329, -0.0037102075, 0.008081411, 0.02598633, -0.018708916, -0.020287296, 0.013573263, 0.0365954, 0.017217908, -0.0149348425, -0.017620666, -0.016144102, 0.013787083, -0.011861741, 0.0151496595, -0.0079085855, -0.009916965, 0.016499028, -0.00033243766, 0.022988796, -0.025941208, -0.012241354, -0.019960312, 0.014353733, -0.016555436, -0.010483274, -0.012738943, 0.015796421, -0.0024952216, 0.00712051, 0.024977203, -0.0048534055, 0.021357177, -0.15902376, -0.008679457, 0.019726941, 0.0058310013, 0.0121047385, -0.0045377575, -0.0062756785, 0.020100703, 0.020571927, -0.021347566, 0.017849276, -0.0062489747, 0.0026472432, -0.017132426, 0.0058295284, -0.0054401127, 0.013331568, 0.0014803376, -0.01307385, -0.002221563, -0.016052654, -0.0018953913, -0.004120868, 0.03244662, 0.004438443, -0.017735142, -0.007812833, -0.019179344, -0.009874685, -0.0007087897, -0.0068851295, 0.0020159236, -0.012300346, 0.008885514, -0.00013209817, -0.008219971, -0.016761433, -0.0078964075, 0.006023862, -0.012906586, -0.021333639, 0.010477626, 0.0010542676, 0.0019307532, -0.008562073, 0.010163731, -0.023924422, -0.013024693, -0.00067505025, -0.004568342, 0.008296643, 0.00056217634, -2.446529e-05, -0.02062831, 0.023231272, -0.0102315135, 0.007906681, -0.0005488821, 0.010345673, 0.026873415, -0.012509039, -0.003543195, 0.0060453406, -0.0142611265, 0.0054124044, -0.0011774668, -0.01941016, 0.14376497, -0.03056215, 0.02056154, -0.01355806, 1.3863975e-05, 0.0210495, 0.007699303, 0.0017724691, 0.0066839275, -0.024855621, 0.010678671, 0.016211716, -0.0026822228, 0.024327861, -0.005346088, 0.0016236317, -0.0008057469, 0.008434649, -0.018201249, 0.013692962, -0.0078456905, -0.019378575, -0.016965406, -0.024891501, -0.00015723484, -0.0066848346, 0.00956245, 0.020814808, 0.010347009, -0.0011011956, 0.0056166262, -0.013226644, 0.0036387166, -0.009585769, -0.009315888, -0.008734451, -0.013486127, -0.02524249, -0.022194866, -0.013781333, 0.01702591, -0.004704029, -0.01124807, -0.010337254, -0.022471024, 0.005105451, -0.0065126144, -0.012546061, 0.023868822, 0.009715861, -0.009544331, -0.0027194256, -0.03152665, -0.004827326, -0.011910067, -0.0023551325, -0.008530852, 0.009873763, 0.0032903748, 0.0012812288, 0.01601288, 0.015200325, -0.026305728, 0.030167038, 0.0030086657, -0.0010893404, -0.0061137336, 0.0079655545, 0.008584568, -0.098554134, 0.014246796, -0.026046216, -0.011728669, 0.0040590623, 0.013206139, -0.003589735, -0.0062620183, 0.013810916, -0.013579354, 0.01882399, -0.01188494, -0.009483612, 0.03381944, 0.007080695, -0.0076344456, -0.005291581, 0.007909602, 0.015217803, 0.009097612, 0.0050762664, 0.0062995832, 0.0078455135, 0.002036442, 0.019299088, 0.017915456, -0.011752153, -0.0104575, -0.011688166, 0.0052167866, -0.012638205, 0.0052056764, -0.0004803702, 0.015513357, -0.0038144342, 0.0018854564, -0.020622833, 0.028496623, -0.0069357846, -0.01219187, 0.006337978, -0.018287115, 0.011779891, -0.013299044, 0.005854497, 0.008622073, 0.0025918707, -0.005647777, -0.014437089, -0.0015768241, 0.004837753, -0.023906559, -0.004804241, -0.0007779899, -0.019016575, 0.0098946, 0.007646496, 0.006538724, 0.008821394, -0.004732195, 0.019820128, 0.022362052, 0.02616702, 0.012994989, -0.003313269, 0.017006861, 0.010185782, -0.002580964, 0.010138903, 0.027026845, -0.019222569, -0.02380311, 0.029335346, -0.012392186, 0.0020715322, -0.012355976, 0.0074378727, 0.010467827, -0.007994488, 0.016545992, -0.014467992, 0.0067601977, 0.0107018845, 0.018648561, 0.03789087, -0.004331601, -0.009028893, 0.0046613403, 0.0021945902, -0.0016481832, 0.0027220724, -0.015454522, 0.006323854, -0.004989916, 0.018973539, 0.00029287007, -0.02128035, 0.013173202, 0.008079712, 0.0028912793, -0.025195314, -0.0013445165, -0.0069636595, 0.0023904797, -0.01010801, 0.016676342, -0.010725011, -0.0010155314, 0.017097425, -0.016515648, -0.019587345, -0.021805432, -0.015379325, -0.013695017, 0.0034031293, 0.020419504, 0.01549159, 0.010030385, 0.009134707, -0.019291904, -0.031380367, -0.003710668, 0.00687653, -0.0110853305, -0.01251013, 0.0070125572, 0.006344046, -0.011304826, -0.005877432, -0.006737073, 0.031057108, 0.005597721, -0.010214338, -0.008763728, 0.012056202, -0.017576868, -0.0044233557, 0.019241905, 0.0114761675, -0.0026506044, 0.011483587, 0.00095540535, 0.011317411, 0.025755882, -0.010042498, -0.0016832467, 0.0025658237, -0.039066758, 0.024451442, -0.01953545, 0.011537154, 0.0006841556, -0.01400061, 0.0062300293, 0.011999579, -0.0150093585, 0.004427544, -0.011909479, -1.7884984e-06, -0.005581095, 0.0070782085, 0.012314303, -0.008248109, -0.008966604, -0.0134167615, 0.001539636, 0.022168383, -0.0070932372, -0.014616948, -0.024752757, -0.005021214, -0.0038441145, 0.007471137, -0.011283778, -0.0098092705, -0.007391643, 0.008237313, 0.030324562, 0.000279456, -0.050256472, -0.005964185, 0.012084743, 0.0088380845, 0.009113089, -0.018014198, 0.0062665525, 0.012232119, 0.0132555785, -0.0056962594, 0.014461842, -0.0038933733, -0.02537652, 0.00036286667, 0.024406802, 0.005322787, 0.009091546, -0.017851595, 0.010594113, -0.006655993, 0.022959337, -0.013413287, 0.012381948, 0.013972476, -0.010072837, 0.0019668876, 0.007423913, 0.0042054537, -0.006486707, -0.0015022792, -0.020751674, -0.004356547, -0.024834843, -0.011100738, -0.02201971, 0.008780157, -0.011121439, -0.004966903, -0.0045933854, -0.05601944, 0.013665699, 0.012311076, -0.044536743, 0.01847891, 0.0040753298, 0.021146633, -0.008321006, 0.005440241, 0.0016272442, -0.012470283, 0.002891143, -0.005237423, 0.028235646, -0.0023680488, 0.015689602, 0.005904739, 0.009420385, 0.00016122697, -0.0017856964, 0.0027572832, 0.01439627, -0.0067986166, -0.0020941582, -0.024680771, -0.001822446, 0.0019085775, -0.00086659635, 0.0038537604, 0.01167257, 0.03978292, 0.016538514, -0.0146581875, -0.0064547034, -0.009187207, 0.0009760554, -0.009082042, 0.0034742046, -0.007570861, -0.033413894, -0.0064780954, 0.005851816, 0.0061212583, -0.0155783575, 0.060784202, 0.0020335475, -0.025405917, 0.004974101, -0.07887843, 9.0002584e-05, 0.0019595246, -0.0037368683, -0.006727731, 0.024244716, -0.0016838167, 0.022330504, -0.002991326, -0.004202862, -0.009809896, 0.010239266, 0.0066347993, 0.00089088036, -0.0030362983, 0.0008889356, -0.026536513, 0.0025271322, -0.009968594, -0.005051195, 0.030590996, 0.006776853, 0.007906655, 0.023096835, 0.008658616, -0.027767746, 0.0011940311, 0.0017838826, 0.0012089198, 0.0051626638, 0.008904294, -0.011692101, -0.0033492306, 0.001978958, 0.007016858, 0.0022338505, -0.020664383, 0.0032542248, 0.028229913, 0.0021848, 0.017386086, 0.013405065, -0.0033071314, 0.0010733443, 0.014650827, -0.007669891, -0.008922379, 0.0026017523, -0.001224045, -0.004503455, 0.005164066, -0.016010553, -0.011055962, -0.024028782, -0.010734252, -0.008718186, -0.00043458195, -0.015322471, 0.010565958, 0.007045248, 0.014921315, -0.00075481896, 0.0072281356, 0.016392296, -0.029589131, -0.009849933, -0.02012418, -0.012760674, -0.02891295, 0.0077400594, -0.0020184305, -0.0061875363, 0.01269055, 0.0075500887, -0.00092923973, -0.0044057686, 0.0139922155, 0.017326541, -0.022038236, -0.027978387, 0.02373531, 0.0038816012, -0.027488982, -0.014674271, -0.011605265, -0.005876054, -0.020361561, 0.013638801, 0.0074650077, 0.023643348, 0.007731707, -0.010141849, -0.0010656795, 0.001611554, 0.014108137, -0.014690872, 0.006692221, 0.0015760158, 0.010369531, -0.007941181, 0.00033373546, -0.015928686, -0.018790958, 0.003700684, 0.0029759023, 0.0027620264, -0.00092488504, 0.0032296337, -0.012423597, -0.0050456068, 0.0071604, 0.012559121, 0.014446058, -0.013218091, -0.03369919, -0.015309094, -0.014131772, -0.00792054, 0.0035017228, -0.0061326185, -0.006943448, -0.006021257, -0.031824965, -0.01841504, 0.013410925, -0.007827572, -0.002608516, -0.0015526068, 0.00685841, -0.005546987, -0.009953896, 0.019778453, 0.012313132, 0.0061233235, 0.012059449, 0.012688174, -0.0116874315, 0.0061569577, 0.012904111, 0.001559126, 0.017566238, -0.024558783, 0.004527708, 0.006828069, 0.011495126, -0.012627084, 0.015454629, 0.0010860715, -0.013635385, -0.022173082, 0.0017526672, 0.0023367023, 0.023175731, -0.020794297, 0.00790342, 0.008529147, 0.0017966767, -0.0064506903, 0.002854179, 0.032798577, 0.02167116, -0.004408474, 0.009075603, -0.014449302, -0.025605433, 0.01089001, 0.0024454389, 0.0012432969, 0.004505887, -0.010950878, 0.0076930863, -0.009406299, -0.008983378, -0.023604738, 0.0009456768, -0.030982813, 0.0065049846, 0.009562397, 0.010821004, -0.02416374, 0.01789335, -0.0046289656, -0.010744236, 0.029775634, 0.015431148, -0.03820564, -0.0019423348, -0.0061157877, 0.003957646, 0.022356926, -0.0111487275, -0.022648972, 0.013052594, 0.01133895, -0.014370008, 0.013245904, -0.012129087, 0.013598101, -0.02340301, 0.019616997, 0.011401248, -0.020003578, -0.0033263622, -0.018504707, 0.0048366324, -0.014607914, 0.00543918, 0.0028680845, -0.031548176, -0.0014616316, 0.007250309, -0.0011058243, 0.0067121917, 0.0012772133, -0.021089775, -0.0056384983, 0.013194286, 0.023679804, 0.021036128, 0.011937998, 0.017100029, 0.009949822, 0.020732807, 0.0032667564, -0.01554455, -0.0016622636, -0.0018470451, 0.00096521236, 0.0029315224, 0.015705308, 0.01351952, -0.018372701, -0.0070687225, 0.00315967, -0.009904542, 0.002786787, -0.03615966, 0.0046703382, -0.0037007476, -0.012848536, 0.020417243, 0.001268608, 0.006840356, -0.005090231, -0.012949919, -0.019493498, -0.031961713, 0.0074163293, 0.011705923, -0.0022562435, 0.00044994324, -0.0072920118, 0.003841568, -0.009800825, 0.03720547, 0.005640723, -0.0020671566, 0.0066119498, -0.012972664, -0.008761078, -0.02720931, -0.0052095433, -0.008798518, 0.016105872, -0.030571714, -0.011428236, 0.0020053731, -0.00051697565, 0.012132779, -0.012760803, 0.011036242, -0.03885071, -0.01836215, -0.05012456, -0.009661738, 0.0035645023, -0.02475248, -0.0059136376, 0.0009008817, 0.013864924, 0.006679816, -0.00034761094, -0.0033607802, 0.01763164, -0.00604806, 0.0007164608, 0.015538077, 0.006047714, -0.006704714, -0.018717265, 0.006979961, -0.014434763, 0.0018989339, 0.0024221016, -0.040742237, -0.012347324, -8.1990135e-07, -0.0077083353, 0.010914092, -0.019796148, 0.0010537931, -0.011307934, -0.023967456, 0.010910304, -0.000935635, 0.010104177, 0.026067518, -0.016481554, -0.004841762, 0.023814255, -0.0092150215, -0.030197863, -0.011229571, -0.00031009078, -0.009328625, -0.01731882, -0.0051750615, -0.011910825, -0.015553769, -0.003948724, -0.003438454, 0.0115651945, 0.008591903, -0.0029571978, 0.008863731, 0.0021018467, 0.015474965, 0.012732172, 0.022082008, 0.019166324, -0.0006708669, 0.0072926674, -0.000945215, 0.016724713, 0.006295879, 0.013314965, 0.005553998, 0.021709187, -0.006629797, -0.010685059, 0.019023199, -0.006407269, 0.021648796, -0.0032142892, -0.0013696526, -0.009011468, 0.0064867972, -0.023488695, 0.004079582, 0.008923358, -0.025128134, -0.00558556, 0.015846774, 0.017331272, -0.0080986405, -0.0017756368, 0.0052627022, -0.019907363, -0.0057290336, -0.024848917, -0.011866649, -0.0035934856, -0.027795559, -0.0037944084, -0.0130131785, -0.011289705, 0.012238862, -0.0238317, -0.0009899377, 0.018855188, -0.005063472, -0.012532506, 0.0050768494, 0.009590855, -0.002544193, 0.0029353378, 0.013479579, 0.02342676, 0.0051486334, -0.013805282, -0.0052155675, 0.00828908, 0.0009908607, -0.0019786074, -0.0095417425, 0.012187625, 0.021071441, 0.015426248, 0.0036911943, -0.018317873, -0.0021670982, 0.009784149, 0.0049301144, 0.0112903, -0.019444395, 0.035050835, -0.013428713, -0.017195625, 0.0073058777, 0.0016593548, 0.0121023245, -0.0027104334, -0.016068947, -0.0008718133, 0.025722021, -0.007611774, 0.024656732, 0.0028044118, -0.010277873, -0.015096422, -0.015025903, 0.0004127299, 0.022593476, 0.0025864954, -0.013300021, 0.029912446, -0.022329567, -0.028372344, 0.0049536102, 0.0035091906, -0.016831525, 0.0004999237, 0.019559221, -0.001330436, -0.012206478, 0.006560043, -0.0035475073, -0.007206549, 0.0047803083, -0.0061555994, -0.004037293, 0.0053893426, 0.0027538552, -0.008535371, -0.0017125166, 0.010569018, -0.00044692957, 0.005212573, -0.0032651701, 0.010213462, 0.0045009777, -0.0029398585, -0.0079228105, -0.0049021346, 0.009946738, 0.004579293, -0.007786663, -0.0067538, 0.0021611988, -0.0021593021, 0.011019377, -0.024334876, -0.03405809, 0.0077139917, -0.018420944, -0.019154256, 0.0062689795, 0.0048440914, -0.0020889146, 0.015299662, -0.0053422605, 0.02124694, -0.0036735195, -0.0058489265, -0.019769799, -0.03672827, 0.007501409, -0.0038869116, -0.010553593, -0.0033247175, -0.041683756, -0.0120851975, -0.032158073, 0.00037622647, -0.03158189, 0.00071035477, 0.0053342734, 0.019120475, 0.029932614, -0.005515896, 0.017284453, 0.004432568, 0.011370121, 0.012590416, 0.0105904965, -0.0069534513, -0.015069718, -0.008811147, 0.017259324, -0.027503725, -0.014148313, 0.017658934, -0.009785204, -0.003255041, 0.018345198, -0.00793458, 0.0078422045, 0.024056364, 0.022178406, -0.010835113, 7.616818e-05, 0.017920356, -0.01212538, -0.02113397, 0.012582016, -0.031803656, 0.010257495, 0.027983773, 0.008161803, -0.033811443, -0.015236262, 0.013737874, 0.02608957, -0.011359924, 0.007648514, -0.016040446, 0.005741664, 0.021532098, -0.0027831595, 0.012321913, -0.020672364, -0.004185277, -0.0012073591, -0.0011603329, 0.0126641765, 0.0014826424, 0.0025576444, 0.038895164, 0.02458576, -0.008229715, 0.01862511, -0.0006640782, -0.015792469, 0.005202398, -0.009009521, -0.020188823, -0.020381631, -0.021461006, 0.0006421788, -0.01853097, -0.010559065, 0.006567451, -0.01233862, 0.0074924883, 0.0526247, 0.0066526732, -0.016371852, -0.002038063, -0.011612782, 0.015675677, -0.018787595, 0.01941259, -0.01467491, -0.009141109, 0.0012563939, -0.00047206122, -0.005129426, 0.015759038, 0.0012824953, 0.0021673648, 0.0055293883, -0.0059396904, -0.012862365, -0.0068760044, 0.007811297, 0.0018966043, -0.02007615, 0.004208822, 0.005349909, -0.0028515428, 0.0040570456, 0.022676758, 0.0015551599, -0.021524085, 0.006974364, -0.000659039, 0.0039416193, -0.02453383, -0.022303702, 0.0046148566, -1.9876989e-05, -0.017198524, -0.010784467, 0.011972804, -0.011444092, 0.0072612474, -0.0057307114, -0.01076151, -0.018983712, -0.009973706, 0.014279045, -3.0159124e-05, -0.009837367, 0.0062332074, 0.011336225, 0.002933567, 0.0049293814, 0.01053414, -0.0029876416, -0.009784553, 0.013015052, -0.009871105, 0.015856165, -0.04076968, -0.023517385, -0.0038835853, -0.0057821074, 0.015962731, 0.015911447, -0.010001037, -0.0023180896, 0.05004577, 0.007854529, -0.009697876, 0.013435116, -0.006718204, 0.0019234003, 0.010181326, 0.009742546, -0.03137604, 0.0033439077, 0.0061849845, -0.009395602, 0.0027854564, -0.013885576, -0.014712333, 0.0075749, -0.022161314, -0.0109818885, -0.02339731, 0.036026515, -0.010228952, 0.024021387, 0.0029645585, 0.015662605, 0.009670371, 0.0065830145, 0.007636844, 0.023910504, -0.003185413, 0.03022886, -0.02217443, -0.007384526, -0.000102794394, 0.005549508, -0.009523569, 0.0077767745, 0.023556428, 0.02533794, 0.008809914, 0.006759893, 0.0035842685, -0.015005725, -0.015917141, 0.01525715, 0.008451497, -0.015593211, 0.0025231352, 0.02477044, 0.005509649, -0.00070342835, -0.018397449, -0.016741328, -0.015563752, -0.011411228, 0.0030002338, 0.011003681, -0.0016891147, 0.0015237543, 0.0041449605, 0.010167532, 0.013553085, 0.01334427, 0.008299977, 0.0014595155, 0.01233081, 0.0072984956, -0.008109604, 0.0058569517, 0.027686315, -0.015529107, 0.016863443, -0.006145618, 0.0026747263, 0.0008972411, 0.0063593867, 0.17523412, 0.12733512, 0.023243425, 0.008606722, 0.0089200875, -0.0032306877, 0.011770939, 0.017099455, -0.010977016, 5.8049256e-05, -0.024804046, 0.00033433439, 0.001258519, -0.007144338, 0.0020514003, 0.0055231866, 0.005682396, -0.013860298, 0.01398385, -0.009220363, -0.016055452, 0.0062771197, -0.010449998, 0.007871768, -0.035531625, -0.0005407456, -0.008364108, 0.004466762, 0.017280843, -0.011993809, -0.022478718, 0.007413636, -0.0007136555, 0.004790689, 0.0021378978, 0.0012393843, -0.017816145, 0.0074313777, 0.010811708, -0.042151175, 0.0018544974, -0.0063788733, 0.025771081, 3.3708977e-05, 0.014852175, 0.014255182, 0.02649004, 0.009375024, 0.0008686898, 0.0047090286, -0.0018062507, -0.026332885, 0.011884289, 0.0044461754, -0.0064392732, -0.0056153773, 0.025721798, -0.0050164363, 0.017775873, 0.007873086, 0.012721582, -0.0033082417, -0.007906021, 0.016538579, -0.007485493, 0.010685755, 0.023071125, -0.0002004536, 0.0039322004, -0.01422752, -0.0213776, 0.021035068, 0.015255591, 0.0039661867, 0.008117751, 0.0067793718, 0.02081085, 0.010668641, 0.013714727, 0.019200874, 0.022387294, 0.011025317, -0.0052996688, 0.0075093335, 0.023186656, -0.022285756, -0.0064597107, 0.011231774, 0.113323286, 0.0077114324, -0.007995682, 0.0069182077, 0.024763845, -0.008471972, -0.019236801, 0.033443786, 0.03704271, 0.0048327087, 0.006406589, 0.014806244, -0.00012399841, -0.004907879, 0.005471975, 0.0010158813, -0.00022107805, 0.033105165, 0.0073696054, -0.012539285, -0.009124812, 0.010909178, 0.0063627115, 0.009752123, -0.0066656116, -0.0149243055, -0.012408534, -0.004693811, -0.01655355, 0.0010797641, -0.09706549, -0.03700148, 0.013705417, 0.016799074, -0.0043807887, -0.0013164061, 0.008012741, -0.010368687, -0.011953921, 0.010337717, 0.008701841, 0.007939899, 0.01670176, -0.0060433485, -0.008090173, 0.010396382, 0.008919879, 0.008782977, 0.005042453, -0.024151837, 0.016609944, 0.014586658, -0.011353023, 0.005520485, -0.005485177, -0.0007415892, -0.0003223611, -0.010012879, 0.0112408595, 0.021211907, 0.0075403275, 0.008140186, -0.014927915, -0.002292563, -0.00984814, -0.015396849, -0.0014930567, 0.026757697, 0.0027977396, -0.011414403, -0.0063095354, -0.04233426, 0.0017341747, -0.009832276, 0.025649292, 0.026793819, -0.009959224, 0.0013826684, -0.012447613, 0.0022748043, 0.0063056825, -0.013291923, 0.024032084, -0.006739338, 0.019358585, 0.025453249, 0.012817492, -0.009048089, -0.01487751, -0.00033659837, -0.004317763, 0.024954474, 0.0054129874, -0.0060136477, -0.006560376, 0.007178667, 0.023610964, 0.008894879, -0.0149389375, -0.0042399606, -0.02101053, 0.019349001, 0.006439225, -0.0031087585, -0.0033853056, 0.011549031, -0.011307725, -0.016311605, 0.014055275, 0.006628746, 0.01508595, 0.02401594, 0.023776665, 0.124712095, 0.0043679676, 0.02679783, 0.0022979113, -0.016229376, -0.017876677, -0.01766374, -0.01291175, -0.01993153, -0.01638092, -0.022805613, 0.0072478354, 0.016933475, -0.020995121, -0.005487397, -0.014248387, -0.008925903, -0.0024207023, -0.008502705, -0.016010934, 0.001216421, -0.010668254, 0.011957213, -0.0058915433, 0.01986539, 0.009681549, -0.008369361, 0.015676765, -0.026914755, -0.00215505, 0.028847152, -0.013855111, 0.0012081654, 0.008537939, 0.004156013, -0.0047281897, 0.0016437421, 0.009546697, 0.012229329, -0.013035848, 0.02250494, 0.011422294, -0.022333534, -0.005159985, -0.034108028, 0.207061, -0.003185946, 0.01174506, 0.013292786, 0.0035512068, -0.009697128, 0.0058890986, 0.015044434, 0.00030832077, 0.02623551, 0.009262961, 0.0013003352, 0.0018810137, -0.0040887413, -0.0154532185, -0.00054324983, -0.01715074, 0.031287096, 0.0040239273, -0.0062005557, -0.0044614924, 0.0017996111, -0.011786014, -0.005110847, 0.003240166, -0.0031429136, 0.010159987, 0.018286148, -0.029899815, -0.0010411198, 0.0012160069, -0.031053223, -0.0032712128, 0.009528402, -0.00812193, 0.027945673, 0.01060866, -0.011139012, 0.0011148911, 0.007709053, -0.0062015774, 0.005079562, -0.010104151, -0.019485265, -0.008286784, -0.025440758, 0.0029642666, -0.001587598, -0.0052482844, -0.024211377, -0.0012311282, 0.014210346, -0.016958406, 0.00015640577, -0.016294198, 0.018084783, -0.014552587, 0.004838261, 0.017659532, -0.014752291, -0.0012250626, 0.022068828, 0.013929869, -0.0029133996, 0.012522706, -0.0028302504, -0.021988057]"
Cafe Gran Premio: Una cafeteria antigua que era isla creativa y refugio de Cristina Pacheco,https://oem.com.mx/aderezo/img/25326577/1749638655/BASE_LANDSCAPE/1200/image.webp,no especificado,"Ubicada en la colonia San Rafael de la Cdmx, este lugar ha visto pasar la historia con cafe recien hecho",https://oem.com.mx/aderezo/donde-comer/cafe-gran-premio-una-cafeteria-antigua-que-era-isla-creativa-y-refugio-de-cristina-pacheco-25358748,"[0.0049607684, -0.018811308, 0.026325298, -0.07163982, -0.004735542, 0.01615198, -0.018446257, 0.014479926, 0.0009367435, 0.017993057, -0.010167362, 0.001823771, 0.0023302678, -0.012154372, 0.13498478, 0.007967112, 0.018453699, -0.0074225473, 0.020480791, 0.004784547, 0.00503797, -0.020435194, 0.030625826, -0.01683093, 0.015209122, 0.01161069, 0.0005543665, 0.028111652, 0.0013698795, 0.024762949, 0.012971505, 0.0022288137, 0.002032217, 0.0034209592, -0.0010569963, 0.02027232, -0.03848681, -0.027481116, 0.004058601, 0.010450703, -0.025685359, 0.0032354216, -0.0043657036, -0.020721361, 0.016586354, -0.029350549, 0.013712536, -0.019006288, 0.0045100907, 0.052601565, 0.008857836, -0.005095868, 0.0360648, -0.17596462, -0.010951381, 0.0026052112, 0.006462572, 0.0028195854, -0.009405104, -0.029914228, -0.012055117, 0.0076729828, -0.025696866, 0.014039575, 0.007861907, 0.02827325, 0.0030667163, -0.025938582, -0.008248402, -0.011151574, 0.0137973735, -0.009386246, -0.021201229, 0.022112576, 0.0021268313, -0.004348948, -0.0046030255, 0.016050847, 0.024963409, 0.008670719, 0.019323798, 0.026701871, -3.2063348e-05, -0.03782923, 0.017144457, 0.0040735197, -0.0030091675, -0.022205526, -0.0053944276, 0.026710847, -0.009268749, 0.029493878, 0.021833438, -0.011023316, 0.026418399, 0.0142143145, -0.0071608652, -0.0020829493, -0.01993601, 0.010445674, -0.028073026, -0.030861238, 0.015020497, -0.01000056, 0.024110027, -0.014852715, 0.01658255, 0.005543526, -0.02643495, 0.02151511, -0.031165086, -0.0072347443, -0.0056349346, -0.010721257, 0.008853259, -0.13804093, 0.0099369595, 0.0023608308, -0.01822524, -0.013647894, 0.004241384, 0.011147396, 0.01968304, 0.013970329, 0.00041641266, 0.0018981255, 0.0021662838, 0.015778909, -0.023509972, -0.004181844, -0.01547512, -0.0029540518, 0.0134556405, -0.0034704776, -0.013919518, 0.031433057, 0.02278823, -0.012505594, -0.013844213, -0.009715572, -0.02835045, 0.012814084, -0.016908033, -0.0067390683, 0.024000512, -0.016541213, -0.0066298754, 0.020466324, -0.010798935, 0.0029236402, 0.021411661, 0.009846723, -0.0038517816, -7.804254e-05, -0.006700915, -0.010244323, 0.0044788443, 0.0065183816, 0.015208681, -0.0023536808, 0.020674597, 0.031958852, 0.010645915, 0.007466094, 0.0010279873, 0.0109132985, 0.008414687, 0.010071902, -0.0030211287, -0.00897059, -0.0037391467, 0.00030924997, -0.031914968, -0.02087588, -0.0026654615, 0.008324944, 0.0109238215, -0.014068842, -0.018927764, 0.004317928, 0.0069282968, 0.01578032, 0.018030606, 0.0065870453, 0.018672045, -0.024806682, -0.018887047, 0.011322266, 0.020164752, 0.028115395, -0.018651277, -0.017107004, 0.005599516, 0.008538373, 0.00759836, 0.007608255, 0.014096271, -0.012643446, 0.010701351, 0.008024977, 0.031581044, -0.03159117, -0.014685188, 0.021583047, -0.01605794, -0.011447232, -0.04023426, -0.029454822, 0.015314499, -0.0041577034, 0.015565547, 0.013481391, 0.020033015, -0.025098661, -0.005663815, -0.00062435603, -0.000840969, -0.0017567795, 0.0040763183, 0.020803511, 0.013584268, -0.01384401, -0.0061879167, 0.029739382, -0.035979696, 0.0012309026, 0.006566026, -0.0018194414, -0.013266108, -0.014776587, 0.0060684923, -0.00059686974, -0.027818348, 0.0026411526, -0.005462108, -0.008872566, -0.013055937, -0.015041952, 0.008201216, 0.009881182, -0.01026295, -0.012210969, -0.014743919, -0.00061065285, -0.030150251, 0.00674066, -0.02169627, 0.0071169185, -0.024900582, 0.041177332, -0.014494675, -0.0066363467, 0.029572424, 0.015162431, -0.025919873, -0.027358357, 0.020554176, 0.009107637, -0.038541466, -0.0067079756, 0.008566387, 0.0015117351, 0.013657355, 0.008325465, -0.0023610955, 0.019881329, 0.0034705412, 0.0024212727, -0.04217549, 0.0134700285, 0.01753457, 0.016628198, -0.008021479, -0.004302045, -0.006747211, -0.011856321, -0.073850684, 0.028064726, 0.00023624854, 0.0025377395, -0.0006470082, 0.0041197757, 0.020612113, 0.00397727, -0.0047152555, -0.012585987, -0.007894948, -0.0071469937, 0.002999588, 0.026099572, -0.018811246, 0.01771204, 0.0030194323, 0.016368903, 0.022730574, -0.019163873, 0.0031979869, -0.0143783735, -0.008623032, 0.00011317398, 0.0003130522, 0.00097334466, -0.0008460518, 0.042383444, 0.020871785, -0.025167136, 0.0022191573, -0.02995404, -0.016979823, -0.0041395305, -0.0045443885, -0.0016853835, -0.016906936, -0.038937233, 0.011567299, -0.00041717885, 0.035705585, 0.0014904648, -0.009938869, 0.023435546, -0.0042228075, -0.015329421, 0.024781946, 0.00030515765, 0.005172607, -0.002108401, 0.0017935551, 0.0072177984, 0.021718835, -0.0018501972, -0.0050494927, 0.020054381, -0.020133907, 0.056270607, -0.006995768, 0.0011926562, -0.01669363, -0.0154241985, 0.0046280953, -0.009103005, 0.001243937, -0.015554381, -0.013631403, -0.0036216993, -0.029880404, 0.03949769, -0.0048404653, 0.008760492, -0.0044716494, -0.05191877, 0.01913332, 0.009918741, 0.025802393, 0.02859739, 0.009308045, 0.029395256, 0.017407654, -0.008658783, 0.0033283366, -0.031668514, 0.035370138, 0.013742622, -0.002977216, 0.0072762473, 0.021156747, -0.0038277437, 0.015343551, -0.007196432, 0.025358949, 0.0027528494, -0.005752032, 0.0016861933, -0.026869567, 0.021526814, -0.0017856994, 0.006180715, -0.0048048943, -0.034688257, 0.005533207, 0.0031907277, -0.021956174, -0.037911337, 0.020603973, 0.024038821, -0.0028534539, -0.011910023, -0.020848729, -0.0029221526, 0.019203652, 0.02700202, 0.009519836, -0.01602236, 0.0055534453, -0.00036960904, -0.024786327, -0.0019346481, -0.013077707, 0.00058020285, 0.015590803, 0.007598652, -0.0031320178, 0.013339053, 0.009604863, -0.017281625, 0.011455426, -0.001729059, -0.01761601, -0.019327695, -0.0012566509, -0.026190372, 0.009802145, 0.020723118, 0.013891456, -0.020943165, 0.033694055, 0.0012626698, -0.02371096, -0.028964778, -0.011040472, 0.039300244, -0.009851117, 0.0074760714, -0.016757427, 0.011385323, 0.008231332, -0.011101311, 0.003035123, -0.029816734, 0.02386034, -0.012974759, -0.0057524387, -0.034579694, -0.012764909, 0.009247427, -0.031739566, -0.0024564078, -0.034071546, -0.011167772, 0.0045478404, -0.008181903, -0.029790578, 0.0068728672, -0.012217949, 0.011911289, 0.013962825, 0.013039341, -0.024081651, 0.0092788385, -0.020406162, 0.002374462, -0.008990836, -0.007670443, -0.015129995, -0.013453782, -0.010117667, 0.012512116, 0.028139472, -0.014103562, 0.016855264, -0.008377864, 0.01187636, 3.1481024e-05, 0.038214244, 0.0029404834, -0.029817097, 0.01830329, 0.0027498098, -0.019827316, -0.022927437, -0.0073974477, -0.041629102, -0.008274012, -0.010477954, 0.02319994, -0.026104718, 0.021453742, 0.0028057192, -0.01886912, -0.0030808346, -0.00286263, 0.016871514, -0.0042160787, -0.016609157, 0.0003279889, -0.0035856059, -0.0028218802, -0.00677209, -0.0014725983, -0.0100445505, 0.0014209092, 0.0075703645, 0.008471035, -0.03281358, -0.012335232, 0.023851793, -0.021586504, 0.006093856, 0.0032371366, -0.0067542554, -0.017963657, 0.021449462, 0.010835219, -0.0037887953, -0.004358823, -0.009296055, 0.0031690986, 0.014958162, 0.021574534, 0.033895332, -0.041887637, -0.019560816, -0.012925448, 0.003783417, -0.010701079, -0.00022564075, 0.026639218, -0.0037229722, -0.010575679, -0.003759548, 0.012589295, -0.017916061, 0.013882051, 0.0061300076, 0.025951747, -0.034877274, 0.008419961, 0.018827312, -0.015817745, 0.017627275, 0.008220726, 0.0015372981, 0.013217331, -0.00449158, -0.0021170524, -0.010176836, -0.0022629874, 0.01329449, 0.015344518, -0.022365524, 0.0047434075, 0.008287736, -0.004693929, -0.034583602, 0.00757279, 1.3865531e-05, -0.066174135, -0.002831819, -0.0021988528, -0.036966626, -0.008599516, 0.0041551054, 0.0045080176, 0.00366895, 0.019151716, -0.005017486, -0.04214536, 0.00019382234, -0.004890881, -0.01849861, 0.006527409, -0.024262372, 0.011272681, 0.0067856223, 0.0027983475, -0.01590278, 0.013565051, 0.0056491084, 0.006338507, -0.011784946, -0.013305089, 0.0045589865, 0.016942905, -0.02566947, 0.0120691415, 0.01240557, -0.0053515215, 0.02074821, -0.021054292, 0.006041799, 0.0015825046, 0.0014397587, -0.013831228, -0.012071741, -0.011392289, -0.0012642539, 0.013661612, 0.0043485407, 0.021570088, -0.03637303, -0.014821519, 0.044774115, -0.011873573, -0.0044505615, 0.034723427, -0.035117168, -0.012474074, 0.009864865, -0.0040752487, 0.007197232, -0.0025957157, -0.0027466859, 0.013164612, 0.0054392433, -0.015812173, -0.012937873, -0.03248974, 0.01615592, -0.014897513, 0.01868953, 0.0039631054, -0.030955061, 0.013144686, 0.03609003, 0.003732556, -0.008969524, -0.02454399, -0.006129581, -0.013555938, 0.008698429, 0.012945418, 6.255028e-05, -0.011162462, 0.0263216, -0.0024034088, 0.008291733, -0.033736758, 0.041812, -0.105065346, -0.022987228, 0.013666916, -0.06405456, -0.012521166, 0.01615377, -0.0018959714, -0.029668102, -0.012438361, 0.0073371883, -0.018476447, 0.008499703, -0.0009158087, 0.0076313377, -0.008487031, -0.0155254295, 0.0027676758, -0.046626315, -0.0018879651, -0.0040434394, 0.00011563886, -0.006072902, 0.011326362, 0.009896921, -0.030663477, -0.0043684784, 0.023153441, 0.009353915, 0.024948739, -0.008693278, -0.020852812, -0.13798797, 0.0006910286, 0.02347515, -0.0018574919, 0.0051643937, 0.02446961, -0.00059867895, 0.0042845765, -0.027810492, 0.014076134, 0.017514836, -0.011985022, -0.0118182525, -0.022192879, -0.0027529101, 0.1130743, -0.017497081, 0.010019075, 0.008129181, 0.021711366, 0.0030063856, -0.029304072, -0.00032475116, 0.0052527357, 0.0011218727, 0.005256816, -0.017424623, -0.017564658, -0.009426981, -0.007227627, 0.0046557826, 0.007363571, -0.04365542, 0.029504368, 0.026984518, -0.0092830695, 0.010597721, 0.016921362, -0.011853434, -0.013059459, 0.009727454, 0.03341792, -0.005506849, 0.0018714702, 0.020614555, -0.0072821975, -0.012276402, 0.013985159, -0.027853081, 0.004116397, -0.018701408, -0.0508933, 0.025813721, 0.011072393, 0.023389712, 0.0010438584, 0.00214023, -0.0062075006, 0.0009422174, -0.0039356537, -0.014339793, -0.012170114, -0.0029140722, 0.01065426, -0.025084015, -0.011930592, 0.018169569, 0.020246875, 0.0073203896, -0.004464344, 0.0066040885, 0.008029609, -0.04510058, -0.026369862, 0.022275643, 0.0104842195, 0.00854334, -0.005734445, 0.0147992, 0.0026535252, -0.00203961, -0.016749436, 0.0147102, 0.014822279, 0.016713094, 0.008258281, 0.01215032, 0.016864602, -0.029222332, -0.022174334, -0.020028599, -0.009701006, -0.0043005804, 0.008839731, 0.02813132, 0.0064541083, 0.008734842, 0.013565582, -0.0011675884, -0.031002535, 0.007071722, -0.006409103, 0.021784585, -0.019475162, 0.015879361, -0.008678274, -0.024086807, 0.015240822, 0.004813703, -0.0018918179, -0.0025894034, -0.0026432974, -0.023056794, 0.009499017, -0.025972107, 0.019398315, 0.004508576, -0.008946429, -0.004234033, -0.017209848, 0.010147212, 0.011887439, -0.0033092294, 0.012143333, -0.0037628862, -0.0036714312, -0.01571077, 0.0006447602, -0.00835125, -0.043819796, 0.0096732685, -0.0040068533, 0.0058828657, -0.0042579114, -0.004956676, 0.004326218, -0.004048982, -0.009056543, 0.012204847, -0.0145168165, 0.011845146, -0.0050827186, 0.011156335, -0.0023496435, 0.00973029, -0.017869757, 0.013183289, 0.016955081, -0.015514346, -0.0085367365, 0.00588647, -0.0044053704, 0.014052299, 0.005275201, -0.0034541874, -0.007960659, -0.008134366, 0.015478373, -0.0110004535, -0.017533153, 0.0039286325, -0.009487642, 0.019585826, 0.009906486, 0.0065232827, -0.0065610725, 0.019041374, -0.014717649, 0.013305118, 0.01920792, -0.013036909, 0.0061950576, -0.019627308, 0.0023705915, -0.0059348303, -0.020026058, -0.0025902651, -0.00087528076, -0.0048041847, -0.017594397, -0.01570834, -0.0014631609, -0.008700102, 0.020938007, 0.023323802, 0.007587105, -0.020603644, -0.01339896, 0.014531432, 0.015596862, -0.020225374, -0.005228807, 0.0083545055, -0.0037848908, 0.0029850951, -0.0054399157, -0.014088219, 0.016813934, -0.003641479, -0.0009108416, 0.0036068314, -0.01164478, -0.015275358, -0.006836455, 0.0026252565, 0.001512449, -0.015795033, 0.015859125, -0.0051932367, -0.0067017754, 0.0018815055, -0.0036858167, 0.0052392413, -0.0047014975, -0.02115323, -0.012870733, -0.00046759407, -0.014773953, 0.006288178, 0.008732256, -0.016950278, 0.0021606756, 0.0243709, -0.011247537, 0.009281756, -0.0035128663, -0.009558568, 0.003397213, -0.009122905, 9.5778996e-05, -0.011631687, 0.011676568, 0.0015073033, -0.0007403872, -0.00689664, 0.0018102673, 0.00873937, 0.0031931833, 0.0014544493, 0.0009332231, 0.025473425, -0.01959355, -0.009838106, 0.006668104, 0.013092501, -0.001400788, 0.0068051466, -0.012678972, -0.004401019, 0.014649147, -0.0044082347, 0.0030596324, 0.0026685519, 0.030295057, 0.0015703209, 0.012679927, -0.0026573741, 0.02278901, 5.5591114e-05, 0.00449198, -0.013770271, -0.010921779, 0.0046848534, -0.010818413, -0.009245682, -0.0029365637, -0.010806366, -0.024845855, 0.0007120232, 0.0062886802, -0.009125319, 0.021657575, -0.013355167, 0.015448882, -0.0016644057, -0.008518332, 0.00037493865, 0.012411593, -0.00048536496, -0.0022669586, -0.0127942255, 0.00664424, -0.016257966, 0.0041510244, 0.006025496, 0.004574624, 0.0010312395, 0.0040309243, -0.0059605404, -0.021470217, 0.0065824166, -0.020625614, 0.012229283, 0.008110241, 0.01876312, 0.008169647, 0.019400457, -0.00460003, -0.0044875005, 0.0065520736, -0.0032154804, 0.00336612, -0.0054740314, -0.020718561, 0.0086461, -0.002267293, -7.643544e-05, -0.009884586, 0.0077952193, 0.004954299, 0.090804175, -0.009544453, 0.007155605, 0.0070573566, -0.00933209, -0.00042646631, 0.014300604, -0.007934988, -0.006078903, 0.0011578391, -0.0068735504, 0.015797783, -0.0045813, 0.0021120266, -0.01285537, 0.010776474, -0.006999234, -0.0065280977, 0.0028691862, -0.0034288578, 0.0032639634, 0.008108922, 0.0034150262, -0.005577239, -0.010861047, -0.014622208, 0.0097575355, -0.009844064, -0.007164435, -0.023424208, -0.0075204563, 0.017472913, -0.003014733, 0.022862436, 0.0038676928, 0.0037313432, -0.0005797502, 0.016293451, -0.00011437716, 0.017835975, -0.029539391, -0.011813211, 0.008082797, -0.0064559374, 0.016006479, -0.010445378, -0.0047415863, 0.0054790964, 0.023172617, 0.023147678, 0.009057093, 0.002058837, -0.0013488829, 0.0036811626, -0.010766529, -0.0010454819, -0.0052350815, 0.0011374581, -0.008092309, 0.00022150122, 0.0020983727, 0.009266177, -0.0059035737, 0.021225633, -0.012091573, -0.0098115625, -0.0012787059, -0.02810965, -0.0023570745, -0.0049291947, -0.0066963998, -0.0064582652, 0.0051404526, -0.02889361, 0.009780064, -0.0012738504, 0.0017541226, -0.014364641, -0.013629792, 0.010254702, 0.009973494, -0.010450086, -0.008667528, 0.019291662, -0.004974357, -0.011328433, -0.002720248, 0.0025098617, -0.0043071527, -0.0047986354, -0.0025729141, -0.011326641, 0.0020051133, 0.0011703463, -0.0058750194, 0.0068724016, 0.06527568, -0.005629905, -0.021969503, -0.011676063, -0.022791423, 0.0028996859, -0.0037478495, 0.006839298, -0.0015317888, 0.0073517323, 0.007428114, -0.018651128, -0.0036938426, -0.0015297617, 0.007286194, 0.009255505, 0.007852594, 0.010367905, 0.02790052, -0.011035397, -0.003237617, -0.002991843, -0.008092958, -0.007310159, -2.93362e-05, 0.0009941004, -0.0052577932, -0.0017756629, -0.0016479194, -0.012168286, -0.017780114, 0.00257301, -0.0020798482, 0.02013534, 0.0145972045, -0.0017864297, 0.003983891, -0.010072002, -0.010959149, 0.012277281, 0.017125253, 0.007912936, 0.024868727, -0.013856064, -0.0030628932, 0.0022549203, -0.014447642, 0.021768562, -0.0014106764, 0.00897837, 0.0014262311, 0.0068576643, -0.011334866, 0.004231884, -0.0020669785, -0.018853607, 0.0020065766, -0.0068513127, 0.009909301, 0.002757969, 0.0012761477, 0.0026963074, -0.0043440806, 0.0023675405, -0.000101109654, -0.009829222, 0.0067991377, 0.0037480872, 0.0028046845, 0.005066564, 0.013150617, 0.007812703, -0.017023254, 0.0067870882, 0.014432113, -0.0107450085, 0.01254388, -0.0024095287, 0.00089984405, 0.011929061, 0.0114752455, -0.011301154, -0.003492544, 0.007182607, -0.0054950137, 0.0043817675, -0.015312173, -0.013894059, -0.0014332419, 0.0067180926, -0.014916099, -0.01639442, 0.036157086, -0.0131770475, 0.009688692, -0.010008834, 0.00055665296, 0.011619671, -0.012664108, 0.0010414242, -0.00044580933, -0.00553466, 0.018214945, 0.010678616, -0.008209127, -0.0037440239, 0.011805027, -0.014741895, 0.0053799306, -0.016072785, -0.016975036, 0.004988996, 0.010216562, 0.0028359056, -0.0110302605, -0.004063941, 0.010911547, -0.00079262105, -0.010691447, -0.004392943, 0.016274536, -0.00075550505, 0.0043474766, -0.01742463, 0.0038694611, 0.0024914641, -0.010381046, 0.0019239794, 0.011683081, -0.008728467, 0.0034737866, -0.0066677094, 0.00470534, -0.0012264614, -0.007217912, -0.0069424654, -0.015698442, 0.0036022048, -0.0075176274, 0.017451845, 0.007832961, -0.013526048, 0.006879439, 0.0076371003, -0.020686828, 0.017279958, -0.009832502, -0.008997355, 0.008474197, -0.023251211, -0.004462918, 0.011471662, -0.010523843, -0.006777532, 0.005571282, -0.0022010545, -0.015373829, -0.010651009, 0.013681532, -0.0005374814, -0.0056745815, -0.047170196, -0.0039989944, 0.0002890812, 0.007748327, 0.01632469, 0.0037004964, 0.0064783827, -0.0043682777, 0.0017883823, -0.0027038823, 0.019529369, 0.02919685, -0.0008280453, -0.013370431, -0.012832704, 0.0048769447, -0.009217551, -0.0047526504, -0.006378958, -0.0038987896, -0.0015602852, -0.0011340812, 0.00092691317, 0.023975383, -0.011211165, 0.017534018, 0.019751508, 0.007567873, 0.00046120703, 0.0035776542, -0.02147955, -0.0011061206, -0.01169804, 0.0023782277, -6.7707355e-05, 0.012416993, -0.019434195, 0.0008320034, -0.00095973123, 0.012601425, 0.03239452, 0.006532205, 0.019239524, 0.01847206, 0.015274148, 0.00038613894, 0.007792665, -2.9815315e-05, -0.012865503, -0.00028849664, 0.00428144, -0.0033683332, -0.018894251, 0.004345515, -0.009041459, 0.0034203425, 0.011761769, -0.002743794, -0.0011354771, -0.005455881, -0.0029347923, -0.016695375, -0.014843685, 0.00547178, -0.0070222844, 0.008446585, 0.012749206, 0.00456213, -0.005365739, -0.0006320792, -0.00018811159, 0.025155172, 0.012953719, -0.00650968, 0.018316388, 0.0025649415, 0.005112796, 0.01701902, 0.002431519, 0.012449116, 0.0040506176, 0.0019131143, 0.001232711, -0.015312096, -0.0013769742, 0.005491381, 0.0018093149, -0.007679378, -0.00225254, 0.0017651008, -0.016257597, -0.0031820121, -0.01883386, -0.014801254, -0.013836853, -0.00476044, -0.0029813808, 0.0008684662, 0.008409406, 0.0048839217, -0.001732638, -0.007490269, 0.0063880323, 0.0062596262, -0.0012514453, 0.0033940081, -0.001860232, -0.0060110046, -0.0037013232, -0.015150687, -0.0061505623, 0.012973244, 0.00048824892, 0.002565002, -0.018344024, 0.013970536, -0.0040164334, -0.009904123, -0.0060020126, -0.011582717, -0.00862643, -0.0071426462, 0.005506204, 0.004881389, 0.0014175635, 0.016321972, -0.003081614, -0.002745727, 0.012754353, 0.010200674, -0.008932913, -0.0005477286, 0.020839259, -0.003280886, -0.022572856, 0.009099086, 0.0094741965, 0.0051146424, 0.0069722165, -0.014754933, -0.0021395364, -0.006124308, -0.010626467, -0.0085936915, 0.0005640405, -0.0089400625, 0.0065618674, 0.010344361, 0.013601594, -0.005602792, 0.0014234853, -0.035450574, -0.0028245028, -0.00052947603, -0.0005564645, 0.0014556427, 0.001457879, -0.010963401, 0.010155398, 0.012826624, 0.0065433946, 0.0049626185, -0.010059538, -0.0062072906, -0.009639235, 0.009559051, 0.020154815, -0.00059956656, 0.0031383415, 0.0043536047, 0.010515351, 0.021558687, 0.007869908, 0.021761289, 0.022769451, 0.0010979468, -0.0022599213, 0.0017226642, 0.022323314, 0.011614454, 0.0077620647, 0.0017298323, 0.012150095, 0.003642218, -0.017112833, -0.0074922666, 0.02147059, -0.003858293, -0.012754599, -0.008091943, 0.004615436, 0.013218923, -0.0060805543, 0.0021489346, 0.009415967, -0.0018852027, 0.0072732633, 0.02046556, 0.022060338, 0.005118544, 0.0029528225, 0.0016673163, -0.0020450694, 0.003700533, -0.008174496, -0.07494008, 0.0072075855, 0.0036809917, -0.001107792, -0.001874709, 0.007525944, 0.017731877, -0.0011928729, -0.006619779, 0.0044111535, 0.0069727595, -0.016910916, -0.01176627, 0.00042626527, -0.0041228835, 0.0072874534, -0.004665955, -0.027896654, -0.014082969, 0.005078299, 0.0053081918, 0.011899859, -0.0059643444, -0.00659994, -0.009776543, -0.010042958, 0.0050530354, -0.022759, 0.013874556, 0.010535009, 0.006398141, -0.010385908, -0.004820683, 0.005000817, 0.007254361, 0.0012998786, -0.0021274567, 0.022228533, -0.14321065, 0.014416504, 0.001863213, -0.016506676, -0.0035693764, 0.015333895, 0.01639907, -0.0030189778, -0.009833981, 0.0040802425, -0.0016958772, 0.009069851, -0.004876116, 0.008908627, 0.005958055, -0.002128909, -0.0138831325, 0.0061207297, -0.022950469, 0.020826025, -0.0038722162, 0.017589798, -0.0046619913, 0.0032794478, -0.0016123963, 0.0042104064, 0.0017521166, 0.01986065, -0.0081164995, -0.0132288905, -0.00016670358, -0.008923407, 0.0022762993, 0.0031444645, 0.008252504, -0.0062231203, 0.006937353, -0.01162144, -0.0073921867, -0.01038188, 0.008409092, 0.014572887, 0.01457553, -0.01755253, -0.010459705, -0.004486713, 0.006039253, 0.0055626608, -0.0030637418, -0.008096949, 0.0076127704, -0.011519532, -0.006096013, -0.004866956, 0.0025751712, 0.0126754595, 0.017380508, 0.007654105, 0.0015257319, 0.014251027, 0.009908154, 0.00010976067, -0.0068968097, -0.016247118, 0.0068147057, -0.0023893663, -0.0022163284, 0.012520263, 0.008526312, 0.031146253, -0.0051403944, 0.039307907, -0.0049843476, -0.0027150833, -0.0024605321, 0.015032126, -0.0044807126, 0.0017479775, -0.007560188, -0.011858375, 0.008414096, 0.0016181776, -0.008680563, 0.012711476, 0.012477808, -0.013157931, 0.0032523784, 0.019678315, -0.006994158, -0.06098616, -0.018006615, -0.00882166, 0.006829147, 0.01618084, 0.015974576, 0.010603439, 0.0048481952, 0.01671283, -0.008938628, -0.0009843803, -0.013116251, -0.00848395, 0.00067533617, 0.019635845, 0.0057409443, -0.010837239, 0.015396, -0.0016901026, 0.013221731, -0.022976909, 0.016230369, 0.00316015, -0.018632673, 0.0008745971, -0.024694368, -0.004834188, 0.00893308, 0.006889289, -0.004352563, -0.008178455, -0.008290168, -0.023826431, -0.007659229, -0.0042795367, -0.0013139705, -0.0095677525, 0.0031835209, 0.0036463966, -0.012215378, -0.004404907, -0.019086579, -0.01680126, 0.0071992273, -0.007316143, -0.0051326468, -0.017957686, 0.0063989903, 0.010265947, 0.0024603559, -0.016616505, -0.0010267319, 0.012123553, 0.0059281886, 0.0063085216, 0.0022918633, 0.0017363846, -0.0012511417, 0.009660369, 0.0057852785, 0.015496833, 0.0041377856, -0.014086628, 0.0032854571, -0.0068547414, -0.012789345, -0.022284213, 0.006094845, 0.005484338, 0.0010873225, 0.012527953, 0.0038325111, 0.01776068, 0.025516571, -0.0021368838, 0.010116326, -0.017940668, -0.007653428, -0.0018536252, 0.008310321, 0.009346288, 0.032438833, -0.010004697, 0.003335737, -0.004270336, -0.0065073976, -0.005610214, -0.006912519, 0.018861005, 0.012093897, -0.008591253, -0.0063015814, -0.0031738703, -0.0026641146, -0.0061629945, 0.012880119, -0.012514085, 0.025260504, 0.000502202, 0.012923832, 0.011147753, 0.0002182393, -0.039372757, 0.0017499806, -0.00078408135, -0.0014695347, 0.017809749, -0.036762018, 0.011122015, -0.0015844064, 0.011864148, 0.012238993, 0.013427871, 0.0065651117, -0.16589393, -0.0046756635, -0.0011732125, -0.022262886, 0.008390307, 0.012897978, 0.0030837283, -0.01769144, -0.0076698083, -0.018639944, 0.030454068, 0.0079588825, 0.012727794, -0.021780524, -0.016304772, 0.0021516879, 0.0016800988, 0.010907607, -0.014389001, 0.0032389357, -0.015536584, -0.0033513315, -0.014063897, -0.005998644, -0.016702855, -0.014624353, -0.0016438321, -0.002072694, -0.0018703727, 0.014142609, 0.0002481002, 0.019075807, -0.014101227, -0.00016661937, 0.009833802, -0.013228758, -0.009323709, 0.026249466, -0.010158956, 0.010730059, -0.009196827, 0.01267569, -0.01573658, 0.012902773, -0.0020457462, 0.0022732401, -0.027947854, -0.020583129, -0.017618693, -0.006103998, -0.011099166, 0.010064586, -0.031953692, -0.0039233565, 0.028023846, -0.0042420942, 0.014070594, -0.0038989347, 0.015437965, -0.00028921687, 0.0045668106, -0.006925545, -0.02312561, 0.023747997, -0.0067659896, -0.0007860549, -0.014329529, 0.1330107, -0.02749953, 0.040294718, -0.02042195, 0.020931294, 0.02862227, 0.027771462, -0.008613952, 0.012827195, -0.0031421615, 0.016134173, -0.0014005968, 0.016513677, 0.0051217177, -0.018011827, -0.026629489, -0.009957537, 0.012266255, -0.009203551, -0.0013446053, -0.009884753, -0.012471706, -0.028283332, -0.030943409, -0.000119744036, 0.0015898076, 0.0074477536, -0.002122344, 0.011536146, -0.025027126, 0.0020950001, 0.0149928415, -0.007974178, -0.02079924, 0.008599585, -0.001848953, 0.0042513907, -0.0137208095, -0.010638934, 0.007693654, -0.0066652745, 0.025009714, -0.018551392, -0.022241598, -0.026968649, 0.014024377, -0.02685609, -0.020149106, -0.0043296735, 0.004160304, -0.020378914, -0.0102017475, -0.011195166, 0.0018644545, 0.0059674615, -0.0067816675, 0.01109458, -0.016979223, -0.004163718, -0.013824594, -0.018849654, -0.007857638, -0.013600848, 0.0010191603, -3.2301166e-05, 0.008156179, -0.0019303303, -0.011840348, -0.0164327, -0.10211465, 0.005856406, -0.020222524, 0.0036663874, 0.0051271594, 0.014067518, 0.008738525, -0.010841444, 0.006387625, -0.0022636324, -0.0107277315, -0.00040531068, -0.025054248, 0.008312238, 0.018909976, 0.018874891, -0.007902678, 0.0077751363, 0.017229429, -0.026071882, 0.027615039, 0.00017926567, 0.0013016219, 0.0053941766, 0.018186262, 0.024609558, -0.021084974, 0.012439795, 0.0006864913, 0.010017954, -0.012471364, 0.01481983, 0.0015111923, -0.0032908157, -0.031415742, 0.009173446, -0.0027637258, 0.011200469, -0.0129238935, -0.011760804, 0.01830158, -0.0010909331, -0.007741869, -0.019778047, 0.005318201, -0.033659883, 0.022907706, 0.012622851, -0.006404311, -0.021141592, 0.008413099, 0.013175559, 0.019406987, 0.0015590678, -0.005566935, 0.024372991, 0.00067908264, -0.010159756, -0.0063284305, 0.0042651524, -0.0037474358, 0.019127754, 0.003921719, -0.001684896, -0.010407495, 0.00091379986, 0.01639527, 0.034205906, 0.019037617, 0.010376882, -0.01635302, -0.009751128, -0.0020441215, 0.00539403, -0.022951378, -0.0116333915, -0.016594961, 0.008171506, -0.01801994, 0.006659015, 0.011618176, 0.0011921986, 0.013041432, -0.012926455, 0.02303717, -0.008384318, 0.004949639, 0.012311334, -0.0027157525, -0.0035879181, 0.014304785, 0.011228717, 0.0053891884, -0.0014556206, -0.007861333, 0.006761636, -0.011398529, -0.000104722865, 0.0056292373, 0.0007335251, 0.011228405, 0.00079183496, -0.0015687557, 0.0015674847, 0.010862224, -0.015373106, -0.0052490733, -0.00069094833, 0.026684137, -0.017576016, -0.030018022, -0.0010671021, -0.030256461, 0.009501301, -0.0028206457, -0.01145195, 0.008340443, 0.021745268, -0.002395127, 0.0072202706, -0.0010703806, 0.014561268, 0.023948072, -0.004199278, 0.032468818, -0.01969523, 0.014852853, -0.024752561, 0.009206708, -0.0012589896, 0.018810103, -0.006962943, -0.012165403, 0.005704767, 0.0077073476, -0.00213923, 0.011775477, 0.034095258, -0.00087948405, 0.0015484183, -0.03757669, 0.010696325, 0.0003941402, 0.015257702, -0.0014870605, -0.021024156, -0.007903792, 0.0141782295, 0.018268453, -0.010716662, -0.004609469, 0.00030530785, -0.016451592, 0.006263088, -0.0030445268, -3.328384e-06, 0.007533664, 0.01533826, -0.002382515, 0.0027871593, -0.0050207516, 0.0049913526, -0.0070750667, -0.010869858, 0.003482742, 0.001031459, 0.00056921435, -0.009921677, -0.032490913, -0.018415509, 0.0050749215, 0.009816235, 0.015821707, 0.014520627, -0.012124156, -0.012474383, 0.002423029, -0.004644627, -0.0093706045, -0.048612144, -0.0072817607, 0.0075934627, 0.00019577592, -0.0061852657, -0.0099239005, -0.004187197, -0.0005821043, 0.0025236958, 0.0014328393, 0.016049236, -0.010876782, -0.009332238, 0.0012961393, 0.0062716287, 0.03095684, -0.0056503015, -0.021680484, -0.0037492672, -0.024450358, -2.4320432e-05, 0.0026279064, 0.025385417, -0.00828946, -0.011123935, -0.011334244, 0.0025890921, -0.005304843, 0.007976818, -0.0025034847, -0.02283352, -0.0010367938, -0.0001222232, 0.027076272, -0.0031610327, 0.018117636, 0.005585473, -0.008042926, 0.026989289, -0.05947543, -0.017467786, 0.026035825, -0.06046936, 0.0064505823, 0.012100715, -0.00853212, 0.0028137562, -0.0032569815, -0.010092744, 0.0025913035, 0.0025310365, -0.00016773157, -0.013901755, -0.0069802906, -0.008469778, -0.014884665, -0.00076757965, -0.026495272, -0.011069499, 0.0026830614, -0.0133554675, -0.008115614, -0.01281433, 0.001616177, 0.0041288245, 0.020051783, 0.004363077, 0.0141921295, 0.001987274, -0.008690322, 0.020485252, -0.025783952, 0.006046586, 0.0140277995, -0.0070415195, -0.021661792, 0.041004144, -0.0070311264, 0.005598644, 0.025307482, -0.010446742, 0.008220298, -0.0012041335, 0.05656008, 0.00017632157, 0.0006770378, 0.0151252905, -0.122177064, 0.007041573, -0.0073308293, -0.0048091575, -0.008416449, 0.007335671, -0.017632004, 0.048023123, -0.017471751, -0.022446193, -0.00611194, 0.019583577, 0.0091523705, -0.0030512975, 0.011442893, -0.020992763, -0.022821764, 0.02309706, 0.0018717467, -0.021219885, -0.010333501, -0.011915673, -0.012460542, 0.019411188, 0.003942222, -0.033616316, -0.006475224, 0.007965553, -0.0104940655, -0.0069198646, -0.008197363, -0.0008691132, 0.031441707, 0.0059675924, 0.013129553, 0.023196815, -0.01683051, -0.0038322748, -0.024145503, 0.0062715644, 0.02440763, 0.019487977, 0.0015536017, 0.017807322, 0.00023736537, 0.0012950638, -0.013284326, 0.0030687223, -0.006960276, -0.014196321, -0.011754028, -0.0524847, 0.011491896, 0.005979827, -0.02141547, 0.0030825818, 0.015084493, -0.022783147, -0.009547978, 0.014764848, -0.004258014, 0.015546938, 0.017870927, -0.0037138178, -0.022936286, 0.0013583056, 0.0050528836, -0.010535304, -0.018942293, 0.012085925, 0.00717621, -0.017493948, 0.009784467, -0.006780428, 0.0048298426, -0.008288702, 0.0020327538, 0.01998401, -0.03849707, 0.013213288, 0.016766433, -0.0040928912, 0.008655877, -0.0009824568, 0.008794472, -0.00063420436, -0.013268942, 0.009150765, 0.014810559, 0.010029505, -0.019076198, -0.021475883, -0.01948192, -0.0065878644, 0.010432593, 0.0027129755, 0.005281214, 0.00054579513, -0.024233079, -0.006598724, -0.00273414, -0.012789297, -0.014823744, -0.010971761, -0.011252809, -0.00637238, 0.029875413, -0.007274284, 0.009348914, 0.0025116438, 0.008855337, 0.012784035, -0.016573967, -0.0024187083, -0.011364211, 0.00545881, -0.010143261, -0.002082448, -0.01049085, -0.02103836, -0.023462014, -0.010741792, -0.031736888, 0.0012325821, 0.020040106, -0.0006580843, -0.01337955, -0.0121625485, -0.01461778, 0.011643987, -0.00830675, 0.013536381, -0.012597428, 0.015557358, -0.005377666, 0.009048259, 0.002817875, 0.026213165, 0.026486995, -0.005572339, 0.0037337632, 0.0018920386, 0.004283091, -0.010496811, -0.007993372, 0.0040035583, 0.0192167, -0.006953847, -0.052718394, 0.00046447583, -0.014654146, -0.007898735, 0.0154521195, -0.020883007, -0.016633222, 0.0015041641, 0.026067458, -0.0018064504, 0.012368033, -0.0111108385, 0.002583868, 0.0055459277, -0.020320866, -0.02541822, -0.0067560826, -0.011770499, -0.0045463177, -0.016182037, 0.021106025, 0.011721807, -0.0015230925, -0.009698094, 0.0019261331, 0.011847905, 0.05517355, 0.0005933747, 0.0005800337, -0.0012545828, -0.010885106, -0.01728726, -0.017982826, 0.00082234276, -0.008787914, 0.013613656, 0.0036707255, -0.01494749, 0.009947375, -0.017512944, -0.011611731, 0.03794299, 0.0035108791, 0.011443834, 0.035949856, -0.015416324, -0.012533929, 0.014822865, -0.02161592, -0.005961073, -0.02001067, 0.013006473, 0.016063461, 0.012685443, -0.008544748, -0.041938614, -0.0037633774, -0.0025370347, 0.01119889, -0.018557675, 0.004388213, -0.01101578, -0.02232357, -0.008904097, 0.024507994, 0.026273906, -0.02030128, 0.024271755, 0.013840374, 0.0071559544, 0.008031902, 0.0025134291, 0.009228261, 0.010283768, 0.0125690745, 0.0101238545, -0.03443912, 0.0030257993, -0.012531731, 0.014451187, -0.0078056385, -0.006564929, 0.016681252, 0.0065939813, -0.020916156, 0.0003495902, 0.00084905943, 0.008728742, -0.027091952, -0.015574984, 0.006559093, 0.0106064, 0.0058165593, 0.02121952, 0.011857489, 0.001684826, -0.02555869, -0.017453544, -0.0011536726, 0.008591539, -0.020146105, -0.014532929, -0.009935398, -0.023811841, 0.0008735677, 0.0050365794, 0.03171366, -0.008507313, -0.017287096, 0.0025612058, -0.002350405, 0.009183414, 0.006959778, 0.0022941187, 0.015038878, 0.01651712, 0.013256721, 0.015979039, -0.0051967734, -0.008263471, 0.019501012, -0.020397335, -0.007507493, -0.0014016464, -0.017876325, -0.01746124, -0.0043913997, -0.0017447285, -0.017704973, 0.009332894, -0.0074888854, 0.018262222, -0.0026403675, 0.004033382, 0.015768973, 0.027704712, -0.004178297, 0.021151664, 0.018860579, -0.007994479, -0.008429549, -0.021757837, 0.018366229, -0.0035900176, 0.00269796, 0.009427941, -0.013285803, -0.0023722353, -0.028134264, -0.0129010845, -0.009742059, -0.021977317, 0.031720407, -0.01689918, -0.0015688624, 0.0042448957, -0.012401486, 0.0051738564, 0.044364415, -0.014587592, -0.01602404, 0.0029191975, 0.008367885, -0.031875487, -0.007384241, 0.009046047, -0.028727634, -0.033939447, 0.0051472923, -0.006012034, 0.005733267, -0.010803652, 0.014288749, -0.017236758, 0.008134114, -0.00021199037, 0.011654464, 0.0010796143, -0.0023863136, 0.020155981, 0.017906263, 0.0040841824, -0.009672219, -0.0120199425, 0.009320723, 0.014686489, -0.024087487, 0.011110906, 0.0037389193, 0.009882546, 0.014026291, -0.0013160893, 0.0068107685, -0.0007841916, 0.008847699, -0.009431584, 0.0029820395, 0.0062062414, -0.0041721733, -0.0041268137, 0.010590401, -0.0073860367, -0.019120017, 0.00048467735, -0.0027517818, 0.010912302, -0.0039666244, 2.0479125e-05, -0.001707391, 0.0010778758, -0.0045830263, -0.009146879, -0.013443764, 0.0087549575, -0.015042891, 0.0038755054, -0.011940462, -0.01514431, -0.0020062977, -0.013673849, -0.016269034, 0.0087364325, 0.0009516363, -0.01505081, 0.00041231356, -0.0047379476, 0.003801275, 0.0143766, -0.008039715, 0.010818713, 0.020356517, -0.01656497, 0.005792708, -0.0024917235, -0.01613431, -0.008676706, 0.004167814, 0.008703704, 0.018411146, -0.006463098, -0.017850814, -0.0010487407, 0.013410104, 0.008578939, 0.010633392, -0.012677971, -0.004092302, 0.0007152932, -0.013851415, -0.019719636, -0.007917945, -0.0072041457, 0.009109695, -0.0077566784, -0.022903001, -0.008965148, 0.015025967, 0.0034480703, 0.0019818863, 0.012307422, 0.006902222, -0.0071406225, -0.009299526, -0.0007292244, 0.0069037136, -0.009407968, -0.007984082, 0.0075412616, -0.033264063, 0.01929804, 0.0019879872, -0.016036967, -0.002179021, -0.00056428945, 0.009136431, 0.013238132, -0.011108651, -0.0022683714, 0.015200681, -0.008276526, 0.002884506, -0.008260873, -0.033245046, 0.0030080776, -0.019026646, -0.0017430502, 0.013478796, 0.00086263986, 0.014544985, 0.022237234, -0.0009457788, -0.022765482, -0.001647311, 0.013798172, 0.022486724, -0.010063602, 0.005098803, 0.018431278, -0.010719075, 0.006497765, -0.010562399, -0.0012131867, 0.0050464813, -0.007757701, 0.0079162065, 0.009674991, -0.030980723, 0.005891446, -0.0005628198, -0.015029629, 0.003921753, 0.008953801, -0.00714499, 0.02310012, -0.0056478907, -0.0044647153, -0.009148069, -0.021559717, -0.021031681, 0.0058808974, 0.015745511, 0.0054032803, -0.042431645, 0.0091954395, -0.030066354, 0.002037893, 0.004692151, 0.0053561134, 0.009045294, 0.008784641, 0.016458523, -0.029510178, 0.0038732784, 0.0015381394, -0.009832461, 0.02297298, 0.028827269, 0.0195696, 0.008581362, -0.028382158, -0.015765928, 0.018991757, 0.006079429, 0.0054742577, -0.0121612055, -0.03224183, -0.0012703821, -0.0032951755, 0.0031172356, 0.0064544044, -0.00072996225, -0.007564317, -0.008000797, 0.0038710425, 0.007549866, -0.0039203437, -0.005852431, -0.01078704, -0.0023186433, 0.008393941, -0.0124000525, -0.010765582, -0.016407713, -0.012218431, -0.0049026767, 0.012229825, 0.0007006684, 0.00014063314, 0.011690097, -0.014752645, -0.0008597714, 0.006302941, 0.0028295906, -0.018147862, -0.007416503, -0.015871985, 0.01367865, 0.0060610166, 0.00589713, 0.026498493, -0.005474322, -0.004376524, 0.019513236, -0.002859612, -0.018495886, 0.0031303754, -0.001991346, 0.0017955733, -0.009910522, 0.0075252694, 0.019723596, 0.0069435365, -6.294207e-05, 0.025025688, -0.0068848464, -0.0033667367, 0.0026921695, -0.00027021926, -0.0039559263, 0.014919682, -0.028328473, 0.0018006122, -0.009004737, -0.023361338, 0.0046357256, -0.010037464, 0.010229131, 0.016948862, -0.019058459, 0.01973324, -0.00034891994, -0.0020732554, -0.020173686, 0.0138868615, -0.03865837, -0.0008904772, -0.0005541367, 0.023670718, -0.016923241, 0.0039952113, 0.015614408, -0.002593579, -0.019991998, 0.0037226283, 0.030583179, 0.0011585008, 0.020397555, 0.023001062, 0.00984275, -0.008487615, 0.017239628, -0.00037089546, -0.018642016, -0.0018381622, -0.009265793, 0.0055591655, 0.009017692, 0.0030005018, -0.016693324, 0.0023090376, 0.0046474463, -0.027728241, -0.00049367227, -0.022191955, 0.020983277, -0.0036652393, 0.02271139, 0.009718124, -0.006885019, 0.0017583616, 0.031125186, 0.00070694403, 0.026130583, -0.037500322, 0.019021058, -0.02132665, -0.009799028, 0.0015733158, 0.008666636, -0.014809947, -0.0074373633, -0.007912323, 0.016135767, 0.059417456, -0.017933019, -0.0022910512, 0.009244749, 0.00630393, 0.012100048, 0.010435635, 0.008479547, -0.00043964427, 0.016724048, 0.012406584, -0.019387145, -0.008713945, 0.004444785, 0.0039526885, 0.018977772, 0.0016410528, -0.018600175, -0.026186772, 0.008600512, -0.009389439, 0.010580116, -0.0037167084, 0.005010349, -0.0028579016, -0.0008277072, 0.021295205, 0.011927733, 0.0068368525, 0.0061393236, -0.0018794567, 0.00011516573, 0.008568215, 0.0031055422, 0.0022169845, -0.001042566, 0.015046502, 0.015154866, 0.010727805, -0.001760419, -0.0012212334, -0.002241744, -0.013444717, 0.0044969018, 0.010808901, 0.014435755, -0.0016969392, 0.017286597, 0.018084463, -0.0019175349, -0.013313487, -0.0009803382, 0.0050663776, -0.006110756, 0.0011683798, -0.004559943, 0.005119715, 0.010488426, -0.015349987, -0.004965091, -0.013452183, -0.006090376, 0.0021382188, 0.0105248615, 0.005077153, -0.005256352, 0.0031182498, 0.007898104, 0.013093708, -0.019569984, 0.018499319, -0.0038614336, -0.010593995, 0.006790144, -0.016026206, 0.1808019, 0.13354486, -0.0012180381, 0.009090166, 0.0052225525, 0.005639215, -0.009477866, 0.012744438, -0.002641399, 0.012802878, -0.015263039, 0.035498396, -0.0013703094, -0.00018880318, 0.001170084, 0.0070284507, 0.009700925, 0.0040879236, -0.002732602, -0.008521719, -0.02207702, 0.017744035, -0.03156049, -0.0017737275, 0.0013109804, 0.008959725, -0.020691717, -0.0066469642, -0.021657592, 0.024099817, -0.023709405, 0.00023520485, -0.020034447, -0.008069037, 0.008971282, -0.0048485263, 0.0001639875, 0.015481116, 0.0025444936, -0.0118121095, -0.023559336, -0.007907003, -0.0133306775, 0.016992873, -0.0014907941, -0.008997378, -0.0005730312, 0.0066750883, -0.0011780519, 0.01963424, -0.009016532, 0.0026619046, 0.0017417568, -0.009397127, 0.0012315, -0.005295974, 0.0010514447, 0.026830463, 0.009541669, 0.010832409, 0.02943828, 0.013278459, -2.7077731e-05, 0.003938806, -0.006042482, -0.0033310973, -0.0027410458, -0.00093032117, -0.010797958, -0.019350579, 0.0057523046, 0.026141249, 0.022894079, -0.0070754793, -0.002211198, -0.0025244555, 0.014194596, 0.010359744, 0.00895019, 0.017619452, -0.0054201856, 0.00095132255, 0.0031612297, 0.008006961, -0.000750307, -0.015405794, -0.005451541, 0.010494963, 0.11062227, 0.0012727177, -0.014827897, -0.009072997, 0.020243904, -0.005513473, 0.008277686, 0.035839614, -0.0007350072, 0.028205542, 0.020020816, -0.013093496, 0.016436432, -0.0015079267, -0.012096215, 0.0034311311, 0.02158098, 0.037204444, 0.00062340545, -0.0023087403, 0.0051434156, -0.005894224, 0.0023096688, 0.010450488, 0.0052018184, -0.0060547236, 0.014718139, 0.0039456524, 0.010246254, 0.0070051677, -0.08943717, -0.017495846, -0.0018392926, -0.0036228253, 0.0156643, 0.014451638, 0.0025499915, -0.015347627, -0.00399699, 0.0074511813, -0.009442529, -0.010624766, 0.02370644, -0.011628803, -0.017842708, 0.005054817, 0.017012533, 0.009693966, -0.0009084219, 0.00073257595, 0.0041029654, 0.012290221, -0.0026765317, -0.01406015, 0.0076859766, -0.0024785693, 0.002080878, -0.004255759, 0.0117091695, 0.0051083835, 0.017600836, 0.006170373, -0.018648496, -0.0020307496, -0.0017634752, 0.0054809987, -0.012676035, 0.018394828, 0.009095336, -0.0008765098, 0.02182374, -0.014585376, 0.014010262, -0.03393963, 0.018010858, 0.013003423, 0.010181794, -0.006862737, 0.008176987, -0.013244826, 0.010156584, -0.026646405, -0.0033120974, -0.02055954, 0.003461653, 0.013303652, -0.011913757, -0.005862352, -0.019379025, -0.013167832, -0.00041882493, 0.029621977, -0.017425368, 0.006128841, 0.012430205, -0.0105053885, 0.002880635, 0.008133038, -0.009324275, 0.006185004, -0.0095267175, 0.009977068, 0.009283348, 0.006871386, -0.00012947424, -0.0036100834, -0.00028479396, 0.017387535, 0.013700623, -0.010078471, 0.024984255, -0.01662048, 0.03300526, 0.12304261, 0.0020260096, 0.010212601, -0.008509694, -0.0012434579, -0.007136322, -0.011730665, -0.019973973, 0.012838516, -0.005849929, 0.0002673665, 0.017888565, -0.01640962, -0.02488599, 0.01297308, 0.0034181683, 0.005943431, -0.010832384, -0.0027042448, -0.009656509, -0.0046196845, 0.012659699, 0.002210786, -0.02226861, -0.0029593315, -0.009186131, -0.0015943523, -0.019045204, -0.023001283, 0.015292825, 0.012797374, -0.0050513875, 0.008563423, -0.008219354, 0.008409518, 0.0114480695, 0.010415256, 0.0048780334, 0.004176905, -0.0037893164, 0.014701398, -0.0033354997, -0.013845081, -0.011913673, -0.015511838, 0.19922763, -0.007030563, -0.019211171, 0.022465182, 0.0046599894, -0.007201035, -0.004847745, -0.012930896, 0.0051769917, 0.034129865, 0.015701715, -0.01071681, -0.018179378, 0.023488745, -0.005082471, 0.019501423, -0.004668027, 0.0054426165, -0.023333281, -0.0021870858, -0.005431453, -0.013172321, -0.016294379, 0.023218425, 0.004985421, -0.017822636, 0.015345106, 0.014083309, 0.004669315, -0.021834228, 0.007896971, -0.014405023, 0.0083021205, 0.010288578, 0.010464248, 0.013121183, -0.008075623, 0.0014995212, -0.013822055, 0.014634549, -0.006436236, -0.013754455, -0.00048673674, 0.006174225, 0.018888732, -0.009064878, -0.0029762818, 0.015810214, -0.01866894, -0.015997821, -0.008563086, 0.029801816, 0.012267761, -0.0048672757, -0.021585066, 0.009921967, 0.011649336, 0.0027458204, 0.034785196, 0.013874944, -0.018105578, -0.0047607073, 0.0063796313, 0.007502692, -0.0022022463, 0.0021710347, 0.022961011]"
El Pasillo de la salmonella en Ciudad Universitaria dejo atras su mala fama,https://oem.com.mx/aderezo/img/25321808/1725349294/BASE_LANDSCAPE/1200/image.webp,no especificado,"Luego de seis anos de la renovacion, este espacio cambio de imagen e instalaciones pero con los mismos sazones",https://oem.com.mx/aderezo/comida-mexicana/el-pasillo-de-la-salmonella-en-cu-dejo-atras-su-mala-fama-25435347,"[0.015675567, -0.017526262, 0.017063646, -0.046199597, 0.0014306138, -0.022987522, -0.0010251156, 0.039726596, -0.013436812, 0.015158369, -0.00393236, 0.012916391, -0.031802863, 0.0119029395, 0.12731326, 0.02010124, 0.010143717, -0.0011185966, 0.011566548, -0.009584655, -0.00017647326, -0.030463649, -0.015639707, -0.0017896066, 0.00083933654, 0.005759035, 0.0022873522, -0.028955936, 0.018669888, -0.0141863, -0.000989881, 0.04502021, -0.0024647515, 0.0046162736, 0.0015386941, 0.014692278, -0.007169501, -0.03460584, 0.012090732, 0.012916141, -0.017840909, 0.0064617866, -0.0096552195, -0.011284232, -0.0013977552, -0.028460624, 0.020211572, -0.018844718, -0.0064291754, 0.029290386, -0.006519214, 0.0013668848, 0.008239833, -0.16184388, -0.011824023, -0.025965871, -0.018113762, 0.016765943, -0.021159265, -0.012486961, -0.023031903, 0.022642113, -0.028453108, -0.025010299, -0.0049577, -0.0085335225, 0.006633616, -0.0016247288, -0.016087834, 0.019571582, 0.011336718, 0.02327456, 0.00030749672, 0.019165294, -0.020101255, -0.0055723866, 0.01523842, 0.03717127, -0.013104074, 0.0060004904, 0.017910957, -0.004369984, -0.009347108, -0.028180765, 0.021877779, 0.017933931, 0.00085096847, -0.0017185708, 0.0005295769, 0.0043339077, -0.02548986, 0.01095235, 0.0087368, -0.02270208, 0.01197319, 0.023597313, 0.021506283, -0.0066955746, -0.0152790705, 0.00075962127, -0.006148243, -0.015821066, 0.011076784, -0.004839993, 0.030921139, -0.028905258, -0.004551591, -0.010092755, -0.0035200475, 0.013170788, -0.001682754, 0.020087596, -0.0041277697, 0.017523585, -0.007365951, -0.12911928, 0.011686485, 0.03722898, -0.023520406, -0.012486681, 0.01405705, 0.055907905, 0.014428549, 0.010035402, -0.008941771, 0.00025659835, 0.022489022, -0.00068260275, 0.0062639136, -0.011749446, -0.01459338, 0.003569062, 0.0106462175, -0.0011482921, -0.01653486, 0.01647484, -0.0015084072, 0.013681911, 0.036895595, -0.029937414, -0.008996639, -0.018133167, 0.016379204, 0.01575971, -0.011151008, 0.008314558, -0.0029276125, 0.006039736, 0.009661933, 0.03729318, 0.016453339, 0.015463592, 0.00039428528, 0.0048937257, 0.010102196, -0.037116606, -0.010408192, 0.01337185, 0.011356096, 0.026045324, 0.018794617, 0.008298272, -0.010303691, 0.012768301, 0.03156764, 0.033206917, -0.0004456026, 0.0008037744, -0.018241053, -0.012979606, -0.004195516, -0.0032752128, 0.0026980515, -0.01631089, -0.01449347, 0.023001973, -0.009172869, -0.0076698954, 0.016538432, -0.00842041, -0.0062829414, 0.003978862, 0.017206825, 0.01282172, 0.008454373, -0.020206768, -0.024556814, 0.013337874, -0.008671234, -0.0011521723, -0.029590946, 0.0019574591, -0.004186826, -0.0001539529, 0.0055951043, -0.0019308854, 0.01835774, -0.008319029, 0.011219619, 0.032084003, 0.023103595, -0.019880412, -0.0017797786, 0.01689812, 0.0020510515, -0.0076260716, -0.00767022, -0.0072668088, 0.010784479, 0.0036970188, -0.0024648802, 0.008624604, -0.0067316233, -0.03279025, 0.023866188, -0.0400715, -0.0049372497, -0.015344017, -0.002032116, -0.015274993, -0.018706657, -0.030272648, -0.014720487, 0.018647848, -0.014020665, -0.013048959, -0.005923968, 0.02558815, -0.035981342, 0.0006295547, -0.001815363, 0.00047239888, -0.0029709612, 0.015452459, 0.012449935, -0.032587845, 0.021767454, 0.011748873, 0.031810675, 0.030254686, 0.0036619448, -0.02769516, -0.011231652, -0.010555968, -0.022245891, -0.014246086, 0.0027629274, 0.0046326932, -0.053395394, 0.012402252, 0.006912243, 0.011440786, 0.018518995, -0.007002669, -0.027960705, -0.020052345, -0.0008546175, -0.0055345236, -0.01677973, -0.024791911, -0.021973867, 0.009023072, -0.010933036, -0.012091739, 0.01965185, 0.011808371, -0.005131459, -0.0077874395, -0.04784685, -0.0017808508, 0.020357715, 0.044429805, -0.014108823, -0.021956163, -0.0039569614, -0.009919536, -0.09721472, 0.02571595, 0.0024071406, -0.041774582, 0.015527865, 0.009053944, 0.024785489, 0.007444895, -0.025102783, -0.0134042995, -2.39547e-05, -0.01683794, 0.0022190076, 3.0121957e-05, -0.00041109303, -0.010342478, 0.025935713, 0.00084830285, 0.0065598935, -0.0069007818, 0.0067646643, 0.007335016, -0.0145005165, 0.006362148, -0.017464995, 0.020004284, 0.016625322, 0.034092043, 0.0064068465, -0.011863631, -0.013332767, -0.015839389, -0.028739901, 0.0040805317, 0.017597938, 0.0075296033, -0.010716733, -0.00018662929, 0.002172158, -0.023647886, 0.005647738, -0.0071943076, -0.028200826, 0.020008655, 0.002914188, -0.012225306, 0.0031929098, -0.026449924, 0.026537493, 0.014255545, -0.02070313, -0.0031024348, -0.011462047, -0.003346718, -0.010046229, 0.02308088, -0.0054828585, 0.0071709882, 0.03600344, 0.020930469, -0.0031293146, -0.005349803, 0.0011883067, -0.0046668756, -0.0072554317, -0.027126964, 0.0052532335, 0.031997208, -0.0004826606, 0.013566034, -0.018114327, -0.016253153, -0.02497764, -0.016363787, 0.016265271, 0.02067572, 0.02370084, -0.01119799, 0.018726615, 0.00093365164, -0.0066393414, 0.036663625, -0.0013739057, -0.018527206, 0.023552518, -0.025513506, 0.03617299, 0.029206535, 0.035806045, -0.015039759, -0.027578263, -0.004016946, -0.012778566, -0.017828807, -0.0063345293, 0.0447548, 0.014942356, 0.026083406, 0.02344825, 0.0202059, 0.00046882607, 0.002043469, 0.0035891014, 0.01732426, 0.011014664, -0.03795437, 0.024156256, 0.02482859, -0.019260874, -0.0047822045, -0.003672014, 0.004791142, -0.017893856, -0.021850197, 0.0072842487, 0.0016527456, -0.009038303, -0.0034024178, -0.0013285787, -0.0126229515, -0.030993849, 0.015564382, -0.021373492, 0.0060152565, 0.033619158, -0.00717468, -0.0052375253, 0.002511071, -0.003953858, 0.011432675, -0.018979749, -0.0019505792, -0.024783254, -0.012377338, 0.036993064, 0.0036568115, 0.0005626936, -0.034394972, 0.019027632, -0.005994108, -0.030234074, 0.012602479, -0.025955541, 0.006112748, -0.00013179207, 0.0044396217, -0.010811102, -0.005102053, -0.01334275, -0.020267261, -0.02626529, -0.027790278, 0.03215579, -0.02111683, 0.0064317547, -0.018573519, -0.03047215, -0.014289126, -0.027754672, -0.044593874, -0.020996375, -0.02545838, -0.011785675, 0.013584526, -0.0027543015, -0.007475864, -0.014123688, 0.010478268, 0.0009918117, -0.0032247785, 0.01212343, -0.010795615, 0.009251567, 0.02134626, 0.0026210072, -0.013023814, 0.0059186034, -0.013290733, 0.018339936, -0.003777204, 0.02605189, -0.009287776, 0.016887218, 0.009171277, 0.03460783, -0.022917602, 0.021341037, 0.0002567957, -0.0043469826, 0.01719529, -0.009433425, -0.024010329, -0.019452872, -0.00921727, 0.0019963647, -0.006780881, 0.002648048, 0.026440518, -0.0026925977, 0.0055120047, -0.0050116647, -0.008973558, 0.013176684, 0.0095714135, 0.016724989, -0.016294755, -0.03232509, -0.012368525, 0.011362995, 0.030239746, 0.021332705, 0.023244185, -0.0012056995, 0.0015925929, 0.00038276392, 0.023907447, -0.04271988, -0.017763643, 0.0020201, -0.020177327, -0.018363027, -0.019591948, 0.0061984267, -0.02041341, 0.026445372, -0.0007916036, -0.0012674411, 0.008748671, 0.004898225, 0.010888916, -0.012803391, -0.002663442, -0.016879808, -0.007060456, -0.014374346, -0.019435668, 0.0143966405, 0.006435403, 0.0067794924, -0.0011318421, 0.0153838815, 0.0073581953, -0.0032037883, 0.03260817, -0.018331023, -0.0007710363, -0.008919545, -0.021616308, -0.00033177406, 0.0060957735, -0.0040664845, 0.004940013, 0.039118793, -0.035831947, 0.0032962465, 0.0059952224, -0.042647343, -0.006952605, 0.00413727, -0.031307977, -0.0044868975, -0.0008630393, -0.004090519, 0.015701074, 0.00044676004, -0.019919826, -0.014872366, -0.003003428, -0.013642259, -0.09874052, -0.016447285, 0.0012482994, 0.006424537, 0.012881188, -0.004176005, -0.0035084328, 0.0016061288, -0.011877505, -0.014607282, -0.018644458, -0.010941008, -0.0073857056, -0.006358702, 0.0041322145, 0.004835853, -0.00747327, 0.0054399064, 0.01978214, 0.018837472, 0.020527476, 0.030760363, -0.0020602276, 0.00097259984, -0.035134118, -0.035480984, 0.014265272, 0.014891054, -7.5246426e-05, -0.030663922, 0.012517423, 0.014246718, -0.0037627977, 0.03743408, 0.026701631, -0.026792578, -0.013996943, -0.00043250184, -0.0065394775, 0.010434589, 0.016550524, 0.030170674, 0.016699634, -0.020379758, -0.01571071, 0.012622222, 0.022269407, 0.001048979, 0.021893779, -0.03893437, -0.015351102, -0.009092536, -0.018912608, 0.02274934, -0.02640488, -0.010922562, -0.009192436, -0.008116742, 0.0032737663, 0.02712902, 0.0030986813, -0.0039709886, -0.0046924422, -0.01568995, -0.01442278, 0.006128673, -0.00027348482, 0.024699483, 0.0048404112, 0.004423841, 0.025224248, 0.015984401, -0.0052861725, -0.0060612895, 0.0021924241, 0.0036620088, -0.028325746, 0.029327335, -0.016968308, 0.028784566, -0.031628307, -0.011270026, -0.10981234, 0.007611108, -0.0048340494, -0.056389853, 0.0012020156, 0.014604629, 0.018298648, 0.0076634926, -0.008476067, 0.0067141564, -0.006862483, -0.0018862055, 0.021489717, -0.008083362, -0.022267256, -0.01826829, -0.0014620381, -0.0055286936, -0.012116171, 0.00055009534, -0.020208895, 0.013570129, 0.015889294, -0.007871876, -0.025107665, 0.019027583, -0.011584266, 0.013757755, -0.0028237551, 0.0015124028, 0.0065981187, -0.12008789, 0.002994167, -0.003995869, -0.0008253603, 0.0021766499, 0.005636078, 0.0066922014, 0.014983969, -0.013054475, 0.030135067, 0.001147761, -0.012219017, -0.02249864, -0.0074634505, 0.0045238864, 0.13041307, 0.020293716, -0.0018637491, 0.01114631, 0.0074620964, 0.0023881625, -0.025141237, 0.032103084, -0.00048274102, 0.026270973, -0.011169361, 0.001588008, -0.008947478, -0.016584694, 0.043958474, 0.030389635, -0.022979824, -0.02288588, -0.011045539, -0.0048106257, 0.012680461, -0.008486914, 0.0074574384, -0.02995388, -0.01744958, 0.014743747, 0.0219132, -0.022711856, 0.004005566, 0.0039871, 0.008536325, 0.0018756816, 0.0081540905, -0.017184304, -0.004524184, -0.021967761, -0.07996787, 0.022813372, 0.019269342, 0.029699905, 0.014996441, 0.014333255, -0.009978481, -0.001525389, 0.0061479956, 0.006987227, -0.012969823, -0.006503508, -0.008302093, -0.024463635, -0.0027739406, 0.033034462, 0.014919013, 0.0078022378, 0.015418354, 0.03012116, 0.01000865, -0.0029192027, -0.028717706, -0.0037162888, 0.018063476, -0.016827954, -0.0061516566, 0.0011705491, 0.006779965, 0.004377314, 0.0013325884, -0.019452183, 0.0037931146, -0.023289038, -0.014875531, 0.002733778, 0.008702594, -0.020166516, 0.010516467, 0.011289841, -0.03468031, 0.008462932, -0.011666773, 0.032018565, 0.004550375, -0.011691199, -0.023790086, -0.0021635822, -0.031432334, 0.009623262, -0.029197792, 0.025527524, -0.013737781, 0.009802726, -0.002954226, 0.00077735307, -0.009110817, 0.0009334171, 0.011285192, 0.0015767216, -0.005460019, 0.011279525, -0.010877093, 0.0010683613, 0.0032900232, 0.003629378, 0.008825016, -0.017673748, -0.014202136, 0.011037114, -0.005682402, -0.01250185, 0.01705146, 0.008835775, -0.00060272927, -0.0016821477, -9.432649e-05, -0.017309584, -0.03761085, 0.010278568, -0.012261536, -0.014864769, 0.007925207, 0.0067514903, 0.000111933674, -0.01934558, -0.014306238, 0.0067078657, -0.0076518226, 0.0120029505, -0.016272932, -0.0018109678, -0.015935596, -0.019885948, -0.00478938, 0.004331146, 0.0020133783, -0.018339025, -0.013780842, 0.023926904, -0.0089466665, 0.008094093, 0.0059922575, -0.008715393, -0.018116342, 0.011226406, -0.005034945, -0.0053696297, 0.0021383355, -0.0043930314, -0.008421232, 0.0124301445, -0.0054730196, 0.011025994, -0.0017845709, 0.005088666, -0.01721952, 0.014810113, 0.0030813292, -0.006131734, 0.0004795014, -0.0044696447, -0.0030692879, 0.011367936, 0.0042433557, -0.00011828982, 0.0030427123, -0.005704589, 0.008678045, 0.011001254, 0.00025022594, -0.01987395, 0.009803022, 0.0022110266, 0.015542357, 0.0014810683, -0.0010992343, 0.0069009177, 0.0057674907, -0.0138899805, -0.015017065, 0.023784125, -0.0053127836, 0.00057789974, 0.0053421375, 0.0035592604, -0.0024043703, -0.0016454952, 0.0016000214, 0.0058506476, 0.0016796689, -0.019196298, -0.0027842403, -0.00021853438, 0.015387621, 0.01938458, -0.0042799166, 0.009628869, 0.008713529, 0.00735328, 0.006278824, 0.0044852397, -0.0021650926, -0.0018217101, -0.0058592707, -0.0054759206, -0.006066688, -0.0031405217, 0.0024884904, -0.011518505, -0.0018110075, 0.011431969, -0.016245766, 0.012847527, 0.0008160032, -0.002578014, -0.003889749, -0.009647475, 0.006926484, 0.005115057, 0.0004980612, 0.013147306, -0.0018196435, 0.0056198346, -0.003191533, 0.018600617, 0.0030948808, -0.00039677788, -0.0043709446, -0.0032706466, -0.011044833, 0.0060478835, -0.012032269, 0.0072515486, 0.017522044, -0.0064138463, -0.0023422106, -0.002215845, -0.012590586, -0.011408353, 0.0051659313, 0.025960146, 0.006754216, -0.008145855, -0.0012731312, -0.0080345115, 0.0068628285, -0.0058957054, -0.008776861, -0.0018165286, -0.01710462, -0.0068819947, -0.005413682, 0.00043334166, -0.0008445178, 0.00035130075, -0.01045854, 0.0052688974, -0.013480192, -0.005312561, 0.02149727, -0.00085119955, 0.0019065484, -0.017082574, 0.01106463, -0.01921827, 0.011275121, 0.01009703, -0.02653013, 0.014455428, 1.8006735e-05, -0.009255862, -0.007581892, -0.0051730755, -0.0021260774, -0.0019031886, 0.0050951904, 0.003378136, -0.020607736, -0.009410881, -0.0049611717, 0.017823733, 0.012703911, -0.00023981872, 0.012011922, 0.015702678, 0.01945185, -0.0012300271, -0.0027179492, -0.0033707083, 0.0052646664, 0.012471307, -0.0051854746, 0.0007047522, -0.006517724, 0.008308146, -0.021314288, 0.017989414, -0.0035158398, 0.08091308, -0.0056709014, 0.001698822, 0.013249072, 0.0021696233, -0.0078051877, -0.002666583, -0.0027787331, 0.009639657, 0.003405143, 0.0053072274, 0.0036855408, 0.007915111, -0.00449385, -0.0062410706, 0.011984503, -0.007970498, 0.016956937, 0.023901086, 0.012464158, -0.008172768, 0.0034011407, -0.0006503075, -0.024637546, 0.0031167278, -0.024570653, -0.010265299, -0.0036061336, 0.0015579908, 0.0013509383, -0.009068686, 0.007547553, 0.0016623803, 0.005088577, -0.006873151, 0.006103928, -0.0008150723, 0.0066149207, 0.006428936, 0.018841041, -0.004753071, -0.010521353, 0.0017614682, -0.030255234, 0.020420313, -0.013500954, -0.0026426036, 0.006495908, 0.007859922, -0.007336657, 0.004001744, 0.016420897, -0.006652337, 0.027940782, -0.012568827, -0.01880924, 0.006990223, 0.008128911, -0.001006898, -0.015538035, -0.0030840384, 0.0062128888, 0.0013390006, 0.00011570701, -0.014067816, -0.0014367546, -0.009420766, -0.016113814, -0.023982646, 0.000106952495, 0.005029824, -0.0017082774, 0.0067386916, -0.0169247, 0.041300423, 0.004029912, 0.001333051, -0.021149606, -0.0037802604, -0.0042609596, 0.022284336, 0.002270383, -0.019060796, 0.005635971, -0.004152386, -0.012384365, 0.0018230557, 0.0027115913, 0.008226171, -0.013008148, 0.011439839, 0.008312586, -0.0097964695, -0.0105730165, -0.010800124, 0.006266005, 0.07626173, 0.011820251, -0.007732251, -0.002223257, -0.003004397, 0.001611584, 0.009631881, 0.022047145, -0.0022406252, -0.0060576643, -0.0023823995, -0.014232579, -0.0005183166, -0.014297504, -0.02082309, 0.0076002525, 0.0075564072, -0.018049244, 0.019163847, -0.0019139127, 0.012326364, 0.0059473375, 0.0028048148, -0.00056970783, 0.01634058, 0.0066520893, 0.0043112542, 0.0011222973, 0.0045810645, -0.0055855596, -0.013383419, 0.0030913847, -0.0080210185, 0.021927267, 0.009472489, -0.009693783, -0.00882218, 0.007021789, -0.009099066, -0.014209466, 0.00713063, 0.027877422, 0.0048159594, -0.008000406, -0.01132592, -0.009612379, -0.010362595, 0.020570973, -0.020258427, 0.00790811, 0.025336595, -0.0013178076, -0.007951619, 0.004097132, 0.0063555436, -0.0060230466, -0.0038781238, 0.0033459351, 0.007263615, 0.0010345672, -0.0015575732, 0.008812927, -0.009774148, 0.02609909, -0.017628914, -0.0041038226, 0.007372898, 0.002091481, -0.0020335733, 0.0068135243, 0.0019271573, 0.011842133, -0.0023173264, -0.0043579214, 0.007147061, -0.005493115, -0.014037947, 0.0063275206, -0.007436706, -0.0038869104, 0.001689323, -0.028761813, 0.009516249, 0.0005454848, -0.013649993, 0.0018550234, -0.009345492, 0.0032674817, -0.012916558, 0.0017188382, 0.018876906, -0.0040335045, -3.109846e-06, -0.017115623, -0.016938893, 0.006232436, -0.00865686, 0.007415899, 0.014640986, -0.0025571415, -0.002085155, 0.002430035, 0.004534705, 0.0075761857, -0.001294829, -0.0054877494, -0.0063872943, 0.0053509413, 0.021456946, -0.013288391, -0.0005032385, 0.016404271, -0.00022688665, 0.0073543945, -0.0014250629, -0.0038267088, -0.0027621456, 0.01275639, -0.0023433813, 0.0013754731, -0.0076058223, 0.0052556307, 0.0016595126, -0.01486508, -0.0077882754, 0.008743048, -0.025094582, 0.012516836, -0.0023381473, -0.021036064, -0.016609756, 0.0064506773, 0.0042220727, -0.0007335398, 0.014843412, -0.0025327913, -0.006351868, -0.0011980671, -0.010745612, 0.0057434193, -0.017573949, 7.0496426e-05, -0.009766748, 0.010742807, -0.0035409757, -0.0075192903, 0.015805537, -0.01198693, 0.010350678, -0.0047967657, -0.01832772, 0.009532154, -0.005481499, -0.0066065337, 0.005835481, -0.0047745123, 0.00026298605, 0.002629033, -0.00086276256, -0.006051867, 0.009542268, -0.05686992, 0.007268654, -0.00023830414, -0.0065168994, 0.010029618, 0.011724087, -0.0069618667, -0.0044184984, -0.01017678, -0.001149159, 0.011853975, 0.0034636196, 0.014280389, 0.006573464, -0.009050858, -0.023428375, -0.010410716, 0.008153108, -0.001654426, 0.008648172, -0.004674971, -0.010988143, -0.0056962185, 0.009266624, -0.012708486, 0.0074729687, -0.002496177, -0.006197074, 0.005460343, -0.021426642, -0.010555159, -0.008207881, 0.001158179, 0.019816909, -0.007883405, -0.0007382873, -0.012756868, 0.00549329, -0.0070478898, -0.0021840069, 0.013256293, -0.0036404477, 0.007434322, -0.0060162945, -0.0043255594, -0.0038140882, 0.005809772, 0.01033414, 0.0037407328, 0.010789199, 0.014004681, 0.007581892, -0.016658427, 0.013885588, -0.0031249546, -0.02194958, 0.03753415, 0.0050549638, 0.0020858897, -0.0018300997, 0.017143667, -0.0005641862, -0.00424066, -0.0115467515, -0.01251496, 0.006807575, -0.013384795, 0.00016619018, 0.0095071765, -0.0037268489, -0.0039849407, -0.0014661885, 0.004993764, -0.011814333, -0.011001093, -0.010924827, 0.018348033, 0.019433198, -0.022744305, 0.012630307, 0.013840979, -0.0041731354, -0.004573798, -0.017524285, 0.011324605, 0.007229776, 0.007118792, -0.01538861, -0.00979218, -0.005538289, 0.0029034622, -0.0020785353, -0.01137878, 0.023497548, -0.017913867, 0.003142117, -0.017931465, 0.008612017, -0.0077528316, 0.0064558988, 0.007923442, 0.009694134, 0.015643349, 0.0116164535, -0.009511676, -0.012237206, -0.013327547, -0.004722004, -0.0048028016, -0.0043948423, -0.022341972, 0.019060712, 0.0044872104, 0.007415923, 0.013278188, 0.014222428, 0.0011295354, -0.0018676881, -0.014807119, 0.0038552673, 0.004999996, -0.0032609117, -0.003298151, 0.0023312732, -0.00034237772, 0.007637109, 0.0038170398, -0.006728353, 0.01677314, -0.0009264052, 0.019191725, -0.00311639, 0.021243177, -0.0016220713, -0.008906672, 0.011391066, 0.022224788, -0.010061321, 0.007989392, -0.0072334195, -0.006982708, -0.0007074527, 0.008550061, 0.00045202702, 0.0027550957, -0.00089535216, -0.004248833, 0.012117273, 0.012080367, -0.006503729, 0.0014488559, -0.013872374, 0.0065766796, 0.012968435, 0.0017349991, -0.00075782003, 0.020291258, 0.004794581, 0.007037301, -0.0124481805, -0.004805235, 0.018746523, 0.016518274, -0.0044915485, 0.012839877, -0.006062573, -0.0005758161, 0.002345038, 0.0017404683, -0.001502225, 0.006782991, -0.006570257, 0.002926977, 0.02031738, -0.001208183, 0.010208715, 0.0018460037, 0.013117403, 0.0042287502, 0.0007322581, -0.0011729301, -0.0057460624, 0.0008245323, 0.009239771, -0.013386729, -0.019624826, 0.01948536, -0.0048396685, -0.0004868355, -0.0004219064, 0.0177943, -0.0045919428, 0.0039112335, -0.0033887, 0.018921334, 0.01152884, -0.008710426, 0.00983554, 0.004471299, 0.00044515583, 0.00054262474, 0.0146024795, 0.0046032714, -0.002825738, -0.01219322, -0.084893696, 0.027581643, 0.006604263, 0.018387664, 0.0012496385, 0.0041901413, 0.009230699, -0.02018588, 0.0023592622, 0.013256087, -0.0047082496, -0.0038337363, 0.003314738, 0.00040023777, -0.013131924, 0.007866432, -0.0031095038, -0.0077425204, 0.011736832, -0.0013220893, -0.016675621, 0.010397519, 0.00378915, -0.006931386, -0.015176007, 0.0075320727, 0.00521501, -0.011111922, 0.00047995374, 0.009003152, 0.006924135, 0.0006738268, 0.013688222, -0.01935634, 0.01797848, -0.0046755346, 0.0036273159, 0.00075768953, -0.13394347, 0.016726404, 0.0030872675, 0.0051232493, -0.0018915676, 0.011252327, -0.0038318585, 0.00028390554, 0.012852658, -0.010247324, -0.0023618278, 0.0058246213, -0.013187541, -0.0043575107, 0.004224504, -0.006202574, -0.02470621, 0.008361128, -0.0052974797, 0.0066411044, 0.0053997175, 0.0064855744, 0.005125554, 0.016525589, 0.004484334, 0.0035208175, 0.009140963, -0.00089576613, 0.0026718404, -0.007975703, 0.002108949, 0.001034016, -0.0040842015, 0.011832282, 0.0055876505, -0.0052999742, 0.017061507, -0.008257111, -0.002317699, -0.0035333608, 0.011906255, 0.008572332, 0.0011245428, 0.0010794819, -0.009616767, -0.008678114, -0.009492396, 0.004245107, 0.012046454, -0.010477689, -0.027349835, 0.0047699343, -0.009397998, 0.0034986406, 0.01941971, 0.009878993, 0.011990462, -0.0017226859, 0.0033585364, 0.0042736484, -0.020323493, -0.014472116, 0.0024122533, -0.008968349, -0.007052261, -0.005069512, 0.006719038, 0.003801233, -0.010099225, 0.010451702, 0.0027603556, 0.012439456, -0.013902499, -0.0066491044, -0.027962519, -0.006132156, 0.0040335115, -0.00863216, -0.002997732, 0.0004743544, 0.010716027, -0.01926177, 0.005347035, -0.008626827, 0.002455592, -0.015330601, 0.0043474506, 0.017809262, -0.01484069, -0.06753371, -0.0015351389, 0.0015919897, 0.009584337, 0.004057689, 0.0035862736, 0.007829127, -0.013794038, 0.0037194658, -0.00017814516, -0.017106112, 0.007251514, 0.0075331656, 0.0028357909, 0.001070451, -0.004997016, -0.024788225, 0.01588284, 0.0048355, 0.015352558, -0.017326726, -0.0046237716, -0.025813825, 0.0072846734, -0.0030039963, -0.00875892, 0.009625528, -0.008973363, 0.016832702, -0.03725856, -0.028032582, 0.010027844, 0.016124701, -0.002754166, 0.0057346765, 0.012924345, -0.012098617, 0.027892604, -0.01009581, -0.017561294, -0.007385585, -0.00040627702, -0.011847689, -0.013535717, -0.008485047, 0.011502648, -0.0069300383, 0.00064086396, -0.010352308, 0.010554098, -0.010836113, 0.007948725, -0.015355508, 0.011516059, 0.009298731, -0.008912459, -0.006854814, 0.002204008, 0.00035126356, 0.0044050743, -0.0077156806, -0.004526862, -0.0110246595, 0.00084458815, -0.02247417, -0.007869325, -0.012677719, 0.0028007904, -0.02301524, -0.01074017, 0.005296626, 0.0089789275, 0.027821183, 0.0073092487, -0.016846497, -0.015685974, -0.0035064751, -0.0003356759, -0.0042448086, -0.0097504705, 0.0018357048, -0.0077612493, 0.007409402, 0.02539119, 0.0066659544, -0.014518605, -0.016506482, 0.008335103, 0.021978494, -0.010389954, -0.017905993, -0.0053396067, -0.018485285, 0.0198539, -0.016306221, -0.008824698, -0.0023431787, 0.015835792, 0.009398002, -0.0037599823, 0.030255392, -0.009574479, -0.023519736, -0.003969134, 0.0008336404, 0.012656881, -0.0031949093, 0.0024009093, 0.013825695, 0.0020871488, 0.011181164, 0.01309496, -0.01013276, -0.0016044506, -0.14183313, -0.00993874, 0.0022711593, -0.008497214, 0.022399787, 0.009811062, -0.007796169, -0.018090878, 0.020276926, -0.02827586, 0.009962923, 0.00982702, 0.010364596, -0.012598908, 0.003799415, -0.01446907, 0.0010016151, 0.008413301, -0.034756146, -0.016030222, -0.008743758, -0.009934474, -0.021594485, 0.01138399, 0.014439987, -0.0009555602, -0.010114243, 0.004752198, -0.005428403, -0.008612551, -0.010701208, -0.0074841473, -0.02597837, -0.0058735763, 0.011408941, -0.0077777817, 0.0035929668, -0.004177317, -0.01571816, 0.0020108013, -0.00058333797, 0.0072928793, 0.010872942, 0.0025201186, 0.004743142, -0.01157157, -0.022999171, -0.024407452, -0.02782695, 0.0013857068, 0.006518257, -0.012097607, 0.0077449745, -0.010275434, 0.014528487, -0.0005675377, 0.01233818, -0.0003440094, 0.0011371323, 0.002714132, -0.006022542, 0.0065966505, -0.009780228, 0.0030870177, -0.0070846663, -0.0063239364, -0.029938417, 0.14632306, -0.019980647, 0.008078752, 0.0030724725, 0.016153054, 0.015238425, -0.015513051, 0.016082212, 0.007594187, 0.025029043, -0.0038607437, 0.029576452, 0.011165926, -0.010264802, -0.016058145, -0.013869273, -0.0073551023, 0.0051730783, -0.016711032, -0.012290576, 0.0152328, -0.019153219, -0.014431091, -0.017668381, 0.0070436588, -0.00813237, 0.006198581, -0.00029035492, 0.023323473, 0.016931882, 0.0032467972, -0.0011203667, -0.00630389, -0.0050506317, 0.0052322824, -0.008097456, -0.0055436464, 0.00724487, 0.0019998453, 0.008532333, 0.0023589358, 0.009081665, 0.0130541995, -0.005214732, 0.018761314, -0.0023475543, 0.016180309, -0.015507395, -0.0061869775, 0.0057832333, -0.02361114, 0.00512932, -0.013032156, 0.0072613745, 0.017719168, -0.020736195, -0.013970345, 0.011707847, 0.008177251, 0.015283973, -0.006807549, 0.023178281, -0.0037089053, 0.013550052, 0.015092136, -0.008254363, 0.0035802145, -0.0136634465, -0.036898624, -0.12968962, 0.016822377, -0.018465659, 0.00838284, -0.01215065, -0.021073569, -0.014604794, 0.0034073966, 0.0054567717, 0.012814133, -0.01311722, 0.008963947, -0.015530406, 0.012208938, 0.0029136017, -0.00093433616, -0.010707883, 0.020054873, 0.009661868, -0.002938762, 0.0018669548, 0.01749605, 0.005334119, -0.007893989, 0.014853699, 0.0057084314, -0.0029429384, 0.0040712054, -0.021719929, 0.0009743925, -0.001347672, 0.004768315, 0.006026167, -0.004805323, -0.005761833, 0.008937829, -0.016485203, -0.014940006, -0.0063246605, -0.024079012, 0.0063616307, -0.009611822, 0.022979219, -0.017368186, -0.0098538315, -0.01059525, 0.010215136, -0.0019133787, -0.0047610486, -0.01755377, 0.013338405, -0.013427864, 0.02546959, 0.016674925, -0.021010853, 0.030882977, 0.0038697754, -0.008058567, 0.009974734, 0.026422042, -0.002730686, 0.0106891515, 0.0006339036, -0.0015668747, -0.011833231, -0.0053032245, 0.009125736, 0.003847241, 0.007992638, -0.0068956204, -0.029669508, -0.029355837, 0.0029144194, -0.028722953, -0.0096348915, -0.0067798896, -0.019639468, 0.0143635515, -0.015948053, 0.0032235784, 0.00361098, -0.0075571546, 0.01995245, -0.007894098, 0.035659704, -0.013310418, 0.0014196023, -0.006080429, 0.008055897, 0.0043538376, 0.010350824, -0.0035634774, -0.0075011333, 0.008545249, 0.019759074, 0.003116796, -0.017572304, 0.0023969694, 0.000107417545, -0.012950132, -0.0013812368, -0.015251127, 0.0019548605, -0.0056356876, -0.005419641, -0.013170182, -0.0081430115, -0.01569135, 0.020658448, -2.3239034e-05, -0.027715161, -0.0021947501, -0.029454742, 0.012652467, 0.004976849, -0.035939474, 0.013830332, 0.0051616523, 0.0022018661, -0.0085551655, -0.016628934, 0.011976535, 0.009273263, -0.001371481, 0.024935966, -0.024681594, -0.0048202877, 0.0030679035, 0.025280505, -0.00199513, 0.0066024163, 0.02097048, 0.012973003, -0.022256391, 0.0019708092, -0.0053689154, 0.018490111, 0.003063343, 0.015184414, 0.010558455, -0.0048431694, 0.012657876, 0.004176056, 0.01995149, 0.0045657544, -0.022634482, 0.019886708, -0.0005328172, 0.023077711, -0.014644305, 0.02202527, 0.004764639, -0.0049891383, 0.009680358, 0.0026394925, -0.015977032, 0.004939699, 0.009043646, 0.032422252, -0.015742421, -0.014596094, 0.004217624, -0.0025004453, -0.01126283, -0.00088310556, 0.008489475, 0.0063974205, -0.010288568, -0.020936707, -0.020017663, 0.0038634841, -0.00164126, 0.010441518, -0.0071660075, -0.02384503, 0.02780412, 0.02121995, 0.013666431, -0.002029735, -0.05692205, 0.004289334, 0.0021071278, 0.0067178514, 0.0143884765, -0.008480948, -0.015239308, -0.023721544, -0.0004989986, 0.0012865374, 0.006304764, -0.0042415014, -0.0038793932, 0.0058993055, 0.011104709, 0.007419665, -0.0012358744, -0.010452634, 0.0069607045, -0.012169763, 0.011766925, 0.0071681645, 0.0032715602, -0.021157628, -0.019188376, 0.011467802, 0.004835128, 0.024862599, 0.011343015, -0.002437766, -0.011004223, -0.029124284, -0.00010069846, -0.026025752, 0.03869406, 0.013132379, 0.013130644, 0.0026683062, 0.01004349, -0.03716978, -0.017835416, 0.02409875, -0.071461156, -0.0071718614, 0.016100766, 0.0051090145, -0.020652086, -0.015196476, -0.00650597, 0.007898295, -0.008607422, 9.7938326e-05, 0.0025311718, -0.0140013965, -6.8642934e-05, -0.0049161995, -0.0035343603, -0.0077517577, 0.023692075, -0.011201237, -0.035049032, -8.730653e-05, 0.016536292, -0.0012615981, -0.014155087, 0.008933645, 0.028246365, 0.0036869287, 0.00024078334, 0.013213826, 0.003981547, -0.01635069, 0.017564576, 0.0030229823, -0.0042405487, -0.009091158, -0.015235639, -0.002106455, 0.006296521, 0.0185722, 0.023416886, 0.009618574, 0.013107579, 0.073184654, 0.008193374, -0.026868079, -0.0026212786, -0.10994552, -0.0032886565, 0.0034382534, 0.014785389, -0.0058294823, -0.0023522428, -0.0012099008, 0.06681902, -0.00048317557, -0.015308771, -0.03051245, -0.0038828996, -0.0055854274, -0.007813834, 0.015957285, -0.025921853, -0.014629222, 0.007158672, 0.010461431, -0.010145415, -0.0077519817, 0.010345908, -0.029600006, 0.020545453, 0.0017922348, -0.045934677, -0.007481709, -1.117055e-06, 0.0044684843, -0.0076781567, -0.0015433155, -0.0075045545, 0.007647512, -0.010504928, 0.007927509, 0.003454676, -0.000979728, -0.008937653, 0.010711059, 0.018961988, -0.017335285, -0.005180703, 0.009649977, 0.0012562615, -0.0045992844, -0.01279699, -0.010912457, -0.0074274037, -0.030225277, -0.004831843, -0.014226173, -0.00593236, 0.008489599, 0.014580012, -0.00016272937, -0.0049707713, -0.014961073, -0.0053675384, -0.010248293, 0.00017445492, -0.00015498721, -0.009615276, 0.037834696, -0.0015623946, 0.0070984634, -0.002790134, -0.020532299, -0.011066296, -0.019800706, 0.0068960884, -0.0011364933, -0.008760836, 0.018365059, 0.006757637, 0.011059185, 0.012837821, 0.00303945, 0.020565515, -0.024621317, -0.009905583, 0.010098052, 0.0039936365, -0.006485042, -0.014707669, 0.020921748, -0.016683936, -0.032090314, 0.002493318, 0.011223048, -0.0007173403, 0.016236803, -0.004388133, -0.02666688, -0.00830288, 0.010922857, -0.008684999, -0.012812561, 0.01728646, -0.0025394706, -0.020381913, -0.013881272, 3.235372e-05, -0.013960454, -0.0024940346, -0.0014592278, 0.007880345, 0.0029210784, -0.005503126, -0.019205349, 0.010016686, 0.022324799, 0.013990132, 0.009188919, 0.0021527575, 0.007900448, 0.009093972, -0.0015544817, -0.010687129, 0.021519396, -0.006715592, -0.024441905, -0.009071918, -0.025147973, -0.02015731, -0.00915832, 0.0052847154, -0.020208074, -0.0014476585, -0.015970107, -0.0015828799, -0.031176604, 0.027537659, -0.025491014, 0.0057421625, 0.019082375, -0.011632791, -0.02028091, -0.014043188, -0.008551375, -0.006317566, 0.0008044137, -0.006752247, 0.010738737, -0.014496154, 0.023392413, 0.0074778, -0.0030458916, -0.013239554, -0.03313882, -0.011873799, 0.0071428884, -0.0029765256, 0.011181187, 0.0077959336, -0.021239266, -0.004886043, 0.0068266373, -0.020684734, 0.007432291, 0.0014477607, 0.0040161335, 0.0053894464, 0.0048544505, -0.019417219, -0.025933398, -0.00017297434, -0.010091477, -0.0069485465, 0.0002128469, -0.015277612, -0.0030103342, -0.022228207, -0.00962647, 0.008407658, 0.027106257, -0.003901962, 0.02209061, -0.0034643132, -0.00038252168, -0.021723915, -0.004822105, -0.0015932281, -0.00772421, 0.008071494, -0.0027862596, -0.00943968, 0.018287113, -0.01662938, -0.004693602, 0.02810995, -0.018673478, -0.010746803, 0.008936411, -0.018299265, -0.02236909, 0.044255804, -0.019165961, -0.0049914117, -0.014630068, -0.00067356194, 0.015586815, -0.0075605623, -0.016164951, -0.025435474, -0.017972976, 0.00948126, -0.007015862, -0.022438604, -0.0046816273, 0.024036305, -0.0044013024, -0.00314377, 0.033486772, 0.011514558, -0.0235562, 0.032735817, 0.00079811475, 0.008341985, -0.007372254, 0.018997181, 0.016447, 0.0015864595, 0.0018575946, 0.016124504, -0.022626853, -0.0049786125, -0.0020352877, 0.008658884, 0.011265267, 0.008304087, 0.015396775, 0.0011169029, -0.0031348849, 0.009008778, 0.006783127, -0.004562007, -0.036129564, 0.013763089, -0.015505432, -0.0075198, 0.0008546572, -0.00038147566, -0.0020429671, -0.015474283, -0.011260886, -0.005863222, -0.0014147848, 0.009780666, -0.0018152162, -0.024810728, 0.0051089153, -0.031090567, 0.0073605566, 0.0036430901, 0.018392663, -0.024260769, 0.0008822135, -0.010895178, -0.0018330287, 0.005223715, 0.004280237, 0.0026538742, -0.015896741, 0.014549884, 0.0016663062, -0.019195242, -0.005400587, -0.010246628, 0.026859049, 0.00025647436, 0.015848834, -0.019774757, -0.024644274, -0.011355803, 0.01050623, 0.02131828, 0.006120816, -0.0041122003, -0.00889277, -0.0067957416, 0.012655306, -0.016367845, -0.0067468025, -0.008543982, 0.028367355, 0.030876478, 0.017211424, -0.00057105103, -0.0032361923, -0.019846497, 0.026906284, -0.010692325, 0.013110409, -0.0037953847, -0.0002181556, 0.0077840877, 0.010029111, 0.00071492925, 0.0038391033, -0.013056086, 0.018772436, -0.00045404, 0.0050159916, 0.0020555127, 0.021721054, -0.005155261, 0.010650858, -0.013172155, -0.0019107955, 0.008737172, 0.00810897, 3.727962e-05, -6.7550005e-05, -0.001990547, -0.01364327, -0.002228285, 0.00088328734, -0.008672888, -0.001881961, 0.0224926, -0.0074359644, -0.01279676, 0.014366656, -0.014169272, 0.032732252, 0.0022592817, 0.026900988, 0.0021955827, 0.012279475, 0.013218616, -0.005345987, -0.0006686704, -0.0025631576, 0.01200742, -0.011403795, -0.0013575583, 0.030634928, 0.003974363, 0.0070457254, -0.009582289, -0.010962297, -0.009714641, 0.012790649, -0.013700127, 0.02611737, -0.0048859827, 0.02306568, -0.013103339, -0.004196338, 0.013508627, -0.01902947, 0.0034930406, -0.0038317898, -0.0023220077, -0.0044002663, 0.007956381, -0.0014741258, -0.0066247927, 0.022538606, -0.013856565, -0.012092525, 0.00825689, 0.011244527, -0.009842221, -0.008484112, -0.019521672, 0.0017087851, -0.0076279114, 0.0067431508, 0.026164472, -0.019386137, -0.00835242, -0.009629314, -0.0047522015, 0.0062023415, 0.0074168555, -0.020876054, 0.006649311, -0.0064612436, -0.025395032, -0.024108555, 0.015911896, 0.014112435, -0.011202538, -0.031655777, 0.011921753, 0.0059736758, -0.010041564, 0.008599064, 0.014471521, 0.017964266, 0.0132990135, 0.018678868, 0.0026246312, 0.012560099, -0.010570285, 0.008360736, -0.011977509, 0.0027047596, -0.014399131, 0.0066969576, -0.008272598, 0.012401382, 0.011465838, 0.0077187875, 0.0070393602, 0.012864205, 0.0249073, 0.01929201, -0.008746579, -0.017034788, 0.0003024053, 0.005761391, 0.0028370002, -0.023310011, 0.020057982, -0.011739513, 0.032452118, -0.0067707384, -0.016734399, 0.013972018, -0.013840189, -0.009065247, -0.0007637025, -0.010979098, -0.003438104, 0.0072720894, 0.0007810078, 0.008655434, -0.004484137, -0.0037945325, 0.009408365, 0.010088455, 0.014177237, -0.018097995, -0.004281191, -0.013952362, 0.007706112, -0.000669633, -0.010202936, 0.0021148436, 0.008310316, 0.0101186, 0.025314283, 0.013753054, 0.009168064, -0.0069618095, -0.00020241582, 0.015846446, 0.010018257, -0.0029029273, -0.014241019, -0.0038866026, -0.0079457145, -0.010082841, 0.0053344015, -0.010752574, -0.019691695, 0.008462545, 0.0009071948, 0.0048941514, 0.015861513, -0.0060693063, -0.0033173172, 0.003641225, -0.015552053, -6.0413447e-05, 0.0073190387, 0.0054296893, 0.007559646, -0.0577916, -0.016123556, -0.046365783, -0.0113339415, -0.01770095, -0.011913917, -0.0011086632, 0.007821384, 0.031231396, -0.027064359, -0.0017007277, 0.0039587147, 0.011739765, 0.034396112, -0.0034754558, -0.024300622, 0.0150545845, -0.02283883, -0.006575469, -0.0054518413, 0.010246914, 0.011745347, -0.014903164, -0.026859475, 0.008138939, 0.0038694188, 0.006142085, 0.00030042214, -0.014150706, 0.0028399506, -0.027950503, -0.0004281633, -0.011573247, -0.024929862, 0.006458034, -0.0022841613, 0.012125754, 0.00547971, 0.001201252, -0.021303931, 0.0021354582, -0.0011966563, 2.9818068e-05, 0.00050159125, 0.00018269915, 0.0061024795, 0.001995329, -0.013091875, -0.0054003038, 0.00083766534, -0.010122017, -0.001658135, -0.017766692, -0.0066247345, 0.025704367, -0.0069845733, 0.0029526842, -0.0043529873, 0.008666707, 0.0073540984, 0.0031459904, -0.0035971117, -0.015826512, 0.008205608, -0.0007463295, 0.0015632451, -0.013341271, -0.025237568, 0.02727662, -0.015779579, -0.0060069365, -2.4823148e-05, -0.006656998, 0.0039023277, 0.033047847, 0.019048208, -0.008654317, 0.027293991, -0.009726167, 0.011068015, 0.014353874, -0.00014965222, -0.010872112, -0.014567212, -0.007569837, 0.013852748, -0.005387097, 0.0102373585, -0.009545495, 0.011057876, -0.0137108, 0.0084363, 0.000907164, 0.0062648007, -0.001461494, 0.009728673, 0.002365215, -0.0076706433, 0.003445075, -0.006764241, -0.033596393, 0.007818968, 0.028088713, -0.004231737, -0.005871228, -0.0060760817, -0.00097352825, -0.01657433, 0.020455068, -0.005045993, 0.023963632, -0.017759956, -0.015273535, -0.021533553, -0.012465123, 0.004217813, -0.0025751477, -0.013951547, 0.0003435993, 0.004455571, 0.0051100035, 0.0005737746, -0.0032791202, 0.010283761, -0.00017469347, -0.0041542416, 0.009936965, 0.00054908067, -0.005979646, -0.005957201, 0.014796914, -0.013760816, 0.0006698806, -0.0065970514, -0.007757805, -0.011689982, -0.0044868947, -0.011675291, -0.00445789, 0.015431688, 0.0069468203, 0.054685883, -0.0074305846, -0.008688495, 0.00270178, -0.019818632, 0.021624636, 0.014202424, 0.012578455, -0.0020059454, -0.009745377, 0.004034454, -0.0024219935, -0.012738416, -0.00042228325, -0.020953286, 0.02199037, 0.0016629954, -0.013783675, -0.03993873, 0.009550643, 3.5461642e-06, 0.008216093, -0.0003363717, 0.00036186085, -0.01314629, -0.0036342398, 0.018096624, 0.028046357, -0.0204458, -0.034572847, 0.0054214676, 0.004723562, 0.031206287, -0.0014449187, -0.018049683, 0.0017174066, 0.030439017, 0.004910982, 0.00060281355, -0.005593965, 0.003328877, -0.017185634, -0.0061006146, 0.013317824, 0.008342801, -0.019074945, -0.001276355, 0.031409215, 0.03810871, -0.006084897, 0.00962442, -0.0017526563, 0.0018840973, -0.008331717, 0.017838381, 0.0052029747, 0.008189192, 0.010752393, -0.02291549, 0.00039014773, -0.013801976, -0.012706083, 0.005893944, 0.013301546, 0.0131639745, -0.011193538, -0.0010389944, 0.011960123, 0.015719974, -0.01902552, 0.012980955, -0.0071258177, 0.008142543, -0.0070224316, -0.03695604, 0.16365585, 0.1295012, -0.004295806, 0.015421786, -0.00015673482, 0.011492094, -0.026064279, 0.0012846756, -0.0037071875, 0.021582456, -0.006561151, 0.014302134, -0.018035062, -0.021927787, 0.007141969, 0.013379179, -0.0024571226, -0.012182339, 0.005841071, 0.018968096, -0.002903113, 0.023311805, -0.021794738, -0.0009834012, -0.016670905, 0.0143127395, 0.013026535, -0.0024805914, -0.005211281, 0.011920102, -0.024902312, -0.020307567, 0.0019249554, -0.009878811, 0.013546343, 0.0042336048, -0.018534405, 0.0027274473, 0.0007129252, 0.007855875, -0.018926121, -0.025059598, -0.0062777773, -0.008181588, 0.011549081, -0.016398385, -0.0033963057, -0.009117744, -0.008775948, -0.0047649103, -0.009997528, -0.009274923, -0.0067474307, -0.0044067753, -0.009218419, -0.00852286, -0.01754381, -0.003253441, 0.003374336, 0.0001632167, 0.018224625, -0.0067852954, -0.0006612182, -0.008330886, -0.0016713771, 0.00521353, -0.0049076793, 0.008410913, 0.013771421, -0.040482555, 0.010072808, 0.017072378, 0.036580723, 0.0010455649, -0.009621033, 0.0067334287, 0.014557348, -0.006245311, 0.0008460898, 0.002966057, 0.012313981, 0.018268926, 0.017557137, 0.01956177, -0.015186759, 0.00064349745, -0.021716306, 0.010537237, 0.116444886, -0.011329943, 0.0026657558, -0.011707086, 0.0100089945, 0.010310188, -0.002736466, 0.06993796, 0.0119902585, -0.00051800464, 0.013219261, -0.017571118, 0.010261395, 0.016566437, -0.009887677, 0.0030472977, 0.004698445, 0.06428218, 0.0083336895, 0.0037347286, -0.008216131, 0.010027406, 0.00097446906, 0.002549413, -0.0050455206, 0.024284871, 0.007095128, 0.0162363, 0.019879809, 0.008085149, -0.097790405, 0.0004320879, -0.00062069733, 0.010999062, 0.00050961954, 0.011753622, 0.00033896623, -0.0003827063, -0.005589522, 0.0039076856, -0.017353708, 0.0013257127, -0.0143402545, -0.000882383, -0.009496735, -0.0046396316, -0.0027919167, 0.013271544, 0.00981798, 0.0031267176, 0.02988905, 0.005617524, -0.009691289, 0.0276603, -0.0040692287, 0.012293963, -0.0006688836, 0.00022609142, -0.009377105, 0.010391878, -0.0060310294, -0.02263887, -0.011829596, 0.006445529, -0.003853905, 0.0007164498, 0.0069967587, 0.009291363, 0.014174651, 0.00032119924, -0.0139285065, -0.011593168, 0.016063675, -0.024821619, 0.003599445, 0.018800786, -0.004522966, -0.018966831, -0.02533133, 0.006769838, 0.019812973, -0.007197944, 0.018350538, -0.0076586213, -0.02849978, 0.019201536, 0.010256846, -0.005350285, 0.010698924, -0.0040021297, 0.004300771, 0.032571167, -0.0021933608, 0.0061821127, -0.025799092, 0.009533416, -0.0137326205, 0.010176815, -0.043359336, 0.012852429, -0.0012060915, 0.0047153467, 0.018581796, 0.022955352, 0.014846756, -0.013252876, -0.031699017, -0.005544981, -0.009167746, 0.0024111017, 0.015781468, -3.3384e-05, 0.0063496996, 0.119619474, -0.017819317, 0.010777604, -0.003345988, -0.014539581, -0.0072142207, -0.016026441, -0.024254382, 0.00502432, -0.015418206, -0.0036346023, 0.011641998, 0.0028224937, 0.0006489323, -0.00727099, -0.01024096, 0.016952068, 0.003928176, 0.022554697, -0.017336207, -0.006239657, -0.018138366, 0.0025273736, -0.0210432, -0.0063913697, 0.010983486, 0.01662397, -0.0065930416, 0.0011215253, -0.016697396, 0.020742979, -0.02812086, 0.020778626, -0.010256124, 0.01289809, 0.0065795374, 0.00066667044, 0.004090788, -0.003652564, -0.03168594, -0.004086378, -0.018580385, -0.0061387965, -0.008900547, -0.033407338, 0.18690567, 0.010948267, -0.0004929875, -0.01579544, -0.0051847524, 0.029157566, 0.00019854159, 0.013814893, 0.00037085474, 0.026444279, -0.0029885515, 0.01701068, -0.019746216, 0.025136653, -0.016820027, -0.0057030777, -0.008509554, 0.021587322, -0.0052783843, -0.0126950815, 0.0041496246, -0.0041193347, -0.0072084256, 0.005689575, 0.015234023, -0.023135984, 0.0016360991, 0.0043630335, -0.020086758, 0.014988128, 0.007144872, -0.021875506, 0.020350028, 0.011462408, 0.022698114, 0.026415432, 0.010043505, -0.0029991635, 0.0012027413, -0.010087732, 0.0058680433, 0.0028360682, -0.0037077193, 0.0034721296, 0.012673374, -0.006205031, 0.0016754318, 0.020161688, -0.031326585, -0.032582697, 0.0068050395, 0.005831573, 0.004145444, -0.017979417, -0.017500134, -0.009146719, -0.0072365617, 0.005806679, 0.0081053935, -0.0055119204, -0.021619976, -0.011464971, -0.0024217025, 0.0038759902, 0.008923868, -0.017643075, -0.013575631]"
 Expertos explican como la comida ayuda a los ninos a socializar en la escuela durante el recreo,https://oem.com.mx/aderezo/img/25422085/1756233282/BASE_LANDSCAPE/1200/image.webp,no especificado,"Marisa Gallardo, coach ontologica y especialista en emociones cuenta estrategias con la alimentacion generar amistades",https://oem.com.mx/aderezo/comer-sano/el-lunch-y-el-recreo-la-comida-ayuda-a-los-ninos-a-socializar-en-la-escuela-25420951,"[0.012035395, 0.0057220743, 0.04230616, -0.04826326, 0.017779814, 0.0110509945, -0.021510508, 0.022231616, -0.023409216, 0.00990798, 0.0094290795, 5.1463335e-06, 0.010980459, -0.01607292, 0.11504399, 0.01875505, -0.0008559367, 0.010307001, -0.012339203, 0.004116505, 0.029943941, -0.011777358, 0.0019552773, -0.014376381, 0.018259116, -0.016293159, 0.019958967, -0.023671165, -0.02511159, -0.017612638, 0.02285585, 0.031103551, 0.031408638, 0.022282137, 0.013624583, 0.0042095575, 0.019883003, -0.041754425, 0.0027182077, -0.016681887, 0.008356766, 0.014646139, -0.0020984132, 0.0041133068, 0.0060232803, -0.002257178, 0.004060574, -0.014576902, 0.010402457, 0.0040340433, -0.00455688, -0.0026646706, -0.010391632, -0.16613169, -0.0026806078, -0.0009791715, -0.005704309, -0.0042347396, -0.013913268, -0.027080834, -0.014985015, 0.022450155, -0.021258442, -0.003982894, -0.011177564, 0.012428298, -0.0037982806, -0.0014128996, 0.001963508, 0.01570509, 0.011241964, -0.0021529556, -0.0059958682, -0.004581778, 0.010461814, 0.014433559, -0.0013224925, -0.019426197, 0.0021143148, -0.0033264682, 0.01338453, -0.012291559, -0.016524037, -0.037422776, 0.007989271, -0.009549622, 0.0061924965, -0.041172147, -0.02037141, 0.051778533, -0.03431397, 0.0007525118, 0.014469172, -0.004830758, -0.013606868, -0.03192493, 0.028454982, -0.022197444, -0.01340065, -0.012404314, -0.0061670425, -0.0082347775, -0.025633583, 0.012645968, -0.023938328, -0.020511623, 0.0058211056, 0.015231855, -0.026476089, 0.031872097, 0.0017377712, 0.0017607249, -0.021357482, 0.016725866, 0.0013573326, -0.1265309, 0.013710581, 0.014463608, -0.046211947, -0.003269181, -0.037377883, 0.038994662, -0.013115662, 0.046380453, -0.023301527, -0.017813835, -0.033250306, 0.033328157, -0.041632887, 0.010075126, 0.00073639315, -0.018272085, 0.0132063925, -0.02176952, -0.0054287426, 0.03752478, 0.016382463, -9.999017e-05, -0.022920907, -0.023111295, -0.01956774, -0.008432764, 0.012600402, 0.013147809, -0.010943087, -0.0047650835, -0.0043904004, 0.0011202752, -0.010143561, -0.004478214, 0.020497391, 0.03184258, -0.017609404, 0.0026411756, 0.0059069563, 0.0039146547, 0.0029181829, -0.034137398, -0.0011227719, -0.008799404, 0.0072655226, -0.023798438, 0.0034596466, 0.027242007, -0.00343662, -0.0017509705, -0.004936036, -0.005195426, -0.0019244843, -0.016074743, -0.018394211, 0.0031979342, -0.00093382987, -0.03613789, -0.0036840674, 0.019782336, -0.026440691, 0.0001284909, 0.0037481086, 0.010883696, -0.017922232, -0.004594045, -0.0011367796, 0.0022527634, 0.022792222, -0.028666858, -0.011279072, 0.021969274, 0.0069480087, -0.014463858, -0.0068368837, -0.0112982765, -0.0073544215, 0.0011708782, 0.028380388, -0.009871811, -0.0042847306, -0.0077761225, -0.021596687, 0.013280739, 0.017255181, -0.014752401, 0.026231885, -0.0037325523, -0.004188239, 0.006734524, -0.012884969, -0.013030488, -0.0105216345, 0.007867981, -0.021150058, 0.030113434, -0.013010595, -0.027098954, 0.013670407, 0.00848712, -0.031007037, -0.040732943, -0.016949229, -0.034742415, 0.01640089, -0.009303075, 0.010602682, 0.036759574, 0.0076398305, -0.013804672, 0.0034151212, -0.0010143651, -0.008747884, -0.0019651907, 0.011899121, 0.021505872, -0.004066355, 0.013281059, 0.0046893856, -0.016013894, -0.026829991, 0.002423447, 0.015113233, 0.015875809, -0.005724111, -0.026500614, 0.007356601, 0.0027056697, 0.04674849, 0.011069485, 0.013394383, -0.01943047, -0.014790924, -0.023929564, 0.033250272, 0.0012352724, -0.012136262, 0.00022920355, -0.023447799, -0.029528253, 0.0016570915, -0.0035605552, -0.0041988688, -0.013437056, -0.037856214, -0.0201381, 0.0015174621, -0.009078979, 0.021225609, 0.0062069353, 0.007302171, 0.021010116, -0.010319197, 0.020401683, 0.026286015, 0.0049733818, 0.009694973, -0.0059389924, 0.0073310384, -0.019732095, -0.08785818, -0.0065652686, -0.0151307145, -0.01887818, -0.02246254, 0.0052619497, 0.0047424827, -0.0071747517, -0.024742993, -1.086645e-05, -0.018313184, -0.03853201, -0.0071014315, -0.0027273102, 0.0162725, 0.009278275, -0.0006455082, -0.005556165, -0.009011539, -0.01598135, 0.001228595, 0.0012819318, -0.0008015039, -0.01887748, -0.003881112, -0.013212957, -0.0022796444, 0.041023828, -0.0057366877, -0.025883997, -0.016807359, -0.007374434, -0.014319776, 0.006081327, -0.0006953885, -0.0022368275, -0.018493824, -0.0033947679, 0.0043934938, -0.019059578, 0.014828837, -0.036945473, -0.003843843, -0.023997193, 0.0064972555, -0.021072447, -0.02932959, -0.026082037, -0.007916952, 0.008153612, -0.01116627, -0.012403614, 0.0141282985, -0.022673491, -0.0022701318, -0.0007668863, 0.032125454, 0.021541493, 0.0058519896, 0.0045741606, -0.029131811, 0.003147808, -0.032455094, -0.0064229392, -0.007951313, -0.019048106, -0.027090168, -0.006172268, -0.025289157, 0.049765233, 0.01267846, 0.0036698496, 0.02287971, -0.033843514, -0.013077782, 0.028903056, 0.009373558, -0.006414958, 0.019091351, 0.010206175, 0.022517094, 0.0031971629, -0.003639633, -0.002395507, 0.050193034, -0.0063688466, 0.010879434, 0.007095707, -0.00458913, -0.0034092653, 0.008235186, 0.014559422, 0.009636877, 0.004515784, 0.005075453, -0.002700856, 0.004398573, 0.015359202, -0.02617934, -0.012312154, -0.023444971, 0.010968016, -0.024944639, 0.00044711112, 0.016282069, -0.023578065, 0.022492427, 0.0076674144, -0.0034738176, 0.0012832377, 0.0034001665, -0.004385821, -0.0046235756, 0.010783739, -0.01006275, 0.005562323, -0.024582077, 0.025763035, 0.0002248633, 0.005793887, -0.0048842425, 0.031539336, -0.012322581, 4.515515e-05, 0.023743887, 0.0015685585, 0.048615098, 0.00032188342, 0.028045645, -0.012080057, 0.015238552, 0.012117871, 0.027672218, -0.012743216, 0.010100386, -0.012004122, -0.00012695504, -0.009934115, 0.00693729, -0.010505302, -0.037792582, -0.020687586, -0.0063099517, 0.023162616, 0.02278145, 0.012253509, -0.009117376, -0.001059466, 0.0069309073, -0.017581983, -0.012885185, -0.018526321, 0.022682024, -0.021435369, -0.0154867815, -0.018195074, -0.0023290433, 0.0032090978, -0.010090057, -0.0334121, 0.019137684, -0.013821603, -0.0014886879, -0.011306349, 0.0010069121, 0.02612473, 0.0038965833, -0.004947221, 0.02604977, 0.0034037589, -0.0007491853, -0.0035301957, -0.024573995, 0.02321377, 0.0023914282, 0.028616894, 0.0009821231, -0.003450396, -0.0003257091, 0.0064352495, 0.005449256, -0.02388796, -0.0021794266, 0.0052437983, 0.007858182, -0.0114978375, 0.021401286, -0.024172291, -0.022894908, -0.017355826, 0.01312864, -0.028985638, -0.0017454117, 0.0009809644, 0.0063152397, -0.0068342434, 0.0052375062, 0.011704481, -0.010095376, -0.001410932, -0.0068597966, -0.019224353, 0.009296768, 0.03162347, 0.004083592, -0.012262201, -0.0057228585, -0.0051707407, -0.004905006, 0.029841945, 0.01156713, 0.0077994196, 0.01451689, 0.022909554, 0.029979289, 0.013659676, -0.012923471, 0.00028778432, -0.010096754, -0.006634613, 0.0047079977, -0.038803015, -0.000921919, -0.026777703, 0.005129279, -0.012840274, 0.024971416, 0.026189454, -0.01104165, -0.025268082, -0.001184581, -0.014229815, 0.0133520365, 0.0083107455, 0.026469165, 0.0170963, 0.031296037, -0.015127862, -0.031698003, 0.010086, -0.0010933449, 0.010168195, 0.017110396, 0.04698773, -0.01017861, 0.03531331, 0.009889136, 0.018027904, -0.018542062, 0.016677838, 0.0027927554, 0.01376834, 0.036479965, -0.008289674, 0.0023610645, 0.0341742, 0.016437136, -0.011770546, -0.00059788063, -0.009535354, 0.0054882136, 0.044309154, 0.005525745, -0.011048758, -0.0015783226, 0.0012734337, -0.0079995915, 0.008444132, -0.0018715053, -0.10945039, -0.013259599, -0.007627258, -0.03326188, 0.0005465958, 0.012217043, 0.031169165, 0.02101387, -0.010685809, 0.0059359944, -0.021832954, -0.0071048634, -0.0011205588, 0.021617455, -0.00063581223, -0.015002872, -0.0001943989, 0.035428677, 0.013937662, 0.028357368, -0.0033232889, 0.010735581, 0.012558727, 0.013304577, -0.016024485, 0.0069641774, -0.0028684177, -0.020489935, -0.0020409045, -0.017174691, 0.031176947, -0.013880959, -0.006910158, 0.013116327, -0.0059965816, -0.0116011305, -0.010796576, -0.014303853, 0.0050627175, 0.009322316, -0.0004299086, 0.008161157, -0.0071671107, -0.00507552, -0.024017135, 0.0045423466, 0.018165052, 0.005255382, 0.035641704, -0.019096242, -0.018104194, -0.0011429025, -0.022617908, -0.00790177, -0.010384018, 0.0076638474, -0.0029962182, -0.012924773, -0.035419233, -0.002722763, -0.0070551494, -0.0032913727, 0.0006496378, 0.010445266, -0.014944667, -0.015750803, 0.0071490332, 0.02720108, 0.040591378, -0.005762132, 0.0094732875, -0.018119004, 0.0203383, -0.0024500922, 0.01953725, 0.019379376, -0.008419708, -0.010901402, 0.0022328352, 0.037329126, -0.026356334, 0.007363828, -0.08913823, -0.016582878, -0.011503459, -0.02715775, 0.008629692, 0.033445474, 0.00029319324, 0.004016111, 0.016279874, 0.006184139, -0.0075512417, 0.0082604615, 0.017988129, 0.009206916, 0.0028806778, -0.007411093, 0.035449445, -0.04097701, -0.01635426, -0.035229784, -0.0065345266, -0.002503457, 0.010749657, -0.0081495745, -0.012244873, 0.0096201245, 0.017404702, 0.023035057, 0.0106403455, -0.0045910995, 0.010115876, -0.17455412, -0.015077336, -0.007178327, -0.010398967, 0.009462097, 0.024447488, 0.0034971193, 0.0032601643, 0.002567864, 0.0056114076, 0.01720977, -0.021285176, -0.04637136, -0.0056966143, 0.012283121, 0.075962506, -0.006865203, -0.008687984, 0.004113121, 0.0066253557, -0.008773043, -0.024141356, 0.00012860127, 0.0016141124, 0.024552708, -0.016331324, -0.0021561827, -0.006251042, 0.008226983, 0.01035905, 0.024807513, 0.029666787, 0.025876207, 0.017163528, -0.00063061144, 0.018172743, 0.007967709, -0.016500639, -0.004224712, 0.024732774, -0.0031667128, 0.02646963, -0.0028399252, 0.02244503, 0.0075943735, -0.02073824, 0.01398226, -0.0037345726, -0.011778783, 0.015845472, 0.016877694, -0.074875616, -0.0093664, 0.039416097, -0.012100152, -0.017953023, 0.03489876, -0.0050170384, -0.012581262, 0.0012623615, 0.011258618, -0.014604262, -0.004857202, -0.0026295036, -0.0411968, -0.009522481, 0.0067310533, 0.011819042, -0.013702816, -0.004377945, -0.015461556, 0.019452259, 0.002899277, -0.016049908, 0.016465707, 0.0062479395, -0.015513277, 0.017409097, 0.006732992, 0.016619999, 0.014570892, -0.015116288, -0.008412019, 0.023128316, -0.017043479, -0.01732809, 0.011643787, -0.020328043, -0.027447103, 0.025495281, 0.012001513, -0.0056264536, 0.009027894, -0.005892223, 0.015049979, -0.012124922, 0.021752039, 0.0039171856, 0.007236315, -0.01632934, 0.037140727, -0.04662764, -0.008668048, -0.004584209, -0.010165282, 0.018466815, -0.0010504505, -0.0006641143, 0.010004896, -0.0362132, -0.0012519499, -0.010598452, 0.011601865, 0.013538136, -0.004526348, 0.00913316, 0.017029772, -0.0038763382, 0.0014237815, -0.009122891, 0.0034217665, -0.008984326, -0.015377475, 0.0034811958, 0.0009963132, 0.008450269, -0.01026022, -0.004424511, -0.018630454, -0.02877741, 0.011532689, -0.010418941, 0.0055244663, -0.004737987, -0.0011688797, 0.014156403, 0.001532728, 0.0033361383, 0.0027482512, -0.013695639, 0.02302268, 0.0019474574, -0.0030460984, -0.005787698, 0.0019267568, 0.027241867, -0.0007192127, -0.006361912, 0.00074149284, -0.011289585, -0.004768947, -0.0062837987, 0.011556057, -0.0050868182, -0.008380112, -0.00829589, 0.004530039, 0.006138321, -0.00277194, -0.015767153, 0.00083839113, -0.015954666, -0.002809848, 0.007870661, -0.001374609, -0.005644114, 0.02043935, -0.0073431903, -0.013163294, 0.0038159436, -0.01768515, 0.00055811147, 0.009443736, -0.0009191001, 0.0063528875, 0.0059028445, -0.0069526504, 0.006278171, -0.027191555, -0.003641882, -0.010038968, 0.0011822038, 0.0025453176, 0.01769103, -0.0031364365, 0.008529232, 0.014069481, -0.007594919, -0.008693187, 0.016847264, -0.009009382, 0.0027585346, 0.014058184, -0.013437721, 0.01747646, 0.0010464783, 0.0113015, -0.00818752, 0.0134276915, 0.012357794, 0.011816258, -0.0018894145, 0.010665927, -0.0012725205, -0.020639626, 0.02150299, -0.008635579, -0.0038175697, 0.004153984, -0.017358327, 0.019916233, -0.006555565, -0.0052051498, 0.010063678, -0.017471213, -0.012822239, -0.00269764, -0.00010971846, 0.014291746, 0.014577312, -0.009543636, 0.004030623, 0.0027630627, -0.009264301, 0.005873114, -0.0020845754, -0.0058066845, -0.014114691, -0.012611504, -8.219486e-06, -0.01202632, 0.003761816, -0.0021253438, 0.007855699, 0.0017255486, 0.007820737, -0.007267633, 0.005791494, 0.006397836, 0.00086564303, 0.010312658, -0.0053005284, 0.0068896892, -0.014039637, 0.009053227, 0.0031421725, 0.0011971596, -0.009342882, -0.008343907, 0.012009246, -0.014109928, 0.0009782413, 0.02845132, 0.006678729, -0.012957808, 0.002608808, -0.014908532, 0.017876158, -0.0093694115, -0.0169965, -0.002759352, -0.015226807, 0.000513492, 0.0036660044, 0.0006158221, -0.004732827, -0.0030598547, -0.006072613, 0.004713756, 0.015156023, -0.0032847503, 0.00070276787, -0.0065535195, -0.0071967607, -0.020518253, 0.004430063, -0.024654048, 0.0019152815, 0.0021588348, -0.015050267, 0.0014169365, -0.0041536787, 0.0024690176, -0.003776116, -0.008807248, 0.0111939525, 0.014400356, 0.013166047, 0.0015409687, -0.020964874, -0.007135788, 0.0013985496, 0.00045593057, 0.009387558, -0.011448769, 0.016587796, 0.017574994, -0.02344363, 0.0050512305, -0.011201462, -0.004281247, 0.00076134864, -0.0071766456, -0.008232724, 0.0022968522, -0.011668113, 0.0065400614, -0.004451527, 0.01581169, -0.0014993275, 0.08333026, 0.0050684195, 0.009371797, 0.022590566, -0.0052078287, 0.022964736, 0.009083905, -0.018556943, 0.0028829186, 0.015607801, -0.0049981093, 0.013238273, -0.003311868, -0.0064016827, 0.008406025, -0.0061080703, -0.010341216, -0.011628735, 0.0029424797, 0.013243365, -0.0007274215, 0.013330881, -0.0021660172, -0.003956155, -0.002809049, 0.00533424, -0.0071329037, 0.0012739268, 0.0021802315, 0.020657415, 0.00444056, 0.0034908557, 0.011870906, 0.008384542, -0.01447717, -0.003269679, -0.0035094253, -1.877928e-05, -0.0027129208, 0.0014741081, -0.009882298, -0.010329201, -0.001599415, -0.025938842, 0.0025701197, -0.0032916486, -0.0077298717, 0.003261393, -0.0065248427, 0.007323682, -0.016846618, 0.008152947, 0.008509711, 0.009851886, -0.007466249, -0.009880963, 0.007877255, -0.0024445588, -0.003889697, -0.014211641, 0.0089589795, 0.012292282, 0.022257706, 0.006826054, -0.019319676, -0.017605646, -0.0034425277, -0.0016491677, -0.009204031, -0.001464904, 0.0071031624, -0.014412317, 0.0035651748, -0.0011991492, 0.0056530177, 0.0024448268, 0.01029342, -0.008655676, -0.0032352032, 0.0005317664, 0.0040106676, -0.005084591, -0.012307142, -0.0034393955, 0.004671974, 0.008354277, 0.0017321053, 0.012605394, 0.011695963, 0.0015137173, 0.013812834, 0.0012329461, -0.020911532, 0.0007248162, 0.008066931, 0.009390934, 0.054229055, 0.008441781, -0.0050192117, 0.018031955, -0.018751074, -0.007899448, 0.008501794, 0.011577345, 0.020122526, -0.016692305, 0.021724623, -0.014576459, 0.01578572, 0.0022563322, -0.0024755376, 3.761948e-05, 0.014007167, -0.01144139, 0.018864347, -4.86953e-05, 0.00041628053, -0.002848172, -0.011565799, -0.008259436, -0.007278431, 0.0053750984, 0.018588573, 0.02488734, -0.0053698774, 0.0052108555, -0.012626937, 0.0222082, -0.0116633335, 0.021566968, -0.0005955718, -0.026639652, -0.005954608, -0.008134469, -0.021021137, 0.015353049, 0.0008771546, -0.00056194776, 0.002104284, 0.0035063573, -0.0025763076, -0.009487466, -0.0037459305, 0.006092428, 0.0052417926, 0.016116848, 0.0059525077, 0.0033876307, -0.0059134983, -0.01308038, -0.010221059, 0.0058232863, 0.010977499, -0.008077981, -0.014738022, 0.0023584897, 0.0058510094, 0.0032496538, 0.0014374463, 0.0013091812, 0.00013542711, 0.0017970514, 0.007949417, 0.0029292328, -0.009348225, -0.016865375, 0.003507679, 0.0021960652, 0.0014748884, 0.021087073, -0.006636451, 0.004157377, -0.006711962, 0.01959715, -0.0027181418, 0.010717871, -0.004948048, -0.021712853, -0.0005263934, 0.021605497, 0.003638175, -0.0047948896, -0.019046377, -0.015583024, -0.02181512, -0.00038802074, 0.005497564, -0.0015596357, 0.010797495, -0.014950775, -0.0029083344, -0.0054207696, 0.00037910324, -0.0016674199, -0.0032380351, -0.0021753544, -0.001857703, -0.0026529857, 0.0037264084, 0.0091895545, -0.0020316695, 0.0074937805, 0.004904953, 0.008262703, 0.016789602, -0.007278435, -0.0037901949, -0.0033340342, 0.0010328315, -0.01041297, -0.0015228337, -0.011056974, 0.013375577, 0.01785583, 0.0062705134, 0.00075733237, 0.0056651053, 0.0055972612, -5.41103e-05, -0.013254732, 0.011901848, 0.0073937885, -0.023704374, -0.0022907637, -0.0011150991, -0.0065161902, -0.0015338188, 0.010582058, 0.0055365902, 0.002852216, -0.0027195846, -0.0027393035, 0.00025311162, 0.020731928, 0.0071701244, 0.0014933256, -0.0011770504, -0.0040368084, -0.0056486875, 0.006427803, -0.0071002156, 0.002391942, 0.008336631, -0.018403264, -0.0066020177, -0.011941905, -0.020965831, 0.0018952906, -0.007836089, 0.012568402, 0.020819766, -0.012052838, 0.020741465, 0.003520111, 0.014036209, -0.00982658, -0.0047498997, -0.067761, -0.0055582845, 0.005647402, 0.037108496, 0.012566348, 0.0001986127, 0.009718937, 0.013867501, -0.0091757495, 0.0059034294, -0.0061806985, 0.0026621977, 0.0005088442, 0.0056057856, -0.012025737, 0.005495382, -0.0001868694, -0.00031652924, -0.012980444, -0.010079736, -0.02149873, -0.008497156, -0.005960629, 0.00835892, -0.012508, -0.0023902871, 0.010922922, 0.0035655387, 0.010082533, -0.009021459, -0.009477383, -0.0060430276, -0.0037304321, 0.0068156044, 0.008980894, 0.0035614124, -0.009174586, -0.002677001, -0.0017415432, -0.005820555, -0.005745118, -0.0041523627, 0.012329478, 0.021192962, 0.011244964, 0.007982423, 0.0074756937, -0.0036790527, 0.005373731, 0.008080732, 0.0011470047, 0.006527063, -0.0143187735, 0.02838082, -0.014344941, 0.010236647, 0.023819422, -0.0024800573, 0.0020364656, -0.011335926, -0.016245015, -0.0047622263, -0.006531682, -0.017117297, -0.0060536424, 0.006723035, 0.009294891, -0.002482913, 0.014469944, -0.0007298161, 0.0029790963, -0.0094109615, -0.0021893233, -0.010253354, -0.010930481, -0.008571137, 0.04512864, 0.008889337, -0.010255698, -0.007123884, 0.011341256, -0.010256794, 0.010867995, -0.017231759, 0.0038720602, -0.0016945068, -0.0061039706, 0.0038295086, -0.019329276, 0.010145442, 0.009858149, 0.01488633, -0.0043411963, 0.00021956937, -0.015534871, 0.01960346, -0.0108278105, -0.0042321617, 0.018867271, 0.01640688, -0.007917563, 0.010411601, 0.0067042815, 0.0077509144, -0.0019251859, 0.0017377076, 0.0044269324, 0.012752302, -0.012833824, 0.015063735, -0.009243821, 0.00040238962, -0.0067350073, 0.006220505, 0.0012138033, 0.00366386, -0.015939457, -0.013984473, -0.002532719, -0.0047519994, -0.018129496, 0.014387757, 0.007082769, -0.022105558, -0.009739424, -0.0027424498, 0.0040498534, 0.016318865, 0.0013161487, -0.012752099, -0.0044876556, -0.002478212, 0.030673714, -0.00020652518, 0.0038700795, 0.005367161, -0.0008865613, -0.0113125155, -0.00015720793, -0.014536571, -0.013750443, 0.005038788, -0.0015080406, 0.0067467685, 0.003994492, -0.0012878154, 0.0022023395, 0.0067732804, 0.00065681036, 0.013565674, -0.0026740476, -0.005372415, -0.01031555, 0.007796129, 0.005849821, -0.007277025, 0.01172511, 0.0018180129, 0.015524798, -0.0025458103, 0.022502556, 0.024493108, 0.008757878, 0.004829204, 0.01849788, 0.0018435365, -0.0026295418, 0.019676803, 0.010056883, -0.013416724, 0.009480321, 0.008027536, 0.003517477, 0.029542698, -0.0067792945, 0.006067575, 0.006463751, 0.009491741, 0.021300884, -0.011327219, 0.00013536414, 0.0059813214, 0.013820644, -0.0032421472, -0.004899162, -0.0058256937, -0.004897565, 0.0030960566, -0.010776205, -0.019827299, 0.0074194223, -0.0021781987, -0.003881446, -0.002800172, 0.0021248076, -0.0059395693, 0.022209145, 0.00026842288, 0.012982393, -0.012239189, -0.015333817, 0.014658289, 0.0037478565, 0.0060748197, 0.015483656, -0.07613834, -0.00035201514, -0.013837007, -0.00031678219, 0.015811732, 0.006875211, 0.020313706, -0.006885496, 0.0029223657, -0.006306621, -0.010813215, 0.008632471, 0.004907301, -0.020737726, 0.002233381, -0.005379798, -0.026137194, -0.0062965783, 0.0060240547, -0.010252104, -0.02010642, 0.00250393, 0.004006885, -0.002693402, -0.005443051, -0.018446932, 0.010291924, 0.00045320336, 0.01800558, -0.0040395525, -0.0027101864, 0.00397322, 0.010103194, 0.006861169, 0.017268695, 0.010022292, 0.011042881, 0.0064021833, -0.13744546, 0.014984033, 0.011314486, -0.014911858, 0.017192446, 0.013429046, 0.0018750783, 0.016699161, -0.003158425, 0.0040782387, -0.00043291954, -0.007901971, 0.010598378, -0.010893477, -0.0110903885, -0.021903155, -0.0061543533, -0.0010181812, -0.010433966, -0.013166644, 0.010287498, 0.017290976, 0.01312392, 0.007998943, -0.0032275969, -0.014681253, 0.004710007, -0.0035183833, -0.0056454698, -0.009629591, 0.011364254, -0.009472886, -0.0061362498, -0.00072464754, 0.0021344665, -0.010227295, 0.014684958, -0.0015084046, 0.008108587, -0.0013716636, 0.02372625, -0.019885773, 0.015242165, 7.36273e-05, 0.008558474, 0.008249949, 0.011205358, 0.015249997, 0.007371897, -0.012603072, -0.011546058, 0.008412675, 0.0065058665, -0.0020278387, 0.005101855, -0.0035751725, -0.0037272586, -0.009122868, -1.0195468e-05, 0.024855152, -0.020991405, -0.0008527942, -0.007968995, 0.00017859327, -0.0016178662, -0.0045528184, -0.008596442, 0.0075602005, -0.007984742, -0.006794626, -0.0002127093, 0.030577784, -0.016393142, -0.0012341138, 0.0067032287, -0.012523198, 0.01486664, -0.0054141027, -0.0053111124, -0.009680194, 0.010239552, -0.007968394, 0.0007025482, -0.0048582344, 0.002569173, -0.012132125, 0.006884392, 0.0033651178, 0.012021604, -0.04713211, 0.017268501, -0.025851618, -0.005120602, -0.0015631355, 0.016157772, -0.014794774, -0.0027109846, 0.025267143, -0.012406526, 0.002526645, 0.016259765, -0.003006656, 0.008678544, -0.0068751383, -0.01553876, 0.00078065397, -0.015799996, 0.00039598986, -0.007806897, -0.009833097, -0.0073945997, 0.006932049, -0.007896877, -0.0050729746, -0.006272, -0.0048600514, -0.017347295, 0.012903268, -0.0015912853, 0.0044579487, -0.0023795667, -0.015119379, -0.009863723, -0.0033274563, -0.013182855, 0.019347485, 0.010199201, -0.0005310179, -0.02170684, 0.0045206076, -0.005255082, 0.012311072, 0.009860274, -0.00584856, 0.00061109936, -0.017952155, 0.0066552097, -0.0116848815, -0.019065913, 0.00819529, 0.023402395, 0.00832612, -0.0004986212, 0.0048606694, -0.0060888617, -0.0029567576, 0.013482747, -0.0065574013, -0.011889141, -0.003863606, -0.001959819, -0.005242392, -0.013584518, -0.01641355, -0.006165494, -0.014699079, -0.0087418435, 0.0027176146, 0.0046844915, 0.014813299, 0.013993385, 0.029499646, 0.011848561, -0.018358618, -0.0020682556, -0.0015020348, 0.014674714, 0.0014674951, -0.003246689, -0.009080342, 0.007841887, 0.0018140794, -0.010359114, -0.0042166524, -0.020480925, -0.004907109, 0.014657823, -0.0047338433, 0.0056065028, -0.010712815, -0.020249523, 0.0032705371, -0.0004675428, -0.004959305, 0.01728869, -0.03866607, -0.002575003, 0.036494892, -0.012863077, 0.016231162, 0.007658333, -0.0074407253, -0.021231333, 0.00014091715, 0.021332605, -0.0071046, 0.0071744965, -0.011404161, 0.004936194, -0.005860165, -0.0005907378, -0.015891993, -0.0040291953, -0.16385038, -0.02705838, -0.00941979, -0.012381991, 0.024222566, 0.013411153, -0.0069129006, 0.0057680556, 0.021673441, 0.022755949, 0.016331103, 0.012864647, 0.002130635, -0.028681248, -0.010460726, -0.0036889699, -0.0027825665, 0.0028690386, -0.012617064, 0.013476927, -0.055068366, -0.025347218, -0.009014754, 0.0070887115, -0.0042152978, -0.016490526, 0.016864352, -0.008142333, -0.006647597, -0.0140667735, 0.0050891717, 0.0032762568, 0.004121762, 0.01628321, -0.02017346, -0.010846541, -0.010019497, 0.0041253697, -0.019521307, 0.009972611, -0.0035328127, -0.0014558496, -0.00051011564, 0.0055102613, -0.0035387897, 0.00385801, -0.034693692, 0.011928906, -0.029941043, 0.006409136, -0.0024052395, -0.015340651, -0.00050420774, 0.009484149, 0.019851323, -0.017021662, 0.0017104511, 0.010871084, 0.008770594, 0.0017093436, -0.0061356393, -0.024063662, -0.0006892649, -0.005802736, 0.0015591539, 0.00035713348, -0.0053584715, 0.15610555, -0.012669743, 0.0221555, -0.008241813, -0.0078063235, 0.033964492, 0.00862534, -0.0020878431, 0.007930017, -0.01831914, -0.0007593157, 0.026216764, 0.0068369876, -0.023624202, -0.0007122101, -0.0266404, -0.0029586856, 0.015982138, -0.015766548, 0.002984405, -0.01167494, -0.010755973, -0.018761914, -0.022504812, 0.005033704, -0.009091911, 0.0112978155, 0.010659776, 0.008402871, 0.0031898452, 0.020556813, -0.014165873, -0.014074639, -0.010826963, 0.005428056, -0.002510612, 0.009853707, -0.0025997192, -0.030841837, 0.008750259, -0.0066554626, -0.009790302, 0.01068817, -0.010834518, 0.0011842786, 0.001433678, -0.0033474988, -0.0009035065, 0.012092287, 0.013220412, -0.013075244, -0.01305265, -0.008468366, -0.0073223338, 0.003984278, -0.008247981, -0.009336884, 0.0029620044, 0.012032869, 0.017511504, 0.00979098, 0.0021201882, -0.025812335, 0.015116717, 0.013924605, 0.0026022103, -0.001407207, -0.01056678, -0.0075533814, -0.08901705, -0.0005460167, -0.02398767, -0.01564539, -0.022352142, -0.008235833, -0.027055513, 0.014172326, 0.0069165966, -0.0046644523, -0.008061052, -0.009619509, -0.015371513, 0.010661928, -0.0018474375, 0.0075582666, -0.027572814, 0.005709913, -0.0007499764, -0.008054987, 0.016033733, 0.014802568, -0.006079879, 0.012479668, -0.0055132587, 0.01452943, 0.0028191644, 0.0015167152, -0.017507292, 0.0050445823, 0.0010413576, 0.009414486, -0.020235905, 0.015294836, -0.0039765555, 0.0145401955, -0.005110065, 0.008495705, -0.024045823, -0.015144858, 0.0026606177, -0.02049851, 0.021546226, -0.011492984, -0.011972913, -0.004048041, -0.0058638896, 0.0052200425, 0.010754724, -0.01380589, 0.021388492, -0.0013099173, 0.0064240564, 0.012092045, -0.020471096, 0.01842575, 0.0008631541, 0.008342455, 0.008892418, 0.0014884422, 0.02982606, 0.003386405, 0.007160152, 0.005532174, -0.013316563, 0.003631662, 0.016313268, 0.017455734, 0.02240693, 0.0027228722, -0.00011428442, 0.016027592, 0.0020809937, 0.008649986, -0.013175424, -0.012015245, 0.00090584095, 0.0142018115, -0.0057010455, -0.0069840206, -0.0048999623, -0.0025271478, 0.018472759, 0.0027487376, 0.03457999, -0.00084956916, 0.00398625, 0.024472693, 0.010829941, -0.019327091, 0.0027347952, -0.013535696, 0.013369576, -0.00286606, -0.0051741437, 0.0014856289, 0.008359012, 0.037317794, 0.014023582, -0.0040264567, 0.01562903, 0.0051284223, -0.0059287394, 0.010398567, 0.0020476396, -0.012954947, -0.008765032, -0.0026108562, 0.012904093, 0.005529882, -0.029332934, 0.0067525893, -0.0009430634, 0.0033475491, -0.011990443, 0.012010913, -0.003159965, 0.019407209, -0.0045867413, -0.023437789, -0.00075185107, 0.00613998, 0.00478229, 0.011128278, 0.028551925, -0.011244113, 0.007393664, -0.016851407, 0.0060292487, -0.009076594, -0.014893697, -0.0064972253, -0.00095676066, 0.009731804, 0.011748229, -0.017040122, 0.03372983, 0.016930105, 0.012614153, -0.0020439653, 0.020035377, 0.015600301, 0.007580079, 0.019926172, 0.001180735, -0.020202821, 0.0032521163, -0.013908147, 0.00205193, -0.010056703, 0.026127335, -0.0137745775, -0.011575735, 0.011820126, 0.00538458, -0.0028735548, 0.009631113, 0.006394438, 0.00035695414, 0.0045419764, -0.010443063, 0.019584, -0.0020826086, 0.0048785564, -0.0046326458, -0.0034613549, 0.0056285537, -0.01440655, -0.020535754, -0.0064381305, -0.019289862, 0.010296282, 0.0044216686, -0.00728722, -0.01636799, 0.031984355, 0.024378173, 0.0010081663, -0.020286638, -0.07857256, 0.0035407015, 0.0023183385, 0.009102273, 0.0017229011, 0.0042141224, -0.0058953245, -0.010396843, -0.0043710736, 0.0029160758, 0.024612362, -0.0039175553, 0.0032358926, -0.005624932, 0.015554388, -0.009068051, -0.0007767049, -0.0069637937, 0.020144058, -0.008051296, 0.008604302, 0.009321755, -0.005960447, -0.0012337904, -0.008441877, -0.024280546, 0.015596455, 0.024856742, -0.003935465, 0.0014079422, -0.0021421686, 0.007496583, -0.003602687, -0.006613017, -0.0020282466, 0.013960998, 0.00074228394, -0.03808115, 0.006697914, -0.05049383, -0.00030864927, 0.016655665, -0.060054988, 0.020685596, 0.014149756, -0.017131232, -0.005191115, -0.009169738, -0.0041177454, 0.0030781007, 0.034824774, 0.008210401, -0.008106423, 0.002268593, -0.0072031813, 0.0036720308, -0.0052417167, -0.0057701515, 0.004217338, -0.011801517, -0.025145497, 0.0043979124, -0.0041699, 0.021739278, 0.0049424306, 0.02542315, -0.015032835, 0.0084882425, -0.031598955, -0.0011079935, 0.00066525466, -0.019308727, -0.0025972582, 0.0028414617, 0.0030770449, -0.0051277555, 0.007254198, -0.0044165417, 0.010844352, 0.030226074, 0.00633664, 0.01323712, -0.0016324607, 0.06851504, -0.0023215564, 0.00883959, -0.0386083, -0.09133709, 0.00036196332, 0.0062687867, 0.016396357, -0.012326877, 0.0045936545, -0.0019380326, 0.035968337, -0.017444374, -0.0016811901, -0.007946054, -0.0023951258, 0.009300638, 0.015108424, 0.0040911594, -0.009680042, -0.019234307, 0.018610243, 0.017038131, -0.0046769897, -0.0009714709, -0.0036040917, -0.011912452, 0.031073784, -0.0004464441, -0.071607985, -0.0048690294, 0.013730494, -0.008758428, -0.0033313716, 0.0021264278, -0.019563392, -0.0019134403, 0.00638988, 0.0094084535, 0.019244187, -0.00048612972, 0.008754116, 0.017696809, 0.0055136755, 0.015985848, -0.009608217, 0.023146767, 0.01204652, -0.0031555858, -0.00023906738, -0.0017933401, -0.030352699, -0.009887543, -0.011232526, 0.01179302, -0.018923072, -0.022788735, -0.0030865856, 0.007943916, 0.022467062, 0.003366529, -0.046369944, -0.001828965, -0.002668425, -0.007240594, 0.019108938, 0.01881832, -0.0020967925, -0.017206911, -0.000841207, 0.004432618, -0.007329475, -0.03058625, 0.0016730027, 0.0011476375, -0.003156172, 0.027739644, 0.008736643, 0.011724395, 0.031079581, 0.015686307, -0.009368106, -0.017451933, -0.0015875243, 0.011949977, -0.001613568, 0.0005398577, 0.0009321563, -0.021200899, 0.0037700199, -0.0099601485, -0.014994962, 0.0006093987, -0.0109842075, 0.018665848, -0.006918352, -0.01766646, 0.0114238635, 0.011185832, 0.018295769, 0.0022263182, 0.008935618, 0.02382908, -0.010441762, -0.0052541704, -0.013488806, -0.011053488, -0.012931721, 0.010160849, -0.0030640173, 0.013837248, 0.007595596, -0.008966823, 0.010857489, 0.02027762, -0.0059378766, 0.0013825306, 0.0069793947, -0.008589094, -0.016455118, -0.01344114, -0.008519494, 0.01764477, 0.0076932414, -0.014163749, 0.02420071, -0.031194694, -0.0111201, -0.00432342, -0.010274655, 0.0068532834, 0.00807483, 0.009992304, 0.0014653828, -0.0007225269, 0.011159625, 0.00902308, 0.015395998, 0.039517544, 0.0028492194, -0.021149276, -0.013195655, 0.021536974, -0.005688942, 0.02236152, 0.011936672, 0.008913248, -0.011259643, -0.010534541, -0.004297468, 0.0023517017, -0.0035213865, -0.012020368, -0.014104005, -0.011413679, 0.0026169848, 0.04317099, 0.009819083, -0.0074337106, -0.013328417, 0.00085768395, -0.019698735, -0.00618831, -0.01366644, 0.020202557, 0.016548723, 0.0007367737, 0.029215334, -0.002121077, 0.004969642, -0.013525462, -0.01712057, 0.017360125, -0.0004915869, 0.0041777915, -0.040234018, 0.0152733205, 0.008891326, 0.020490244, -0.009686373, -0.0012264106, -0.0042448468, -0.0006850778, -0.026932724, -0.006714445, -0.008979053, -0.0058431583, -0.00035854016, 0.0063855653, -0.011270429, 0.0075273523, -0.02941779, -0.006746875, 0.03266889, 0.0032612523, -0.009184425, 0.023993779, -0.012913187, -0.016832547, 0.011346415, -0.0029087663, 0.0035405804, 0.003048711, 0.0024083112, 0.015668927, -0.020367837, -0.010470874, -0.011984095, -0.0027102747, 0.0062956666, 0.02184911, 0.0022577525, -0.026762707, -0.011711973, -0.010739709, 0.006202981, -0.010794287, 0.009784712, -0.00025723266, 0.0128619615, 0.002259172, 0.00013196695, -0.017333427, 0.0036647262, 0.00083656434, 0.014566744, -0.007184894, -0.01225046, 0.0031838322, 0.0026249164, -0.012168291, 0.014231956, 0.013245805, 0.0035941233, 0.0005939728, 0.009457129, 0.0018309993, -9.294973e-05, -0.0066200537, -0.015707757, -0.026248606, 0.005788226, -0.0013356765, 0.00393583, -0.0023580506, 0.0050409175, 0.004058975, -0.009981968, -0.0068407306, -0.01749538, -0.00032768233, 0.0020230918, -0.019256763, -0.005343451, -0.017580256, -0.0067379847, -0.0010080527, -0.024343643, 0.0050243754, -0.009317392, 0.0032828436, -0.00309006, 0.0061947745, -0.013237984, 0.005691397, -0.03002071, -0.010328314, 0.0042694965, -0.021729281, -0.014894308, 0.0026828425, 0.03621392, 0.010134008, 0.0045963377, 0.013153465, 0.004989346, -0.023425633, -0.023032641, 0.0027510524, 0.0107589215, -0.0019052177, 0.010857115, -0.011170657, 0.0026911877, 0.013955991, -0.019180188, 0.00013980056, 0.012561739, -0.014091049, -0.009139824, 0.007710083, -0.0054323706, 0.015996825, -0.019345198, 0.015209183, -0.012901446, 0.013391458, 0.011673847, -0.014463258, 0.013120279, 0.0025485302, 0.012338318, -0.0014950206, -0.01530069, 0.0073889233, -0.027939077, -0.004892788, 0.0027631975, -0.0007231282, 0.010103854, 0.035007462, -0.02170357, 0.007018752, 0.0065875473, -0.0016124744, -0.000795968, 0.008500413, 0.005556313, -0.020859942, -0.028814208, -0.004873319, -0.013235343, -0.008430743, 0.007940691, -0.017474942, -0.0034997207, 0.019757565, -0.00851483, 0.012589689, -0.0047634807, 0.010830932, -0.014483993, -0.011438078, 0.006437675, 0.022458982, -0.012643124, -0.00016265313, 0.00023425533, 0.0029650202, 0.026019162, 0.0127714025, -0.010089586, -0.0060986476, -0.0028671408, 0.000105062914, -0.0035826114, 0.018505074, -0.026866363, 0.02454726, 0.001969744, 0.011859907, -0.019875053, 0.014869393, -0.0019748444, -0.0015692735, -0.012434907, 0.005866194, 0.008129991, -0.012202318, -0.018591616, -0.0030390907, -0.009578078, -0.0120297335, 0.008979747, -0.030370545, -0.006974614, -0.0064771143, -0.020727044, 0.005590764, -0.0261621, 0.009109663, -0.023122128, 0.00085650623, 0.011162711, -0.0030526181, 0.019514605, -0.018571068, -0.0043516452, 0.014138549, 0.00012488854, -0.009193647, -0.0046229274, -0.0033268651, -0.020725677, -0.022773512, 0.028335731, 0.008277167, 0.0070726126, -0.009441439, 0.0084383255, 0.0043386417, -0.0034299246, -0.00617679, 0.011821693, 0.018392729, -0.0035709853, 0.010915273, -0.003963467, -0.0033048445, 0.009690753, -0.011557308, -0.00961394, 0.0059274053, -0.0142090935, 0.009878127, -0.020234607, -0.010706062, -0.0026762923, 0.008489911, 0.0058777602, -0.012005421, 0.025778322, 0.029227743, -0.0022286726, 0.015335193, -0.0029668468, 0.0038271814, 0.0104433345, -0.032044094, 0.03785122, -0.0068293535, 0.057797186, -0.012870789, -0.02717513, 0.01463094, 0.010889631, -0.0077911247, 0.004364043, 0.0037099032, 0.006151896, 0.020371662, -0.015023533, -0.02568441, -0.015587764, 0.0024832678, -0.00963151, -0.004605671, 0.0012248539, 0.0007313891, 0.016812537, 0.004006751, -0.007561244, -0.0058153393, -0.00607607, 0.0073928274, 0.004439802, 0.009124286, 0.009339758, 0.013697682, -0.0029978526, 0.0031166978, 0.020702321, 0.016833507, 0.016692007, -7.179797e-05, -0.019621609, 0.0088985525, -0.018912751, 0.001993501, -0.011694597, 0.018868122, -0.018682187, 0.008863494, -0.007010713, -0.018618269, -0.0014655694, 0.0008282504, 2.9444314e-05, 0.0009797149, -0.004503364, -0.0031936085, 0.0054405155, 0.007996154, -0.0006204418, -0.039986175, -0.01305253, -0.03784354, -0.008981759, -0.017868593, 0.007962091, -0.017174266, -0.00833091, 0.016885493, -0.012441266, -0.006286799, 0.007975606, -0.0027886813, 0.0029845918, 0.00943579, 0.022094212, -0.021925671, -0.023822878, 0.006953293, -0.021138914, -0.012164065, -0.032659367, -0.023451695, -0.0064791176, 0.0004108893, 0.009295841, -0.006203905, 0.0063589597, -0.0051750466, -0.0036398328, 0.0043154545, 0.016496927, -0.003681506, -0.0034682662, 0.015462178, -0.0030952576, 0.017313292, 0.02947932, 0.00091796997, -0.012688492, -0.0197659, -0.010313102, 0.0057874145, -0.026640823, 0.011939598, 0.0031976365, 0.0064884424, -0.012743206, -0.030351454, 0.00907794, -0.015763981, 0.00012423689, -0.0058827023, 0.0037363516, 0.019022504, -0.0021597499, -0.0116203185, -0.009409405, -0.0025552805, 0.006881674, 0.009713615, -0.0027302164, 0.0003085258, -0.01883139, -0.007128402, 0.007267334, 0.011452554, -0.025247011, 0.0026397202, 0.00998383, -0.008888441, -0.009851134, 0.0061924104, 0.0022448087, 0.023459425, -0.0107524535, 0.02831186, 0.022360543, -0.0076531037, 0.004639126, -0.007547763, -0.0018164115, -0.0074364776, -0.009839835, -0.017415129, -0.0031893968, -0.0034797597, 0.0052213613, 0.014463875, -0.020480616, -0.028001525, -0.0011671961, 0.0027456149, -0.0014105809, -0.0020623677, 0.023937238, -0.015869997, -0.0031893295, 0.0026562314, -0.011789043, -0.0060495646, -0.014484817, -0.0044285785, -0.011873417, 0.010654433, 0.012685833, 0.012930295, -0.027927471, 0.009206103, 0.0067422437, 0.019630713, -0.026270198, 0.012419673, -0.010446682, -0.0045554973, -0.00029010992, -0.009879672, -0.0015565315, -0.0033370783, -0.017073661, -0.01495978, -0.026418494, 0.007885855, 0.008532451, -0.023352169, 0.008193588, -0.0010315413, 0.013209774, 0.060554087, -0.004078, 8.539763e-05, -0.033968873, -0.01149443, 0.0030488856, 0.0067696525, -0.01581138, 0.002170117, 0.021938948, 0.02456539, -0.01210159, 0.0010708371, 0.049844097, -0.01029593, -0.031819556, 0.02590995, -0.020948382, 0.0040350817, -0.0002748754, -0.002061269, -0.021586137, 0.01380302, -0.030120594, 0.019431505, 0.0165756, 0.007934808, -0.011474186, 0.017802244, -0.00811889, 0.0062134764, -0.010737558, -0.004713617, 0.007829438, -0.0031878897, -0.018226825, -0.0060148872, 0.014333016, -0.0023115554, -0.021546401, 0.036866788, -0.019783959, 0.021966541, -0.022637965, -0.01695316, 0.012844352, 0.00922279, -0.018490978, 0.0036888237, 0.020123368, -0.0007786395, 0.01352247, -0.0036173032, -0.009132768, -0.00423647, -0.032916673, -0.015591159, -0.009216832, 0.005430822, -0.007273808, 0.0027333286, 0.0025235047, 0.009141391, -0.024143761, -0.013875606, 0.01907671, 0.012897536, 0.00615235, 0.0027837905, 0.008345311, 0.0017837266, -0.00929186, 0.025769519, 0.0011570209, 0.00027950254, 0.035749294, 0.007443868, 0.029803794, -0.0023816684, -0.017414726, 0.011240974, 0.013482475, -0.023342343, 0.03766475, -0.010788116, -0.0068665124, 0.0080538085, 0.0072608395, 0.17408586, 0.11255854, -0.0017576341, 0.024639137, 0.019812306, 0.005584322, -0.013921406, -0.00022567033, -0.019305747, 0.013748126, 0.008875219, -0.0075881253, -0.0065962207, -0.021487648, -0.0016889133, -0.015964711, 0.02939478, 0.0048613795, -0.010951886, 0.0025471093, -0.017610794, 0.023255734, -0.027189054, 0.017158857, -0.02403015, 0.020248983, 0.019506363, -0.0050693676, -0.004928492, 0.010199582, -0.015309063, 0.008817517, -0.021552442, -0.0036049173, 0.007589235, -0.01569033, -0.0101271905, 0.012136515, 0.0072427, 0.025106031, -0.008452339, -0.015681244, 0.0064850757, 0.02091092, 0.03018573, 0.0031904439, 0.015014536, 0.0058821645, 0.0073643574, -0.00015088708, 0.014254305, 0.010891436, 0.0025689732, 0.0039793644, -0.02669221, -0.007408055, -0.0018274513, 0.007272922, -0.019728722, 0.011855299, -0.0033949898, -0.012889268, 0.010417462, 0.014264108, 0.009191354, 0.011305026, 0.014137297, 0.018397978, 0.01218891, 0.004370584, 0.0032869745, -0.002357576, 0.022717176, 0.008927629, -0.012670296, 0.023521613, 0.008904713, -0.005847092, 0.0014788188, -0.018603593, 0.013061696, 0.005725835, 0.0063558267, -0.0006908043, 0.0068471306, 0.0060843905, 0.0019577625, 0.0019891942, 0.117750496, 0.013184529, -0.0014392553, -0.0030639076, 0.033268403, -0.016617633, 0.021203108, 0.039643373, 0.02887894, 0.009750194, 0.015916811, 0.011584427, 0.016134052, -0.026062367, -0.017867364, -0.0032972014, 0.013463574, 0.0033516514, -0.008768274, -0.008012395, 0.026011767, -0.004349252, 0.015737807, -0.007394882, 0.0055099535, 0.004536954, 0.0018603838, 0.023481859, -0.0065710405, 0.017479053, -0.08329999, -0.0152743505, 0.0020327212, 0.0034250577, -0.024200344, 0.001197961, 0.028555872, -0.0019415509, -0.011267973, 0.015569382, 0.0043533845, 0.005977471, 0.023629395, -0.0032474676, 0.0046236245, 0.019030046, -0.011089753, -0.009043687, -0.011668621, -0.00014279062, 0.02501708, 0.00024613622, 0.0008072068, 0.009890206, 0.0053019393, -0.0056446716, -0.020871667, 0.016921729, 0.0046141213, 0.011018284, -0.008243332, 0.0025124087, -0.01356494, -0.0025111265, -0.0111537045, 0.0038174384, -0.020818818, 0.00855901, -0.0031640066, -0.005310084, 0.008526506, -0.042896047, -0.010380014, 0.0016949835, 0.01756162, 0.0151339155, -0.010126844, 0.00098295, 0.01730102, -0.011087054, 0.038540393, -0.013730479, 0.03581144, -0.00045188662, 0.025825936, 0.0021324458, 0.020147977, 0.0075931028, -0.008777928, 0.0055253482, 0.016144043, 0.012464412, -0.006586479, 0.0045146286, -0.00032517483, -0.017477969, 0.005894031, 0.004136082, -0.007577873, 0.017536018, 0.014518802, 0.005233814, -0.013252744, -0.010539745, 0.011998874, 0.017574068, -0.013141163, 0.0062784827, -0.0018061224, -0.014221427, 0.017732063, 0.00056736456, 0.010546001, 0.13664249, -0.007913277, 0.005453226, 0.010830384, 0.009782453, -0.015555248, 0.0008281169, 0.0054387553, -0.0065303394, 0.016871335, -0.011558994, 0.0044205766, 0.012535819, -0.0022449754, 0.007649569, 0.0078019886, 0.011497016, 0.018868972, 0.0009828485, 0.0029765682, -0.0031758144, -0.018575126, 0.015361627, 0.00563048, -0.007030276, -0.016202949, 0.010888428, -0.011174671, -0.011143541, -0.0007650662, 0.0352827, -0.013273191, -0.0076544643, -0.018273847, -0.0013029883, 0.008950952, -0.008181822, -0.002658846, 0.012058227, -0.01553243, -0.013658798, -0.0026636044, 0.020979468, 0.0035670302, -0.032124724, 0.19592668, -0.015017991, -0.009611268, -0.022476878, 0.00023720827, 0.00217449, 0.00031950546, 0.011778519, -0.004022287, 0.0060473583, 0.015867922, 0.01817911, 0.0017260016, 0.016810765, 0.0013285445, 0.0007092544, -0.0035570865, 0.010492306, -0.01747105, 0.012363689, 0.0038785217, -0.00043769478, -0.021512209, -0.0100374445, -0.013227967, -0.015001308, 0.0034484034, -0.003379509, -0.018419947, 0.008830925, -0.0011405351, -0.00061791873, 0.015073344, -0.013356627, -0.010538193, 0.013808502, 0.0032327678, 0.0145072155, 0.004462314, -0.017917834, -0.015295106, -0.02873, -0.0017179208, 0.02547528, -0.006756136, -0.026028737, -0.005051002, -0.0010213095, -0.027595092, -0.016058257, -0.00367443, 0.022734985, 5.7488483e-05, -0.0088743325, 0.023940913, 0.006410256, 0.0012449612, 0.0035347834, 0.01068245, 0.0105535425, -0.011535581, -0.0141590675, 0.010695722, -0.003382524, -0.0067359726, -0.020547537, 0.00044961742]"
Asi se unen medios de todo el mundo al llamado de RSF para exigir fin a asesinatos de periodistas en Gaza,https://oem.com.mx/elsoldemexico/img/25522769/1756736512/BASE_LANDSCAPE/1200/image.webp,MUNDO,no descripcion,https://oem.com.mx/elsoldemexico/mundo/protectjournalistsingaza-medios-de-todo-el-mundo-se-unen-al-llamado-de-rsf-para-exigir-fin-a-asesinatos-de-periodistas-25520205,"[-0.0062410934, 0.0023898077, 0.017691035, -0.07153562, -0.019829454, 0.0035272893, -0.026064258, 0.016102102, 0.02325435, -0.007827043, -0.026395911, -0.01529638, 0.0037994876, -0.003198486, 0.09343198, 0.020563796, -0.013845046, 0.0019289033, 0.0007420123, 0.032866914, 0.02225317, -0.026737375, 0.00047673512, 0.007387869, 0.016366147, -0.034522377, 0.014765401, -0.024872638, -0.0063173375, 0.002278573, 0.0013230549, 0.008223501, 0.03545829, -0.0012781201, 0.010361946, 0.0044630305, 0.0031995499, 0.013108799, 0.002081912, 0.025300251, 0.0045475676, 0.04260588, -0.013825826, -0.005462883, -0.015547303, -0.001011679, 0.016164383, -0.03158784, -0.02809773, 0.02395295, 0.035514347, -0.007661253, -0.043655585, -0.17086072, -0.0054677892, 0.016459927, 0.01861674, 0.034430284, 0.027573884, -0.0122751305, 0.025407694, 0.033555478, 0.0072411434, -0.06517752, 0.008724244, 0.014677028, -0.017075894, 0.020668576, -0.024817938, -0.0022567862, -0.0114610465, 0.025592588, 0.017818477, -0.027365128, -0.008175811, -0.014411319, 0.0076845246, 0.0018633371, -0.015856307, 0.0133292815, -0.02306337, 0.00460573, 0.0041320683, -0.019138401, 0.014506678, 0.0038564713, -0.008318849, -0.024280252, -0.0017247181, 0.029640395, -0.011798259, 0.021863231, -0.018398836, 0.0061973087, -0.019034047, -0.018355709, 0.0134207, 0.006449353, -0.00637504, -0.01203823, -0.0028910076, 0.0032446382, -0.001868254, 0.0062986533, 0.0076331035, 0.01928248, 0.04092311, 0.023857096, -0.01467, 0.024128368, 0.019883383, -0.026243102, -0.027338963, 0.005384923, 0.014006625, -0.1407632, -0.021171985, 0.032850817, -0.01950497, 0.00091227266, 0.0032647394, -0.0049383985, -0.03544654, 0.018475084, 0.023387907, -0.003890751, 0.0032716454, 0.011754035, 0.0029960126, 0.002573405, -0.01728118, -0.017640326, 0.02783666, -0.006420748, -0.0071120583, 0.0067922347, -0.024122652, 0.026664652, -0.0057903957, 0.0024875577, -0.012108445, 0.008782247, 0.03127499, -0.035879705, 0.0045605986, 0.011234511, -0.031779267, 0.009254925, 0.01962672, -0.003674043, 0.018023832, -0.013534079, 0.015958974, 0.0065644425, -0.0061329403, -0.032064393, 0.008422851, -0.021244388, 0.009585212, -0.002517383, 0.00060406607, 0.03817385, 0.008847131, 0.01351293, 0.022727877, 0.0006004567, -0.02444702, 0.004147954, 0.0110821165, 0.0107812565, -0.026993241, 0.006379287, -0.008825939, -0.02176191, -0.01686849, 0.0062347846, -0.012455559, -0.0008026243, -0.008123126, 0.029320743, -0.041209623, 0.0130984215, 0.02089407, -0.008352834, -0.019134251, -0.010275652, 0.005859705, 0.015761718, -0.010641737, 0.021559738, -0.0133272465, 0.008762863, 0.0071874056, -0.024320355, 0.019965792, -0.042163555, 0.010083918, -0.01301847, 0.021922903, 0.019224204, -0.008054195, 0.008487514, -0.003625386, -0.0028518136, -0.027729059, -0.034227144, -0.01712651, -0.016885, 0.004243454, 0.014979909, 0.009970287, 4.3832857e-05, 0.014753112, -0.047809407, -0.007999806, -0.0109821055, -0.038741134, -0.0070837233, -0.014752696, 0.011633937, 0.031760994, -0.027467927, -0.006446175, 0.00826908, -0.0017649251, -0.02456075, -9.3159324e-05, 0.0023595318, 0.009967304, 0.002793528, 0.012915474, 0.014079041, 0.02998645, -0.013081416, -0.0055497116, -0.008325994, 0.016787002, 0.017933693, 0.008517819, -0.033276677, 0.005532019, 0.010158888, -0.0041708876, 0.0050520813, -0.006875956, 0.025393747, -0.014325294, -0.010976108, -0.0008306309, 0.031362828, 0.0048129903, 0.0060871327, 0.018953828, 0.0002380378, -0.004449323, 0.0068631424, 0.040584832, -0.010083174, -0.008601703, -0.022592697, 0.0014418513, 0.001040502, -0.023574805, 0.014887029, 0.02243462, 0.0043301405, -0.0017365388, -0.00374348, -0.029169714, 0.00843731, -0.014167218, 0.022349939, 0.00029637528, -0.006033431, -0.0053698597, 0.02359094, -0.052857876, 0.027626306, 0.017887427, -0.010822226, -0.007915487, 0.0144719845, -0.013613964, -0.008708821, 0.023750352, -0.022020424, -0.007248117, 0.009579371, -0.0022175703, -0.0051771966, 0.019536722, 0.00072073465, 0.014140176, -0.019206215, -0.003534748, -0.006283536, 0.015718536, -0.017444322, -0.019886544, -0.0021399325, 0.007894991, 0.021745687, 0.0034154954, 0.03240135, 0.015473083, -0.019177966, -0.024706094, -0.006768712, -0.017006703, -0.0053562666, 0.00042254728, -0.005069492, -0.030843947, 0.021082385, 0.0033027276, -0.019674174, 0.030123536, -0.008005778, -0.028164977, 0.031325266, -0.029395038, 0.002745485, 0.011130278, 0.005043438, 0.0061044204, -0.0071704797, -0.01874894, 0.019108957, 0.021099538, 0.025513507, -0.009983107, -0.002542254, 0.032556962, 0.036147922, -0.020469597, -0.008151233, 0.0033857077, -0.033463106, 0.015430966, -0.0049264757, 0.02405068, -0.02921377, -0.013346296, 0.015506692, -0.03187377, 0.03296718, 0.01589567, -0.0046962225, 0.01253287, -0.025446827, 0.010150081, -0.0031706498, 0.036462154, -0.015948862, 8.281509e-05, 0.027269268, -0.015847873, -0.006307688, -0.013145261, 0.029839793, 0.005331746, 0.01948348, -0.011191945, -0.0054679993, -0.0057664183, -0.020718323, -0.012731185, -0.022416286, -0.025010433, -0.019718714, -0.0073997434, 0.003778451, -0.02559322, 0.013218853, 0.013741258, -0.022782203, -0.0045621456, -0.0023270184, 0.0020432896, -0.0077450466, 0.027630622, 0.0014824396, 0.02483562, 0.015771523, -0.013446236, 0.011119948, 0.026371505, -0.016192287, 0.025212334, 0.011345121, 0.020608075, -0.005733992, 0.0050208163, 0.010085598, -0.013302168, -0.0069615417, -0.015944263, -0.014647471, 0.012690615, -0.016454237, -0.011192008, 0.005079352, -0.025525132, -0.011145702, -0.024107208, -0.012805352, -0.01658308, -0.020110846, -0.008198246, -0.015141756, 0.008631085, 0.004217603, 0.027125502, 0.01335464, 0.028668193, 0.017628241, 0.026251815, 0.0054950663, -0.0020055168, 0.025289329, 0.007346462, 0.0057107275, 0.016922353, -0.0050873933, -0.022138113, 0.010853053, 0.03593502, -0.024477871, 0.023107313, -0.006712532, -0.030242901, 0.01016885, -0.0156788, -0.004741462, -0.006324242, 0.00075561274, -0.0018383112, 0.0068054064, -0.008544075, 0.0091368845, -0.035035443, -0.013803839, -0.004912462, 0.004749556, 0.02046374, 0.0042198594, 0.01444937, 0.006779581, -0.031110587, 0.0047023105, -0.0007502882, 0.004632679, -0.0033803051, -0.01590233, 0.0052292766, 0.008066712, -0.026805552, 0.005821398, 0.0040053646, 0.00021989747, -0.004784039, -0.018145252, -0.015445237, 0.020410836, -0.01506774, -0.0067631165, -0.019524686, -0.014627383, -0.0043780184, 0.033759877, 0.0012370673, -0.031782493, -0.027153077, 0.0013528644, -0.0034458528, 0.0126815615, -0.031183513, 0.025964936, 0.011683694, -0.02232933, 0.007010402, -0.004755553, -0.013945572, 0.0011900311, -0.011965193, 0.018406693, 0.014875614, 0.013758241, 0.011891613, -0.028173165, 0.016544882, 0.0097454395, 0.016451087, -0.02267909, 0.0015046446, -0.0194286, -0.007043237, -0.015492885, 0.016378857, 0.006497891, -0.027078897, 0.016670447, -0.009223221, -0.0012975854, -0.022855558, -0.005975571, -0.014688063, 0.015181996, 0.024468502, -0.008675475, -0.011827126, -0.0028245966, 0.018606612, -0.007844418, -0.023222774, 0.023167454, 0.0043018144, 0.023095476, -0.014253672, -0.023608075, -0.043478437, 0.0034809194, 0.0046452605, -0.03199983, -0.01483224, 0.0057674716, -0.009484937, 0.0026377318, -0.0048333257, 0.036861, -0.029925285, 0.012973235, -0.009305857, 0.021476774, -0.014695795, -0.008258937, 0.0067206095, 0.018030116, -0.0077518383, 0.009678211, 0.0044303634, 0.0001791158, -0.017454762, 0.0053306352, 0.02266103, -0.070023954, -0.014981975, -0.024669867, -0.0057448614, -0.03269867, -0.001538673, -0.011855619, 0.017383568, 0.01702233, 0.0032331191, -0.009271841, -0.030664107, 0.020800387, -0.013344454, -0.027734289, 0.009786936, 0.014434437, 0.015430688, 0.032652896, 0.0133647, 0.015446326, 0.018145975, 0.024559995, 0.008307207, 0.018325128, 0.023013353, 0.009296706, -0.027028589, -0.004101204, 0.02727932, -0.0019505508, -0.009642021, -0.032942142, 0.0075504524, 0.0075229458, 0.011322002, 0.0051922794, 0.0043057976, -0.0013509972, 0.010321296, 0.033841938, 0.01080512, -0.011524897, 0.00794375, -0.023227569, -0.005355956, -0.015670711, -0.0023368353, 0.018341526, -0.02219674, -0.0034227814, 0.0031796503, -0.0039892816, -0.0019345651, 0.01507287, 0.0067864885, -0.015851274, -0.0010004637, -0.015333846, 0.017596157, -0.009430383, 0.0008756293, 0.002919776, 0.009061632, -0.007389167, 0.001644535, -0.012180646, -0.0043348605, 0.012793624, 0.01318529, -0.00077513495, 0.009690539, -0.0020147888, -0.015123719, -0.00010410246, 0.011918057, 0.017524574, 0.008805294, 0.024912294, 0.003072007, -0.01895432, 0.0069534513, -0.10885834, 0.025440719, -0.031928428, 0.00473345, 0.0027036176, -0.017658236, 0.020373773, -0.033370506, 0.026231553, 0.020853154, -0.04351987, 0.0065402514, 0.026706168, -0.028447112, 0.018897703, 0.014061871, -0.014107181, -0.02851801, 0.0022674182, 0.0020387566, -0.009273001, -0.03631681, -0.007215533, 0.00041504324, -0.0021554362, 0.018099165, -0.0010695924, 0.011766261, 0.012247169, 0.011047936, -0.0063094688, -0.124437734, -0.017337045, 0.024925731, 0.017195271, -0.00021019651, 0.00088206725, 0.011068128, 0.011181096, 0.013011297, 0.011187914, 0.02423288, -0.021114511, -0.035536442, -0.0029773305, 0.018209435, 0.09885456, 0.019575654, 0.011493506, -0.007970715, -0.0125679495, -0.010331181, -0.007045855, 0.016833687, -0.018768385, 0.011873911, -0.019041402, 0.03680992, 0.009229067, -0.00786963, 0.0053521935, 0.0014850248, 0.0141782, -0.015196954, 0.016306942, 0.031185858, -0.0013921793, 0.0108122425, 0.0029603455, 0.021303508, -0.02224052, 0.007543057, 0.03413885, -0.009810986, -0.0030551115, -0.021284765, -0.012890061, -0.026949584, 0.010653548, -0.009759762, -0.003996145, -0.015373262, -0.07703493, 0.042363297, 0.0069610174, 0.004081921, 0.025426133, -0.0019114373, -0.0070613082, -0.018191634, -0.018001892, 0.018100217, 0.015982859, 0.031764552, -0.006514738, -0.016456103, -0.012434632, 0.014385038, 0.0044826027, -0.013684975, -0.009269984, 0.022400381, 0.0301148, -0.005201793, -0.017740516, -0.0046100705, -0.019273698, 0.0010088269, 0.00878391, 0.03529624, 0.00087283814, 0.025638964, 0.0064070323, 0.0376558, 0.018689385, -0.0025682326, -0.027742596, 0.015202515, -0.012927724, 0.0023284447, 0.0134648, 0.04892783, 0.004998811, 0.014895034, 0.0025323243, -0.011083121, -0.037969112, 0.02880015, 0.0127196545, -0.016205847, -0.008690145, -0.006609001, -0.010296668, -0.032567512, 0.02082573, 0.001098474, -0.0012052482, 0.005364494, -0.026695237, 0.030844571, -0.01870263, -0.012498397, 0.00071420416, 0.0074698417, -0.025367172, -0.0025012102, 0.010667628, -0.006307469, -0.0061725206, 0.004857044, -0.00410565, 0.007517727, 0.0038003009, -0.0053031957, -0.0036670414, 0.007842053, 0.0013014585, -0.0013434367, -0.011247255, 0.007729446, -0.058714774, 0.013735378, -0.0069283876, 0.0115291905, 0.0046225884, -0.015291468, -0.0063204914, 0.012071806, -0.009455385, 0.016156806, -0.019088268, 0.014130382, -0.0048802993, 0.0031011594, -0.022079872, -0.009871479, 0.008688945, -0.00030536106, 0.001880042, 0.0007223717, -0.01947465, 0.012355016, 0.0010342185, 0.015036644, 0.0078653535, -0.008536209, -0.0039052528, 0.0055504953, -0.021751529, 0.010101496, -0.010672802, 0.0030843546, -0.012892223, 0.020610163, -0.011713705, 0.0011986785, -0.008109107, 0.009272652, -0.015644096, 0.00094907783, 0.0024095504, 0.00096912857, 0.0021617177, -0.00063142914, 0.0038646436, 0.0046504405, -0.002774463, -0.026705116, -0.008717678, -0.013125044, -0.008934549, 0.004384542, -0.007109018, 0.016569415, -0.008334964, 0.008406345, 0.010139175, 0.003988338, -0.013667658, -0.00027663997, 0.018023496, -0.012593821, -0.01065893, 0.018455818, -0.016882276, -0.022591917, 0.005623895, 0.015155752, -0.015476034, -0.0048134658, 0.0044907387, 0.0132015785, -0.0023177725, -0.0049240645, 0.008898363, -0.011701703, -0.01786851, -0.0066502336, 0.015215432, 0.017082393, 0.018066505, 0.0027009377, 0.0030100143, 0.0029089602, 0.018883795, -0.01133643, 0.015146976, -0.020013629, 0.010421045, 0.0028875307, 0.021117514, 0.002943291, -0.017698657, 0.0025141095, -0.0033145263, 0.00660177, 0.019090027, -0.010858757, 0.0024392537, -0.019471161, 0.0118635865, -0.014384584, -0.013230961, 0.027864555, 0.00044744342, -0.0071859555, -0.0040635364, 0.0039160363, 0.009864945, 0.010718415, 0.010134311, 0.0047079213, -0.012520906, -0.016844131, 0.014971248, 0.021069802, 0.0008023522, 0.009531924, -0.009499945, -0.025604498, 0.014216213, 0.0023787406, -0.0093304245, 0.006510999, 0.005163854, -0.0018945977, -0.005603119, -0.015701286, 0.0060488875, -0.00075913407, 0.0011327947, -0.024506079, 0.0071769496, 0.004457515, -0.0014190051, -0.0045269905, -0.002617888, 0.0040987963, 0.0020052087, 0.0020312674, 0.025137058, -0.0087062605, 0.0043295994, 0.0011644408, 0.021061705, -0.0066923276, -0.0022584691, -0.023665939, 0.0032887005, 0.0032308223, -0.010444681, 0.0053248405, -0.0018605238, -0.013648339, -0.011920913, -0.020888887, -0.031745788, 0.00537624, -0.006754585, 0.0030285784, -0.035507303, -0.023715813, 0.010364953, -0.019551896, -0.00036556364, 0.0051029474, 0.006316579, -0.01799838, -0.0047750343, -0.014714144, 0.008894881, -0.0016399594, -0.016285686, 0.024825146, -0.007261594, 0.017411396, -0.001451748, -0.006588823, 0.002495111, 0.017421216, -0.01109914, 0.078801416, -0.010480222, -8.694066e-05, -0.0027918085, -0.0056096534, 0.0077253943, -0.015596609, -0.018634006, 0.010705041, -0.0020817555, -0.012763037, 0.012170034, -0.0011423228, -0.015278005, -0.004116895, -0.0041420874, -0.005174321, 0.00031165816, -0.004941357, 0.016440997, -0.009663991, -0.0030409733, -0.002677704, -0.018514114, 0.0064847106, -0.015570084, -0.0074342424, -0.017185982, -0.002505502, -0.0076877065, -0.011349034, -0.004650253, 0.01127979, 0.011485781, -0.026847834, 0.001354463, -0.0036019806, 0.0070351777, 0.0069022714, 0.010250044, 0.005602566, -0.016588872, 0.005424068, 0.0010228303, -0.0032871012, 0.0067188647, -0.006158792, 0.0083730845, 0.0041639614, -0.002957628, -0.0061749197, 0.003807569, -0.014650986, -0.009291567, -0.017782701, -0.0010659259, 0.0027693762, -0.0059441905, -0.0051942626, -0.015748613, -0.008519291, -0.013174586, -0.008743046, 0.009639292, 0.00366625, 0.0010540877, 0.0042810505, 0.00090573484, -0.00031996108, -0.007530849, 0.016017836, -0.01262622, 0.0012391265, 0.008364655, 0.020169359, -0.0025194439, 0.0042476635, -0.008718396, -0.0026974413, -0.012359208, 0.0021991415, 0.008990471, -0.017505478, -0.0023282887, -0.009918668, 0.010868855, -0.003826653, -0.0075749042, -0.0009531601, 0.00902121, 0.02033406, -0.00052406563, 0.012081349, 0.019330377, 0.0031432048, -0.010438584, 0.060409818, -0.005256281, -0.0009739061, -0.00783143, -0.011920679, -0.013840361, 0.0069923825, -0.011698122, 0.0018997603, 0.022753553, 0.0087924255, -0.012964897, -0.017338667, -0.0025144685, -0.0016132086, -0.015353306, 0.0007260354, -0.0040358375, -0.017885443, 0.012125267, -0.011257149, -0.0013911034, 0.005425619, -0.005817268, 0.0062095337, 0.008308291, -0.0075768027, 0.019567909, -0.015864568, 0.002975236, -0.0030209196, 0.0040765377, -0.0006868774, 0.01830801, -0.013191022, -0.012902067, -0.001441764, -0.012421854, -0.0064976504, 0.0017218922, 0.0024415755, -0.008875292, 0.010977864, -0.0076093203, -0.011991976, -0.017678078, -0.0037100494, 0.020431383, 0.013915, 0.01839123, -0.003916063, 0.025436658, 0.007745616, -0.005780703, -0.007487722, -0.0008076611, 0.0071051456, -0.022371123, -0.029968366, 0.009338098, -0.0050171083, -0.0016391011, -0.010114188, 0.008642092, -0.0063452413, 0.01641882, 0.014059188, 0.0024044842, -0.0027015735, 0.02836831, 0.002300286, -0.0032158156, -0.0132172005, 0.014414643, 0.009722461, -0.006213325, 0.015055734, 0.0210649, -0.001106565, 0.006465712, 0.0069539165, -0.032645766, -0.0010840147, 0.0129671665, 0.0064809644, 0.0070667258, 0.00534745, -0.0024830492, 0.015431151, 0.009089216, 0.020388167, -0.011774633, 1.0334086e-05, -0.0179832, 0.0017250893, 0.006742238, 0.0064272447, -0.01791599, -0.0013215417, -0.00782081, -0.015283554, 0.009250503, -0.002311811, -0.00078367826, -0.0040691635, -0.014275219, 0.015113729, 0.0011135126, 0.011649783, -0.00483209, -0.006185244, 0.0042581577, -0.0025542965, -0.0031949007, -0.002736027, -0.011935259, 0.009222825, 0.015619196, -0.0024828482, -0.003917145, 0.0022260535, -0.0040441076, 0.0032149868, -0.0051328447, 0.00053698296, -0.007683685, 0.0034538028, -0.02273971, -0.002904162, 0.002040976, 0.010977685, 0.0038449983, 0.0026549106, -0.009450358, 0.002793857, 0.019968107, -0.0018328864, 0.0148248775, 0.015374561, 0.0061023254, -0.018650755, -0.027219309, 0.02563742, -0.0047030533, -0.017766511, -0.006335045, 0.0019950238, -0.002566342, -0.013944879, 0.0017566641, -0.0075004003, 0.00060078414, 0.0065251016, -0.014172362, 0.00036541748, -0.0045897234, 0.012165022, -0.0063793664, -0.000368656, 0.0032472366, 0.0024785576, -0.039378937, 0.00227027, 0.014293629, 0.02453581, 0.0018420903, 0.006583583, 0.012176198, 0.009216636, 0.015895724, 0.014447349, 0.004381157, -0.012281561, 0.0039103436, 0.006754344, 0.0066922097, 0.0017201633, -0.0013530251, -0.006387875, 0.012654383, 0.00552786, -0.00762421, 0.007014858, -0.0032459344, 0.012475968, 0.007023285, 0.020991717, 0.0011938001, 0.01185313, 0.017211564, -0.00053387886, -0.00017565307, 0.00028774305, 0.010554161, 0.005678512, 0.0060845343, 0.002643241, 0.020159397, -0.0045570536, 0.0035731653, -0.011190063, 0.0171689, -0.012603018, -0.009250638, 0.010655314, -0.003986001, -0.020433446, 0.011671385, -0.013119688, 0.000523166, -0.0141312545, 0.0031384246, 6.768026e-05, -0.004326585, 0.009123812, 0.006424792, -0.0075245886, 0.010532162, 0.013011838, -0.0022785915, -0.020201778, -0.0035413806, 0.002407102, -0.004010535, 0.013229363, 0.0066291825, -0.0005016173, -0.010744823, 0.0015552146, 0.016630713, -0.012284616, -0.0028670595, -0.0070063495, 0.0031660616, -0.00424537, 0.0064503923, -0.015872035, 0.022238549, 0.009405664, -0.00039058377, -0.01726997, -0.0112693, 0.0041583264, 0.020150054, 0.0038609616, -0.018617002, -0.004853736, 0.007487451, 0.0065600444, -0.025059644, -0.0030926915, -0.005889385, -0.024082914, 0.010236211, 0.0054132547, -0.02733814, -0.010840868, 0.021644602, -0.0016526376, 0.00929455, 0.010557728, 0.005465837, 0.007764558, 6.620981e-05, -0.0018835969, 0.013709383, 0.015843473, -0.014439231, -0.0027635836, 0.021996042, -0.0051468676, -0.0015789286, -0.014940406, 0.016319271, 0.024861991, -0.006316954, -0.0037911483, -0.0008501485, -0.008044035, 0.0016541777, 0.0031382395, 0.0072355364, 0.001462134, -0.011180228, -0.0023000855, 0.0012599145, 0.029448695, 0.0017721253, -0.005588155, 0.014334695, 0.0041252826, -0.0097489, -0.00023836958, 0.018229343, 0.007711759, -0.0016442398, 0.020866988, 0.014879239, -0.0076976563, -0.0035137325, -0.0046698176, 0.015130464, -0.005534819, 0.0013059869, -0.018824948, 0.019174406, 0.0066654007, 0.012289332, 0.019580843, 0.009645164, -0.0151111875, -0.016739223, 0.01817702, 0.019019093, -0.0032612036, -0.001982753, 0.0022848474, -0.0012650575, -0.00085826276, 0.0031613125, -0.006783222, 0.00039186233, -0.0038305202, 0.005507962, 0.0044844523, -0.003210188, 0.009860022, -0.0068108304, 0.0006547635, 0.004167931, -0.010706966, 0.015279627, 0.003467501, 0.008116329, 0.0074403193, -0.0026225357, -0.0111944415, 0.0034958527, 5.2011786e-05, 0.0069183777, -0.005974207, -0.018213442, 0.018194892, 0.017877024, -0.006638032, -0.0137552805, -0.018395944, -0.0031902632, -0.011613276, 0.0009817736, 0.012413683, -0.009911653, 0.0018197333, -0.0040864255, -0.00809869, 0.0006200498, 0.011036225, -0.0052630426, 0.0023449715, -0.011583717, -0.014601868, -0.010946157, -0.004896075, 0.013772578, 0.020388307, -0.0054480215, -0.08989829, -0.0055234446, 0.0019766004, 0.007505443, -0.00047738708, 0.009522477, -0.013841271, 0.012071336, -0.022287551, 0.018566972, 0.002012408, -0.010213696, -0.0061830357, 0.019468164, -0.010500383, 0.01064733, 0.0050922497, -0.002802001, 0.0071038255, 0.0025271352, -0.011447696, 0.008069917, 0.0031562946, 0.020462643, -0.0010000577, 0.009772368, -0.0023806111, -0.00562112, 0.021599872, 0.0051148436, 0.0026849415, -0.01612579, -5.7969068e-05, 0.004953719, 0.013784476, -0.010653315, -0.0075162994, 0.0087752035, -0.13439274, 0.028170895, -0.0059939036, -0.0033211017, -0.01315358, 0.014440618, -0.013090574, -0.00042994664, 0.004315962, -0.0060923556, 0.0058954256, -0.008761644, 0.007258808, 0.004377131, 0.010560136, -0.001763691, 0.005855451, 0.009118681, -0.012329979, 0.009400924, -0.021154333, -0.01928717, -0.012173602, 0.0006157322, -0.001799537, 0.016090997, 0.004156424, 0.0038130183, 0.019473419, 0.018072592, 0.008064486, 0.019663427, -0.01737911, -0.0041294266, 0.000506021, -0.022665892, -0.020704923, -0.003243913, -0.000706815, 0.002419815, 0.032209527, 0.004614634, 0.017097773, -0.0026860547, -0.0025952247, -0.00894288, 0.00082261435, -0.010691343, -0.00053430564, 0.0012132586, -0.0014597094, -0.008288082, -0.009605231, -0.008333722, 0.005701057, -0.008930002, 0.0012055504, -0.009208896, -0.010876321, 0.016343521, -0.004012766, -0.0057698404, 0.0004534051, -0.003812227, 9.408914e-05, -0.008178892, -0.0044051944, -0.019785443, -0.00977258, 0.0076455623, 0.027321689, 0.024550816, 0.0003518914, 0.0073891743, 0.004910587, 0.002649364, -0.0008819263, -0.002336435, -0.0014293451, -0.008412807, 0.008715668, 0.007494072, -0.02474057, 0.0015136788, -0.0010149347, -0.018243333, -0.0014875748, 0.006916782, 0.0048531597, -0.04715627, -0.004765838, 0.0010840171, -0.0022926526, 0.032239072, 0.014253531, -0.016057376, -0.0020521826, 0.019148054, -0.016130282, 0.013442679, -0.0027175243, 0.013828072, 0.025253195, 0.016387478, 0.000947838, 0.007992325, -0.010974981, -0.011672385, -0.0015148192, -0.013125381, -0.010015609, -0.0030414395, 0.007932047, -0.0063643996, 0.030763283, 0.0053844606, -0.006342101, 0.006930275, -0.0018974434, -0.015043227, 0.021635287, 0.0030094068, 0.012412704, 0.0012970554, 0.032510232, -0.0061680553, -0.006728462, -0.0009926036, 0.022020008, -0.008464856, 0.0021719416, 0.016397601, 0.0040681534, -0.0017652226, 0.018926995, 0.008213135, 0.005893834, 0.010525933, 0.03288065, 0.004752205, 0.017642561, 0.031796385, -0.012071629, 0.021572994, -0.024956683, 0.007852692, 0.0017391137, -0.0076181884, -0.013627336, -0.0101182135, 0.006680057, 0.011970732, 0.010073463, -0.004216249, 0.01932527, 0.011818954, -0.0105179, -0.012653049, -0.0026251292, 0.00071957184, 0.00547134, 0.021269673, -5.5838056e-05, 0.011311469, -0.0025930859, 0.020297207, -0.023496345, 0.014434344, 0.0039385865, 0.002914787, -0.0071249288, -0.027432349, 0.009270714, -0.0112280175, -0.03200074, -0.020053467, -0.014232761, 0.03187791, -0.0006451176, 0.006079416, -0.015530693, -0.003625179, -0.005772297, -0.013465839, 0.003893735, -0.0007147126, 0.026553001, 0.0036915923, 0.009515686, 0.03196802, 0.019492613, -0.0024751946, 0.018335044, -0.021542644, -0.015129421, -0.009411991, -0.0013170681, -0.017736841, -0.016243367, -0.003237841, -0.0066282516, 0.006651426, -0.0016147714, -0.17996809, -0.011719477, 0.0075015114, -0.018001223, 0.02085142, 0.01040858, 0.00930603, -0.0020689708, 0.014025545, -0.020361135, 0.012281894, 0.0017543086, 0.004983822, 0.010255229, 0.031279203, -0.020631, 0.0233654, 0.00032287, -0.010901977, -0.0059327083, -0.032751806, -0.003296543, 0.013422736, -0.015644584, 0.018469833, -0.028885087, 0.0043419516, 0.016688153, 0.019439762, 0.014422837, 0.0066166543, -0.011489984, -0.020387474, -0.005955001, 0.002409763, -0.0069265435, 0.0066230474, 0.019007843, 0.0029519813, -0.0056027565, 0.00868021, -0.010990346, 0.009543647, -0.007454253, 0.006059793, -0.01714809, -0.033712022, 0.0076748217, -0.016034491, 0.0064074197, -0.005951108, -0.006921777, -0.007135021, -0.0016478194, 0.0059480118, -0.003875975, -0.01326205, -0.019772368, 0.00626482, -0.037490785, 0.011772139, 0.021500833, -0.0159989, 0.015281511, 0.009464966, -0.0038645042, -0.00024150473, 0.13016881, 0.0067683575, 0.011073342, 0.011959903, -0.024204815, 0.010943918, 0.017226556, -0.021381939, -0.021614455, -0.020105954, 0.0049098544, -0.011594141, 0.02045272, -0.017132336, -0.0067491266, 0.0005398806, 0.010526537, 0.01179338, 0.009881181, 0.0087368, -1.5290572e-05, -0.0124815535, 0.0013797339, -0.0066289045, 0.0041950042, 0.0020915056, -0.024471339, 0.0051253294, 0.008815032, 0.021854738, 0.032512885, -0.022619838, -0.016839338, -0.01147809, 0.0019638094, 0.01480664, -0.02071264, -0.014029044, -0.0181445, 0.013431274, 0.009017009, 0.015365319, 0.0029303213, -0.033225246, -0.0007350994, 0.008296766, -0.0117431395, 0.01148331, 0.0064994125, -0.002443236, -0.025414126, 0.014369659, 0.0044880575, 0.0025762005, 0.0016052456, -0.03009852, -0.0024099385, 0.011238117, -0.004602811, -0.004075832, -0.0020961426, 0.0051452518, -0.013642704, 0.020345746, 0.02063907, 0.010479149, -0.019066572, -0.01151782, 0.015992703, -0.11220004, 0.0067377067, -0.009913149, 0.007311553, -0.0019476857, -0.0013824853, -0.011297374, 0.019639881, 0.021335406, -0.0079651605, 0.000819587, 0.019879265, 0.046398714, 0.0021951064, 0.012927485, 0.020074705, 0.0010945738, -0.0023900184, 0.021647288, -0.013167897, 0.013547313, 0.008388392, 0.0186804, -0.0041807014, -0.01705489, 0.016260725, 0.0045063323, -0.014749474, -0.010442211, 0.0051290267, 0.017535852, 0.026016777, -0.020063274, -0.011824535, 0.0016492448, -0.0031512373, 0.0069787935, 0.00096134347, -0.0034276457, 0.004297333, -0.0018245023, -0.0061942427, -0.02127116, 0.0031120775, 0.0075607747, 0.00020205064, 0.003899635, -0.007330308, -0.0064716176, -0.012585984, -0.016052045, 0.009591178, -0.0048539387, 0.015069588, -0.025101908, 0.032521676, 0.0073823016, -0.010684203, -0.013250047, 0.008962727, 0.007852329, -0.025708478, -0.0059319236, -0.007150775, -0.012119481, -0.0030458418, 0.0017999633, 0.003332116, 0.0123219, -0.0056601698, 0.0017118283, 0.017106267, 0.020041171, 0.016952276, -0.0017177085, 0.02645257, -0.004457221, 0.009070374, -0.018552242, 0.007986569, -0.020202588, 0.023379842, -0.00021136906, 0.0019089561, 0.072835796, -0.012783981, 0.0019289874, 0.0095957285, 0.0035026623, -0.029103862, 0.004764409, -0.0019579865, 0.0032567189, -0.013183955, 0.0073002893, 0.0068728086, -0.006536111, -0.005476109, 0.013168002, 0.006144436, -0.007719397, -0.009236043, -0.009463398, -0.008268618, 0.0032460892, -0.023466982, -8.30358e-05, -0.005233858, -0.0020234303, 0.0038466267, 0.00064173405, -0.0051856497, -0.0073804464, 0.008066614, -0.0003209132, 0.005757507, -0.011507926, -0.010560751, 0.007283999, -0.015895668, 0.021113794, 0.01676278, -0.00580703, -0.005466299, 0.001629469, 0.019755252, -0.0011955576, -0.009542523, 0.019944621, -0.0075926525, 0.024911268, -0.02529781, 0.005097093, 0.009605991, 0.010413229, 0.014852436, -0.008649139, 0.015483665, 0.0061582434, 0.013643386, 0.004909909, 0.023671163, -0.00339204, 0.032534987, -0.009167743, 0.0110969385, -0.012258872, -0.014944524, -0.016926158, -0.004231024, -0.0071277274, 0.0027551209, -0.022258623, -0.0016618209, 0.0094234245, 0.016253235, 0.01712044, -0.009914977, 0.003901853, 0.013010646, 0.00036852594, -0.008619588, 0.008342647, -0.017300658, -0.0013971161, -0.014296463, -0.007453347, -0.004285651, -0.012512977, -0.024627509, -0.005178958, -0.01206424, 0.002923838, -0.011307217, 0.0043053855, 0.033521425, 0.0013214033, 0.03594725, 0.0041388697, -0.0646201, 0.04428614, -0.010922735, -0.0026796616, -0.013142088, -0.010618649, 0.0059455065, 0.007401394, -0.009449254, 0.02155109, 0.0044208756, -0.01277219, 0.018649166, -0.01244849, -0.010133127, 0.014724613, -0.008039295, 0.00233487, 0.0105425855, -0.025296846, 0.0033225638, -0.0024966197, -0.0023065498, -0.0097628385, 0.015374997, -0.00070528395, 0.020793043, -0.0051488276, 0.006139433, -0.008484358, -0.0024267582, -0.0047045653, 0.021253025, -0.0067898934, 0.016263237, 0.045514047, -0.027037868, 0.0051380037, -0.013560822, -0.053839687, -0.00912621, 0.015214261, -0.030773578, 0.00084734603, 0.0067467084, -0.009273294, 0.0068109804, -0.01941066, -0.006271718, -0.015330965, 0.021467421, 0.0028537924, -0.009425722, -0.0039770985, 0.015615762, -0.02570303, 0.01025855, -0.004159587, -0.017612753, -0.012998454, -0.016026031, 0.001840257, -0.00958357, 0.008252041, 0.011830723, 0.0045111817, -0.005241305, 0.000943934, -0.0015287576, 0.011673256, -0.0018190923, -0.0137851825, 0.012216952, 0.0012180456, 0.01238033, 0.015807, 0.009070943, -0.041964047, 0.02019821, 0.02390243, 0.00031920004, -0.0030370723, -0.0015263305, 0.039919283, 0.007819845, -0.02662824, -0.013318659, -0.10643635, 0.027885402, -0.021129992, -0.0030583667, -0.009450538, 0.02103341, -0.013377055, 0.04426064, 0.005926376, -0.02429159, -0.013688328, 0.011561784, 0.022337023, -0.0042299167, 0.008235163, 0.0008166809, -0.019929055, -0.0017088626, 0.01963013, 0.0028034751, 0.003967066, -0.014661477, -0.0043085907, 0.019057618, 0.013119704, -0.049456254, -0.003730622, -0.022121463, 0.0005263455, 0.0004895898, -0.017624822, -0.01118763, 0.0034066834, 0.0052998913, -0.013252347, -0.012054889, -0.029322585, -0.001189185, 2.9128421e-05, 0.000493696, 0.011366469, 0.0009944056, 0.012009373, 0.0034630962, -0.007961852, 6.255237e-05, -0.010842415, -0.0021211163, -0.031691704, -0.016655007, 0.02462193, -0.02787719, 0.030434722, -0.0022723596, 0.022639293, 0.02089814, 0.013216648, -0.04244687, 0.01088467, 0.011466406, 0.004381723, 0.004298928, 0.012345516, 0.029202908, -0.02802357, -0.0022539755, 0.0030130195, -0.0024153483, -0.0005499107, -0.0046811583, 0.0024830066, 0.002909228, 0.007815698, -0.018438708, -0.0035044889, -0.015364621, 0.00046345586, 0.0029863466, -0.022231793, -0.016227024, -0.00040097482, 0.008697824, 0.009647359, 0.0097461175, 0.0085469475, -0.0065904297, 0.009319947, -0.0070140483, -0.0024604646, -0.00061596365, 0.006291194, -0.0059354175, -0.016887, 0.022052307, 0.011867734, -0.008290103, -0.007988238, 0.007907562, 0.004257747, -0.001710438, -0.005085048, -0.011875185, -0.010031245, -0.006219651, -0.01780791, -0.0030727717, 0.013027702, 0.0200781, -0.017902642, 0.0022766415, 0.030788202, 0.003927065, 0.0037478756, 0.021990463, -0.009937212, 0.0023424323, -0.00060043467, 0.006102287, -0.021292334, -0.011869788, 0.012634311, -0.018807804, 0.018355789, -0.008150232, -0.014940921, 0.007877705, 0.01901371, -0.014287076, -0.0039148806, -0.004323437, 0.006315231, 0.022615833, -0.0074944687, -0.0027983403, 0.005256649, -0.002970889, -0.0071788253, 0.027348863, -0.0013462749, 0.011901564, -0.0056274403, 0.0049966024, 0.0019581388, -0.009091933, -0.020799765, 0.0023170533, -0.005275974, -0.007657732, -0.016728794, -0.007281095, 0.009828878, 0.016984342, 0.0069327652, -0.0060628112, -0.031641163, -0.005396048, 0.01703175, 0.0031593833, 0.0038254366, -0.01113551, 0.010341363, 0.0026686692, -0.00086678076, -0.012252214, -0.013903268, 0.008889804, 0.004497022, -0.0048921905, -0.0023911993, 0.02241603, 0.024703177, -0.009986814, -0.01625627, -0.00014539761, 0.049957853, -0.016743666, -0.02086969, -0.0026569297, 0.007773206, -0.014095641, 0.002226147, -0.009086426, -0.016089043, -0.00026888403, -0.0038935815, -0.0022772953, 0.011434048, -0.010651414, -0.0035247304, 0.0074769324, 0.0045498013, -0.02397694, 0.014576179, -0.0026331234, -0.01275786, -0.015561566, -0.013291327, 0.0018250726, -0.010900167, -0.017052753, -0.009477592, -0.01307566, 0.02460216, -0.017785875, 0.008826118, 0.020569999, -0.015187064, 0.005058005, -0.029043559, -0.013515385, -0.0076584416, -0.0035688924, 0.010424872, -0.00030062237, 0.01650057, -0.0089865755, 0.022352511, 0.0147769535, 0.025594983, -0.001125532, 0.015844012, -0.0053372085, -0.00957694, -0.00415662, 0.009910952, -0.005621473, -0.023056693, 0.0121061895, -0.026505752, 0.007378448, 0.0015211882, 0.012511307, 0.011196688, 0.009814504, 0.00037240906, 0.00052472006, 0.0074310894, 0.030460402, 0.0007995033, 0.021808125, 0.023002012, 0.019359963, -0.003854025, 0.014276999, 0.0017249227, -0.006467208, -0.02309435, 0.018423833, -0.011225306, -0.0049210945, 0.0031843875, 0.0035613687, 0.0049401503, 0.007168611, 0.023308646, 0.010368745, 0.01689881, -0.027856823, -0.004430427, -0.01694182, 0.001492055, 0.007508631, -0.014759736, 0.020141747, -0.027559796, -0.020512821, -0.011947157, 0.00034124323, -0.0006587198, -0.012261357, 4.2062562e-05, -0.006718402, -0.014838451, -0.016756197, -0.0021403658, 0.026801394, 0.0029455407, -0.006798596, -0.014523611, 0.016610485, 0.0016656341, -0.020328568, -0.0011442907, 0.0032000106, -0.014079828, -0.006720914, 0.012523485, -0.0064685955, -0.0019510146, -0.021682091, -0.0020997343, 0.004648111, 0.014845556, -0.00814009, -0.0035353808, 0.019850763, 0.0018019048, 0.015851887, 0.0017882443, 0.0023147047, 0.034639392, -0.018335046, -0.033189442, -0.015151202, -0.029551808, 0.008966286, 0.0049544643, -0.003489141, -0.0037230612, 0.009867192, -0.0009693002, 0.007786331, 0.008284615, 0.0077754506, -0.005134843, -0.015176358, -0.010745721, -0.028475665, 0.0008916689, -0.011372243, 0.0032698982, -0.0042680767, 0.015087926, -0.009639568, 0.012857322, -0.01412131, 0.0068893954, 0.03168159, 0.013753875, 0.0045269104, -0.015771883, -0.018856857, -0.016968098, -0.007826518, 0.0059176735, -0.019912118, 0.006864125, -0.010524676, -0.012958266, 0.021557314, -0.0030023747, 0.012258715, -0.0034292184, 0.0011813181, 0.012892285, 0.03579627, -0.005233582, -0.003075976, 0.017294554, 0.0028686845, -0.0031013186, 0.01009516, -0.0100422, 0.008873516, -0.0356269, 0.005614278, 0.006079931, -0.00545257, 0.011992751, -0.013833662, 0.0028104056, -0.011613014, 0.010144795, -0.00931294, 0.015345143, -0.0075392765, 0.026470872, -0.010644914, -0.030657409, 0.025048546, -0.013256025, 0.0019170342, -0.0020048933, 0.01789466, 0.0012327019, 0.006002171, -0.004027945, -0.008121891, 0.005019376, -0.0022649108, -0.034666073, -0.0143266255, -0.0023913376, -0.03354847, -0.00257899, -0.013352935, -0.0044328985, 0.013720727, -0.004210846, 0.02468218, 0.0017710199, 0.0070400634, 0.018041156, 0.012697879, -0.011142903, 0.0054180063, 0.011683456, -0.014661938, -0.021568272, -0.00072790787, 0.004512658, -0.020621113, -0.003049536, 0.02156216, 0.005228597, -0.00026291856, 0.015318027, 0.009822213, 0.02397738, 0.008782867, -0.012450729, -0.015446203, 0.0022206584, -0.025291648, -0.008327879, 0.015332899, 0.015911289, 0.0008393286, -0.00069544086, -0.0009328737, -0.005779304, 0.0063193506, 0.0075599905, 0.0022124357, 0.0039892877, -0.014049202, 0.0029145135, -0.0115844775, -0.011308262, 0.014165968, -0.0018671082, 0.0034160723, 0.0065016435, 0.020288356, 0.025176845, 0.014145436, -0.017351985, 0.021058138, -0.004862389, 0.008077274, 0.028589992, 0.020764243, 0.004297215, 0.0065559205, 0.007388304, -0.0058552492, -0.007712751, -0.0062963585, 0.014129767, -0.006969218, 0.029310234, 0.009304161, -0.007859493, 0.0010216741, 0.0024702258, -0.015247421, 0.012161074, -0.016298404, 0.009132125, 0.015763465, -0.004148878, -0.012797616, -0.0008318777, 0.009062974, -0.05917959, -0.029508132, 0.017356642, 0.024904126, -0.029033177, -0.014620283, -0.029976074, 0.019936237, -0.007369923, -0.004236822, -0.016947825, 0.007251346, -0.024481826, -0.018977799, 0.014177784, -0.0071999053, 0.007482942, 0.009927175, 0.007650462, 0.028937764, 0.0011238904, 0.0079774745, 0.015676891, -0.013505386, 0.015217724, 0.0074643665, 0.014893171, 0.017104072, 0.0050889035, -0.014002851, 0.0130920615, 0.026764339, 0.026519818, -0.010339572, 0.009368674, -0.0012675542, -0.0019195962, 0.0043661096, 0.004269128, 0.003581011, -0.00030175215, -0.017357295, 0.010177425, -0.008686455, -0.023035478, -0.04093521, -0.00082125474, -0.0024150757, -0.0099832555, 0.00033780123, 0.0014062292, -0.021658253, 0.021609481, 0.00059205684, 0.0021798203, -0.011513881, 0.0039536436, 0.011354209, 0.0013079034, 0.014434131, 0.01886704, 0.0039205453, -0.005619761, -0.006843644, 0.018611645, -0.0032531102, -0.0023789592, 0.0011161944, 0.0107224295, -0.01124131, -0.008130992, 0.005834972, 0.009605724, -0.018244077, 0.0019724292, 0.018174712, -0.0057280255, -0.0042277407, 0.0034041798, 0.0053304876, 0.01775161, -0.0057462025, -0.0059646145, 0.012463309, -0.024920061, -0.021306837, 0.012841176, -0.008159484, -0.005904681, 0.0019294309, 0.008141351, -0.0056036348, 0.02242556, -0.00805316, 0.010417055, -0.011202253, 0.0011421065, 0.004967026, -0.0068482617, 0.0023868566, 0.0027312047, -0.0074850735, 0.023923935, 0.00531548, -0.0023724923, -0.02282723, -0.0058976063, -0.011712467, 0.019307472, 0.005778906, 0.016382035, -0.015322464, 0.0036507838, -0.001584062, 0.0086991135, 0.015472747, -0.012708128, -0.031598408, -0.0161825, 0.022818599, -0.01288338, -0.0071108094, -0.024736082, -0.002741498, 0.006283095, -0.0014552639, 0.010177755, -0.01473884, 0.020914428, 0.011596403, 0.0053499183, 0.0015017249, -0.020805348, -0.0007580795, 0.00043422607, -0.010907481, 0.01827709, 0.002223222, 0.013331045, -0.015974691, 0.008038641, -0.013207273, -0.00030910203, -0.009307835, 0.010131042, -0.01011338, 0.005999959, 0.03617404, 0.0044928887, 0.003373152, 0.010058219, 0.0050245896, -0.002754278, 0.0036219452, 0.009125334, 0.00762425, 0.0037937562, -0.0075573428, 0.012591132, 0.0032254588, 0.013217465, -0.016635213, -0.0046565123, 0.0083916355, -0.016632253, -0.0006137763, 0.014190544, 0.0035561854, 0.0137268845, -0.01091269, 7.779682e-05, -0.0036305962, 0.008375766, 0.012517087, 0.0151500795, 0.009312244, 0.01621841, 0.0036364063, 0.0136128515, 0.010587885, -0.0063974005, -0.0034015644, -0.008558408, 0.0091872625, -0.011026798, 0.022854418, 0.017699596, -0.001120036, -0.016722064, -0.0063178935, -0.01580372, 0.023797782, -0.012763171, -0.008020383, 0.032597635, 0.022401316, 0.028787028, -0.016766824, -0.00036374622, 0.016188616, 0.0025604372, -0.013299962, -0.010261376, 0.01566302, -0.005646317, -0.0011107965, 0.01026262, -0.018744787, -0.010880651, 0.031980567, 0.011589332, -0.006107041, 0.0066821673, 0.019942613, -0.0024662113, -0.0018573586, 0.010012425, 0.017297206, -0.0055891946, -0.022707768, -0.016214121, -0.025584336, 0.15959015, 0.12464464, 0.015379468, -0.01893723, -0.010834414, 0.0059661926, -0.012977972, -0.006113212, 0.011044075, -0.00032110958, 0.013718933, 0.003662849, -0.009524489, 0.0055779098, 0.005722101, 0.0059399903, 0.027800724, -0.005622671, -0.035991892, -0.015621186, -0.004065349, 0.013907226, 0.0048994427, -0.013541514, -0.02475825, 0.029563371, 0.0036610472, 0.0005511184, 0.015785322, 0.008405342, -0.004353847, -0.013280537, 0.004640686, 0.0070513557, 0.0031328357, 0.0020866063, 0.011085108, 0.013513952, -0.016259944, 0.008958577, -0.008012837, 0.0021508613, -0.0145457005, 0.0046265298, 0.031856384, 0.020283729, -0.020092744, -0.020373415, -0.019769603, 0.016261948, 0.0063931276, -0.014610867, 0.009860298, 0.022479003, -0.016499748, -0.01563376, 0.0067519033, 0.006591109, -0.018443365, -0.013405706, 0.0005538882, 0.006070378, -0.00073138427, -0.020174723, 0.0009576431, 0.01164869, -0.013657401, 0.0081860535, -0.006349971, -0.0037169473, 0.03491286, -0.01319717, 0.015016699, 0.007045449, -0.007618103, 0.0071506025, 0.02715078, -0.012107833, -0.01593164, 0.014077821, 0.010151923, -0.013107948, 0.0053312765, 0.011827831, 0.014806975, 0.017552612, -0.00996629, 0.027511884, 0.13417552, -0.018761382, -0.007661052, 0.011310759, 0.010784222, 0.010394984, -0.007713074, 0.08752994, 0.0053020306, -0.006853814, -0.0061965594, -0.0046122624, 0.010989806, -0.005422119, 0.0017177168, -0.00042630482, 0.012790751, 0.015281277, -0.008316778, 0.009907524, -0.015244193, 0.023671078, -0.018777126, 0.0017347323, 0.013522185, -0.0041163065, 0.0002016056, 0.008523853, -0.0030865674, -0.003945231, -0.0941957, 0.0044577126, -0.015406364, 0.010731319, 0.01114803, 0.039129596, -0.03452947, 0.007472708, -0.00046834708, -0.0067927013, -0.005486496, -0.0037729456, -0.0014158353, -0.032887682, -0.01927964, 0.01015921, 0.014349673, -0.011430702, 0.004673381, 0.005752128, 0.0025554805, 0.024042683, -0.0017661746, -0.013877204, -0.0063349144, 0.013229377, -0.015135265, 0.004116919, -0.01013275, -0.01247441, 0.0013638837, -0.0143156, -0.025962252, 0.0041289097, -0.002837409, 0.016875748, 0.01792661, 0.0060096234, -3.3665827e-05, -0.0075218184, -0.0012862596, -0.01695235, -0.032382354, -0.012003474, 0.006801286, 0.011320694, 0.011100444, -0.009608107, -0.0037658573, -0.00078056456, 0.0074915546, 0.019462096, -0.0026664913, -0.004032153, 0.009988274, 0.019519756, -0.004642298, -0.019217303, 0.012084327, 0.009817405, -0.03033914, 0.000268632, -0.013054378, 0.008052957, -0.017777983, 0.015979445, 0.006083373, 0.0018658219, 0.0054154512, 0.010380914, -0.0062392503, 0.015511383, 0.012297251, -0.0065493593, -0.007914155, -0.0045757354, -0.013589731, 0.016789053, 0.008798304, 0.01190477, -0.009868242, -0.006680839, 0.003525329, 0.104402974, 0.025447465, 0.0028079806, 0.012121312, -0.0024403508, -0.015253911, 0.024205957, -0.0034499606, -0.001742792, -0.0067309863, 0.00725517, 0.02185451, -0.0113194, -0.028629009, 0.009004014, -0.004471039, -0.007341046, -0.0004517958, -0.014494335, -0.018836102, -0.009027802, -0.01155562, 0.012641647, 0.001406928, -0.018972877, -0.013230886, -0.0101975035, 0.0015441407, -0.0038267127, 0.017723687, -0.00802678, -0.01244089, -0.0033170187, -0.009434468, -0.008592907, 0.005206463, 0.007963476, 0.017179087, -0.008815946, -0.024086492, -0.0067968736, 0.0067279204, -0.00953901, 0.00010054156, -0.034418885, 0.1812958, -0.018101472, 0.0108342925, -0.021614203, -0.01082274, 0.015105826, 0.0002569548, -0.012749758, -0.013905029, 0.015883943, 0.018705593, -0.018159097, -0.010222667, -0.0072860387, -0.009261107, 0.017793251, 0.012679946, -0.0063659344, 0.00665528, 0.028448606, 0.0008855229, -0.0047692, -0.042358812, -0.015854964, -0.017231174, -0.014661065, 0.008139683, 0.009061963, 0.022516986, -0.0023746581, -0.008312824, -0.014869792, 0.0073005822, -0.013272089, -0.017214902, 0.003769827, 0.013243713, 0.0026543997, -0.00740171, -0.009209023, -0.009261639, -0.0030220977, 0.0021752259, 0.015013634, -0.00028995532, 0.0071866997, -0.0034276051, -0.019748874, 0.0028839177, 0.008710907, 0.0070643467, -0.015167692, -0.005403962, 0.001695429, -0.01607137, -0.0075905495, -0.009252248, -0.0062165963, -0.015093314, 0.016161561, -0.0136631, 0.0028537288, -0.028035484, -0.011709928, 0.0054663694, 0.0156799, 0.005363958]"
¿Tienes fotografias o historias antiguas sobre Tlaxcala? Forma parte de esta exposicion en el Museo de la Memoria ,https://oem.com.mx/elsoldetlaxcala/img/25507599/1756733942/BASE_LANDSCAPE/1200/image.webp,CULTURA,no descripcion,https://oem.com.mx/elsoldetlaxcala/cultura/tienes-fotografias-o-historias-antiguas-sobre-tlaxcala-forma-parte-de-esta-exposicion-en-el-museo-de-la-memoria-25507586,"[-0.016044589, -0.014469759, 0.013283989, -0.08675022, 0.0035667222, -0.00067416567, 0.002039511, 0.013089834, -0.0058781956, 0.014933386, -0.03102698, -0.016815156, 0.0062317695, 0.01714453, 0.14615183, -0.012381608, 0.018237984, -0.004861521, 0.011674665, -0.001762542, -0.034364026, -0.026288858, -0.002518251, -0.0395635, 0.0049022394, 0.02477925, 0.006307076, -0.008158348, 0.018832449, 0.0010102075, -0.0083872825, 0.012377808, -0.028199138, -0.023336615, 0.0049912343, -0.0133349765, 0.033584096, 0.0046495823, -0.0022834167, 0.017949957, -0.021144109, -0.00844482, -0.01585219, -0.019563662, -0.010020597, -0.03953996, 0.016932786, -0.012079877, 0.008594968, 0.005246917, 0.022122314, -0.02100384, 0.025382893, -0.16868007, -0.01773197, -0.009347862, 0.027734663, 0.0293239, -0.0002131465, -0.025830235, -0.006380218, 0.031919084, -0.036165554, -0.032652166, 0.011212769, 0.0004568041, 0.008635603, 0.03199496, 0.0026309164, -0.012826511, 0.00059760676, -0.012840604, 0.025088603, 0.0031850943, -0.0010507574, -0.011205516, -0.0021997509, -0.010071281, 0.04844577, -0.00083551917, 0.0021363318, -0.000224822, 0.020852353, -0.005489195, 0.0051458715, 0.011184313, 0.022071688, 0.004877184, -0.00010139789, -9.6768155e-05, 0.02543549, 0.01608078, 0.014180417, 0.009606902, 0.022081815, 0.01050551, 0.027428044, -0.010318186, -0.04005008, -0.022335505, -0.01016026, -0.04032595, 0.014281456, -0.013890838, 0.013288863, -0.006444433, -0.012630294, -0.020108394, 0.0033462464, 0.033561043, -0.010305354, 0.00088447594, -0.017066985, -0.015608136, -0.010521455, -0.12598148, 0.02179161, -0.00509841, -0.032871917, 0.011241642, 0.026404146, -0.012672032, 0.009539209, -0.003364245, 0.012316685, -0.0045730644, 0.022317544, -0.004248761, -0.021771029, -0.014336891, 0.0057892026, -0.0014686818, 0.013073377, 0.011807273, -0.029406682, 0.004835279, -0.03595966, -0.018203666, -0.006095126, -0.010391991, -0.01001134, -0.005307615, 0.015378625, 0.0015975124, 0.011251408, -0.0030461464, -0.003414437, 0.0064968336, 0.016035821, 0.014702255, 0.026482599, 0.007053499, -0.0011495324, 0.010159016, 0.010432366, -0.024809321, 0.0038307009, -0.010373038, 0.020077696, 0.018021371, 0.006076544, -0.013673178, 0.010805589, 0.022280043, -0.009775989, 0.055906165, -0.012130656, 0.019238386, 0.002280419, -0.0018481981, 0.002470696, 0.006712329, -0.031252116, 0.0025768303, 0.009506212, 0.011655734, 0.018019393, 0.005920122, -0.015470519, 0.0027494843, 0.023119915, 0.030782437, 0.012321672, 0.017229313, 0.019348158, -0.021328988, -0.0058593214, 0.011895927, 0.021042159, 0.016360585, -0.021461722, -0.0058558937, -0.02470302, -0.01959795, 0.012042993, 0.010514772, -0.012384676, 5.8985825e-05, 0.0005309065, -0.0044604973, 0.011298049, -0.025833564, 0.014021782, 0.0076691043, 0.020107348, 0.026971148, -0.015689176, -0.013486604, -0.00088825007, 0.009384174, -0.019811181, -0.0011818765, -0.0072251656, -0.019630365, -0.005867698, -0.0030216984, 0.0005461916, 0.003655316, -0.013848402, -0.017747892, 0.01815678, -0.016264297, -0.0030054057, 0.0006027693, 0.004039504, -0.016067052, 3.0133939e-05, -0.017451895, 0.0008242819, 0.008422146, -0.007941388, -0.015030682, -0.0002697172, 0.012208109, 0.015116025, 0.0027473418, 5.5153858e-05, -0.0143487025, 0.020897353, -0.019144058, 0.011626104, -0.011625426, -0.0065356353, 0.01753927, -0.030045317, 0.023045985, -0.009645989, 0.02161065, -0.020729559, 0.006866897, -0.03532449, -0.022291426, -0.015827777, -0.0094798235, 0.0037469922, -0.013887668, -0.014093732, 0.012889847, 0.004453725, -0.025533076, 0.010675658, -0.015221564, -0.019679338, -0.016118536, -0.032448918, -0.020675382, 0.0032427649, 0.03386202, -0.03433894, -0.0039563696, 0.008025329, 0.007496393, -0.010964055, 0.014242199, -0.022377597, 0.00027431763, -0.058214135, -0.007947513, 0.028195193, -0.0027008478, -0.023472797, -0.010969523, -0.015690481, 0.0115823345, 0.013730786, -0.0011188796, -6.4827684e-05, -0.008012555, 0.0018149988, 0.013483425, 0.008793765, 0.018573495, 0.0062764385, 0.0027663887, 0.022170534, -0.028623708, 0.012606716, -0.028425151, -0.012479745, 0.0041920263, 0.0030973894, -0.029227616, 0.015064873, 0.022650372, 0.016736751, 0.0074432115, 0.0006269552, -0.042156413, -0.022862917, 0.0036610204, 0.007153228, -0.02042527, -0.012062547, -0.018463092, -0.012437616, 2.0024841e-05, 0.005287892, 0.020709107, 0.013443024, 0.030935163, -0.0003428845, 0.0076847337, 0.008271343, -0.016295934, 0.014277412, -0.0019675118, -0.0066920114, -0.0003846197, 0.005050848, 0.016355308, 0.010729405, 0.0052873194, 0.0220721, 0.012929972, -0.016297573, -0.0064024827, -0.014837205, 0.015008485, 0.028296452, 0.01900722, -0.019205717, -0.00879053, 0.02788221, 0.011215034, -0.0318075, 0.029004766, 0.010076025, -0.043094713, 0.00470222, -0.017581891, 0.004056314, 0.0069702147, -3.0087917e-06, 0.013442889, 0.009018064, 0.013657541, -0.01457346, 0.01309709, -0.012846095, 0.010736427, 0.028929206, -0.0019027947, -0.010524366, -0.0019961898, -0.010392841, -0.0009451616, -0.00015401498, 0.014935834, -0.009999498, 0.0032139325, 0.031541627, -0.0026634356, 0.014102307, 0.021180812, -0.008604712, -0.01298074, -0.02347348, -0.009563109, 0.0040565864, 0.003984294, 0.015857147, -0.010845281, 0.0040043676, 0.018394763, -0.0048256833, -0.008794094, 0.009063441, -0.0050264853, 0.03067704, 0.012449024, 0.011238075, 0.003212197, -0.016987206, -0.016768832, -0.019629745, 0.0025572372, 0.01633791, 0.016836205, 0.011171295, -0.020111434, 0.016855074, -0.0076476717, 0.013469425, -0.0014983687, 0.027955681, 0.03169035, -0.023812512, -0.017431758, -0.0041506244, -0.006116478, 0.029169735, -0.02016021, 0.04247793, 0.0219822, 0.049177367, -0.010647405, -0.011397346, -0.014484611, -0.024210637, 0.002133617, -0.021276977, -0.01042565, -0.02064624, 0.012642581, 0.011885119, 0.0010070307, -0.01638526, -0.038670905, 0.031358514, -0.016150825, -0.014918854, -0.029957583, -0.014105799, 0.019126084, -0.020516062, -0.0023106758, -0.028812503, -0.046056706, -0.018226271, 0.009471805, -0.020600103, 0.0044594794, 0.01615422, 0.014619112, 0.020753976, 0.02484507, -0.003244454, -0.0033460418, -0.023893721, 0.002425594, -0.0049820244, -0.0014035383, 0.0052336324, -0.00010168688, 0.001978357, -0.0075006927, 0.015645474, -0.015329081, 0.010641167, 0.0076902276, 0.0025102927, -0.0026987721, 0.0059105335, 0.021715356, 0.0027094625, -0.005785617, -0.0017671462, -0.0018487136, -0.0036863945, 0.0239868, -0.011453462, 0.0058620847, 0.022005947, 0.02392076, 0.0095183905, 0.038352456, -0.045381702, -0.014719577, 0.0010094574, -0.017614834, -0.022333836, -0.007492566, -0.021831512, 0.011566807, -0.011717455, -0.002168951, 0.00027121263, 0.019040702, -0.009785677, 0.008714298, 0.020925496, 0.014151093, -0.008763524, -0.020194225, -0.011795489, -0.030665, -0.038023267, 0.0123515, -0.00057709176, 0.014520529, 0.021409526, 0.02684063, -0.023599932, -0.010107982, -0.03663163, 0.016414948, 0.010344581, 0.0052925507, 0.003960788, -0.013352292, -0.008706909, 0.0010265303, 0.012325734, 0.021589145, -0.008447977, 0.028538456, -0.0032895883, 0.0068233972, 0.0059486385, 0.0037706513, -0.012589166, 0.01717959, 0.0025013178, 0.018380458, -0.0008950916, -0.005226704, 0.027948784, -0.021766612, -0.025048472, 0.01132814, -0.029625727, 0.00770749, 0.0002320257, -0.047825318, 0.03540185, -0.0089557115, 0.010274578, 0.003175385, 0.0037256924, 0.012463865, -0.012154181, -0.015648544, -0.04267575, 0.015232877, 0.008544706, -0.076070756, 0.0026727584, 0.0039677755, -0.051006075, -0.034497637, -0.005620714, 0.037790943, -0.0002783951, -0.010051701, -0.005794421, 0.0024300525, 0.006904556, 0.0018865515, 0.008428663, -0.007435579, -0.022252081, 0.011930567, 0.0134771345, 0.028916735, 0.0076966383, 0.010388949, 0.03603992, -0.007888069, 0.008331292, -0.011944369, -0.0027780232, 0.008859471, 0.0019629754, 0.014339907, 0.03467787, -0.011639319, -0.03862556, 0.0037807242, 0.0010908394, 0.011176974, -0.014638857, -0.02123695, 0.00202463, 0.008020533, -0.015986213, 0.01762287, -0.008733223, -0.013845046, 0.0068646357, -0.013604782, 0.006812644, -0.0007928483, -0.018860247, 0.011390419, -0.023590814, -0.03908162, -0.0020070611, -0.0061034933, -0.005416131, 0.008119474, -0.02647332, 0.0016520881, 0.0040979893, -0.036184777, -0.0005085236, -0.032116145, -0.0013387431, 0.024362065, 0.03232416, -0.009177355, -0.0014942201, -0.017714031, 0.024280732, -0.007846533, 0.002635082, 0.007721151, 0.019729683, 0.010577366, 0.010792735, -7.872825e-06, 0.006482205, 0.0092602465, -0.0146296425, 0.0074161896, 0.012069768, -0.013812709, 0.005169078, -0.09622681, -0.008762309, -0.000552376, -0.030623108, 0.0036860267, 0.024957323, -0.0093356455, -0.012637022, -0.0047193198, 0.006017881, -0.0076817796, 0.028036293, -0.0473401, -0.010613325, 0.002341665, -0.017613705, -0.0035809167, -0.03856393, -0.028464947, -0.03400776, -0.011617597, -0.004835, 0.021272544, 0.0025168776, 0.009038485, -0.0058560856, 0.007858762, -0.0026072368, 0.01999314, -0.03708852, -0.01989955, -0.13057871, 0.0021851952, 0.03791427, -0.003088341, -0.020622468, 0.0094327945, 0.009651747, 0.023327269, -0.012317005, -0.0002514104, -0.0028321347, -0.021930316, -0.014600332, -0.018410692, -0.0036610703, 0.10618766, 0.0290684, -0.004153299, 0.000655182, -0.021497304, 0.004141774, -0.024821775, 0.013491625, -0.024244634, 0.008545757, -0.005280923, 0.012646066, -0.0019030714, -0.021138605, 0.006299008, 0.00571514, -0.00871016, -0.01347526, 0.0222331, 0.005803487, 0.024728842, 0.010403669, -0.008003786, 0.022406047, 0.00583313, 0.015159285, 0.049355764, -0.019349609, -0.00031076756, 0.008892069, 0.01588763, 0.015642999, 0.028122408, 0.019990575, 0.015481053, -0.014108092, -0.06335841, 0.030547854, 0.027787602, 0.025640542, 0.023372035, -0.0016506132, 0.000531442, 0.02507453, 0.02202743, 0.032160565, 0.012490184, 0.0066948445, 0.008860989, 0.0030939388, -0.021695074, -0.009666825, 0.009499375, -0.0049428665, 0.0020418356, -0.012466714, 0.011322988, -0.025556374, -0.023263557, -0.0075128805, 0.007249518, -0.021867685, -0.0076052058, 0.0124583095, 0.013145146, 0.04219497, 0.00070600497, 0.039298356, 0.0037838668, -0.011292195, -0.0051830984, -0.00017371663, -0.0018437271, 0.02988657, 0.0072762957, 0.004524414, 0.0101256715, -0.02139048, -0.0012154591, 0.027350936, 0.018825583, 0.007817322, 0.010782505, 0.021266049, -0.018961655, 0.0019429759, -0.01830024, 0.010038075, -0.008167044, 0.0014474341, 0.012135862, 0.0014359091, 0.033347454, 0.0047928034, 0.025669117, 0.007421555, 0.008135896, -0.0008302699, -0.015721094, -0.0046943626, 0.0031347892, -0.002808857, -0.0025000847, 0.01707413, -0.023435364, 0.0030705053, -0.008176376, -0.0055879033, -0.009069848, 0.0010607662, -0.0011235488, -0.016065033, -0.0056138267, -0.0040016766, -0.03860545, 0.018320646, 0.013014192, -0.014513477, -0.006533821, -0.009850951, 0.013017197, 0.015333739, -0.0010840956, 0.011864135, 0.0025869464, -0.007959666, -0.011491089, 0.015274651, -0.017457712, 0.003082795, -0.009847574, 0.004209315, 0.012574533, -0.016758865, -0.013867151, 0.008095578, -0.0058263605, -0.015524909, 0.030521672, 0.013481659, -0.020325046, -0.007944933, 0.01437546, -0.007862188, 0.001961987, 0.0022929793, 0.0015823692, -0.015311196, 0.0035704076, 0.0064377976, -0.010098647, 0.020153668, -0.013304617, 0.021236217, 0.026002914, 0.0027217972, -0.014633348, -0.00781436, -0.00086288067, -0.0056375875, -0.017717602, -0.0025878258, 0.011537936, -0.008413125, -0.007698617, -0.0037214046, 0.010730364, -0.007817717, 0.010056222, 0.004879019, 0.01979737, -0.013265613, -0.034019474, 0.0038108472, -0.01009072, 0.017274536, -0.012033985, 0.025699344, 0.0071022497, 0.011411827, 0.0074278363, -0.008164953, 0.0011903674, 0.0015348591, -0.00038146536, -0.00031907536, -0.014089214, -0.0015187028, -0.010004113, 0.017417561, 0.010188363, -0.013762898, -0.0087500755, -0.015194823, 0.01202123, -0.002054273, 0.005724776, 0.01268057, -0.009494429, -0.015968416, -0.0071533257, -0.00084082247, 0.0038225288, -0.014601437, -0.007927145, -0.019332327, -0.0084306905, 0.012528334, -0.007843131, -0.0028738503, -0.012080254, -0.007046812, -0.008166328, -0.001386509, 0.0016307588, -0.008544667, 0.007941797, -0.0022097407, -0.0050394186, -0.011407038, -0.002863482, 0.009739726, 0.007050083, 0.002214937, -0.014312823, 0.0075290673, -0.0030731615, -0.01678161, 0.0018564094, -0.00958022, -0.019771945, 0.00016758323, 0.023117235, -0.017690029, 0.01677925, -0.017525895, 0.016413437, 0.0127233155, 0.012304922, 0.0026826565, 0.0007053596, -0.016781876, 0.009874839, -0.009642336, -0.012539276, -0.0024487327, 0.003964062, -0.0038198116, -0.010998294, 0.002645991, -0.0025727642, -0.011563147, 0.0042074006, 0.004526675, 0.021872004, -0.0036006814, 0.008196908, -0.0106097525, -0.0144452285, -0.00032058722, -0.0019014676, 0.0050146095, -0.01631319, -0.002650464, -0.0185715, -0.012282367, -0.020527078, -0.015547786, 0.011142682, 0.010276603, -0.0065395925, -0.011627723, 0.004796061, 0.008434634, -0.02187671, 0.012015799, -0.0035329931, 0.001177037, 0.02426269, 0.0055843517, 0.0043896334, 0.013365632, -0.012639136, 0.003480298, 0.01136923, 0.0035257458, 0.0117870215, -0.0050615543, -0.0015339338, 0.0034287989, -0.017171482, 0.013799128, 0.010338318, 0.006303311, 0.0016089631, 0.0777823, -0.0075110137, 0.0111445375, 0.012814995, -0.013208292, 0.0016053362, 0.0006947241, -0.017332602, -0.022320585, 0.014445587, 0.0065415706, -0.007808714, 0.0065630903, -0.012510501, -0.007693228, -0.008397675, -0.015571898, 0.015379321, -0.008715361, 0.0029259976, 0.008673235, -0.018194513, 0.0017663132, -0.009217248, 0.008358049, -0.006654542, 0.013293656, -0.007005475, 0.011685357, 0.0022763403, -0.017917473, -0.0057739513, -0.0037443456, -0.014501301, -0.014827094, -0.0073992666, -0.0070147873, 0.017075984, 0.01586672, 0.017288715, -0.016558696, -0.013577133, -0.000953418, -0.0115510775, 0.00635647, 0.0134858675, -0.0028231847, -0.02658969, -0.018185608, 0.009149601, 0.0034341782, -0.0007952115, -0.0093134, -0.0069437902, -0.016447, -0.0074005164, -0.01177481, 0.0065926206, 0.0104217725, -0.025372034, -0.0032666093, 0.0030982718, -0.0046109124, 0.023697982, -0.0017335541, -0.0074876393, 0.020272195, -0.024306063, -0.004227174, -0.0026047374, -0.015511745, 0.0046600974, 0.005259207, -0.016056677, 0.02723659, -0.0034589036, -0.00021076843, -0.006284618, 0.010883847, -0.009758885, 0.014058221, 0.013938181, -0.008706342, -0.0034609635, -0.019936355, 0.015366813, 0.004575567, -0.0061244606, -0.008542018, -0.004217802, -0.0027499483, 0.00082790793, -0.004228326, 0.014731907, -0.0022160732, 0.0064916336, 0.05498193, -0.005505671, -0.005224077, 0.0054670903, 0.015835566, -0.011211683, 0.005307494, 8.5223095e-05, 0.013674281, -0.016835421, 0.014186654, -0.016188331, 0.009033593, 0.0054472685, -0.0016057981, 0.012229921, 0.010155323, 0.008009035, 0.010718631, -0.006182134, 0.012950172, 0.0021192213, 0.0014948567, 0.0011207635, 0.010769045, -0.0031582927, -0.011409853, -0.016988695, -0.0035215581, 0.0067389193, -0.0133920275, -0.010406678, -0.0017256887, -0.0055588246, 0.0012775172, 0.0054199453, -0.029451985, -0.0064204005, -0.015882626, 0.0127832405, 0.005825058, 0.010107586, 0.02175852, 0.011207981, 0.00698675, -0.00992873, -0.024866747, -0.008556878, -0.002868156, 0.019404728, 0.003689959, 0.027402392, 0.007772859, -0.005872221, 0.0045453734, -0.028800376, -0.004912062, -0.005029108, -0.0066804364, 0.01586795, 0.008149238, 0.016717032, 0.0056258864, 0.0046544033, -0.008848153, 0.013170128, 0.010355302, -0.019401675, -0.008821205, 0.007911625, 0.010599942, 0.0012322026, -0.01960727, 0.004085791, 0.009957462, -0.008582769, 0.0012520886, 0.00757587, -0.0019626813, 0.008392049, -0.0045366194, -0.010910849, -0.011906472, 0.0148621015, 0.00043500768, 0.019035367, -0.013507533, -0.009537485, -0.011063839, 0.00047845734, 0.0010726938, 0.00897711, 0.01038997, -0.014577516, -0.022220543, -0.016827801, 0.010517591, -0.009788005, 0.0043150997, -0.006665468, 0.0077266786, 0.011054097, -0.0002928067, -0.010398736, -0.003517846, 0.0031391426, 0.0091325445, -0.008053903, 0.024729615, -0.0074825385, 0.008875243, 0.0012225664, 0.0042774463, 0.0002942872, -0.009248575, -0.015648797, 0.008981597, 0.019937277, -0.0054364065, 0.016019575, 0.0011425046, -0.0046478687, -0.009458646, 0.0016325435, -0.011841444, 0.00905644, -0.01356358, 0.010139394, 0.006930742, -0.01810117, -0.00429442, -0.009150389, -0.016370406, -0.022418048, -0.0020793627, 0.00470566, -0.015062914, -0.01183182, -0.0007223718, -0.0031068074, -0.006746788, -0.0073913005, 0.0008689419, -0.00045191046, -0.010893404, -0.00020246855, 0.0012474002, -0.012081964, -0.0054033906, -0.003916616, -0.0013662388, -0.008313997, 0.008123587, 0.01990999, 0.010255755, 0.011008056, 0.007624404, 0.0043779993, 0.025700936, 0.013547702, -0.0030842032, -0.0374858, 0.013659786, 0.016244428, 0.019635364, 8.724106e-05, 0.00097423856, 0.020471996, -0.008489366, -0.007708529, -0.002268667, 0.020564986, 0.010205564, -0.00050271355, 0.006999161, -0.01506568, -0.007582545, 0.020948378, 0.0050364872, 0.008579504, -0.00392434, -0.0130735645, 0.0054972786, 0.010116948, 0.00050144916, 0.017395927, 0.0063585523, 0.006526905, -0.0016181496, -0.018657444, 0.0030260035, -0.019268593, 0.006754447, 0.0038043172, -0.00015805002, 0.010214684, 0.011979446, 0.0040658778, 0.006894582, -0.008307247, -0.0045073144, 0.0059992345, -0.0011181367, 0.0147478245, 0.006368726, 0.00026841005, -0.005922387, 0.016885156, 0.0031767224, -0.016332064, 0.0028101546, 0.014603898, 0.005894897, -0.006767969, 0.021315726, -0.02623107, -0.00044927283, 0.013072689, -0.00280072, -0.007300088, -0.012003616, 0.0043703117, -0.0058463905, 0.0011200041, 0.0023640636, 0.0054667545, -0.016806716, 0.016064174, 0.004228991, -0.004024721, -0.0043247547, 0.01433813, -0.0047437795, 0.007876351, -0.015593337, 0.0032209826, -0.005857786, 0.0147285815, 0.011509635, 0.011500541, 0.011091486, -0.00845399, -0.012650826, 0.016021762, 0.008324298, -0.0059185345, 0.0070729638, -0.015897518, -0.0052834093, -0.016294839, -0.0014131417, 0.00067178416, -0.008023977, -0.0049701347, -0.00452305, 0.003866629, 0.016762184, 0.0011255636, 0.0066953967, -0.0004798984, 0.00075622037, 0.007107572, -0.015493632, -0.00876403, 0.003328449, -0.011459379, 0.0019997088, -0.014297035, 0.00012599808, -0.0049816007, -0.0038210535, -0.012435335, 0.0030032666, -0.013377877, 0.0021499027, -0.0027031153, 0.0003957465, -0.0105016045, -0.017256774, -0.00024052283, 0.0034661316, -0.0003205146, -0.005033115, 0.0016930571, -0.0025478313, 0.0010374384, 0.00057360454, 0.0017712859, -0.006622947, 0.01660122, 0.0128335, -0.0041244444, 0.0032518297, 0.018481487, 0.007363945, -0.011341447, 0.02376209, 0.018898584, -0.008185689, -0.0030307902, -0.005760321, 0.008695182, 0.00046386837, 0.009040857, -0.007121126, 0.0032472543, 0.0012659627, 0.00857652, 0.010131627, 0.030505644, -0.002293494, 0.006641294, 0.0038897323, -0.0008939004, -0.0075984946, -0.010673127, 0.012864665, 0.0076930234, -0.0035473728, -0.00611207, 0.0052273106, 0.006547651, 0.009870198, -8.250165e-05, -0.005735121, 0.009062919, 0.0030016787, -4.0001793e-05, -0.0018837806, 0.0011349987, 0.01388608, -0.003767544, 0.015043276, -0.0058017727, 0.01994312, 0.009621161, 0.010465256, 0.007903772, -0.0007022833, 0.020149881, -0.0024021738, -0.00459038, -0.00012603439, 0.030650578, 0.0010192434, -0.003919851, 0.005746641, 5.16049e-06, 0.007812405, -0.006304255, 0.0022319676, -0.0026187855, -0.006585336, -0.008898163, 0.0030435612, 0.020195905, 0.0069752275, -0.013504025, 0.010279302, -0.0050828955, -0.0014636887, 0.0058509796, 0.007350126, 0.009112532, 0.006935546, -0.004504456, -0.082424626, 0.018884266, -0.00825313, 0.00485153, 0.0087029915, -0.0010408772, 0.00811617, -0.010322882, -0.016356826, -0.0075696213, 0.01106634, -0.0147218155, -0.023190107, -0.0018370992, -0.01698382, 0.0062951827, -0.017515842, -0.01462202, 0.013128031, -0.015678026, -0.007896651, 0.010287418, -0.00492504, -0.0119703235, -0.01487266, 0.0052170255, 0.0032321163, -0.008128297, 0.011113013, 0.012241173, 0.0029763356, 0.007761505, -0.009278408, 0.013195441, 0.010758638, 0.020081457, 0.0073809777, 0.0007741401, -0.13911271, -0.0073658326, 0.003561844, -0.009070307, -0.00464029, -0.01219995, 0.009544495, 0.014168311, 0.015639277, -0.0077884216, -0.007155993, -0.01951428, 0.004065093, 0.0018094493, 0.011249594, 1.6695089e-05, -0.007969465, 0.0045931772, -0.01678849, -0.019655993, -0.0029906677, 0.0153828515, -0.00049652054, 0.0129845785, -0.0036655432, -0.023649303, 0.005207854, 0.013611089, 0.016837548, -0.016602779, 0.015586533, 0.0032018446, -0.0074881865, 0.008810726, -0.012366994, -0.02153611, 0.00833221, -0.00943799, -0.005962047, -0.019836647, 0.028329657, -0.007835452, 0.019694647, 0.0035380288, -0.008665844, 0.010274639, 0.0021801707, 0.0074463133, -0.015409717, 0.008559624, -0.011955293, -0.01622197, -0.0076746787, 0.015977474, 0.0065125613, -0.0016844237, 0.023760974, -0.016549183, 0.0030524645, -0.0012207254, -0.01170345, 0.00521373, 0.014958796, -0.008428254, -0.0040748552, 0.012519081, 0.015155619, 0.033943225, 0.013280909, 0.00489165, 0.0064743594, 0.013008169, -0.015493899, 0.0038304557, -0.02372685, 0.005428807, 0.007204869, -0.00064680027, 0.0017550077, -0.011553183, -0.0107670715, -0.017026143, 0.0011361104, 0.019777022, 0.015199236, -0.008757872, 0.0061813053, 0.008623533, -0.02234222, -0.054490093, -0.023183627, 0.018863488, -0.011400336, 0.014625547, 0.011151032, -0.0026280754, 0.013189112, 0.024137935, -0.0008463084, -0.009403825, -0.00877511, -0.0028545158, -0.023401305, 0.0009338987, -0.024161426, 0.014886887, 0.014453159, -0.010393056, -0.011917577, -0.028013095, -0.015356253, -0.020173185, 0.00724501, 0.0066969558, 0.011043225, 0.0067646834, 0.009843783, 0.015609206, -0.02296602, -0.0041290913, 0.008782095, -0.015180682, 0.00056445476, -0.0068729264, 0.012549578, 0.013115197, 0.020512559, -0.009468406, 0.010882028, -0.016410032, -0.020986151, 0.0013566411, -0.009897806, -0.005539888, -0.0042114886, -0.003649905, -0.010410474, -0.016392972, -0.010972895, -0.009558974, -0.023346812, -0.025817297, -0.006602533, 0.00034704953, -0.005351823, -0.024581045, 0.0048906235, 0.008061901, 0.0122706015, -0.0002458952, 0.0017909192, -0.011095787, -0.007798361, 0.007949077, -0.010548637, -0.003655119, 0.013422006, 0.01590305, 0.0018647608, 0.0032316926, 0.0083612865, -0.0020924502, 0.011143687, 0.00877274, -0.0062437947, -0.008127094, -0.013845051, -0.030630967, -0.001826312, -0.0031693291, 0.009788729, -0.009259067, 0.022364916, -0.0018143462, -0.022325676, -0.014291339, 0.007860311, 0.010234991, 0.0018728042, 0.008956742, 0.0021542483, 0.008210728, -0.0037182672, -0.000755984, 0.0035274955, 0.005329476, -0.008450733, -0.014300959, 0.02163999, 0.0048888745, 0.010514691, -0.003554035, -0.00698926, -0.004117369, -0.033422515, 0.0033074312, -0.022866525, 0.015389519, -0.004278733, 0.009661894, 0.0113087855, 0.01571596, 0.0031721448, -0.16251512, 0.004919642, 0.0006958001, -0.0038277244, -0.010045984, 0.0070828353, -0.010487638, 0.005935313, -0.009071312, -0.01226191, 0.016514776, 0.013044097, 0.013179685, -0.0201315, -0.011556292, -0.00074423186, -0.012522627, 0.009368674, -0.019813191, -0.0068038153, -0.010071399, 0.013774177, 0.022761902, 0.030920722, -0.007914679, -0.020360604, 0.0016630639, -0.0042577605, 0.0062685963, 0.007245439, 0.008216493, 0.016121894, 0.006042255, -0.0050324486, -0.014097887, 0.008308663, -0.016774127, -0.016163245, -0.001317181, 0.0036068077, -0.0032275137, -0.001380345, -0.020425083, 0.0069859023, 0.0031309568, 0.005160994, -0.017271742, 0.010160144, 0.0008874555, -0.017043525, 0.007445858, -0.0008088, -0.020108823, 0.021187302, 0.029098729, -0.017122034, 0.017657014, -0.009501426, 0.010811548, 0.0019998848, -0.02111006, 0.00792563, -0.012307334, 0.0051852237, -0.009263316, -0.013344563, -0.02172236, 0.1329623, -0.02158918, 0.007832219, -0.0020927726, -0.010697803, -0.0032388715, 0.01843301, 0.0035231204, 0.0063155205, -0.01326786, 0.01658288, 0.019737089, 0.0036352493, 0.0055455044, -0.004316344, 0.0065209554, 0.02599215, -0.009124358, -0.002722529, -0.011745235, 0.01939583, 0.00012302157, -0.006162706, -0.014364626, 0.023050062, -0.0018793761, 0.006342905, -0.02486911, -0.012788261, -0.0013016999, 0.006298764, 0.007084147, -0.00020896936, -0.01884976, 0.025259074, -0.005782668, -0.013218405, -0.015318751, -0.012083532, 0.012902958, 0.039801158, 0.0014376881, -0.00645887, -0.004081144, -0.0062386375, 0.010167925, -0.0057052886, 0.007479538, 0.006030019, -0.005170024, -0.018897796, 0.011845277, 0.0042024823, 0.005470069, 0.008185356, -0.0043832297, -0.016216401, 0.015513297, 0.011735154, 0.011739633, 0.009010767, -0.005309293, -0.01211651, 0.0054121325, -0.0021582795, 0.007939205, 0.0033232188, -0.014636345, 0.014754237, -0.11160701, 0.011172277, -0.005044703, -0.017788248, -0.020448674, -0.00927066, -0.007046713, 0.012593177, 0.012403517, 0.0031587365, -0.008172141, 0.013960525, -0.01588205, 0.0069877543, -0.012899065, 0.0040282765, 0.0044630333, 0.026772294, 0.03252248, -0.006585076, -0.0004936038, -0.001927048, 0.016671728, -0.0060322373, 0.017076522, 0.015106016, -0.011165084, -0.012345465, 0.0046517635, 0.021044932, -0.026833374, 0.020041117, -0.013263072, 0.013494904, -0.014662388, -0.011625111, -0.0011461308, -0.004092164, -0.0013799021, -0.03277424, 0.00604606, 0.009853782, -0.00531831, -0.021428801, -0.013205172, -0.008097622, 0.023288822, 0.0019005066, -0.014194498, -0.014552044, -0.007941587, -0.003825198, -0.0019679626, 0.021331703, -0.027821537, -0.012850571, 0.0027104025, 0.021686822, 0.0041671144, 0.004707653, -0.0019794723, 0.01942574, 0.004719374, -0.0049134865, -0.0047418955, -0.0058367713, 0.015575112, 0.0025115064, 0.011255012, 0.017090632, -0.025589867, -0.0065373895, 0.013295641, -0.024626963, 0.0042522736, 0.005398049, 0.0074806134, 0.014895345, -0.038715985, 0.012031286, -0.00199776, 0.0067948503, 0.008206872, 0.0025831792, 0.019450648, -0.0037545732, 0.012573214, -0.01932416, -0.013720974, 0.014796271, 0.014183967, -0.015878042, -0.0025638575, -0.011066959, -0.010956785, -0.004951328, -0.005103227, 0.01999499, -0.012168854, -0.016853968, -0.020176318, 0.003029638, -0.010743369, -0.00072224566, 0.01945262, -0.007886892, -0.017465632, 0.0055818046, 0.0035259172, -0.011270936, -0.0053212126, -0.01984377, -0.012164418, 0.015674803, -0.014170053, 0.010869251, 0.015275503, 0.0195006, 0.0040324745, -0.021277035, 0.010873761, 0.008666451, 0.007927234, 0.008066175, 0.006263019, -0.0020901097, 0.0031393094, -0.011366713, -0.0038269272, 0.0005469785, 0.015977021, -0.005430636, -0.012232235, 0.0041462732, -0.0060335137, -0.01963209, -0.008518646, 0.028103223, -0.001627929, -0.008956131, -0.014363509, 0.009434358, -0.009541098, 0.0034176118, -0.008000532, -0.022009496, 0.0048368215, 0.010384002, 0.0060091205, 0.0016929563, 0.005176189, 0.008418232, -0.033878725, -0.007164319, 0.023974784, 0.0010679722, 0.0038892098, 0.012744888, 0.007204497, -0.0072573237, -0.024752133, 0.02126459, -0.024884937, -0.010113722, 0.010205079, 0.0028683962, -0.008336457, -0.0008352278, -0.015253739, -0.017087774, 0.0041582943, -0.014721428, 0.008605682, 0.01752462, -0.027597312, 0.00485439, -0.0017364451, 0.009429261, -0.0062775486, -0.056714892, -0.007989157, -0.0003425146, 0.012550713, -0.012122824, -0.012567035, -0.008189196, -0.00046261994, -0.0037983956, -0.028347565, 0.01877324, 0.0024415166, -0.012445628, 0.010996476, 0.0021014397, 0.0032749916, -0.01730808, 0.003496836, 0.011719724, -0.016856316, -0.0032246264, 0.008844692, -0.011375136, 0.010686891, -0.027866784, -0.0077404417, -0.005832245, 0.0044623576, 0.00092293875, -0.0074981838, -0.016119596, 0.014195292, -0.019347984, 0.010734871, -0.001008891, -0.009637894, 0.007984897, -0.011945764, 0.0015033041, -0.062642805, -0.0007277277, -0.0026273732, -0.05307268, -0.011603909, 0.02656391, -0.009902471, 0.013410001, 0.012602094, -0.009447751, 0.016014375, -0.002875152, -0.0017594133, -0.0099818995, -0.01419906, 0.01678468, 0.00075043354, 0.0018940486, -0.026990833, -0.008757179, -0.011008904, 0.0013835642, -0.024040956, -0.009924152, -0.017155904, -0.01564445, 0.021804545, 0.018474575, -0.009978561, 0.013521758, 0.0017618749, -0.011038988, -0.009866692, 0.007762215, 0.011132331, -0.006300822, -0.0072736507, 0.010716287, -0.024245013, 0.0073399455, 0.021680178, -0.0046993606, -0.017757488, 0.0012473683, 0.030095883, 0.027512904, -0.025888462, 0.003585366, -0.11113313, -0.033287935, 0.015671462, -0.006761649, 0.0075495965, 0.039488953, -0.014402712, 0.035959065, -0.010637945, -1.1268624e-05, -0.016423482, 0.020694794, 0.017671602, -0.008489412, 0.004234883, -0.017844088, -0.012118192, -0.005937288, -0.01553986, -0.010511259, 0.0144550195, -0.002445024, -0.0077857575, 0.0043707667, 0.0019220267, -0.041039195, 0.011783449, -0.008662605, -0.0049243844, -0.01853976, 0.02129459, -0.014087385, -0.0010773933, 0.020875532, 0.00019595877, -0.006356193, -0.02513482, 0.010681585, 0.015720543, -0.0006502098, 0.018785834, 0.026538517, -9.967773e-05, 0.016633917, -0.009122646, 0.0017475805, -0.02263861, -0.024966877, -0.004394022, -0.009018404, -0.015259529, -0.021696698, 0.022259727, 0.004335029, 0.0011903871, -0.006408939, -0.0061157905, -0.029654851, 0.0067871003, 0.02086296, 0.0017656807, 0.009496012, 0.005106438, 0.019012716, -0.024908563, 0.025912186, -0.023155164, -0.021806167, -0.010525279, -0.012859015, 0.009329702, 0.0005935215, 0.0048254454, -0.015149242, -0.010888194, -0.021561032, -0.014970401, -0.014677998, -0.042458184, 0.009088298, 0.02767051, -0.0003639121, 0.006831921, 0.0049352986, -0.011926519, -0.007483308, -0.034505136, 0.0055688657, 0.013161143, 0.0069647906, -0.00010209809, -0.004192746, -0.0026979663, 0.0028577698, 0.018545106, 0.0040328563, 0.022210915, 0.0010220875, -0.0051827924, -0.022121035, 0.0033828088, -0.006824103, -0.0033759808, -0.020982372, 0.0125906095, -0.005048632, 0.018492078, -0.009401541, -0.01959983, 0.012237011, 0.032251492, 0.006256764, 0.0138908345, 0.006752912, -0.014303715, -0.01701676, 0.009795367, -0.004366737, 0.0023021174, -0.02602299, 0.009515042, -0.0150969075, -0.019572064, -0.01709619, -0.000977748, 0.022669058, -0.0043036663, -0.006692647, 0.0075254464, 0.0030334902, -0.0091913855, 0.018421816, 0.0076899766, 0.012837643, 0.019479092, -0.0316575, -0.011278028, -0.0067765284, -0.014281705, 0.022126308, 0.007612487, 0.010351427, 0.008371878, 0.0038288108, 0.0059791994, -0.018306231, -0.008182888, -0.002861484, -0.029257325, -0.0134865865, -0.005200159, -0.011511807, -0.00030448296, -0.022846231, -0.051026687, 0.0007322496, -0.004217339, -0.001595392, -0.00466967, -0.01956474, 0.012394163, 0.0021734366, -0.001980043, -0.026199112, -0.014102894, -0.0035418689, -0.0055024726, -0.014579309, 0.023048302, 0.0072516925, -0.01695236, -0.011080272, 0.0005735482, 0.0036419726, 0.03379482, -0.025060438, 0.0013548934, 0.002204681, 0.009848903, -0.01048908, -0.0018277444, -0.013794903, -0.016996793, 0.0162798, 0.007548219, -0.031699777, 0.0054941685, -0.014268169, -0.004343232, 0.03744208, 0.021956958, -0.015076314, 0.017173551, 0.005266406, -0.0008909753, 0.0066067004, -0.023231627, 0.008376014, 0.01368024, 0.017322568, 0.0028858292, -0.031058185, -0.0046935785, -0.057338934, 0.008955163, -0.018051162, -0.022507638, -0.004907464, -0.011912677, -0.016711703, -0.001008629, 0.0108131, 0.027237356, 0.023011142, -0.008383469, -0.015072951, 0.03317338, 0.012049906, 0.015571514, -0.00032965335, 0.018047065, -0.001674735, 0.02804909, -0.007634642, -0.0070611676, -0.0014350095, -0.012938498, 0.0087250285, 0.0031536003, 0.0006795605, -0.0058719707, 0.024469372, -0.00973217, -0.0005515329, -0.0008589437, -0.016544398, 0.0030771338, -0.0074912137, 0.013137632, 0.002076518, 0.00581439, 0.023255963, 0.01386094, 0.002199274, -0.012828103, -0.020366397, 0.0018510479, 0.008034852, 0.0028557838, -0.0042308653, 0.0012124897, -0.014273519, 0.01030751, -0.0061631873, 0.0096403025, 0.025144782, -0.0089253625, -0.01623041, -0.004549769, 0.019171678, 1.4920534e-05, 0.00631438, -0.0012875667, 0.032031815, -0.011920423, -0.0006216415, 0.0106737055, -0.033231236, 0.026044765, -0.019358087, 0.0034817846, -0.018250741, 0.0028847354, -0.030261531, 0.007474667, -0.017530505, -0.007421409, -0.0049600764, -0.004319994, 0.010615516, -0.02195661, 0.0049921214, -0.020113943, 0.039951544, -0.011198206, -0.014518011, 0.01617476, -0.011195862, -0.012583603, -0.008957792, 0.0046449425, -0.01407686, -0.0052406015, 0.0029671288, 0.0052630855, 0.0013503341, -0.00035164668, 0.03825113, 0.013191389, -0.007110853, 0.035051547, -0.0037854894, -0.012946989, -0.0016184592, -0.0044024256, 0.008670943, 0.021991605, -0.01053591, -0.0010538679, 0.027644794, 0.005897852, -0.0060997694, -0.0041198176, -0.017112734, -0.004008357, -0.027696207, 0.007621383, 0.0031554573, 0.0078114495, 0.007192613, -0.004538607, 0.0068732677, 0.010676167, 0.023194782, -0.009202776, 0.009405272, 0.0061872676, 0.010184025, -0.00035876283, -0.005431761, 0.0012419709, -0.007772126, 0.017620431, -0.03227718, 0.0075205415, -0.014209262, -0.016063998, -0.0079760635, -0.002110157, 0.012467894, 0.0071144723, 0.0040708627, 0.0060471585, -0.026452491, -0.013408074, -0.003957821, -0.00093895814, -0.010070892, -0.002369467, -0.0027670464, -0.019703202, -0.00051066885, -0.0052669835, -0.0021315566, 0.0030121973, 0.012468019, 0.0043435525, -0.0133074075, -0.00016885035, -0.009018833, -0.010210644, 0.0053733946, -0.014517557, 0.003951215, -0.0198332, 0.00060363655, -0.0079627335, -0.03219735, -0.0030340147, 0.014191154, 0.009443513, 0.0019240045, -0.0067063286, -0.02924608, -0.016271984, 0.00200418, -0.0048068482, 0.01670845, -0.008661179, 0.0017101875, -0.007610904, 0.009433667, -0.0073917964, 0.020841714, -0.011507083, 0.007094808, 0.005050397, 0.009758204, -0.0007958145, 0.028213589, 0.007205695, 0.004066548, 0.0033519678, 0.004158657, 0.0054528317, 0.004338668, -0.003661253, 0.006854625, 0.009772363, -0.033574358, 0.006114229, 0.003664997, 0.009929789, 0.015584078, 0.0012180211, -0.0038871388, 0.002324409, -0.0076179723, -0.008801316, 0.012382109, -0.00060579454, 0.012104084, 0.01767143, -0.038760323, -0.0005865715, 0.0007808657, -0.011322085, 0.010183216, 0.013021422, 0.0077620912, -0.018082283, 0.023336055, -0.016810734, 0.008058065, -0.014756083, -0.00081815704, -0.0041204006, 0.012854014, -0.019927025, 0.0018780604, -0.013796234, -0.019740554, -0.017933944, -0.017141104, -0.024048422, 0.010186506, 0.007209264, 0.015087565, 0.0020493413, 0.0054984754, 0.019195437, 0.0015388747, 0.013919275, -0.019674852, -0.0017381905, 0.007093831, -0.013416893, 0.02274426, 0.007073569, -0.0023503553, 0.021732971, -0.026104143, -0.020418832, -0.00870472, -0.014255626, -0.01119888, -0.011658498, -0.008924168, 0.009752369, 0.01340132, -0.012769391, -0.0202162, -0.0052220873, -0.008332048, -0.039641824, -0.008517175, -0.020337839, 0.012453777, -0.007811157, -0.002512831, -0.042648517, 0.00092441175, -0.030998295, 0.0017867325, 0.016235193, 0.001967501, -0.0020172375, 0.0041160686, 0.008618625, -0.0246175, 0.015004584, -0.017155234, 0.023740552, 0.02589633, 0.010080875, -0.0032542406, -0.025271147, -0.018202366, 0.020552415, 0.012159106, 0.008164845, -0.0084671, -0.0131376535, -0.034614943, 0.0026210125, 0.016745001, 0.005776949, -0.011244403, 0.013080744, -0.007794137, -0.021654183, -0.025199423, 0.003915751, -0.01329897, 0.020922702, 0.0051451973, -0.0053552957, 0.008434557, 0.010713546, -0.03146292, -0.0062422263, 0.0010147679, 0.02737398, -0.008108331, -0.013952721, 0.00058809115, -0.00035548926, -0.0022770949, -0.029822122, 0.026599674, 0.000646037, -0.021205772, -0.0028151285, 0.0065000113, 0.010376858, 0.006969466, -0.0019512301, 0.016656762, 0.013327132, 0.0088899145, 0.010382827, -0.015177921, -0.006050797, 0.004779113, -0.014135927, -0.0038990807, 0.0014603792, -0.01675593, 0.0131222885, -0.031431165, -0.010997572, 0.024951003, 0.005090025, 0.02235814, 0.022830749, -0.00428498, 0.0024499125, 0.017282618, -0.011544695, 0.002984447, 0.0023435287, 0.0063205124, -0.00059809326, -0.0047701267, 0.030558307, -0.015730403, 0.007900973, -0.017534804, 0.012274703, 0.032686677, 0.012545774, -0.0030177443, -0.02519943, 0.009484667, -0.020113826, 0.0061336523, -0.018050136, -0.02431938, 0.004701494, 0.005060527, -0.008438163, 0.0097255455, 0.024440335, -0.014765767, 0.0071367365, -0.008530622, 0.00084847683, -0.015356141, 0.0043336703, -0.0051986277, -0.015525741, -0.021985155, -0.010102743, 0.009338693, -0.027777174, 0.0084173, -0.015248182, 0.00021588618, 0.015582586, -0.01610504, 0.027844846, -0.015057946, 0.007537797, 0.004274762, 0.0067892685, -0.014680284, -0.010840708, -0.014468369, 0.015475084, 0.01433321, 0.012593207, -0.014240127, -0.017767955, -0.011073279, -0.02365813, -0.007698012, -0.004947518, 0.002307427, 0.0051883683, 0.003210307, 0.01012965, 0.052112874, -0.021489916, 0.0027261926, -0.0018056446, -0.0007038908, 0.01623309, -0.008736396, 0.0025143726, 0.008165415, -0.023452003, 0.004606208, -0.011121732, -0.0009476477, -0.0111303395, -0.014173855, -0.014695084, -0.020840254, -0.015736736, -0.008590139, 0.0057027973, 0.01170635, 0.015649404, 0.015144894, 0.013396131, 0.00930154, 0.009773764, 0.019780343, 0.009671556, 0.0018345263, 0.02223994, -0.0072400253, 0.020532504, 0.0022653935, 0.0027887223, -0.00014724849, -0.0012199171, 0.022993112, 0.0030517208, -0.011178368, -0.008154546, -0.020786837, 0.000574415, -0.011885793, 0.014474069, 0.025950158, 0.004953124, 0.009218025, 0.042418372, -0.0031587542, 0.018795023, -0.008480965, 0.013689195, 0.011891998, 0.005322096, -0.010128504, -0.0006783092, 0.018878898, -0.0065867566, -0.009961948, 0.0014900891, 0.0035487788, -0.016818726, -0.011637234, 0.023839723, -0.011553444, -0.0028191174, 0.02606718, -0.013101843, 0.0073829223, -0.003732749, 0.020293778, 0.015078798, -0.004893929, -0.007830703, -0.03830396, 0.17021212, 0.1336921, -0.006010708, -0.016608078, 0.016847735, -0.0102116605, -0.029911384, 0.015000459, 0.0060512046, 0.0002388179, -0.024576979, 4.1361323e-05, 0.005304765, 0.0016269555, -0.009639291, 0.0030722327, 0.008104167, -0.002042261, -0.0022220686, -0.011208252, -0.0017738465, -0.0018807087, -0.013035448, -0.0125962645, -0.038421508, 0.019800764, 0.0050146263, -0.02016439, 0.0063877758, -0.005743506, -0.018609442, -0.008879, -0.007801146, -0.0042493613, -0.020829562, -0.011352383, -0.00865867, 0.019868728, 0.007805284, -0.027703859, -0.023130404, -0.002054949, -0.0009724269, 0.0055188984, 0.0002174076, -0.011292293, 0.0035514536, 0.0012888357, 0.0016085918, 0.01764249, -0.0036820045, -0.011301906, 0.019055624, 0.0030027053, -0.0050505814, 0.01749578, -0.0012253241, -0.0046716616, -0.0062756483, 0.012535267, 0.025334302, -0.006781522, -0.015772931, -0.008754149, -0.0066640005, 0.011561765, -1.5949016e-05, 0.011615873, -0.0009809971, -0.010477287, 0.011386943, 0.0071897903, 0.024587609, -0.00049831934, -0.011184748, -0.011368844, -0.0017861087, -0.0013307179, -0.0019002336, 0.0051873433, -0.022677759, -0.0032577722, 0.011041903, 0.00854535, -0.008522862, -0.008517383, 0.012769678, 0.03200762, 0.11099794, -0.007608659, 0.0006700993, -0.0050947913, -0.0063968953, 0.007568874, 0.013926875, 0.056867708, 0.005489623, 0.019426258, 0.010134242, 0.01216168, 0.027889473, 0.013196483, 0.005745956, 0.020961488, 0.021431727, 0.058208834, -0.0027493918, -0.0070414105, 0.005557593, -0.0068924124, -0.000129309, -0.017642727, 0.008158423, 0.00707432, 0.011702609, 0.0071327235, -0.004679193, -0.0027449874, -0.09323897, -0.013307123, -0.008048599, 0.006586048, -0.014406661, 0.015999729, -0.013707027, -0.021098193, -0.0067775417, -0.0055431467, -0.0032212697, -0.011023817, 0.017875882, -0.0054727052, -0.008279771, 0.00260787, -0.009531971, -0.0063964855, 0.005504041, 0.017081171, 0.019468058, 0.025144564, -0.02592451, 0.016536646, 0.0050264387, 0.0048519606, 0.017339803, 0.0012750421, 0.0113215195, 0.01472409, 0.004711296, 0.026418384, -0.018033467, -0.0059316796, -0.009756052, 0.0072245966, 0.007926053, 0.004019782, 0.02695927, -0.021182762, 0.011387885, -0.03226196, 0.00089153385, -0.015654055, 0.0036343166, -0.00967923, -0.007266945, -0.01415127, 0.002548169, -0.0069920374, 0.023758492, -0.006651984, 4.4480985e-05, 0.002918988, 0.0070407917, 0.0133846365, 0.012097017, -0.027587585, -0.023828346, 0.02300739, 0.01396031, 0.021457894, -0.0021548327, 0.019975796, -0.0073899687, 0.0059625274, 0.0019410354, -0.00994272, -0.007034838, -0.020535827, -0.015768753, -0.0029312065, 0.00876277, -0.0025371572, 0.01950696, 0.02237919, -0.0013418238, 0.027666345, 0.0050336067, -0.006692948, -0.014525536, 0.00776239, 0.031427056, 0.09929337, 0.00963794, -0.011594274, 0.02215514, -0.0049652164, 0.015809719, -0.0006701871, -0.0146661615, 0.007425389, 0.011484752, -0.021970255, 0.017555984, 0.0046320884, 0.004727888, -0.019159868, -0.0015593261, 0.0044280197, 0.0015998434, -0.013514559, 0.002792357, -0.029655363, -0.0017331659, 0.0028170825, -0.010972592, 0.013490049, -0.01452928, -0.0007001456, 0.0012590645, -0.01057332, 0.0025251075, 0.010759579, -0.030333092, -0.015468708, -0.0048291427, -0.0006614061, -0.022154124, 0.01629475, -0.006361413, 0.015923886, 0.0114191985, 0.0023474796, -0.012869892, -0.009068785, 0.009701661, -0.03759551, 0.19642957, 0.014753268, -0.008200161, -0.026262498, -0.028923962, -0.02675778, -0.0020455462, 0.002803418, -0.009887215, 0.026026355, -0.008237919, -0.011561501, -0.011570331, 0.016147424, -0.020321716, 0.0026575048, 0.013210293, 0.0141330585, -0.023028728, -0.02171829, -0.025932001, -0.0065019843, -0.0005601134, 0.018726949, 0.0047153276, 0.0022821191, -0.0178993, -0.0031558296, 0.0011566808, -0.006022788, -0.004260677, -0.014222518, -0.0073067388, 0.015400376, -0.00027097893, -0.025918987, 0.011591749, -0.015689038, -0.002113207, -0.0003530208, -0.018520778, 0.002375803, -0.010660125, -0.0010630273, 0.0066667837, -0.0057812575, 0.017235955, 0.0021910644, -0.0012082638, -0.0065733586, 0.0027333894, 0.0050923447, -0.0073334407, 0.004899486, -0.014810059, 0.0049514817, -0.024847526, -0.00045906246, -0.011352941, 0.012177592, -0.011842855, 0.008919543, 0.009120456, 0.014182577, -0.010469347, 0.0033383763, 0.0016680111]"
Analistas suben a 0.40% proyeccion del PIB de Mexico en 2025 ,https://oem.com.mx/elsoldemexico/img/25521039/1756730398/BASE_LANDSCAPE/1200/image.webp,no especificado,no descripcion,https://oem.com.mx/elsoldemexico/finanzas/analistas-suben-a-0-40-proyeccion-del-pib-de-mexico-en-2025-25519320,"[0.023644473, 0.00891297, -0.023158155, -0.076050796, -0.016402198, 0.034345206, -0.00073742034, 0.006067803, -0.0030076022, 0.012175525, -0.022524819, 0.0073796245, 0.007835129, -0.03496484, 0.12925993, 0.010818304, -0.0022151296, 0.0071166693, 0.008123544, -0.0024069946, 0.019689031, 0.023128135, -0.02993657, 0.0016358077, 0.0024098638, 0.0041893274, -0.006067739, -0.0017856742, 0.057544876, -0.00029632222, -0.011353323, 0.0056642117, 0.029665614, -0.00894162, 0.0047125663, -0.0091435565, 0.012823788, -0.0023694225, 0.02771926, 0.014145833, -0.012251275, 0.009415217, -0.0062391264, 0.04455134, -0.019014334, 0.020430543, -0.005176821, -0.032628067, 0.009194519, 0.017909754, 0.015452904, -0.004762181, 0.018972902, -0.15051931, -0.010061637, -0.0012599858, -0.019814985, 0.011492293, -0.0027284794, -0.0032257193, -0.008607771, 0.037213866, -0.010556359, 0.009733176, 0.012583988, -0.0023003868, 0.026278544, 0.020491416, -0.013075762, -0.016080217, 0.005241717, 0.006667162, -0.008983379, -0.012437774, -0.010328141, 0.0031857158, 0.013125144, 0.033315126, -0.008602565, -0.0011982025, 0.0010849484, -0.012790613, -0.010838349, 0.004253351, -0.002038063, 0.007406966, -0.00273694, -0.015236771, -0.011842295, 0.013086472, -0.008239778, 0.0128996475, 0.013122488, 0.007001882, -0.0063422257, 0.00684372, -0.012646486, 0.009084779, -0.008089593, -0.010918759, -0.007837677, -0.021443889, -0.004583866, 0.0005998087, 0.0027106882, -0.024569273, 0.02803868, 0.0020447243, 0.0047216406, 0.001106322, -0.02524232, 0.015619405, 0.002714548, 0.012224942, -0.013359734, -0.12991501, 0.0025111435, -0.024865719, 0.013129181, 0.001460611, 0.018668521, 0.013728351, 0.014114406, 0.015333618, -0.021150531, -0.003480706, 0.019296126, 0.02880862, -0.023076167, -0.01226198, -0.028431816, -0.021839434, 0.0126533, -0.010113468, -0.0155067, 0.032956935, 0.018175391, -0.007705269, -0.010685427, -0.024629496, -0.033088904, 0.010491252, 0.0102611, 0.013783224, -0.0132415155, 0.002731701, 2.5453393e-05, 0.017709648, 0.005440957, 0.012569717, 0.01219706, -0.01683483, -0.014558836, -0.015763253, -0.010350249, 0.01025588, 0.024570974, -0.0102395015, 0.006595826, 0.024239004, 0.012342747, -0.0015254491, -0.014749442, 0.0022533205, 0.035633016, 0.018934218, -0.0132338945, 0.012160865, 0.005310872, 0.007228599, -0.02507864, 0.01825635, 0.007848121, -0.014021442, -0.0077409726, 0.0054032723, 0.0017157332, 0.0003200906, 0.026787842, -0.008121662, 0.023688631, -0.006900038, -0.0034177445, 0.034945205, 0.010585426, -0.03040265, -0.021210376, -0.0015919061, -0.038783103, 0.018224198, -0.012966184, -0.01639567, 0.008295736, -0.044228084, -0.0049342373, -0.007768306, 0.0069293496, -0.029021539, -0.012231948, -0.014326425, 0.029718557, 0.02284396, -0.0015867337, -0.011518344, -0.0059263846, 0.015656907, -0.019165376, -0.0044635986, 0.015991844, 0.013061835, -0.004958746, 0.0024506322, -0.021082135, -0.011455789, 0.00018121387, 0.008070779, -0.011994215, -0.0013172325, -0.004643987, -0.009409995, 0.0066295904, -0.009874408, -0.0078488225, 0.014777432, 0.0027574992, -0.007571858, -0.023848563, -0.0060056653, -0.006528641, 0.022218497, 0.009889507, 0.006384048, -0.033022802, 0.03476217, -0.004287904, -0.005229215, 8.8449706e-05, 0.027145695, -0.002101607, 0.03152191, -0.016817529, 0.017558787, -0.015776128, -0.0011607156, 0.0042186608, 0.014900589, 0.018064316, -0.0059774374, -0.018172426, -0.019324047, -0.009508416, -0.029850796, -0.011599895, 0.028724318, -0.0128604015, 0.023186836, 0.004535914, -0.0003839193, -0.004877758, -0.022328833, 0.009544226, 0.011939227, -0.0104348995, 0.0034334403, -0.02585275, -0.0019407573, 0.00038915264, -0.02761783, -0.029671786, 0.0020058302, -0.002362839, 0.04172484, 0.0024417771, -0.025228962, -0.008441056, -0.0062905625, -0.06619868, 0.028031567, -0.005003592, -0.035026085, -0.020209758, 0.03010287, 0.000695075, -0.0051311683, -0.0005569793, 0.01399124, -0.011412044, -0.03804473, 0.0025480634, -0.014136572, -0.007634586, 0.015663365, -0.013020047, -0.008856254, 0.028760944, -0.000571914, 0.0006587192, 0.013210504, 0.00092583615, 0.017560275, 0.0066546504, -0.010399356, 0.01630416, 0.0402642, -0.005795754, -0.027674034, -0.012278869, 0.009853171, 0.00752408, -0.0027065068, 0.017630776, 0.01980748, 0.0060503953, -0.021293698, -0.014958822, -0.010757395, 0.035669465, -0.0031976034, -0.016214503, 0.014645413, -0.017511928, -0.02012708, -0.0050244513, -0.017278615, -0.021817466, 0.001976771, 0.039269924, 0.027173297, 0.0026219052, -0.0065462673, -0.0024091653, -0.00472609, -0.021163367, -0.033170663, -0.002870977, -0.0031940069, 0.017306767, 0.016383376, 0.013942226, -0.011332827, -0.010448064, -0.034172665, -0.010994707, 0.00070087705, -0.013946741, 0.04016011, -0.009701227, -0.04497006, 0.009501383, -0.018554112, -0.01655107, 0.025550112, 0.004760807, 0.020300059, 0.007931924, 0.031525847, -0.004636312, 0.007626194, -0.009005638, 0.0006664995, -0.009233425, -0.012541317, -0.015816309, -0.015197594, 0.01323319, -0.009738513, 0.0066441246, -0.022407727, 0.00079508463, -0.00025919033, -0.034012236, -0.009022598, 0.02760054, 0.011418099, 0.016645111, 0.019358722, -0.005770908, -0.03387489, 0.0130298305, -0.0013919581, -0.025088543, 0.0013727243, 0.015205122, 0.04349271, -0.03449296, 0.026248146, 0.015959902, -0.036118515, 0.011172494, 0.01603008, -0.010513964, 0.012503344, 0.027145986, -0.024398807, 0.004804994, -0.01048172, -0.009299628, 0.014462015, -0.02018765, -0.0005797506, 0.005591656, -0.0022487296, 0.02090136, -0.008883556, 0.008665016, 0.010939251, -0.01935521, -0.007686787, 0.013239535, 0.0035502336, 0.020189388, -0.00937659, 0.021106763, -0.034838878, 0.004761228, -0.0008011305, -0.029360252, 0.00875493, 0.021856535, 0.007992388, -0.0054822257, -0.011278214, -0.006217259, -0.00042993063, 0.01685635, -0.02268837, -0.0057751145, -0.009979353, 0.013254915, -0.007487181, -0.0053995876, -0.042102616, -0.015159561, -0.011323676, -0.0072932765, -0.017828815, -0.0021559868, 0.011294256, -0.009548489, -0.02121693, 0.043009274, 0.01698171, -0.005192391, 0.017730627, 0.040987417, 0.025187265, 0.0029275499, 0.016977271, 0.02296098, -1.0483982e-05, -0.00454278, 0.023305532, 0.023288231, -0.027368689, 0.012069131, -0.00055341114, 0.015817171, -0.007110313, -0.010225389, 0.018180002, 0.004653734, -0.020441443, 0.033212688, 0.032819036, -0.012618126, -0.014121772, 0.004960454, -0.03378429, 0.021021117, 0.0067201713, -0.019252703, -0.011096967, -0.020874266, 0.041385233, 0.0059121465, 0.025838505, -0.017397417, 0.01035744, -0.022230674, -0.007123142, 0.017667389, -0.007981457, 0.009461493, -0.0020987943, 0.0196994, -0.008348383, 0.026592586, 0.0223379, 0.026813652, 0.015280834, 0.034365714, 0.027878558, -0.01730553, -0.006181956, -0.028660456, -0.036835045, -0.025324464, -0.022711296, 0.0065814233, 0.0064654048, 0.022232598, 0.018017879, -0.006953998, 0.007864356, -0.035922952, 0.0054915813, 0.006384077, 0.012445221, 0.010314557, -0.015903588, -0.0040896717, 0.0017921353, 0.023660695, 0.009432836, 0.008849769, 0.0027606934, 0.00089379906, 0.022259863, 0.010888297, -0.018954527, -0.026863318, 0.00012955794, -0.0076531256, 0.024614517, 0.0047809654, 0.024258872, 0.0043016854, -0.012407087, 0.017497577, -0.005883334, -0.017594187, 0.017530905, -0.0052745338, -0.005622263, -0.010478639, -0.015955394, 0.009165682, 0.0077167307, 0.0127623705, -0.009367581, -0.018816102, -0.02677766, 0.013155129, -0.019271804, 0.017486539, -0.05982225, -0.007330288, 0.007972143, -0.02863044, -0.05173145, -0.012306267, 0.030732643, -0.037294388, 0.019153455, -0.0026597418, -0.019624956, -0.0049938285, -0.0075685796, 0.03163851, -0.028628225, -0.025484517, 0.018121045, 0.011102804, 0.010506254, -0.011552451, 0.035963874, 0.059225317, 0.01616897, 0.001539395, -0.01676882, -0.0020729564, 0.0042830794, -0.004905378, -0.004902561, -0.014029543, -0.011939633, 0.013377061, 0.0104266275, 0.01091671, 0.063900426, -0.019239035, -0.008434067, 0.009442823, 0.0010790814, -0.0038206894, 0.01330368, -0.0074905297, 0.017065132, -0.01251269, -0.015359471, 0.0066564153, -0.0025839808, -0.0007492112, -0.0037294258, 0.0207609, -0.03275561, -0.042480133, 0.020468788, -0.011093516, 0.0012771543, -0.0027310683, -0.04141153, -0.0054977946, -0.002661267, 0.010659906, -0.010758808, -0.009025679, -0.007879282, -0.0029728224, -0.008248184, -0.009186603, -0.018280344, 0.0339892, 0.04299244, 0.020090912, 0.0048590177, -0.032370955, -0.00029482046, 0.026319506, 0.0021550246, -0.005693167, 0.019323003, -0.004264871, 0.0063572433, -0.017152837, -0.014205414, -0.0044569275, -0.102580436, -0.016286515, -0.020116314, -0.02223174, -0.018307466, 0.013945746, 0.015102143, -0.022838563, -0.0068286997, 0.010192787, 0.013982083, 0.0056732893, -0.0037309588, 0.0070160874, -0.005990912, -0.010492435, -0.002761207, 0.0020663147, -0.002105421, -0.030629646, 0.0047616977, -0.010922123, 0.01393051, -0.008490374, 0.009514282, -0.018865678, -0.011610429, 0.0070922864, 0.0027883563, -0.0050474554, -0.00085933984, -0.14525075, 0.001762381, 0.039977964, 0.017080156, 0.004100301, 0.004379319, 0.022116147, -0.0032602309, 0.0021893792, 0.02781038, -0.01706826, 0.020972265, -0.043025065, -0.010219742, 0.019957146, 0.10178017, -0.0019762614, -0.007492501, 0.022759395, -0.013461745, -0.0020878376, -0.017527021, -0.005072167, -0.019950034, -0.017825719, -0.00893522, 0.0035142186, -0.0039780354, -0.007855426, 0.0031613356, 0.012175321, 0.015647992, -0.002539883, 0.012168681, 0.008953935, 0.028877595, 0.00022444763, -0.009682679, 0.013410556, 0.014986146, 0.008586348, 0.044473212, -0.010083734, -0.019080596, 0.002732968, -0.027180012, 0.04119396, -0.01890545, -0.0109598115, 0.021296632, 0.011434883, -0.04484488, 0.009180581, 0.01690837, 0.0011945752, -0.007927659, -0.016900437, 0.026650453, -0.012365676, -0.014613756, -0.0054210154, -0.007918227, -0.008234794, 0.0059260195, 0.0064361957, -0.005453978, 0.011713208, 0.025850462, -0.009704903, 0.01835919, -0.010741609, 0.019571023, -0.0119899595, -0.005861975, 0.008512364, -0.013529604, -0.013646849, 0.030856771, 0.04222572, 0.010635298, -0.005295696, 0.0005436782, 0.022057114, 0.02063928, 1.3513854e-05, -0.017859207, 0.010671127, 0.001254066, -0.0073906775, -0.01623824, 0.010473662, -0.02470529, -0.0027232452, -0.021140844, 0.026620628, -0.009385107, -0.011735416, 0.012621543, -0.015707484, -0.012159927, 0.044918284, -0.012433798, 0.019622535, -0.012515835, 0.012379874, -0.0035558057, -0.0014447379, -0.011351658, 0.021383172, 0.014590018, -0.0070851054, 0.0021820036, 0.003956555, 0.005198804, 0.007967595, -0.0015263674, 0.011741988, -0.011028399, -0.006575825, -0.015187331, 0.009617896, -0.01697926, -0.014868485, 0.010215647, 0.022853004, -0.02224943, -0.004757826, -0.014091316, -0.008285662, -0.0350453, 0.011314802, -0.017664673, 0.013719655, 0.0024414286, 0.010341545, 0.008896191, -0.007634479, -0.002741993, -0.0013378777, 0.0050000865, 0.016159208, -0.013162642, -0.003405695, 0.0025329213, 0.0032147318, -0.0067052445, -0.0069918875, 0.008187158, -0.0044105616, -0.018505823, -0.002428345, -0.025530135, 0.0062267506, 0.010756181, -0.00023336914, -0.0069011617, 0.00023285214, 0.011001874, 0.016250735, 0.015144764, 0.003720123, -0.011069187, 0.009073298, 0.0078062797, 0.010049002, -0.014698344, -0.00430333, -0.00885317, 0.0024195556, 0.0110661425, 0.02199866, 4.217944e-05, -0.0100650685, -0.0051676906, -0.013687712, -0.0030598354, -5.9600457e-05, -0.002984483, -0.013879493, 0.01615491, 0.0069854776, -0.008632213, 0.024912462, 0.005328882, -0.016398408, 0.014123676, 0.009714169, 0.014597172, 0.0029229291, 0.002203222, 0.0008939401, -0.04564795, 0.033193722, -0.0008250452, 0.0044035097, -0.011700609, -0.0140016535, -0.010051547, -0.01218948, 0.009070492, -0.0074146073, -0.00039752072, 0.011241979, -0.001719986, -0.015646763, 0.015383633, 0.015784023, 0.019394757, 5.1604835e-05, 0.008174861, 0.008813678, -0.00057341356, 0.0145469755, -0.0068817325, -0.0050730943, -0.006064926, 0.012828874, 0.008894263, -0.003501018, 0.018426098, -0.010156833, -0.013726686, 0.010313101, -0.034967955, -0.0009267326, -0.008490429, 0.0013764095, -0.012953471, -0.012528487, 0.0012812578, 0.017806092, 0.012223359, 0.0063364063, 0.008946329, 0.022041239, -0.0006920934, -0.0060386574, -0.007371087, 0.013989597, 0.00714356, 0.021719627, -0.013112206, 0.011023069, -0.004380512, -0.0068473625, -0.009342845, 0.0024769865, 0.011208574, -0.01465896, 0.018401831, -0.0073057716, 0.006907165, -0.0034363538, 0.021334156, -0.008027657, -0.019081516, -0.019581059, 0.008688508, -0.0013816555, -0.025205076, 0.0010061217, -0.011480795, -0.0023262242, 0.01801744, 0.013138879, -0.0071684797, 0.0038879418, -0.011969546, 0.00444877, -0.0008430084, -0.01263242, 0.023439027, 0.005552028, -0.017632872, -0.004888018, -0.010496588, -0.006226731, -0.019338982, -0.003277708, -0.022562837, 0.001111632, -0.0024946206, -0.014880966, 0.010316456, -0.011357509, 0.009744797, -0.0063009392, 0.011289166, 0.0058790655, -0.020100834, -0.018315066, -0.019558273, -0.0020991494, 0.0036316337, 0.00975027, 0.0041597723, 0.008832635, -0.007396637, 0.009006413, -0.0061505507, 0.018228533, -0.012354128, -0.015826078, -0.010020002, 0.012593332, -0.0083198, -0.0026261383, -0.0071429373, 0.01436767, 0.010458723, 0.07884087, -0.0021009233, -0.016937258, 0.015573036, -0.010715917, 5.443078e-05, -0.0035114225, -0.02186284, -0.0052679786, 0.010492815, 0.017470527, 0.0012134046, -0.0031298578, -0.001164015, 0.0032768094, 0.014372197, 0.003351311, 0.013458826, 0.008876498, 6.600694e-05, 0.0054316013, 0.0012492387, -0.009748115, -0.011236464, 0.0066472436, -0.0024219325, 0.02376973, -0.01711015, 0.0123608345, 0.018093662, -0.011501451, 0.018875545, -0.0027623754, 0.0034896634, -0.00431754, 0.008858111, -0.0032187593, 0.013341075, 0.0030984117, 0.009065374, 0.00439064, -0.0065132775, 0.00049723475, -0.017258715, -0.0074415817, -0.0006040375, -0.0038780281, -0.003699467, 0.005907613, 0.011030102, -0.0046744794, -0.002893154, 0.0017792396, -0.0014997197, -0.010822686, 0.0065621175, 0.0058124256, -0.010821164, -0.005142919, -0.013535803, 0.0050204718, 0.01295431, -0.0028910923, 0.0074968426, -0.011813296, -0.0074449964, -0.0036543903, -0.020677915, -0.01719401, -0.012022491, -0.0074164495, -0.007378571, -0.001776314, 0.0050471337, 0.024346063, 0.00728112, -0.006894151, -0.011319963, -0.008747583, -0.011193454, 0.004860666, -0.013699995, 0.0018492165, -0.01694448, -0.00091030373, 0.007500137, 0.012571326, -0.0005044102, -3.1776523e-05, 0.003231406, 0.005230809, -0.009545691, -0.006027538, -0.011103482, -0.013348469, 0.004028476, 0.05628193, 0.00093333016, 0.010329624, 0.0024873046, -0.0055732992, -0.01064299, 0.0010999049, -0.0064794905, 0.010995308, -0.013039816, 0.02092883, 0.018564139, -0.009404682, -0.011329242, -0.01331977, -0.018112803, 0.015862, -0.0021642155, -0.034462392, -0.018389927, 0.007119936, -0.0017082327, 0.0056372727, 0.0032876912, -0.0022595725, 0.0037011316, 0.011177251, 0.0024473204, 0.0016330818, -0.010997388, -0.0042533414, -0.015231925, -0.005428519, 0.012602588, 0.004077368, -0.008298987, -0.019267729, -0.0038933314, 0.004196973, -0.0061409622, 0.013073564, 0.006024871, 0.008844058, 0.005079493, 0.0011577023, -0.014261297, -0.005368852, -0.004140026, 0.00034096077, 0.011737624, -0.001491134, -0.014395835, -0.00045293974, -0.009677625, 0.0074269916, -0.019873269, 7.4643604e-06, 0.013873524, -0.007975985, 0.0076586404, 0.007950553, 0.012767706, 0.00033600014, 0.009184492, -0.012883236, 0.020678874, 0.005129721, -0.0067820097, 0.014717638, 0.005754454, 0.02255452, 0.004378957, -0.009324826, -0.001462179, 0.011030949, -0.007084389, 0.0111344885, -0.0033146201, 0.010028847, -0.0005583106, 0.0010019848, -0.021966275, -0.01687957, 0.010950333, -0.0005298393, 0.014060711, -0.020361735, -0.005107204, 0.0021597592, -0.016688578, -0.009367143, -0.0023259372, 0.02063997, -0.015335437, 0.00081385433, 0.0029219552, 0.0066187666, 0.0061391904, -0.0076027485, -0.01221376, -0.006927963, 0.011027348, -0.005535377, 0.0018573204, -0.008164037, 0.0021985418, 0.00872874, -0.012129051, 0.010030476, -0.025889274, 0.0066793254, -0.0010464108, 0.010402459, 0.01181466, 0.014147673, -0.040925793, 0.0030591758, 0.0018974341, -0.0033352827, 0.011131212, 0.010621968, -0.01701137, 0.027457962, -0.0054092486, -0.00013704659, -0.014076123, -0.017839333, 0.02165898, -0.017250301, -0.011392772, 0.0029781358, -0.009031237, -0.00032886493, -0.011311042, 0.00038689887, 0.00021776318, -0.009188498, -0.0013018388, 0.0058932295, 0.0019611313, -0.018161327, -0.01688706, -0.0009111547, -0.0069032237, 0.012926492, 0.00046375336, -0.0108545525, -0.008599132, -0.0071041305, -0.0025902668, -0.0142228175, 0.0047596404, -0.02063791, 0.0070587285, -0.0041467613, 0.0010565028, -0.0027323628, 0.0074314782, 0.014726582, -0.0004633127, 0.0045726416, -0.053150654, -0.002673256, -0.00398399, 0.026778242, 0.024771128, 0.009736558, 0.0048794383, 0.0016077949, -0.002054645, 0.018849296, 0.0099425865, -0.008987906, -0.008010473, 0.013504481, -0.009437122, -0.015797539, -0.0021864348, -0.010584226, -0.029245729, -0.0020696537, 0.0074184467, 0.008432108, 0.0009960157, -0.010561739, 0.004542253, -0.009766184, -0.006475342, 0.0032774857, -0.0049374993, -0.0038558713, 0.012282032, -0.014924557, 0.012259561, 0.030592961, -0.0010406346, -0.0069968333, 0.012214353, 0.008652381, -0.00018237466, 0.006010609, 0.006425061, 0.012849018, 0.005252724, 0.020523008, -0.0045275902, -0.02472076, -0.015021031, -0.007825644, 0.006253717, -0.012165439, 0.017203266, 0.030542497, 0.007368531, 0.007437579, 0.0008336054, -0.017318744, 0.0007663175, 0.004367683, -0.007225112, 0.0021463237, -0.0042621708, -0.005309676, 0.01121187, -0.015719999, -0.016726995, -0.004985655, 0.016975058, -0.014028054, -0.018052919, -0.0113154985, 0.003908884, -0.0059763636, -0.0026535874, -0.0031139653, -0.013660034, -0.015226317, -0.0014112953, 0.029644674, 0.013749182, 0.018124612, 0.00078883057, -0.011814045, -0.011070118, -0.0009616161, -0.016717784, -0.0050560497, 0.0029926978, -0.012361913, -0.025295319, 0.007477602, 0.0076928292, 0.0072074556, 0.005773825, 0.0031368646, -0.0030184719, 0.018496726, -0.00063948566, -0.0030672927, 0.014346185, 0.012015866, -0.0012660254, 0.0049667116, 0.0015062822, 0.0014745881, -0.008306632, 0.010599762, 0.0011844407, 0.006257138, 0.003934054, -0.0024551644, -0.0011055182, -0.009884752, 0.036749896, 0.008459739, -0.004932911, 0.0072589926, 0.0036665634, -0.01049698, 0.008455602, 0.006187346, -0.014844405, 0.005293161, 0.004312797, -0.013178982, -0.0033042068, 0.008389519, -0.0028806634, 0.014214916, -0.00084891706, -0.0016528018, 0.003758253, 0.010837788, 0.028828645, 0.016257763, -0.01590305, 0.0070809447, 0.00022886778, -0.0057397964, -0.010844286, -0.009851984, 0.00397975, -0.009929506, 0.009816079, 0.007399539, 0.0007275543, -0.010221165, -0.0013029139, -0.001845835, 0.017154163, -0.0029104443, -0.0019744535, 0.013498395, 0.0023209571, 0.007836553, 0.025147703, -0.0031886578, -7.104453e-05, 0.010307475, 0.01918579, 0.0095327245, -0.0034513322, 0.009917164, 0.008455302, -0.021740966, 0.007778041, -0.0038069107, -0.0067234556, 0.0064811693, -0.009093017, -0.019230869, 0.022325074, 0.009706021, 0.0024896334, 0.014587437, 0.0025662426, -0.00678211, -0.014032932, 0.01663596, 0.013794763, -0.004067421, -0.005317382, 0.009419873, 0.028588165, 0.003903967, -0.0005610102, -0.014092399, 0.008710781, 0.022760479, 0.0004700227, -0.00074184744, 0.019679906, -0.0055929767, 0.014142631, -0.001735953, 0.0040666047, 0.0064326595, -0.0011027091, 0.0061728125, 0.027356181, -0.012227461, -0.00021885504, 0.0018716145, -0.0042999736, -0.011112886, -0.0013530969, -0.09094037, -0.00017193562, 0.008141496, 0.017273769, 0.023763323, 0.002550054, 0.0023614531, -0.016280632, 0.0015204548, 0.0018584598, -0.013206294, -0.007713305, -0.014489483, 0.018737217, -0.0028945997, 0.004578028, 0.01693586, -0.0062996703, 0.009982635, 0.013031199, -0.009380158, -0.0044848737, -0.01706653, -0.0032515673, -0.005225038, -0.014752228, 0.01429488, -0.0059597893, 0.0014569166, 0.00940873, -0.011319904, 0.00847562, -0.01138186, -0.010644144, 0.006168498, -0.010542101, -0.0045511248, 0.011375006, -0.1364947, 0.028453419, -0.011281583, -0.008967876, 0.009204983, 0.0068500615, 0.004904797, -0.004436607, 0.01590851, 0.010817316, -0.009593838, 0.010451697, -0.0028659906, -0.00090842356, 0.009719455, 0.004437864, -0.034323305, 0.014753209, 0.002280695, -0.013897235, -0.005821269, 0.002667086, -0.0068125776, 0.017426118, -0.004058424, -0.005242104, -0.0107094655, 0.011351658, 0.0153229, -0.004347449, 0.008771515, -0.003154479, -0.0036323871, 0.0023688902, 0.016156938, -0.0074226456, 0.016444778, -0.0013419623, -0.0029411435, -0.005785343, 0.010564196, -0.005627116, 0.017627977, -0.013465757, 0.019829819, 0.007839045, 0.005073712, 0.014502893, 0.016253287, 0.012203373, -0.00032676762, -0.010701143, -0.018667467, 0.014306833, 0.0030243087, -0.0038329079, -0.011498179, 0.00754902, -0.0045216745, 0.028323669, 0.008425079, 0.015302405, 0.008959677, -0.0032472592, -0.005796448, 0.009040111, -0.004769609, 0.012735337, 0.020513127, 0.0062015364, -5.814025e-06, 0.026091818, -0.027935306, 0.005649602, -0.0012180218, -0.0073074414, 0.0031031757, 0.009829213, -0.003652492, -0.013583032, -0.02452038, 0.016808735, -0.019739633, -0.005631587, 0.004716371, -0.012777155, 0.005238754, 0.0202729, 0.008830396, -0.042121287, -0.017524721, 0.0013520503, -0.0034800097, 0.013494314, 0.003415891, 0.009977004, 0.00014843712, -0.008728458, -0.009991026, 0.0021336784, 0.017005458, -0.013386566, -0.001695269, -0.012587776, -0.016024671, -0.012610324, 0.0074453573, -0.017911928, 0.0072431257, -0.0041605816, -0.010982289, -0.02391337, 0.011807771, -0.0019236666, -0.0030737598, -0.02336254, -0.013336657, -0.014560725, -0.0121611, 0.008509196, 0.009870694, -0.025518347, 0.0016779356, -0.015627295, 0.0035793434, 0.017013194, 0.006493114, -0.021301785, -0.011799604, -0.0023226999, -0.0072320276, -0.0075232163, 0.01455588, -0.008990552, -0.0009055079, -0.018241351, 0.002915447, -0.004719864, -0.00094123615, -0.011371665, 0.0045906566, 0.008667986, -0.012521284, 0.006085844, -0.022757888, -0.008097456, 0.0057075126, -0.016142197, -0.0021117746, -0.019178243, -0.02820568, 0.0079411175, 0.012721734, 0.0072153276, 0.006214453, -0.002865073, -0.008751792, -0.01871336, -0.020111026, 0.010586858, -0.010711675, 0.0148886945, 0.016619038, -0.021556389, 0.0006554676, 0.014610626, -0.0055348016, -0.00576197, 0.017120834, 0.003694327, -0.00032178004, -0.0017410101, 0.026277652, -0.0039897915, -0.0129513005, -0.011567455, 0.0036445914, 0.0021379553, -0.0014639661, 0.016085716, -0.006089539, -0.0005358896, 0.0025647222, -0.026736746, 0.02626617, 0.009328662, -0.018520383, -0.016823377, 0.0055114175, 0.029798064, -0.01871595, -0.018069243, 0.009828527, 0.00047319467, -0.01355946, 0.016412739, -0.0055703493, -0.024513986, 0.0068451627, 0.00035283138, 0.0074084783, 0.014359466, 0.005216872, -0.1620305, -0.019161081, 0.018053511, -0.012915553, 0.011339423, -0.008061016, -0.0047997646, -0.009224568, 0.02314715, 0.00545831, 0.008931059, 0.0043266383, -0.008123237, 0.008466275, 0.0008810093, -0.008041567, -0.0126554165, 0.0075862226, 0.0069934404, 0.009759831, -0.016456822, 0.013409596, -0.018348021, 0.018077014, -0.014017506, 7.166719e-05, -0.0064528724, 0.013094736, -0.003530426, -0.0065484955, -0.0024199986, -0.009473851, 0.0033366904, -0.00844174, -0.004396203, -0.017185535, -0.016688667, 0.01492166, 0.00762668, 0.013668402, -0.0012121049, 0.0035135038, 0.009634754, 0.025933761, 0.0037343295, 0.0031146077, 0.009365035, -0.025202325, -0.01514457, -0.02865313, 0.0038877046, 0.012864269, -0.00020708615, 0.012730055, 0.008916249, -0.0061762813, 0.019195868, -0.011419124, -0.0032748457, 0.011517341, -0.005466992, 0.008857252, -0.0049310634, 0.021229954, 0.0027096656, 0.0050614877, -0.010900272, 0.15528375, -0.034486677, -0.01194832, -0.010797851, -0.019274065, 0.0032495952, 0.01614897, 0.016332533, -0.0073326537, -0.029064039, 0.033257548, 0.028300202, 0.008010044, -0.0019468702, -0.012911829, 0.012828941, -0.019341381, -0.016324641, -0.020155743, -0.0087902015, -0.01247704, -0.024764128, 0.013834715, -0.022677176, 0.034541715, -0.006159738, -0.010793623, 0.020495566, 0.007217283, -0.0090560885, 0.0011262506, 0.0001275152, -0.006770955, -0.012253785, 0.0012233984, -0.003128246, 0.022061966, -0.0044442876, 0.011886786, 0.012305955, 0.021884803, 0.0118485335, -0.014124759, -0.01100832, 0.014066499, -0.011259005, -0.014746825, 0.0015821955, 0.015260738, 0.020998608, -0.010755681, 0.016753033, -0.010818955, 0.00072677236, 0.005430388, -0.008649433, -0.040467717, 0.010091728, 0.034888342, -0.0139788035, -0.0067125903, 0.008573137, -0.023427421, 0.0012405448, 0.0037045984, -0.013914925, 0.0051671145, -0.02969977, 0.008007048, -0.100023404, 0.021857958, -0.02477142, -0.022720778, -0.0058658924, -0.008017739, 0.001788123, 0.01822012, 0.0029315632, 0.0053943573, -0.028586794, -0.008651666, 0.012286714, 0.014282685, 0.015161576, -4.331799e-05, 0.030691886, 0.01243597, 0.0033364703, 0.0032654759, 0.012974861, 0.01612614, 0.011085348, -0.018352102, -0.012964462, 0.00572726, -0.010455854, 0.0085016815, -0.0034002822, 0.007250449, 0.012605344, 0.012022711, -0.01670051, -0.0146448575, -0.010630657, 0.002955069, -0.016102681, 0.021764899, -0.016936138, 0.006856364, 0.0008152691, -0.022578817, 0.0050069992, -0.0019872105, -0.022303104, -0.0002772544, -0.0034970439, -0.00865089, -0.0028743236, -0.0015133006, 0.008884206, 0.029130403, 0.0040540956, 0.006653544, -0.01671972, -0.011306026, 0.023494659, -0.019307233, 0.008527244, -0.0029503622, -0.017355172, 0.018453611, -0.010287682, 0.004574288, -0.021779254, 0.003041818, 0.00046075138, 0.0068119825, 0.012374327, 0.005023556, -0.020611404, -0.009248831, -0.0047938814, -0.007084088, 0.007881734, -0.004961078, -0.0016137216, 0.017100377, -0.0049862536, 0.011773117, -0.014924415, 0.011764887, 0.004165837, 0.010090232, 0.025111003, -0.0057898, 0.0050678533, -0.03566881, 0.0037970624, 0.009102218, 0.003374381, -0.010372343, 0.013459695, -0.008554915, 0.017485877, -0.0030684548, -0.0026365002, -0.015602241, 0.015895877, 0.0096302, 0.005271423, -0.003578042, -0.014415448, 0.01978412, 0.039751384, 0.0020393818, -0.015765056, 0.00096981105, 0.023130717, -0.025015779, -0.026390173, -0.002222182, -0.038828354, -0.007075361, -0.00022662916, 0.019838218, 8.250414e-05, -0.016526507, 0.008009056, 0.004649867, -0.002942918, 0.021668265, -0.0049307053, 0.0016808605, 0.02100809, 0.0018990475, -0.006809548, -0.018156327, 0.017604887, 0.018932713, 0.0060585015, 0.013163041, 0.0024649543, 0.015550898, 0.018091263, -0.013871987, 0.012670658, 0.010896648, 2.1746448e-05, -0.018981427, -0.020348957, 0.0155722955, -0.012427251, -0.004446015, -0.0063063004, 0.010586141, 0.0030643614, -0.016470749, 0.002795435, 0.0006009028, 0.012630201, 0.010190104, -0.012415075, 0.0036222748, 0.015857056, 0.00060181593, -0.0056742434, -0.0018912072, 0.013270043, -0.02098455, -0.012339852, -0.008533462, -0.012669508, -0.014837004, 0.0139571335, -0.00478988, -0.002434663, 0.0077239396, -0.03127133, 0.0010108253, 0.021685388, -0.010067578, 0.0140704615, -0.000160676, -0.010777354, 0.019216008, 0.008335922, 0.0047862954, 0.014713503, -0.066903085, 0.0076053925, -0.0026509613, -0.036502697, -0.031094827, -0.009553167, -0.0060452907, 0.0098772105, -0.0132047925, -0.009275675, 0.023336664, 0.009114541, -0.006469999, 0.00905182, 0.0031636418, 0.014838179, -0.017618407, -0.0018164216, 0.018685196, 0.019650077, 0.01635188, 0.0026679018, -0.010916955, 0.00040855433, -0.0038115312, -0.03547761, 0.0027339833, 0.004297187, 0.0051471787, 0.012373318, -0.016131485, -0.010862538, -0.0152869765, 0.021391114, -0.009482185, 0.0062871487, 0.0038883644, -0.014905786, 0.009187916, -0.04375114, 0.006423579, 0.02068651, -0.053220127, 0.011293826, -0.009573606, 0.004397612, -0.010841269, -0.00023643844, -7.451364e-05, 0.00078831136, 0.023449099, -0.025071342, -0.008767864, 0.001987352, -0.010012164, -0.008017086, 0.0061789984, 0.0068469406, 0.0046436507, -0.005370333, -0.0062336694, -0.03289222, 0.0037192747, 0.0028472445, -0.004522877, 0.021402622, -0.007884527, -0.0067064515, -0.023728948, 0.029254332, 0.008273569, -0.021462752, -0.0022246586, 0.0034058623, 0.02294823, 0.0067029702, 0.0035213006, -0.022793375, 0.017166113, 0.023141686, -0.01287263, 0.01992477, -0.006582145, 0.037226852, 0.014995546, -0.005479985, -0.0036188993, -0.083826184, -0.011485081, 0.018458458, -0.004409037, 0.014847608, 0.015715227, 0.017066795, 0.04901605, 0.00034819517, -0.00030440264, -0.013900731, -0.0038257295, 0.0023454165, -0.015029745, -0.030918142, -0.0028080922, -0.01777504, -0.0036992547, 0.0028507093, 0.017824799, -0.002251372, -0.022316115, -0.021943886, -0.004348539, 0.016185569, -0.039677247, -0.0026021702, 0.00822654, -0.0024245759, 0.022062538, -2.9774166e-05, -0.010199903, -0.0063616955, 0.001969501, 0.006346849, 0.009665008, -0.017783836, 0.012353597, 4.5323024e-05, -0.004761626, 0.013966789, -0.013315066, 0.020137679, 0.0023420097, 0.0047413837, -0.020771228, -0.02204308, -0.004741634, 0.002340558, -0.009368636, -0.0018385755, -0.03151984, -0.012913209, -0.0057063783, 0.005889311, -0.0052313693, -0.007048988, -0.025011811, -0.0018446568, 0.014507847, 0.027581673, 0.007335666, -0.01022902, -0.016881403, -0.003237718, 0.00883778, -0.010594122, -0.0022516863, -0.006037667, 0.016204827, 0.004085894, 0.0061451234, 0.017713105, -0.0016434247, -0.006545819, -0.012557488, 0.014438396, 0.01879039, -0.020267824, -0.023137674, 0.023559904, 0.008328608, -0.00122758, -0.017644579, -0.008337046, 0.00010561451, -0.0040094065, 0.0010914145, -0.009405992, 0.013929246, 0.0011737479, 0.013826159, 0.016654026, 0.014844112, -0.008887867, 0.011681224, -0.0016975369, -0.011010288, 0.003888384, -0.02732032, -0.019673282, -0.005725873, -0.00550567, -0.0025391974, 0.0047968603, -0.006208604, -0.004909651, 0.024490269, 0.017343612, 0.0048929956, 0.023835544, -0.0020314094, 0.0020501881, -0.015788525, -0.0052854056, -0.020726107, 0.02168066, -0.010427762, -0.010241541, 0.027077643, -0.019924609, -0.017153498, -0.012750931, -0.026268313, -0.0029557813, -0.0009253826, -0.0012269813, -0.011468176, -0.027961675, -0.00089773565, 0.002045434, 0.017250512, -0.020126, -0.004290705, 0.022170484, 0.004948442, -0.020329503, 0.029537024, -0.012679818, -8.6287815e-05, 0.0057529486, 0.015693186, 0.007357001, 0.00039073516, 0.023249194, -0.01590122, -0.0058422685, -0.0011765737, 0.008617049, -0.0067272154, -0.008433474, 0.015030094, -0.007820702, -0.008426426, -0.004673217, 0.00093281694, 0.008354798, 0.0044455254, 0.018416157, 0.005323506, 0.004011637, 0.0019120155, 0.0025570057, 0.0185428, -0.0013174113, 0.004567182, -0.0008258783, -0.011524735, 0.023645703, -0.015436092, 0.0033339697, -0.01617012, -0.004112381, 0.010534158, 0.02187217, -0.026897052, -0.008463049, -0.007233864, -0.004803157, -0.0012993364, 0.00489192, 0.004864297, -0.0017261266, 0.032550495, 0.028784633, -0.01959939, -0.010748032, 0.0042589507, -0.009878795, 0.01737072, 0.004369212, -0.021073751, 0.010835343, 0.009051028, -0.0069055622, 0.014471537, 0.0077318843, 0.021325717, -0.0033181927, 0.026848316, -0.0008755142, -0.00865879, -0.02411321, -0.045599215, -0.010609012, -0.0014031584, -0.0023256054, 0.004209784, -0.022213843, -0.004368289, 0.0043660165, 0.011703652, 0.000575449, 0.029748725, -0.010267466, 0.0053532217, 0.012130272, 0.007969767, -0.007920414, -0.0012624825, 0.026008552, 0.009455665, -0.012555494, 0.007004863, -0.005143786, -0.019234434, -0.0026014696, 0.008917682, 0.0032430573, 0.0018817493, 0.0012858761, 0.021770313, 0.010345626, 0.006249015, 0.007537494, -0.0006182292, -0.0169359, 0.004176766, 0.0005822097, -0.0066431463, 0.011876488, 0.012512936, 0.019489028, -0.019652553, -0.019937225, -0.03874104, 0.007372833, -0.022828171, -0.036017857, -0.00016097203, -0.007481978, 0.0034346078, 0.013793019, -0.014344885, 0.027071767, 0.0016409657, -0.0012192221, -0.0014304637, -0.015501888, 0.0060781, 0.025923349, 0.02953147, -0.018045994, 0.02062338, -0.011502528, 0.0035626264, 0.0078615, 0.0045004054, 0.0043579387, -0.02155333, 0.022854852, -0.0019790279, -0.021694018, -0.020517517, -0.013497403, 0.010513155, -0.022666017, 0.02905934, -0.016570894, 0.037211433, 0.007938434, -0.018650599, -0.0047384724, -0.014031481, 0.028070396, -0.02258089, 0.00973229, 0.011901823, 0.020414801, 0.004933293, 0.016974432, -0.009696951, 0.016757984, -0.024300886, -0.035421453, -0.004525036, -0.009505724, -0.004981349, -0.0035071087, -0.029912641, 0.011003331, 0.0013306931, -0.014026507, -0.014167412, 0.007895033, 0.009441025, 0.015660834, -0.0030210104, -0.008108127, 0.023966186, -0.0059143514, -0.00786998, 0.0039555477, 0.0011295927, -0.010763471, -0.027729644, -0.008432912, 0.017641442, -0.020548785, 0.024811473, -0.0061205225, -0.007181088, 0.00733271, 0.004348398, 0.0117346, 0.0049408595, 0.0071142456, 0.004523994, 0.0050984, -0.007456322, -0.0073785163, 0.0111249145, 0.01175362, -0.002700826, 0.023477653, -0.0015084789, 0.009362265, 0.019844169, 0.008015359, -0.013036722, -0.017641112, 0.024363993, -0.032327816, -0.01835646, 0.0061040386, 0.0037685288, 0.002510534, -0.022203289, 0.019950893, -0.012701046, -0.004747345, -0.0035422235, 0.014783546, -0.0055602803, 0.021210404, 0.0071967915, -0.009622881, -0.0024750873, 0.016397541, -0.011191832, -0.031180924, 0.010582669, -0.040107455, 0.00092639826, -0.012089758, -0.00920678, -0.00034828697, 0.00081783807, 0.00036568553, 0.019701784, -0.005347125, 0.00081394333, -0.01141835, 0.008832846, -0.0038246023, -0.003650986, -0.02582535, 0.012306381, 0.01663025, 0.0225366, -0.010550882, 0.0073401486, 0.011461856, 0.0066361316, -0.016341072, -0.0023037412, 0.0092107905, 0.014503024, 0.009669489, -0.021157116, 0.013449905, 0.009826763, -0.009487131, -0.0007264771, -0.0058235824, 0.021930488, 0.032975636, -0.002219325, 0.010346067, 0.016220672, 0.0008204715, -0.015801495, -0.010038181, -0.01184923, 0.028262902, -0.007206817, 0.011023778, 0.020338181, 0.019645955, 0.00051406363, 0.004497027, 0.0045558373, -0.0023300336, 0.018662697, -0.0069594188, 0.011793379, 0.00911142, -0.002276436, -0.00556845, -0.0036691427, 0.0027431739, 0.011313724, -0.01053127, 0.027693084, -0.014375572, 0.019955782, -0.0051067728, -0.0061708405, 0.025471706, 0.0046202233, -0.007978766, 0.0035366798, 0.0030742136, 0.0077230125, 0.016791467, 0.008397485, -0.021991577, 0.012635945, 0.010724534, 0.021347545, 0.012023143, 0.006237736, 0.00028686246, -0.0008838422, 0.024577968, 0.015699318, 0.010358095, 0.012247423, 0.015879016, 0.007887563, 0.013868763, -0.005518347, -0.02101077, -0.011763836, 0.00744935, -0.015663706, 0.00724251, -0.0205931, -0.0024074723, -0.018084487, -0.0077183377, 0.0075790775, -0.0015474589, 0.0012678656, 0.0030025805, -0.010850143, -0.015820917, -0.008053996, -0.027128607, -0.008281928, -0.017847698, 0.006652715, -0.05135206, -0.0015448052, -0.011576743, -0.0031125026, 0.0053505446, 0.0011066936, 0.023299828, -0.009330338, 0.009124368, 0.003967162, -0.0015951938, 0.030283459, 0.0034570124, 0.019134793, -0.009991298, 0.0046024425, -0.014376434, 0.0077108564, -0.010841925, -0.0071848314, 0.004647677, -0.019528605, 0.033933625, 0.0061600516, 0.01696825, -0.02450924, -0.0050880825, 0.024270453, 0.015437828, 0.007566532, -0.0060251676, -0.009032971, 0.030191127, -0.0050490834, 0.01984387, 0.021683995, 0.009797084, -0.025515532, -0.009583428, -0.0028390517, -0.0080215605, -0.00666475, 0.0077602756, 0.0001318139, 0.0042984583, -0.0009486961, -0.006817534, 0.008700193, -0.00030022286, -0.0006181272, 0.008249477, -0.022035304, 0.0037694627, -0.007969434, 0.0013662785, 0.014378649, -0.010346534, -0.006871082, 0.021660196, 0.01500248, -0.01919571, 0.01439694, 0.011203856, -0.010662163, -0.011255203, 0.0009091022, 0.011368574, -0.015283511, -0.010029928, 0.013430645, 0.002200065, 0.0018918153, 0.034916986, -0.0020527772, -0.004772863, -0.011830363, -0.02674022, 0.012056849, -0.01880643, -0.001755305, 0.0046014036, -0.025396787, -0.003281337, 0.013129098, -0.0067413594, 0.011437722, 0.0041401726, 0.001929944, -0.018980851, -0.0029346182, 0.009514142, 0.021271002, -0.0078859655, -0.0044433614, 0.0060953773, -0.02188015, -0.002173035, 0.0095646465, -0.011529593, 0.0066097616, 0.022705656, -0.013198239, 0.006777588, 0.00068878813, 0.007500399, 0.009052305, 0.006333439, -0.003965152, 0.00052926614, -0.043165457, -0.022665894, 0.002094594, 0.007922463, -0.003433343, -0.011657102, 0.008516441, -0.0043856497, -0.0011745353, -0.007918683, -0.0043025715, 0.023025395, -0.012857027, -0.026196431, 0.006890553, 0.010797829, 0.0026677442, 0.011104851, 0.00068701984, 0.02370006, -0.03330179, 0.0018993012, 0.0023797536, -0.013225804, 0.006549602, 0.01882382, 0.02451408, 0.0061085327, -0.028386457, 0.0045394944, 0.041909672, -0.012608239, -0.0074932245, 0.01656885, 0.001428483, 0.027041815, 0.018614687, 0.021741005, 0.017089352, 0.0069190506, -0.021918036, -0.0028110624, 0.0014949495, -0.012664738, 0.0015577985, 0.008688763, -0.012359323, -0.021337358, -0.029712424, 0.0039377105, -0.0037878281, 0.003299733, 0.0043803165, -0.0014884896, -0.007421242, -0.011973943, -0.018853445, 0.0075705685, 0.011030495, 0.013111615, 0.010394432, 0.008384205, 0.004876234, 0.0014750016, -0.015994618, 0.010786549, 0.016472818, 0.018755514, -0.005494244, 0.022353834, 0.0028924062, 0.0033970447, -0.024211504, -0.01161075, 0.027829578, -0.010585954, -0.001257131, 0.012225122, 0.022206813, 0.0048227673, -0.007540733, -0.0070717204, -0.017929666, 0.0037065737, 0.0012500349, 0.017766818, -0.0062735495, 0.024680752, -0.015827764, 0.0036244655, 0.009214697, -0.03279344, -0.009335864, 0.0076597785, 0.0025285166, -0.0061612464, 0.0042355605, 0.009417053, 0.0008450663, -0.0054803733, -0.0009219775, 0.0052151973, 0.010290295, 0.017293502, 0.004713457, 0.1630175, 0.12489375, -0.017964091, 0.02155362, 0.010383364, 0.00985715, -0.023244902, -0.011700604, -0.010898112, -0.020795422, -0.0069608428, -0.010209907, -0.0016431741, -0.0031362912, 0.016390521, -0.014687506, 0.008140166, 0.008208981, 0.0029387677, 0.0035257074, 0.0025280018, 0.012588218, -0.009686228, 0.013381089, -0.008703268, -0.007533624, -0.013173983, 0.013493839, 0.010907071, -0.021370746, -0.0072405594, -0.028508253, 0.0026766115, -0.014649834, 0.025273314, 0.0032063313, -0.019731505, 0.03867726, -0.0040885853, -0.006921897, -0.0097769005, -0.0030059922, -0.008170461, 0.017463539, 0.017733471, 0.017420977, 0.0070448797, 0.012054379, 0.016313924, 0.020142633, -0.0030351907, -0.0074218037, -0.0016656676, -0.0027966148, -0.023430228, -0.017482968, 0.017681727, 0.0019729934, -0.019376926, -0.0069519877, 0.013110437, 0.018795285, 0.00029267365, 0.014299308, -0.019851584, 0.008420615, -0.0024742573, 0.00843854, -0.004744416, -0.014977974, -0.001977658, 0.018880965, -0.010841789, -0.012528386, -0.0043064645, 0.011620298, 0.0044864696, 0.0031700057, -0.01713652, 0.022745354, 0.00026405425, 0.004103465, 0.0035313752, 0.00272573, 0.023815716, 0.036390927, 0.018052118, 0.0023470342, 0.09999467, -0.0133821145, -0.014942473, -0.030627292, 0.020205872, 0.0034484018, 0.0032236327, 0.0518583, 0.031434394, 0.013967255, 0.01946905, 0.004038367, 0.015984133, -0.0034227476, 0.0017167347, 0.019240206, 0.028587898, 0.04715259, 0.017484654, 0.008953963, -0.025983643, 0.007884838, -0.007031639, -0.008375473, -0.00657502, 0.002478149, 0.008922341, 0.0070217922, -0.02771719, 0.018687291, -0.096392125, -0.007482095, -0.008659456, -0.009328701, -0.0040601674, -0.0019185718, -0.009171328, -0.012108655, -0.012348994, 0.010789896, -0.012137074, -0.0026746695, 0.017748855, -0.00532658, -0.036639255, 0.0104799075, 0.013904539, -0.0048393337, 0.01158765, 0.0060257437, 0.010531556, 0.013164218, -0.0037289374, 0.030096361, -0.0053949445, 0.0025729362, -0.007742448, 0.00040575647, -0.007574001, -0.011725777, -0.0110218655, 0.020771088, -0.0097430395, 0.024653232, 0.035077006, 0.011509895, -0.016851896, 0.0039752256, 0.021464726, 0.00066270045, 0.009789356, -0.005709321, -0.00016127925, -0.013554614, 0.022186229, -0.0064767203, 0.0023745291, -0.009049484, -0.0033799263, -0.0043009766, 0.01743552, -0.007809569, 0.015916469, -0.0063096713, -0.014418916, 0.005324638, 0.010842481, -0.008961875, 0.001217703, 0.010577221, -0.0012517931, 0.016479133, 0.00865679, 0.019086301, -0.0020330055, 0.006331635, -0.014679771, 0.004452395, -0.0052530086, -0.014369648, -0.016127495, 0.013525251, -0.0054304493, 0.0013925526, -0.005666104, 0.014465308, -0.03553869, 0.0020702332, 0.016861975, 0.017510762, 0.009838643, -0.005923578, -0.008838077, 0.123247035, -0.021246249, 0.028858759, -0.01416967, 0.011346611, 0.022473074, -0.012161757, 0.0041501727, 0.0106377015, 0.025847739, -0.022509359, 0.03459744, -0.025960667, 0.006174488, -0.0077878637, 0.0016103301, -0.0052245343, 0.014156124, -0.002903578, -0.0050217914, -0.013250383, -0.011040359, 0.015912473, -0.008697037, -0.012158015, 0.01771318, 0.0009518012, 0.027760038, 0.0012768911, 0.011779222, 0.012552235, -0.00029795239, 0.0135351615, 0.00239811, 0.0007139222, -0.026481466, -0.0178551, -0.0004283686, -0.010252943, -0.020612625, 0.006956934, -0.014762442, -0.0012954575, 0.0019544505, -0.052327275, 0.18779539, -0.00095504476, 0.01499055, -0.0074674995, 0.011024179, -0.004230401, -0.0068257656, 0.015655871, 0.005200541, 0.009926712, 0.0030539832, -0.00042928083, -0.023259766, 0.027746597, -0.0021071914, 0.010910497, -0.012538543, 0.0050826115, -0.045528106, 0.02972209, 0.0033934154, -0.023482814, 0.004471887, 0.00065678987, -0.017854149, -0.001486746, 0.019418713, 0.00080746814, -0.007272732, 0.0014281491, 4.3783407e-06, 0.0051890304, -0.01027559, 3.4497432e-05, 0.008933709, 0.011667453, 0.0026366874, -0.012689067, -0.00078301464, 0.00971318, -0.021631576, 0.008237735, 0.005121621, 0.008991517, 0.0045650695, -0.022256214, -0.027740346, -0.004974669, -0.0063951006, -0.014837828, 0.008785554, -0.0046746293, 0.0030289865, 0.006649714, -0.02706191, -0.0065316367, -0.016312238, 0.030929603, -0.015326812, -0.00092308526, -0.00867181, -0.0034007418, -0.012406731, 0.005714968, -0.011026378, -0.011145407, -0.028311806]"
Ingresos por remesas caen 4.7% en julio,https://oem.com.mx/elsoldemexico/img/25519643/1756726049/BASE_LANDSCAPE/1200/image.webp,no especificado,no descripcion,https://oem.com.mx/elsoldemexico/finanzas/ingresos-por-remesas-caen-4-7-en-julio-25519115,"[-0.0031708255, 0.002632457, 0.017435549, -0.058529597, -0.0023485674, -0.0008278367, 0.025637839, -0.0031729897, -0.01370491, -0.02445309, -0.01709445, 0.014922848, -0.010110749, -0.0118545545, 0.11374116, 0.035911363, -0.003674596, 0.0072933696, 0.003875153, 0.0047159465, -0.005776241, 0.004431959, -0.019494196, -0.011180746, -0.016920568, 0.017586388, -0.0018149707, -0.024479602, 0.004786627, -0.0069465865, -0.0008068346, -0.018454159, -0.0009528304, 0.003279818, 0.0058220304, -0.0023737352, 0.004495806, 0.005799939, -0.01048324, 0.009964753, -0.01618119, 0.031704336, -0.028633973, 0.004426802, -0.0037446243, 0.003779201, 0.0168814, -0.0076648262, 0.0018662084, 0.035866737, 0.014491069, -0.013072913, -0.0157662, -0.15998009, 0.016512472, -0.008308123, -0.011823538, 0.019803502, 0.006494688, -0.013694109, -0.013416122, 0.03678887, 0.0024795076, -0.009576831, 0.0052580507, -0.024039319, -0.007759581, 0.014303249, -0.0030274438, -0.0106335245, 0.0047047194, 0.00054716645, -0.006547597, 0.012620607, 0.0032350211, -0.0076102447, -0.013680535, 0.03334053, -0.010524497, -0.016460503, 0.0041045286, 0.015005038, -0.020640057, 0.029156955, 0.006729122, -0.010745755, -0.029554917, -0.0032968586, -0.015198685, 0.01823287, 0.007963587, 0.010036127, 0.025730113, -0.018955167, -0.016908702, -0.037136853, 0.02049996, 0.00050192425, 0.011186867, -0.045343805, -0.018876877, -0.03791285, -0.023330241, 0.037702728, -0.0033477023, -0.011866033, 0.016992921, -0.0028010444, -0.024422757, -0.01184345, -0.011280925, 0.0070261452, 0.004673433, -0.009360511, 0.010060916, -0.106999196, -0.0024379413, -0.02605252, -0.016609687, -0.026692515, -0.020651184, 0.020390967, 0.013468718, 0.018786889, -0.030656414, -0.02320589, 0.02041393, 0.016707754, -0.0059982827, -0.0039841044, -0.006668314, 0.00049721095, 0.02678489, -0.009746189, -0.022194847, 0.013451875, -0.004686819, -0.019029707, 0.0036144475, -0.019281203, 0.0233853, -0.023924517, 0.0193265, 0.008889413, -0.011113407, 0.0049644415, 0.00074878026, 0.014718309, -0.012701111, -0.020145927, 0.026382022, -0.00040874668, -0.03384212, -0.014138032, 0.012592195, -0.042582314, -0.041567296, -0.025669048, -0.0064058285, 0.0049562217, -0.02889884, 0.015926404, -0.01142548, 0.0005418954, -0.00023894728, 0.011208601, -0.0034034832, 0.0066220458, 0.025139565, 0.0039034025, -0.024123665, 0.010920271, -0.0069911703, -0.051356226, 0.0052289315, 0.005863117, -0.0058295936, 0.0073675998, 0.012798752, 0.0038715124, 0.009472579, -0.01929448, -0.006469363, 0.008257816, 0.01351059, -0.024787692, 0.00093212124, 0.007951294, -0.04443238, -0.0036686896, -0.029197477, 0.0018307482, 0.0071627726, -0.038073666, -0.0060795755, 0.0013290565, 0.0012754265, 0.009041521, -0.0017818362, -0.02971617, 0.024668973, -0.0030817268, 0.027991151, -0.010270795, 0.019716395, -0.0066263904, -0.0093896035, -0.0029980182, -0.0085669495, 0.017777229, -0.004121801, 0.016493052, -6.499734e-05, -0.013785646, -0.022270357, -0.020211203, 0.008066948, 0.012341372, -0.034330938, -0.019915072, -0.0040078247, -0.018170452, -0.00923617, 0.016579859, -0.0067636054, -0.008313222, 0.0062643006, 0.0030161284, -0.028475516, 0.021716962, 0.005889671, 0.022977343, -0.0071219867, 0.03903467, 0.03984616, 0.017830005, -0.028635029, 0.004303188, -0.0024462072, -0.0026363349, 0.0011364482, 0.0036603112, -0.0029447956, 0.007784255, 0.011339775, 0.005343777, 0.03556751, 0.023018608, -0.041138448, 0.010821215, -0.0022773521, 0.023658454, -0.009913338, 0.0024555307, -0.022698712, -0.011255835, -0.012970604, -0.015459641, -0.012945645, 0.014124557, -0.00041430103, 0.018133897, -0.017072983, 0.020406123, -0.02416254, 0.035599105, 0.010711582, -0.011648694, -0.02415752, -0.021684032, -0.01831247, 0.0017637943, 0.02604055, -0.0072332416, -0.011553846, -0.003507257, -0.08042237, 0.016072582, 0.0061851167, -0.016191376, -0.022308279, 0.030647561, 0.011240152, 0.021579726, -0.011175599, 0.000641278, -0.032127123, -0.00958353, -0.0029400308, -0.019300459, 0.032017387, 0.003460425, 0.017396629, 0.00024560842, 0.044039883, -0.0025670745, 0.026358737, 0.008392462, -0.01765175, -0.0026634245, -0.017827, -0.0020719222, -0.0119639225, 0.060847316, 0.01775433, -0.022133961, -0.011469697, -8.7551976e-05, -0.010580255, -0.003413069, 0.019288013, 0.00093264884, -0.031353883, -0.02122462, -0.0035309668, 0.0053007654, 0.011640844, -0.04670433, -0.022011112, 0.020572696, -0.0063681477, -0.0005366006, 0.0032847964, -0.035646994, -0.004841238, 0.012271835, 0.0017834698, -0.0068822657, 0.013017166, -0.007298288, 0.00038478462, 0.0031770228, -0.01168256, -0.030749124, -0.017640224, -0.0011185064, 0.009981685, -0.008094255, 0.0031328523, -0.017546026, -0.0027491206, -0.021867158, -0.0012182789, -0.012865736, -0.0009558163, 0.023693377, -0.017093748, 0.002140225, -0.025210746, -0.013381715, -0.00384412, 0.0115824705, 0.01660311, 0.012396672, 0.008994388, 0.034680862, -0.010392539, 0.0011830518, -0.008920779, 0.022211572, -0.015961194, 0.012256013, -0.020889683, -0.002405304, -0.024085917, 0.023167742, 0.0122133205, -0.031056715, -0.01580576, -0.03915065, 0.007030486, 0.013258291, -0.0076804794, 0.014465634, 0.02161109, 0.0050264657, -0.0020056218, 0.03338547, 0.0149716595, 0.005745487, -0.008527989, 0.024129365, 0.041827198, 0.007421298, -0.023686875, -0.032147933, -0.019809173, -0.024335694, -0.006516508, -0.011151416, 0.0021627268, 0.0031264226, -0.016215099, -0.007545054, -0.0036476406, -0.012760154, -0.0010667556, 0.005546961, -0.01907659, -0.0015191534, 0.03604025, -0.009446434, -0.025083797, -0.031119313, 0.021073189, 0.0075468007, -0.005841892, -0.032260053, 0.0032734163, 0.005398457, 0.06003748, -0.0144610405, -0.015688557, -0.016454425, 0.021542048, 0.0018872557, -0.020646378, -0.007912727, 0.008103711, 0.014658481, -0.0012466144, 0.012892393, 0.0042553646, 0.0023127438, 0.02189005, -0.016203525, 0.0010222057, 0.020479485, 0.006123675, 0.0010267788, -0.03561453, 0.023655515, 0.011980771, -0.02334148, 0.0070162266, -0.0043309964, -0.008009644, -0.0045520836, 0.00803993, 0.013374139, 0.025036179, -0.0046712216, -0.017774444, 0.01798951, -0.004136714, -0.013728838, 0.009050105, -0.030541612, 0.0053327885, -0.00012343511, -0.001297133, 0.008974871, 0.023005141, -0.031196613, 0.017776882, 0.02227478, 0.01982528, 0.0032102433, 0.023154892, 0.022828694, -0.003381661, -0.030772682, 0.0104026925, 0.026560433, 0.0029682785, 0.022155115, 0.008831289, -0.033121586, -0.0020767378, 0.008914413, -0.0067298864, -0.019665372, 0.00014290954, 0.03374843, -0.0056925872, 0.00984419, 0.00088551163, -0.004119897, -0.02130504, -0.00092733296, -0.009493428, -0.021335302, -0.028691176, 0.016061561, -0.0036190231, 0.0013918492, 0.008299733, -0.009027887, 0.0016581108, -0.029099476, 0.025451493, 0.0044759233, 0.0017314486, -0.040406354, -0.0008811398, -0.031690758, 0.015221189, 0.012661874, 0.009834428, -0.01938177, 0.00042982746, 0.0077210367, -0.0067319684, -0.005741639, 0.022279099, 0.01997937, -0.011629868, 0.0197969, 0.009998963, 0.017441038, 0.00074244797, 0.021445833, 0.005516738, -0.033929523, -0.0037932037, -0.007555968, 0.012062965, -0.003648859, 0.0031900066, -0.010109605, -0.0076567912, 0.004954146, 0.01454213, 0.008117878, -0.00034348783, -0.017689364, 0.0061841803, -0.003630776, -0.009450091, 0.0048489445, -0.031140061, 0.0031850284, 0.003663696, 0.0029899485, 0.005257083, -0.005399828, -0.007635024, 0.01305045, 0.0064834193, 0.020092258, -0.025409242, -0.010976399, 0.008426442, 0.01721345, 0.034038484, -0.08862725, 0.011956748, -0.0069579287, -0.036296844, 0.0049142824, -0.0026161, 0.032838847, -0.00014498121, 0.023402093, 0.018717322, -0.0007582661, 0.027841404, 0.031063907, 0.001555039, -0.011853343, -0.020306136, 0.0147841275, 0.0048471787, 0.007196774, 0.013242789, -0.015387191, 0.020459201, -0.00894177, -0.006595202, -0.01064489, 0.01233183, 0.006101335, 0.014257174, -0.009537245, 0.032641947, 0.014186639, 0.0019748732, 0.0006461091, 0.0018456171, 0.019193871, -0.019265326, 0.01178923, -0.004053459, -0.007244694, 0.015271617, 0.003092618, -0.013062827, 0.015032787, -0.04017077, -0.031238336, 0.010074449, 0.009130051, 0.0010649977, 0.009122612, 0.0029821415, -0.008401052, -0.00020538317, -0.009993812, 0.013804512, 0.015506696, -0.008876155, -0.024326103, 0.011271664, -0.029941112, 0.021518221, -0.02495638, -0.008500969, -0.012625402, 0.02513215, -0.019033002, -0.005296891, -0.0066259103, 0.024559611, 0.019366758, 0.00684428, -0.012093359, -0.022362513, 0.013227812, 0.01934789, 0.028006332, 0.01376081, 0.004940441, -0.007886554, 0.02506581, 0.048578937, -0.009604888, -0.0075576417, -0.10181778, -0.014549088, -0.0015272667, -0.00030589264, -0.014563451, 0.0288004, -0.001537195, -0.00015628208, 0.00041624947, 0.038994264, -0.005123962, 0.010058981, -0.0041288165, -0.023290092, 0.024628708, -0.01631125, 0.013611411, -0.011506254, -3.6993646e-05, -0.0579706, -0.013358472, 0.010842505, 0.0058264052, -0.015052176, 0.0164932, -0.0015540037, -0.030118428, -0.030808749, 0.03166362, -0.024413055, -0.015076382, -0.14166112, 0.01995002, 0.031962655, -0.022654664, 0.020209959, 0.030776799, 0.032728173, 0.014553741, -0.016927985, 0.009764905, -0.009082829, -0.011177, -0.031906825, -0.00857969, 0.012511884, 0.10422908, -0.0060269246, -0.005512706, 0.005269867, -0.012272529, 0.0028044777, -0.021707695, 0.011410852, 0.031120963, -0.007930865, -0.018212108, -0.0044449195, -0.018702839, -0.0025003164, 0.015810825, -0.0051437947, 0.014549991, -0.02568423, -0.019494355, -0.008578449, 0.019523192, 0.002713434, -0.0024613717, 0.012380409, 0.007984909, 0.010133996, -0.00826848, -0.0036969574, -0.02278138, -0.025287837, -0.025050526, 0.014301007, -0.018856034, -0.0054851947, -0.003682135, -0.021551717, -0.08403959, -0.0020768023, 0.0059733624, -0.02578345, 0.007377102, -0.019437723, 0.0007159395, 0.004354778, 0.0175071, 0.016734906, -0.018897235, -0.005454076, -0.002691965, -0.0291073, -0.00912003, -0.0030590096, -0.010369412, -0.003092125, 0.017492108, -0.011826409, 0.017062789, -0.01708891, -0.00046007126, 0.011105907, -0.004154462, -0.01388623, 0.011360339, 0.010328361, -0.0061977208, -0.0134322345, -0.0075416546, 0.025150247, 0.021929076, 0.014947467, 0.0044596787, 0.011429238, -0.013014239, -0.0108761825, 0.003555393, 0.020293916, 0.015723411, -0.018210744, -0.0001387589, 0.03450526, -0.02830458, -0.0022491866, -0.025761768, -0.012797823, -0.0087641915, 0.010106126, -0.002841162, -0.0026734213, -0.01303129, -0.019769436, -0.005758081, 0.0065367874, -0.027451696, 0.048551727, 0.011046256, 0.0035037994, -0.015316026, 0.0034420372, -0.013012995, -0.007572129, 0.015780043, -0.01559655, -0.002112684, -0.006940278, 0.012898244, 0.0081917485, 0.003993862, -0.024346782, 0.00611705, 0.010982838, -0.017197307, -0.019344222, -0.0014128151, 0.0035945862, -0.03353028, 0.016357675, 0.011472863, 0.027636787, -0.01904356, -0.00013314755, 0.013947691, 0.013611129, 0.0026743691, -0.0010672093, -0.0059192027, 0.034136377, -0.005073396, -0.014697921, 0.0011850818, 0.003756188, -0.008869762, 0.008255015, 0.009995294, -0.00093564624, 0.0061537893, 0.016951194, -0.005730821, 0.029505407, -0.0079263365, 0.007235291, -0.012226596, 0.014473011, -0.00088300905, 0.0014225435, -0.0034460432, -0.006999027, -0.021761471, 0.003367413, 0.0031739732, 0.012470715, 0.002145585, -0.002345722, -0.006875478, -0.0002934597, -0.012726267, -0.028739331, -0.0070257992, -0.008983171, -0.021304041, -0.022431226, 0.0007590335, -0.0036843314, -0.009487304, -0.0025215864, 0.004974248, 0.017566957, 0.011974777, 0.010756835, 0.0057866788, 0.0020108458, -0.00018458308, 0.004665905, 0.0107910065, 0.022297593, -0.015828358, 0.019449687, -0.015004633, 0.02716139, -0.006207691, 0.0021688526, 0.00046459766, 0.024082989, 0.0047840993, -0.011341698, 0.009170287, 0.012125895, -0.00027190667, 0.004724157, -0.0033285327, -0.0048381146, 0.016941668, 0.0035583212, -0.011604501, 0.022356853, 0.009884623, 0.011387525, -0.0015695886, 0.014619407, -0.0054158135, -0.017629236, -0.0047468357, -0.010307834, -0.0028207672, 0.009589542, -0.010491058, -0.028199095, -0.02520942, -0.011247139, -0.016225997, -0.014465445, -0.0005141977, 0.013575577, 0.0026423107, 0.005884552, -0.0015809622, 0.009641696, 0.034902196, 0.0006223638, -0.00038949717, -0.0011663826, 0.00026913706, -0.00040577207, -0.004060405, 0.0048246854, 0.008138034, -0.0058949236, 0.009076454, 0.016883954, 0.007736595, 0.0038466677, 0.021833867, 0.008674924, 0.009635819, -0.024169307, -0.003774349, 0.011440985, -0.013437206, 0.0042198054, -0.00074544136, 0.020539748, 0.004975007, -0.006986666, 0.015959743, -0.014979666, 0.0039004325, -0.003111934, -0.019934542, -0.0014144712, -0.007918775, 0.012331508, 0.018846594, -0.0012080381, -0.019264296, 0.0045587295, 0.0038223865, -0.0018701287, -0.0019924361, -0.002030465, 0.008981577, -0.0006888739, -0.009184453, -0.010017565, -0.0051241433, 0.013030952, -0.018100947, -0.0036659627, 0.0053156763, -0.01485713, 0.0077637867, 0.0002091363, 0.008005958, -0.0013857457, 0.011480742, -0.009324361, -0.010824235, -0.01379223, -0.004663463, -0.0063729878, 0.0092122415, -0.00059307547, 0.0066919774, -0.0023205962, -0.02005949, 0.014655142, -0.0011260171, -0.022254115, -0.0071260612, -0.002709755, 0.006871284, -0.011063014, -0.02946874, -0.0014607628, -0.0026615327, 0.018526074, 0.012225525, 0.07497498, -0.015215455, -0.011402328, -0.002009605, -0.00010743859, 0.0023830198, 0.005069059, -0.0067337337, -0.014205149, -0.015475137, -0.007925831, 0.0020621049, 0.007185729, -0.016345533, -0.004695336, 0.007808949, -0.0029792096, 0.009276404, -0.011644302, -0.0075237723, -0.01361728, -0.006732148, 0.0003918728, -0.009969662, 0.009534992, 0.018691355, 9.8887016e-05, 0.0024944122, 0.007454865, -0.008673867, 0.0047873682, 0.018411653, 0.0016569332, -0.0028910637, -0.0010391701, 0.016841566, -0.027183272, 0.019666491, 0.008820822, 0.0139999455, 0.005585953, -0.013177373, 0.0030636247, -0.0076056686, 0.006517754, -0.0018633201, -0.022682136, 0.0030315444, 0.0012981487, 0.0062334444, 0.007534662, -0.0023359775, -0.012486469, -0.0040145544, -0.010763897, -0.00020022436, 0.014196584, 0.003366226, -0.007787172, -0.0060285665, 0.0051807184, -0.0014700706, -0.0035931175, 0.0086645065, -0.0020654018, -0.009478365, -0.0026066974, -0.0072036674, 0.008699171, -0.008552224, 0.0004104459, 0.0019987768, -0.012945339, -0.010080882, 0.025284406, 0.0059065307, -0.012176196, -0.008406953, -0.010050281, 0.0009154982, 0.004301334, -0.019075548, -0.009877344, -0.013779329, -0.0012095849, 0.0050538154, 0.0099527, -0.010644135, 0.0100204665, 0.012298338, 0.022540804, -0.015105092, -0.008234153, 0.007863541, -0.0034446893, 0.0056928205, 0.064512186, 0.02121558, 0.00026469553, 0.005874166, -0.005630038, -0.01325366, 0.016266968, -0.03442308, 0.00237554, -0.0015323444, 0.03166278, 0.0029757873, -0.009375881, 0.007670317, -0.014349818, -0.010456866, -0.008563605, -3.0461091e-05, 0.0036549016, 0.0007075329, 0.0010537824, 0.0052907905, -0.0044681607, 0.006808678, -0.0014347337, 0.001214235, -0.0009441141, -0.003381349, -0.024019219, -0.0068949284, -0.009768785, -0.004338382, 0.0006394521, 0.00746102, -0.01004737, -0.010242903, -0.001025697, 0.00042526197, -0.006078198, -0.004828685, 0.009869253, 0.00074172445, 0.011117259, 0.014523691, 0.012828471, -0.022241212, -0.008381652, -0.0036400333, 0.0021952079, 0.004686904, 0.0079885535, 0.023842737, 0.0063278005, -0.01053976, -0.01648787, -0.010127665, -0.017897913, -0.0151866125, -0.005719544, 0.0012642846, 0.003001015, -0.012677003, 0.012236476, -0.0100189205, -0.015408515, 0.011857232, -0.002072888, -0.01008452, 0.0021898244, 0.012095246, -0.0027114784, 0.0027001202, -0.002517129, 0.0130488705, 0.001234564, -0.00478802, 0.005965988, 0.00012839895, -0.0064057955, -0.013662095, 0.0075109014, -0.022055794, -0.008126224, 0.010998119, -0.009431618, 0.006613414, -0.02242991, -0.029782789, -0.002182263, -0.015662825, -0.0042587463, -0.026132664, 0.00942284, -0.021920621, -0.0099542895, 0.0044742003, 0.007746679, -0.015647931, 0.0067400923, 0.015000237, -0.004682957, -0.0075333826, 0.012591198, 0.005108577, 0.021966519, -0.007412661, -0.011192395, 0.0083609, -0.0038825069, -0.007491953, 0.01482984, 0.007477512, 0.024088211, 0.0031066851, -0.012156064, -0.029975154, 0.0053854687, 0.014466275, -0.008766762, 0.006056882, -0.01021614, -0.008420325, 0.005140902, -0.006388856, -0.008735086, -0.0008997962, -0.012000128, 0.0054724882, 0.0010212678, 0.019292053, 0.0024833095, 0.0069924574, 0.004331123, -0.012604521, -0.0064538964, 0.020346887, -0.014866305, 0.012091943, 0.007681336, 0.015934408, 0.010837871, -0.004939693, -0.0023805166, 0.002236522, 0.006714823, 0.008627751, 0.0003977294, 0.0005595381, -0.0054459777, 0.011348299, -0.016914077, -0.0025579433, -0.0073028593, -0.0034036236, 0.019329492, 0.01727134, 0.0069268253, 0.004945004, 0.02737712, 0.007542486, -0.007738104, -0.043269068, 0.0005149229, 0.008202886, 0.014854463, 0.018544685, -0.0028485358, -0.00053680316, -0.00062732626, 0.008491565, 0.01060643, -0.0034428264, -0.005621866, -0.0073927394, 0.0027485997, 0.006884451, 0.010497481, -0.012050213, 0.015510644, -0.004455489, -0.0052092685, -0.010753424, -0.0019508199, 0.00045706285, 0.015196659, -0.0029158313, -0.02208657, -0.02224951, -0.014551214, -0.010794758, 0.005461233, 0.015978644, -0.0027311132, 0.0043436405, 0.0024293258, -0.000683427, -0.005648521, 0.010481275, 0.0038689624, -0.010426907, 0.010020509, 0.0016254303, 0.015162551, -0.0060803485, 0.01176228, 0.000493769, -0.028480055, 0.0006078771, 2.823686e-05, 0.0023969703, -0.008867652, 0.005539155, 0.0026464672, -0.0054572555, 0.0094150575, -0.025894128, 0.0068424055, 0.00688129, 0.021890337, 0.005221553, 0.013659426, 0.009244248, 0.009238301, -0.023103392, -0.012655754, -0.021667568, 0.00080547563, -0.0072482526, 0.005920369, -0.0061497036, 0.009918601, 0.0058223624, -0.0050407695, -0.0002657961, -0.01691852, -0.007337778, -0.03127588, 0.007716281, -0.0019970143, -0.008330485, -0.008153491, -0.010483021, 0.00097385456, -0.004339632, 0.005041784, -0.00016182706, -0.006207569, -0.0061181462, -0.018935496, -0.037654594, 0.0028876932, -0.004602934, 0.010312161, -0.018807067, 0.012371997, -0.012279862, 0.007685051, -0.0045654518, -0.011077031, 0.009502905, 0.019021513, -0.01595353, 0.0139807435, 0.013127031, 0.0016634726, 0.0133887315, 0.00023784759, -0.0023701314, 0.0014320437, 0.0009429211, 0.007696008, -0.00929477, -0.003069968, -0.00619466, 0.008352683, -0.00037098033, -0.012818492, -0.0041429666, -0.0018738296, 0.0015414875, 0.019672621, -0.028701492, 0.019937785, 0.0005168738, 0.016389888, -0.018741885, 0.009250789, 0.0030478279, 0.00044679162, -0.005336307, 0.010026493, -0.0022614505, -0.0024768438, 0.028143963, 0.0025623317, -0.0012153798, 0.0052186027, -0.0029577657, 0.0005133876, 0.0046273507, -0.005063459, -0.0046515055, 0.002584441, 0.0026171163, 0.005530425, -0.0023417368, 0.014776309, -0.0024001948, -0.0034583432, 0.01287385, -0.016754387, -0.0016502058, 0.0108325975, 0.016364273, 0.015414208, 0.026271436, 0.0029946722, 0.0016300468, 0.015358551, 0.010245511, 0.0062398114, 0.0025587797, 0.013733287, 0.017117158, -0.01789042, 0.014952826, 0.0007731302, -0.00076517335, -0.0018762007, 0.0045280727, 0.0036292432, -0.015899464, 0.029334333, -0.010882768, 0.01265776, 0.0009879685, -0.008412182, 0.008447911, 0.0012207511, 0.011431922, 0.017280985, -0.009329896, 0.019484477, 0.022775175, 0.0030883118, -0.014736953, -0.008534118, 0.0060585993, 0.0057052565, -0.005713072, 0.015053185, 0.002475068, -0.001303006, 0.0046839, 0.007835639, 0.007707713, 0.0013035669, -0.00774526, 0.008207193, 0.02065123, 0.00078550866, -0.0053979647, 0.009852854, 0.0051745535, -0.019964935, -0.007128549, -0.08785812, -0.004987312, 0.0033571864, 0.0098782675, 0.026648583, -0.01672043, 0.016450273, -0.017438525, -0.024280384, 0.008347175, 0.003797354, 0.008462914, 0.0009207396, 0.001425901, 0.0123351505, 0.0022341113, -0.013392779, 0.0052256044, -0.010416064, -0.0026508083, 0.005727376, 0.0104032075, 0.0032643387, 0.013658456, -0.005510843, -0.0015791041, 0.016454324, 9.037272e-05, 0.00030247105, -0.014058327, -0.0039402936, 0.015900701, -0.013687351, 0.006725107, 0.010367997, 0.00847493, -0.0026888188, 0.022857478, -0.139055, 0.009575133, 0.00081700314, 0.007106861, -0.0063124355, 0.014402377, 0.0070135337, 0.005907841, -0.01809086, -0.019138567, -0.015746666, -0.007839134, -0.012074311, -0.006172952, 0.011711224, -0.0013791807, -0.014470256, -0.0056570503, 0.012073313, -0.0049627237, -0.016895842, 0.00253678, 0.008259352, 0.004823151, -0.0015205892, -0.0054573445, 0.0003451345, -0.007036875, 0.017679429, -0.002511094, 0.013596183, -0.00053487887, 0.018099457, -0.0011311918, -0.014621238, -0.0016768075, -0.011130786, -0.010627231, -0.013373057, 0.0023235478, -0.007935046, -0.0034840978, -0.00628885, -0.003911867, 0.013748278, 0.002930378, -0.0005047564, -0.025300233, 0.023279473, 0.001983388, -0.0031889721, -0.0056935116, 0.014044715, -0.011200142, 0.010344045, -0.01111065, 0.0071110404, 0.0028127164, 0.013720615, 0.02043069, -0.003675195, -0.006096015, 0.0043217796, 0.0051786625, 0.0084397225, -0.00027016393, -0.000382192, 0.00910427, 0.012785817, 0.0014663202, 0.01123777, 0.01202901, -0.002597549, -0.017914342, -0.0006673124, -0.006353151, 0.003605657, 0.014868324, -0.0015682107, 0.0018040551, -0.0019221164, 0.0049831755, -0.01835003, 0.009702339, 0.0057399333, 0.002925074, 0.017540526, -0.005738661, 0.0028224175, -0.049623463, -0.0017496905, -0.010259897, 0.0086414125, -0.007959823, 0.004859501, -0.0058282437, 0.0032853493, 0.0058345045, 0.0015901849, 0.0051352293, -0.00090602797, -0.020028766, 0.013661879, 0.003716011, 0.006162113, -0.008526725, 0.006087308, -0.027824178, 0.011646787, 0.003226755, 0.007965817, -0.011137961, -0.0023197285, 0.008270151, 0.014283488, -0.009104702, 0.005293201, 0.008020268, -0.008577453, -0.021304587, -0.010131478, -0.012515726, 0.0155687835, -0.00048264975, 0.012516047, 0.01012002, 0.018227845, -0.035117254, -0.011739905, 0.0030033598, -0.009694491, 0.01149188, -0.0022625062, 0.029062347, -0.013445088, -0.012630981, 0.012981353, -0.018587472, 0.015258252, -0.022270314, -0.003614209, -0.0058609275, 0.004691969, 0.022333583, -0.009690125, -0.013050553, 0.010379103, -0.007840102, 0.011313528, -0.012107967, -0.01921788, -0.013539681, 0.019760376, -0.00777045, 0.007568438, -0.02426107, 0.02195685, -0.0040897145, -0.0049898652, -0.002745162, 0.015834494, 0.011713116, 0.019223616, -0.019470472, -0.010584548, -0.003457174, -0.03158176, 0.00039531835, 0.011299566, 0.013201105, 0.006920364, -0.0069140936, 0.0118535375, 0.0044632507, -0.010848247, -0.004568799, 0.0009271053, 0.0068929195, -0.007945001, -0.007431817, -0.0018690353, -0.0015053106, 0.006820313, 0.0013605962, -0.0057585347, 0.0028685648, 0.012010471, 0.0044325795, 0.0050961385, 0.016452402, -0.011909321, 0.012291205, -0.0026577918, -0.0059411307, 0.0044910107, -0.003975722, -0.0013915383, -0.01109461, 0.0020680744, -0.0065706894, 0.0063721836, -0.00462424, 0.010483269, -0.16730122, -0.021741737, 0.011849442, -0.013567902, 0.018189024, -0.00062191824, -0.016061818, -0.02294967, 0.047871817, -0.019774063, 0.006167517, 0.011784117, 0.005701974, -0.011187561, 0.015571253, 0.013527791, 0.014315601, -0.00089716056, 0.00027170396, -0.0008313259, -0.028250873, -0.017458579, -0.03223926, 0.003286029, 0.008952792, -0.0041333153, 0.014270191, 0.0025844632, -0.004786546, 0.020810891, -0.010241796, 0.009374363, -0.016293006, 0.011740915, -0.0054757926, -0.026434748, 0.009696966, -0.0005370788, 0.0065858355, -0.018465497, 0.0037359833, -0.009796445, -0.005175342, 0.018495975, 0.007768953, 0.006181596, -0.0047737854, 0.004321687, 0.01994561, 0.023189219, 0.0057254173, 0.0007249543, -0.0016828822, -0.008847695, 0.0060971277, -0.01419675, 0.019729361, 0.012821317, -0.0007289558, 0.003783418, -0.023364762, 0.034691356, -0.0031018492, 0.0014787476, 0.0023347763, 9.879651e-05, -0.003867178, 0.14319506, -0.0053113187, -0.003877629, 0.005517448, 0.006425967, 0.019011056, 0.002002473, 0.012548639, 0.006645866, -0.027524771, 0.0037716138, -0.006364181, 0.007601362, -0.0052681607, -0.022505337, 0.006180375, 0.009263273, 0.017263027, -0.03463429, 0.013304747, -0.022379905, -0.018914046, -0.011195503, -0.006317786, 0.008209018, -0.0037694622, -0.023965059, 0.008649243, 0.021257307, -0.00013392391, 0.010335004, -0.006751005, 0.0032131064, -0.007747579, -0.0065122712, 0.0059396275, 0.009496767, -0.0018123287, 0.015056698, 0.012052732, 0.014868179, -0.0020751294, -0.038126126, -0.026708381, 0.0030561727, 0.024191357, 0.005198734, -0.030389715, 0.00069302804, 0.01048352, -0.036315028, 0.0007775937, -0.00989586, -0.014177855, -0.005562332, 0.006473326, -0.019703358, -0.005294966, 0.017351825, -0.004590695, 0.0024457849, 0.016478332, -0.007542369, 0.015335054, 0.006208431, -0.007679477, 0.020322446, 0.0003520366, -0.0077833394, -0.10858399, -0.020007992, -0.004839229, -0.0082315765, -0.023545388, -0.024015997, 0.00046989278, 0.02078579, 0.024312098, 0.009428399, -0.0129652135, 0.016821751, -0.0010083409, 0.015122534, 0.035904247, -0.008319754, 0.032222703, 0.01748062, 0.0007827869, -0.0031012574, 0.006919465, 0.016423976, 0.01160061, -0.015990097, 0.0028406316, 0.006312718, 0.0073127965, -0.021284355, 0.007559448, 0.019605882, -0.008857263, 0.0013848934, 0.014034445, -0.0054989317, -0.009171672, 0.012529786, -0.007450085, -0.005816022, -0.022696994, 0.024833893, -0.0033662515, -0.019655365, -0.005731515, -0.01033365, -0.022384066, -0.015547102, -0.017163781, 0.0047820564, 0.018420631, -0.003818608, 0.0033402445, 0.0017704057, 0.0029050587, 0.008036668, -0.027942067, 0.018246938, -0.00054488325, -0.0059882863, -0.012165586, -0.0064221187, 0.0013986629, -0.020731026, -0.023021095, 0.008597456, -0.00905975, 0.008212857, -0.017298141, -0.02308387, 0.013384266, 0.0068061585, 0.011124829, -0.0070180665, 0.0056970716, 0.002912045, 0.018801983, -0.0010488485, 0.0049706576, 0.0033008987, 0.0059591057, 0.014114631, -0.009667589, -0.000597346, 0.028147738, -0.00033842755, -0.0022460534, -0.0057941806, 0.01676298, -0.019110685, 0.017394368, -0.010066039, -0.002862177, -0.00784187, 0.0034965076, -0.005654272, 0.029563116, -0.0024210885, -0.0025615417, -0.024826767, 0.015600781, 0.011184477, -0.00085002725, -0.0062701576, -0.0013180657, 0.010965308, 0.011389812, -0.027052792, -0.0021667609, -0.0008758854, 0.0074685984, 0.011038973, -0.004793521, 0.015935965, -0.024193974, 0.00012155254, -0.013229819, -0.0031546114, 0.009719955, 0.002939227, -0.005333002, 0.00046242232, 0.00471733, 0.0040749293, -0.007173048, -0.001049264, 0.0035436293, -0.00869247, -0.02368455, 0.019619003, 0.018385535, 0.011398513, -0.007495167, -0.0059710857, -0.010338095, 0.010834633, -0.01050803, 0.012677154, 0.010629851, 0.00026885897, 0.012907279, 0.008987228, -0.01473477, 0.0038029663, 0.0046602963, 0.002804727, 0.0025947923, 0.00011021237, -0.000541764, -0.013236353, 0.017703546, -0.008204795, 0.017786754, 0.011613032, -0.014355625, -0.0049855104, 0.0034977077, 0.00930175, -0.0016072679, 0.013984593, 0.0037666338, -0.020797377, -0.003112625, -0.00109391, 0.004855155, -0.0016232698, 0.006683704, -0.014077014, 0.005200164, 0.003589339, -0.020339498, -0.0068472927, 0.018761147, -0.009446219, 0.012481583, -0.0019711829, -0.022413123, 0.0030073633, 0.003295693, 0.0026959295, -0.004302653, -0.065267414, 0.03387698, 0.0073607606, 0.0069276053, -0.002842085, 0.0029242346, -0.0032916411, -0.0013432135, 0.0040790397, -0.008800601, 0.0039001387, -0.0046199188, 0.01983509, -0.01629568, -0.0016634816, -0.005919883, 0.0006014175, 0.026713906, 0.018073814, 0.00023353378, 0.007035244, 0.006407687, -0.010876096, -0.007828513, 0.0033973765, 0.009429631, 0.01882297, 0.004015275, 0.01235769, -0.0500284, -0.014265533, 0.003750307, -0.00210541, -0.00515555, -0.005081101, -0.0044202916, -0.004470669, 0.015873771, 0.017494, -0.052535616, 0.009318147, 0.012459437, -0.06773533, -0.0022211547, 0.0036775947, 0.023056734, 9.43362e-05, 0.010556495, 0.018344972, -0.008004608, 0.01675657, -0.0087095555, 0.020793784, 0.008336898, 0.0139538245, 0.00091326353, 0.00046632037, -0.008071274, 0.0030504726, 0.020773625, 0.0072866604, -0.025578694, -0.008747786, 0.0072254003, 0.006150655, 0.0471682, -0.016634597, -0.011820319, 0.008912052, 0.0186792, 0.0075836997, -0.026021652, 0.04523871, -0.020012204, 0.012631923, -0.0071006822, 0.009562382, -0.0014821765, 0.028937805, 0.0041806693, -0.009740545, -0.003321437, 0.0018554889, 0.06977388, -0.0047755544, 0.01496676, -0.014306843, -0.08846643, 0.031033816, 0.008630312, 0.0029974575, -0.006637282, -0.0033357053, 0.0013742131, 0.049665216, 0.0021641073, 0.0015823258, -0.0330304, -0.0063147545, 0.018468292, 0.007271235, 0.00039455845, -0.013011887, -0.02299148, -0.0004950871, -0.0049825623, 0.01691667, 0.023902258, -0.005109611, 0.0062795333, 0.026210094, 0.018467825, -0.052857317, 0.0011427788, -0.023908436, -0.0036168187, 0.015198289, 0.010905862, -0.012857578, -0.00036937074, -0.009664949, -0.0027663189, -0.0016374686, -0.037327375, -0.0034580873, -0.0027454249, 0.015464127, 0.018365776, 0.009922474, -0.02419899, 0.00077315175, -0.005269414, -0.007925534, -0.0050742533, -0.024265692, -0.011990803, -0.024933176, 0.010944243, -0.019505745, -0.011545155, 0.0015665741, 0.028111432, 0.015603364, 0.001967023, -0.022695666, 0.002624909, 0.004486495, -0.016139118, -0.013192996, 0.0039664702, 0.018220756, -0.0045731403, 0.0014505321, -0.011266696, 0.0077955457, -0.012602151, -0.008898616, 0.0070621804, -0.013834365, 0.014425499, -0.01452061, 0.017902652, -0.0033937516, -0.0010793874, -0.029721742, -0.017302496, -0.010210744, 0.031002095, 0.010496348, 0.0044066594, 0.009354902, -0.0050254203, -0.023787554, -0.013309462, -0.011265629, 0.0069814585, -0.0024225425, -0.00806164, -0.01897488, 0.0185753, 0.0051292195, 0.004376793, 0.01109335, 0.0065831277, -0.020266103, 0.008810764, -0.023231065, -0.021467917, -0.023720475, 0.0015589743, 5.4519355e-06, 0.009804689, 0.0037681223, -0.02365826, 0.031408884, 0.0021002467, -0.0060077575, 0.016559487, -0.026897237, 0.0113508, 0.018712634, -0.01745782, 0.03151011, -0.01336385, -0.007977428, 0.011929079, -0.022959003, -0.0035071226, -0.00846365, -0.0185459, -0.024875533, -0.01024166, -0.01374921, -0.0095812995, 0.0069697103, -0.025281202, 0.016338801, 0.009726288, 0.015328059, 0.00607064, 0.016551157, 0.027240898, 0.0017632269, -0.006529664, -0.003950456, -0.012460058, 0.013278841, 0.015873604, -0.007181799, 0.012290455, -0.00900253, 0.031049222, -0.0026543485, 0.010838378, 0.015315359, -0.0027077508, -0.009511392, 0.014846424, -0.019085495, -0.010259637, -0.01858424, -0.022688681, 0.0033662026, -0.0072397296, -0.003284456, -0.0046616606, -0.0042528496, -0.009259891, -0.0070037213, 0.0024713764, -0.005535939, 0.021883054, -0.028553866, 0.0035714887, -0.017687477, 0.007672176, 0.004605044, 0.0016827646, -0.04012861, 0.009342209, -0.011633266, 0.01623905, -0.022085287, -0.0070185834, 0.004294772, -0.00790677, -0.020529095, -0.0070723416, -0.017350495, -0.025901027, 0.017213648, 0.0025922048, -0.0001495753, 0.025066823, -0.0071636946, 0.027590645, 0.022484899, -0.01773756, -0.0018190332, -0.0068095895, -0.0008967377, -0.022441953, 0.008349627, 0.0011051821, 0.0057390747, -0.015638255, 0.03665128, -0.0033829166, -0.0062257764, -0.006680129, -0.021201862, -0.028263006, 0.0018252153, -0.0045283325, -0.0030056424, -0.026100948, -0.012522574, -0.0075728553, -0.007310522, 0.0025247596, 0.012828737, 0.021285132, 0.0056159776, 0.011671257, 0.011914879, -0.0060337544, 0.0014363702, 0.020938318, 0.03571786, -0.008441799, 0.0029077234, -0.0033951092, -0.0072854892, 0.00025258132, 0.02000771, 0.008663346, -0.0097801015, 0.008299445, 0.00048455628, -0.016674481, 0.0066176564, -0.0014069473, 0.026607087, -0.031874735, 0.01114254, -0.003660943, 0.007533362, -0.0021156385, 0.018123602, 0.027361354, -0.003948934, -0.011648058, -0.0514324, -0.018838165, -0.015733358, -0.025852289, -0.011365324, 0.007914828, 0.016765876, 0.0038330366, -0.00087078585, 0.0150566, -0.0056973374, 0.01562949, -0.00021933834, -0.0002491447, -0.028597072, -0.0033520237, -0.023220876, -0.034499582, 0.012861135, -0.036392912, -0.009097949, 0.023944067, 0.015534793, -0.007117385, 0.0019837543, 0.0032471318, -0.015622535, -0.012158773, -0.017264985, -0.00685588, 0.016320134, 0.01226661, -0.010549294, -0.018880118, 0.0027102053, -0.013418181, -0.020162046, 0.0072926125, 0.015365578, 0.008949923, -0.0009044019, 0.0114068, 0.0045417524, 0.0050816718, -0.013819782, 0.029640753, -0.015564637, -0.0013294023, -0.0064899283, -0.012100268, -5.531711e-05, -0.011317087, 0.0021175083, -0.0027987321, 0.0004271568, -0.015250082, -0.0011789273, -0.033368554, -0.0017938861, 0.041698925, 0.0026272002, 0.0037727216, -0.015628682, -0.008427138, 0.02110494, 0.017929837, 0.0031501376, -0.009099443, 0.005493145, 0.010158544, -0.014398734, -0.0014013213, 0.00664735, 0.012983795, 0.0028889023, 0.024203522, -0.011213611, 0.016094431, 0.022907069, 0.0032716885, 0.0072485693, 0.028679047, -0.00026273727, 0.017470093, -0.0010818176, -0.0008566696, -0.012965084, 0.006147173, -0.019835876, 0.023050401, -0.006602376, 0.008711344, -0.030271824, -0.020046076, 0.0016361356, -0.026952622, 0.011445458, 0.0029443193, -0.0009590524, -0.0096565345, 0.008839858, 0.030601274, -0.023535892, 0.012121149, 0.01335747, 0.0017236589, 0.0133512365, -0.004679482, 0.0012115346, -0.0050901016, 0.018060554, -0.000108612825, 0.0022217107, 0.023690788, -0.0018896157, 0.0026574305, 0.005387175, -0.02013252, -0.02474832, -0.015935557, 0.00984871, -0.01684659, -0.00078976643, 0.00469391, 0.00983669, 0.010378291, 0.014565199, 0.00056829693, -0.013838115, 0.0041867867, 0.004058779, -0.018404383, -0.015948486, -0.012322307, 0.0123059675, -0.0041189333, 0.018665485, 0.004553422, 0.016861493, -0.024386486, -0.0067888526, 0.0052263644, -0.00033381773, 0.0073294165, -0.022019077, -0.00036075062, 0.0016960168, 0.0018997366, 0.020605186, 0.03159736, -0.0065418133, 0.0033336417, -0.0046083187, 0.026720205, 0.035340965, -0.017765244, -0.024956308, 0.015783934, 0.0025579133, 0.012848651, -0.0017664699, 0.032545477, 0.007198562, 0.017233577, -0.0113120815, 0.015921101, 0.015335146, -0.019654918, 0.0066509466, -0.033127792, 0.023924898, -0.0010426954, 0.009364793, 0.0018856905, -0.008431402, 0.010307999, 0.004956974, -0.010779507, -0.0022207336, -0.008963404, 0.0154857775, 0.020763697, -0.018361222, 0.000873126, -0.007603714, -0.009366509, 0.005407903, 0.0026931781, -0.0011231242, -0.012406775, 0.0011029019, -0.0113581335, 0.0049526384, -0.0077900044, 0.00941277, -0.0035902273, 0.016928213, 0.00044603922, 0.0125716, 0.02046381, -0.020076925, -0.011132272, -0.018921196, 0.0010360603, 0.0015808283, 0.01776839, 0.0016288492, -0.028071756, 0.011693433, -0.00037464267, 0.002564361, 0.0023736819, -0.021186233, 0.016061356, -0.012682256, -0.010316899, 0.009718032, -0.0076247226, -0.010187282, -0.024510738, 0.0066667744, -0.012007615, 0.0025929874, -0.010947623, 0.007984402, -0.019732807, -0.0066550686, -0.05810848, -0.0037729864, -0.016192492, -0.0016632865, -0.030847449, -0.0080234865, -0.000341887, -0.022313436, 0.004456464, -0.015310157, 0.011723389, -0.00233309, 0.01138278, -0.011820152, -0.0062380666, -0.017676821, -0.012432943, -0.005991512, -0.015508011, -0.026511582, 0.024039106, 0.0025529538, -0.008196458, -0.030036235, -0.002087872, 0.010504247, -0.0076297945, 0.007585447, 0.013557552, 0.00020223997, -0.018248243, -0.007187635, 0.032777354, 0.005200405, 0.003996421, 0.004722651, 0.004196531, -0.029384509, -0.014519613, 0.001825002, 0.022236658, -0.01954382, -0.00011301765, 0.0032724007, -0.014537697, 0.0025716373, -0.01175972, -0.006301416, -0.018837797, 0.01030714, -0.020142077, 0.0077815847, -0.0050292304, 0.007976489, -0.012341432, 0.01353866, -0.02034832, -0.001444131, 0.01877313, -0.0036816108, -0.008072305, -0.026459359, -0.003605464, -0.0100830225, -0.018710217, 0.014183563, 0.006209234, 0.015280536, 0.0042694965, 0.0176114, 0.019776057, -0.0026287213, 0.01638378, -0.013326089, -0.009851453, -0.030262109, -0.03175769, 0.0042401445, 0.0066391025, -0.0007111085, -0.013044643, 0.005053976, -0.038783286, -0.008547189, 0.003291919, 0.005229006, -0.003850668, 0.0022783955, -0.006136895, -0.007939077, -0.00789877, 0.010465761, 0.0011443947, 0.0011887947, 0.0059106145, -0.013428493, 0.005254187, -0.011016383, -0.025045576, 0.0049903095, 0.010854973, -0.0023801315, 0.004010273, 0.008943054, -0.023415186, 0.015043998, -6.3912776e-05, 0.009565268, 0.0024152836, -0.036673356, -0.0033960158, 0.0064675724, -0.009128393, 0.001957863, -0.009623082, 0.007842621, 0.003196112, 0.008794425, 0.01810885, -0.017837882, 0.012977516, 0.00029737942, -0.0019001486, 0.02114346, -0.0035591552, 0.01442852, 0.018962942, -0.00025759812, -0.010338775, -0.032367624, 0.0038062048, -0.015039782, -0.01977151, -0.028462043, 0.016555142, 0.011396421, 0.007759367, -0.012287099, 0.01391296, 0.057651166, 0.015335264, -0.010724347, -0.0011983623, -0.0027996353, 0.0254374, 0.00977762, 0.016165948, 0.010017899, 0.008993059, 0.0068321824, 0.020861233, 0.014558928, -0.016472653, 0.0069771702, 0.008261152, -0.00880073, -0.008974885, -0.008128614, -0.00053763355, 0.0025403914, -0.0070678783, -0.006356019, 0.011232646, -0.0099780215, -0.008807692, -0.004071608, 0.010821285, -0.00037002013, 0.010051167, -0.0015243472, -0.0023285039, 0.0045322375, 0.011606078, 0.0023091251, 0.004762189, -4.9297705e-05, -8.222833e-05, -0.002894811, 0.012134302, -0.021631923, -0.010645766, -0.006851935, -0.0036505414, 0.0065048747, -0.0042027477, 0.0110673355, 0.012958213, -0.015009379, 0.012706962, 0.0014095333, 0.00911341, 0.004023711, 0.0048274472, -0.0017918686, 0.0031623605, 0.009564205, 0.018939614, -0.013640522, -0.0020006604, -0.015017437, -0.0018932632, 0.0041395826, 0.024801949, 0.00686837, -0.015538361, 0.011412567, 0.0019823923, -0.010958968, -0.005516535, -0.009581749, 0.0018395754, 0.0033118702, -0.015625453, -0.005588027, 0.16572374, 0.13305026, -0.0015866216, 0.0047768713, -0.0125517, -0.012937628, -0.004151676, -0.022324458, 0.00562985, -0.010409361, -0.019027716, -0.0025250688, 0.011583899, 0.0058619455, 0.0081470795, -0.013695584, 0.02770425, -0.0008874465, -0.0053955996, 0.02039189, 0.018450506, 0.004497125, -0.00091246463, -0.014515414, -0.019922636, 0.020503953, 0.0051892297, -0.010466046, -0.016181493, -0.009253729, 0.014746965, -0.012694791, -0.03628765, 0.028373934, -0.0024163034, 0.009423078, 0.0048188795, 0.022687603, 0.0074863825, 0.013170616, 0.0028237202, 0.0014038051, 0.006683654, -0.012703585, 0.018034216, 0.022616472, 0.008405363, -0.006551938, -0.008015595, 0.005611052, -0.014313189, -0.007739547, -0.008496611, 0.016318204, -0.008435271, -0.0014243245, 0.02458944, -0.0029709423, -0.018306857, 0.011968133, 0.010574445, 0.012073348, 0.011264579, -0.0014717984, 0.012701204, 0.015660923, 0.00983554, -0.002865638, -0.0058476576, -0.0031373168, -0.008095349, 0.010233678, 0.0148767475, -0.0017148039, -0.026260009, 0.04070755, -0.011634385, -0.011753116, -0.013786486, 0.021527447, -0.0151072685, 0.005395666, 0.003557654, -0.0094123315, 0.002850008, -0.0033593392, 0.011092817, 0.017672118, 0.108025275, 0.015348645, 0.014706082, 0.008976012, 0.0084287785, -0.007202834, 0.009165783, 0.053883914, 0.022504969, 0.015195737, 0.012762027, -0.00090513576, 0.004262514, -0.008579296, -0.001368131, 0.008990074, 0.021187356, 0.04278473, 0.006287532, 0.021101551, 0.0009330233, -0.00059116835, -0.001961761, -0.0009353098, -0.0038774405, -0.0120592145, -0.010120897, -0.0005622004, -0.0008625645, 0.0057155285, -0.081449695, 0.013415845, 0.019655647, 0.0030146732, -0.00333479, 0.023666404, -0.0015581583, -0.0030743694, -0.005411463, 0.0008236338, -0.004200489, -0.009443293, 0.022451136, -0.0039252243, -0.027984543, 0.00026980796, -0.017594712, 0.008009188, -0.004700258, 0.028084919, -0.010924339, -0.013199441, 0.006873689, 0.014734879, 0.0016773528, 0.016814739, 0.0088908775, 0.0032037147, -0.0068129455, -0.0037461724, 0.0076396447, 0.022356754, 0.0016555339, 0.018372359, -0.0019784463, 0.013751223, -0.0061689927, 0.012779448, -0.0042709317, -0.00022292232, 0.017248226, -0.012076579, -0.009945813, -0.03172882, 0.019657245, -0.00062889897, 0.002769565, -0.007643683, 0.015721314, -0.008856175, 0.0047424952, -0.016655145, 0.012515513, -0.028428756, 0.015300777, 0.02943376, 0.03427132, -0.0012587976, 0.0030641768, 0.0064773103, 0.0012625348, 0.0078163445, -0.0014557735, 0.022722395, 0.008131432, -0.010774048, 0.0079831155, -0.0029862097, -0.0006147151, -0.0008930657, -0.02189036, -0.014373517, 0.004742354, 0.018681813, -0.008621028, -0.0044422015, -0.04045251, 0.02786022, 0.009775072, 0.01666854, -0.0071771657, 0.01194844, -0.0008193188, 0.13027677, -0.013488075, 0.017763574, -0.0023185397, 0.010971099, 0.009630818, -0.0018648253, 0.002744996, 0.016243897, 0.0041764397, 0.006802979, 0.015513872, -0.005887504, -0.004885894, -0.01587877, -0.0010663624, -0.005703618, -0.012639779, 0.014983604, -0.02300808, -0.011801388, 0.0008010523, 0.025820991, 0.013634399, 0.018215442, -0.006938075, 0.014720437, 0.0025790713, -0.019169917, -0.0020128204, -0.0031531954, -0.005446299, 0.020661125, -0.025169758, -0.026793452, -0.012432441, 0.002773792, -0.0031001905, -0.004279955, 0.018119877, 0.009591361, 0.017080475, 0.0068055615, 0.006388297, -0.03699613, 0.17726323, 0.02519302, 0.0081773, -0.025447097, -0.012735442, -0.013886665, -0.013410414, 0.013706365, -0.014248146, 0.03157669, 0.001642333, -0.013906658, -0.012707845, 0.021093054, -0.0128524685, 0.005755351, -0.0041620447, -0.00823412, -0.034201007, 0.00071414956, 0.008718639, -0.010740921, -0.006583751, 0.0063350755, 0.0077980896, 0.011536577, 0.025996692, 0.0059818225, -0.004188246, -0.009692969, 0.026514776, -0.011643645, -0.011466282, 0.01401163, -0.01053637, 0.0027196824, 0.0077215717, 0.01074199, -0.024236966, 0.02132215, -0.0130664315, 0.0049849027, 0.04217372, 0.0015421481, -0.014343502, -0.0017217218, 0.014025873, -0.0011076859, 0.017171709, 0.005239763, -0.009746746, 0.017736444, 0.009640141, 0.0035615335, -0.004512623, 0.0024502722, -0.014921888, 0.020133534, 0.004954127, 0.006105243, -0.00078752544, -0.0036834455, -0.015664816, -0.0026301525, 0.009831416, 0.001996076, -0.024353879]"
Coparmex advierte avances y retrocesos en Mexico en vispera de primer informe de Sheinbaum,https://oem.com.mx/elsoldemexico/img/25514636/1756682040/BASE_LANDSCAPE/1200/image.webp,no especificado,no descripcion,https://oem.com.mx/elsoldemexico/finanzas/coparmex-advierte-avances-y-retrocesos-en-mexico-en-vispera-de-primer-informe-de-sheinbaum-25514460,"[-0.014369364, -0.007982659, 0.02390028, -0.057421412, -0.013709829, 0.0054850862, -0.0062343217, 0.0030381405, -0.019412428, 0.00078137295, -0.017161682, 0.0053998954, -0.012133493, 0.0050149066, 0.11893735, -0.00675572, 0.0071500684, 0.010934786, -0.010427025, 0.0006495157, 0.016516216, 0.018158229, -0.02601451, -0.013401275, -0.009351397, 0.025964608, 0.011002926, -0.0016988004, 0.017915722, 0.0069268374, 0.0045819436, 0.03507958, 0.010359306, -0.004581264, 0.0071581528, -0.014149589, -0.02005366, -0.01756336, 0.024227178, 0.0024032106, 0.0024735038, 0.022454955, -0.02044948, 0.019558396, -0.0102037685, -0.0049107578, 0.023435961, 0.023104629, 0.009397618, 0.016950045, 0.0048359777, -0.009332614, 0.0054702726, -0.17153189, -0.000529736, -0.006660831, -0.02271386, 0.01328251, 0.011074782, -0.032381333, -0.020888563, 0.036168087, -0.036182035, -0.0083451, 0.014839457, -0.005869534, 0.052100133, 0.0021772485, -0.016958768, -0.01587851, 0.02182988, -0.025694728, -0.012180368, 0.009011573, -0.023817465, 0.010391027, -0.0078489175, 0.035119593, -0.014733655, 0.014699614, 0.005353123, 0.009955894, -0.011347281, -0.010193124, -0.011539699, -0.0069884523, 0.0013587353, 0.0049339086, -0.007779951, 0.016213402, 0.003953067, 0.025970465, -0.007513842, 0.0015703406, -0.014154863, 0.012406376, -0.005663319, -0.017867764, 0.021786245, -0.005036516, -0.010866838, 0.005334617, -0.0025624603, -0.0050775264, 0.014996479, -0.026890207, -0.006173649, -0.024452943, -0.008966388, 0.005583389, -0.0355913, 0.0030319178, -0.00027577582, 0.005630455, -0.027950466, -0.13128282, -0.02436482, -0.012260067, 0.005210237, 0.00629776, -0.017195722, 0.015923107, -0.0014747577, 0.013895461, -0.030247416, -0.0104503445, 0.018802825, 0.02221208, -0.003996712, 0.01226105, -0.030168055, -0.01143182, 0.021813134, 0.017574657, 0.017501649, 0.017323667, -0.010243742, -0.01925691, -0.0048430045, -0.031790048, -0.019943867, -0.0134104015, 0.0034661496, -0.015316725, -0.0034061875, -0.051903754, 0.008446131, -0.0020399624, -0.006329777, 0.012097571, 0.015822388, 0.004133228, -0.015938954, -0.012508214, -0.007317948, 0.008845428, 0.017962273, 0.0028973678, 0.010953262, 0.0074547776, -0.010079605, 0.01438875, 0.01266268, 0.0049683508, -0.004262623, 0.013083824, -0.0078069936, 0.031138824, -0.010023962, -0.0034412658, 0.027235532, 0.00860868, -0.02263903, -0.0032262532, -0.014054023, -0.0018735989, 0.015153425, -0.0037768907, 0.012363164, 0.016740872, 0.041913137, 0.0076761125, 0.009242864, 0.043005493, 0.017537737, -0.013536133, -0.022013292, -0.0016063598, -0.020578608, 0.0046326094, -0.011867129, -0.017580587, 0.013884251, -0.030098956, 0.015875781, -0.010594042, -0.0021999993, -0.018448044, 0.03898918, 0.03655273, 0.0051230337, -0.00048086882, 0.013414462, -0.022368804, -0.016247557, -0.00321495, -0.0062991907, 0.020520484, 0.010500107, 0.007764606, -0.0028007566, 0.020158352, -0.0012111675, -0.024893694, -0.0011412326, -0.024237234, -0.012910923, 0.002565191, 0.0104217725, -0.0063959067, -0.006266779, -0.0008043331, -0.0054364624, 0.03905489, -0.029053625, 0.021947863, 0.01161089, -0.011784292, -0.02327546, 0.013514596, 0.02354566, 0.009921049, -0.03790165, 0.016165163, -0.040835515, 0.0059417766, -0.007258628, -0.014695109, 0.0038564424, 0.02122429, -0.0074847606, 0.0021608372, 0.009738828, 0.012543003, 0.0070462176, -0.00066345354, 0.0007094555, 0.021553189, -0.011483502, 0.008072779, -0.019110277, 0.028005354, 0.0006018637, 0.0055315155, -0.004871964, -0.010137923, 0.013571466, 0.006143585, -0.029945334, -0.03427221, 0.010840128, 0.019756243, 0.019287199, 0.012741782, -0.007808809, 0.0013201655, 0.02226155, -0.00012440956, -0.02551298, 0.0057108314, 0.008703101, 0.01638344, -0.02000363, -0.038278572, 0.010877471, 0.01507409, -0.07758177, -0.0076011918, 0.00029959192, -0.023961147, 0.001750328, 0.028735094, 0.022989308, -0.0044036973, 0.0053146337, -0.015892472, 0.0071028993, 0.0054765134, -0.0025872022, -0.016335456, -0.006580918, 0.0009653034, -0.006187798, 0.013057612, 0.0097325705, -0.029172743, 0.022746105, 0.011072504, 0.017017446, -0.005841347, 0.009206614, 0.013177505, 0.0146015985, 0.033687446, -0.0024410626, -0.009005992, 0.012822597, -0.017132552, -0.003141448, 0.0060137208, -0.015751237, -0.0039295307, -0.009020191, -0.01667232, -0.016175132, -0.019143667, 0.015883619, -0.017308354, 0.015756456, 0.0072329794, -0.03492228, -0.02155692, -0.0031845288, -0.021323243, -0.020176047, 0.019269759, -0.002237522, 0.0014574118, -0.018415641, 0.010538047, 0.008080318, 0.0017697562, -0.010845424, -0.004017007, -0.013984301, 0.013892213, 0.0015521692, 0.022203606, 0.014502579, -0.0046291174, -0.011652378, -0.019995563, 0.020659188, 0.020490434, -0.013340677, 0.04092339, -0.018044468, 0.0014650879, -0.0011032365, -0.039992336, 0.027473565, 0.0026154385, 0.0003218174, 0.008364006, -0.02172824, 0.045863915, -0.0027429946, -0.02058729, -0.0024526098, 0.02181662, 0.0004453631, -0.004102899, -0.011694407, 0.009422563, -0.021566048, -0.030687457, 0.027529534, -0.014592199, -0.02353279, -0.014520977, -0.018072711, -0.00048400564, 0.007713954, 0.010142828, -0.005508953, 0.016168358, 0.025539352, -0.02735873, -0.0010834165, 0.019489944, -0.01856412, -0.0032204948, 0.01840219, 0.01033299, -0.03176577, 0.011704557, -0.021644173, 0.010115385, -0.0035511362, 0.018850632, -0.0046284427, 0.02475198, -0.015196028, -0.028793367, -0.020287167, 0.002499954, -0.010820128, 0.010945467, 0.002617196, -0.02716867, -0.0029582332, 0.0040480406, -0.017322868, 0.012318873, -0.012066866, -4.8006747e-05, -0.014642486, -0.013337155, 0.029680109, 0.022205506, 0.0048069893, 0.004313076, 0.008040096, 0.0015837075, 0.010535266, 0.0067400527, -0.011875079, 0.010372285, 0.016026223, 0.046696402, 0.0385026, 0.02137784, 0.0019798565, 0.016064536, 0.015509487, 0.0030602317, -0.002459842, -0.021645274, 0.043184046, -0.019972729, 0.016240982, -0.0389312, -0.03640923, 0.009769562, -0.026316768, -0.011050443, 0.005643148, -0.007690263, 0.0099872, 0.0073218737, 0.054423206, 0.005121313, -0.0010986599, 0.0054339226, 0.025997607, 0.023044072, -0.008731714, -0.0018916066, 0.0067924852, 0.011588754, -0.0010796885, 0.02904245, 0.024653597, 0.012961729, 0.017254887, -0.00032103973, 0.033215895, -0.017757693, 0.020048145, 0.0057385005, 0.025927851, -0.012571082, 0.027940791, 0.022119127, -0.043370165, 0.020825539, -0.008946549, -0.04096672, 0.0065370677, 0.008539113, -0.030311149, 0.011977996, -0.0031761962, 0.011420614, -0.011411091, -0.010060858, -0.009101254, 0.013510187, 0.005058831, -0.0018376347, 0.0035069925, 0.013605771, -0.008090355, -0.017926348, -0.004738768, 0.012593509, 0.035864323, 0.023221765, -0.0047347303, 0.01031108, 0.02748695, 0.020543564, -0.005846295, -0.025030555, -0.008119976, -0.014534302, 0.007736156, -0.005074415, -0.009011369, -0.0034636944, 0.0021214746, 0.011523171, 0.009378825, 0.013764357, -0.027224235, 0.009769281, -0.002728536, 0.008540637, 0.0068548145, -0.03870669, 0.003653685, -0.0026546316, -0.00502237, 0.0006296036, -0.027691726, 0.0048271366, 0.0031043517, 0.026602443, -0.017798906, -0.0007550412, -0.023586554, 0.0088240225, -0.01987129, 0.0041346904, 0.016275397, 0.0026349598, 0.016708218, -0.024661625, 0.029186996, 0.021370677, -0.009974268, -0.0038103506, -0.0054048984, 0.0018067049, -0.0018690246, -0.010848052, 0.009030379, 0.0091334, 0.023718713, -0.01784618, -0.020335302, -0.0076293843, -0.016247788, -0.00028798444, 0.023124587, -0.06848214, -0.023429884, 0.020507958, -0.03726175, -0.036393054, 0.0059949267, 0.04823708, -0.0193023, 0.037072916, 0.0084462, 0.0061991685, 0.016404262, 0.021291606, -0.004234378, -0.022763893, -0.010654287, 0.020827876, 0.008774958, -0.0029677495, -0.008265543, 0.03037882, -0.0030459166, 0.014498277, -0.0013242558, -0.00311314, 0.019282537, 0.01001235, 0.0077671865, -0.0067550167, -0.003302092, 0.0035214927, 0.009984299, 0.014407914, 0.034985296, 0.002196661, -0.0061084325, -0.0058267564, -0.039114613, 0.011117706, 0.028153872, 0.027574552, 0.0046520066, -0.016227374, -0.062618, -0.034336515, 0.00784776, -0.015961597, 0.01508901, 0.021886842, -0.011514913, -0.020743476, -0.015590872, 0.01890018, -0.006736594, 5.810135e-05, -0.018936945, 0.0067118714, -0.003982985, -0.030102951, 0.016313115, -0.023799453, 0.009056947, -0.03130526, 0.02914133, -0.0016644705, -0.013039723, -0.039051678, 0.00739872, 0.004360165, 0.026486034, 0.0104419505, -0.010921853, -0.00017934802, 0.024214774, 0.006151379, 0.02746698, 0.0023393775, -0.000823687, -0.0072451555, -0.01109977, -0.032392062, 0.012819986, -0.103343345, -0.013656532, -0.02369302, -0.014205475, -0.023795685, 0.01401975, -0.0070619094, -0.016623938, -0.006871402, 0.0028511828, -0.0033074624, 0.009118779, 0.0059109605, -0.017881718, 0.0152622955, -0.016103083, 0.0064097764, -0.020101253, 0.0013828556, -0.017286882, -0.024997959, -0.0056057386, -0.0007378014, -0.00420765, 0.010302137, -0.010508855, -0.004145245, 0.0030942638, -0.005850503, -0.011540181, -0.009148793, -0.1326734, -0.015470432, 0.010628708, 0.009436083, -0.0070322035, 0.011792997, 0.028431531, 0.021148417, 0.013360701, 0.008332525, -0.016642058, -0.0071941363, -0.038449567, 0.0069554076, 0.019053968, 0.113373145, -0.01945047, -0.003194778, 0.02318286, -0.0066102715, 0.02236671, 0.0016852575, 0.01890505, 0.0027179932, 0.0016182231, -0.010930478, 0.018373353, -0.01782843, 0.007595438, 0.0059189387, 0.023779362, 0.014352758, -0.022929305, 0.003903941, 0.0013491539, -0.00402849, -0.011544171, -0.0024205362, 0.010402129, -0.013795299, -0.0012977468, 0.018651236, -0.011923992, -0.003249722, 0.015331283, 0.0008658076, 0.03192368, -0.03522041, 0.008533799, 0.031642105, -0.017461061, -0.05364319, 0.019665834, 0.022625592, 0.022686996, 0.0067488356, -0.020906506, -0.0019981635, -0.007558924, 0.020443786, -0.005064535, -0.0068098246, -0.03098762, -0.01795225, -0.0014445262, -0.015024565, 0.010441486, 0.008764904, -0.006710994, -0.006124672, -0.010440884, 0.0062228953, -0.0341243, -0.0032809349, 0.011351237, 0.0039945077, -0.03465061, 0.009460248, 0.029394278, 0.010444412, 0.01940368, 0.008794278, 0.020855179, 0.022257887, -0.0028236487, 0.002175574, -0.00139153, -0.0022347074, -0.0022091004, -0.0014491159, -0.013811989, 0.008000737, -0.0031672122, -0.0009900951, 0.005301219, 0.013409978, 0.01637273, 0.009975859, -0.031220982, -0.018601436, 0.015446563, -0.02123655, 0.010219166, -0.012852476, -0.012812912, 0.012618729, -0.010172387, -0.0041298284, 0.025739094, -0.003684548, -0.0014095258, 0.017887663, 0.0043004155, -0.0065751863, -0.0005889784, 0.011850206, 0.010403041, -0.000518072, -0.0071766954, -0.011788663, 0.0030123089, -0.0025644088, -0.014329872, -0.006337303, 0.005700594, -0.013624205, 0.016783228, 0.004631151, 0.007855724, -0.021031769, 0.01745561, -0.0035679145, 0.0027935123, -0.0032326921, 0.0057323445, 0.0068869707, 0.0067406967, 0.008619797, -0.010997471, -0.0071259905, 0.01418673, -0.0053179073, -0.0046143793, 0.0053168647, 0.013115668, -0.00644936, -0.008346881, 0.004084457, -0.008539197, -0.0017206963, 0.016219703, -0.01094787, -0.0016328973, 0.007966757, -0.011208378, -0.004743031, 0.003028845, 0.016579928, 0.007879488, 0.015855283, -0.005082081, -0.013985369, 0.005165459, 0.008105692, 0.024276339, 0.0028553512, 0.012179574, 0.008860815, 0.0064602266, -0.0065285075, 0.0020349787, -0.009780784, -0.017429607, -0.0062240134, -0.0017218852, 0.0009900545, -0.0046532503, -0.022859124, 0.017014349, -0.0045797387, 0.00027885314, -0.0008048174, -0.0009486055, 0.015146041, -0.0069608963, 0.010273784, -0.0024175632, -0.012232646, 0.014873197, 0.0026231494, 0.0041304785, -0.027243953, 0.017879417, -0.032040562, -0.0014068425, 0.005839508, -0.0037338508, 0.00088893337, 0.0029580044, 0.010657769, -0.0029121458, -0.015033855, -0.0063320333, -0.000695922, -0.012581237, -0.0036538304, -0.0017052438, 0.01381691, 0.012509436, 0.0061697713, -0.009023091, 0.0015527249, 0.006344149, -0.0019789839, -0.009308784, -0.018422283, 0.0028776713, 0.003607082, -0.0052327663, 0.014539426, -0.013055852, -0.004640835, 0.0063202213, -0.009424547, 0.015115186, -0.0095482115, -0.0019010075, 0.0020387457, 0.020101743, 0.024363374, 0.008381432, 0.014067934, 0.015228535, -0.006590213, 0.022193981, 0.0063541965, -0.0061325966, -0.008911959, 0.020524345, -0.012582189, -0.0037958003, 0.0070017837, -0.006129716, 0.01252544, -0.008129938, -0.0020171509, -0.0016168859, -0.0042913808, -0.00046393063, -0.005158562, -0.0048830747, 0.013359252, 0.009231356, 0.018674662, 0.00090797653, -0.012082318, -0.031768814, 0.01453901, -0.0006626188, -0.019355236, 0.0075036357, 0.007933256, 0.005904828, -0.0037915038, 0.004575109, -0.008439188, -0.013683258, -0.027903905, 0.0052313763, 0.008546641, -0.0023350918, 0.005861206, 0.005576481, 0.005479766, -0.0101164775, -0.0068389825, -0.010524145, 0.0064615747, -0.003450801, 0.0020978458, 0.001934619, 0.005845081, -0.014550756, 0.0002061158, 0.012533656, 0.018888094, 0.025594553, 0.020788737, 0.011222006, -0.036300313, -0.010497541, 0.004457951, 0.00080790784, -0.011804473, 0.001124577, 0.019505462, 0.0055015213, -0.006423799, -0.00692706, 0.009429109, 0.008791884, 0.011744911, 0.0014967382, -0.020363895, 0.0057013514, -0.034439463, -0.010365335, -0.006839758, 0.019145278, -3.069027e-05, 0.07483869, -0.0147990165, -0.0041792667, 0.018028336, -0.0014008111, -0.0037048468, -0.002759871, -0.010269954, -0.004734634, 0.012068809, -6.965942e-05, 0.021022998, -0.016432583, -0.012028368, -0.0016907318, 0.018465087, -0.014151908, 0.020160615, -0.0036373555, 0.017832385, 0.006176342, -0.0003763018, -0.008178775, -0.014701303, -0.015093992, -0.015046149, -0.0003182628, -0.008303212, 0.022951165, -0.015117005, -0.014010381, 0.004153723, 0.020491842, 0.011998559, -0.019696, -0.024003396, 0.00346609, 0.010429071, 0.006439331, 0.014971024, -0.0041028634, -0.009844938, -0.0028621238, -0.0027758877, 0.002213223, 0.010757451, -0.013433934, -1.2004022e-05, 0.00396722, 0.0070312596, 0.0011758561, -0.0052494262, 0.010942553, -0.004341179, -0.014730988, 0.009066052, 0.013522313, -0.0096342685, 0.00488901, -0.0105049275, 0.008468244, 0.017088655, -0.026255272, -0.0006122024, -0.0036720275, -0.015393701, -0.0027653917, -0.016129825, -0.002398442, 0.009759107, -0.020175755, 0.022838842, 0.00078779785, -0.0071005044, 0.023680799, 0.0073889345, -0.0050449017, -0.011027105, -0.0178169, -0.0046029636, 0.027412841, -0.023993302, 0.0015646665, -0.0019414166, -0.00012277915, 0.018501297, 0.018516863, 0.014088829, 0.02124641, 0.009766281, -0.0075668506, 0.002179476, -0.0067230244, -0.013127024, -0.017151244, -0.0057963924, 0.056965057, 0.011516532, -0.0095358435, -0.0044823587, -0.0033112944, 0.00028988873, -0.0026141044, -0.004922973, 0.020606264, -0.004252951, 0.02219287, 0.011067348, 0.0063594845, -0.008613641, -0.007484662, 0.00093590515, -0.0029080021, -0.009821541, -0.00930841, 0.005227258, -0.004682565, 0.004680029, 0.00535976, 0.0010121939, -0.002820691, 0.008794971, 0.0043080575, -0.0012696742, -0.021259801, 0.00018237834, 0.002030018, -0.0088029, -0.008302758, 0.018169837, -0.011656824, 0.0155300265, -0.008425137, -0.009208881, -0.0022210623, 0.022338465, 0.0142315375, 0.025776993, -0.0045741815, 0.013214014, 0.017155258, 0.004967832, -0.017808734, 0.01771327, 0.011908593, 0.0021630458, 0.009235825, 0.015734173, -0.0011866465, -0.017435541, -0.0053720823, -0.009045962, -0.016508065, 0.010030404, -0.0009484651, -0.0039435704, 0.010489229, 0.01377631, -0.0033347136, 0.016692413, -0.020221831, 0.013580773, -0.0015194211, -0.02469689, 0.0009758617, -0.0015312014, 0.017535392, 0.0063550766, 0.002309656, 0.009705103, 0.014035468, -0.010618231, 0.0051628775, -0.0053327484, -0.014444696, 0.004096206, -0.01537279, 0.0061206343, -0.00060296897, 0.0029406834, -0.007892709, 0.0003893577, -0.022006743, -0.020779291, -0.0047453553, -0.016392058, -0.0112900175, 0.0012947121, -0.002365652, -0.025126608, 0.008114521, -0.0008717471, 0.006632943, 0.0043796957, 0.0116443215, -0.0027811944, -0.0006313129, 0.007669938, -0.00083662797, -0.0077995253, -0.010385525, 0.011747244, 0.034510277, -0.013201463, -0.005681183, -0.0060112816, -0.0163165, 0.014004152, -0.013245287, 0.0015615184, -0.006600646, -0.010107393, 0.014290774, 0.0019655887, -0.002687036, 0.0028242469, 0.013684384, -0.017609075, 0.022272184, -0.013011051, -0.009594885, -0.007001825, -0.011814414, 0.01301108, 0.008659696, 0.009459864, -0.0014074012, 0.0045402865, 0.004569233, -0.008642263, 0.007923609, -0.01491496, -0.012105574, -0.009897625, 0.011621035, 0.010853692, -0.0071277074, -0.002439056, -0.023634518, -0.010495898, -0.008721952, 0.008454462, -0.007607248, -0.024703521, -0.00729667, 0.012173755, -0.015733553, -0.01322028, -0.0054275976, 0.010347945, -0.013936854, 0.012185955, -0.013463513, 0.0018895033, 0.012277969, -0.008320696, -0.014877517, -0.049940977, -0.0069074426, 0.008865743, 0.01358955, 0.010957237, -0.012914528, 0.0123314895, -0.00645661, -0.013221994, -0.00035009717, 0.01845816, -0.003953589, -0.013812469, 0.012252714, 0.0011066401, 0.004006308, -0.014996288, -0.02266428, -0.0028130803, -0.00550574, 0.008460074, -0.0061219037, 0.0022350424, 0.02665845, 0.004922823, -0.014897599, -0.013395762, -0.007458978, -0.0005574976, 0.00960982, -0.01653617, -0.009069363, 0.004947872, 0.015665656, 0.008585899, -0.019744927, 0.015582992, -0.0020368467, 0.003841844, 0.006822685, 0.004086777, 0.005322923, -0.0036437402, 0.005220128, -0.0045253863, 0.014675712, 0.011905977, -0.023588693, 0.011345437, -0.007798769, 0.022618838, 0.025960531, -0.01798566, 0.0128117185, 0.015447332, -0.003576253, 0.019080354, -0.013964411, -0.010227344, -0.0018290197, 0.0070610745, 0.010130219, -0.0054010428, -0.008403125, -0.014936469, 0.004743755, -0.0020888788, 0.008802842, -0.02321373, -0.0035426398, 0.0034378166, 0.0045601856, 0.027051685, -0.014376262, -0.016864628, 0.004882975, 0.016864656, 0.027187182, -0.031050982, 0.0021842103, 0.006414902, -0.015156288, -0.012467454, -0.007104662, -0.008273517, 0.0016089563, -0.011881482, -0.004121722, -0.012183171, 8.7335065e-05, 0.0061616474, 0.0022757275, -0.007628873, 0.0024370712, -0.008181596, 0.013097463, -0.016003406, 0.00797066, 0.0029439144, -0.0015793929, -0.005909691, -0.006035379, -0.009060339, 0.02161396, -0.014982646, 0.0063954, 0.00643946, -0.006944099, 0.0021072412, 0.016836084, -0.01616239, 0.019780066, 0.00086118846, 0.024116987, 0.0050451984, 0.0018555026, 0.0012143503, -0.008611894, -0.004663952, -0.010813092, -0.016611252, 0.0023410653, 0.012802768, -0.002775936, -0.0029550865, 0.0085523985, -0.017829709, 0.00820684, 0.0020736023, 0.006735057, -0.014589416, 0.0045022615, 0.029470084, -0.011306243, -0.003858627, -0.0048981495, -0.0077309017, -0.008764572, -0.030511813, -0.014213607, 0.012809017, -0.004165204, 0.0010114199, 0.007894194, -0.009272823, -0.01956175, -0.0028070293, 0.010425737, 0.009136371, 0.0044915173, -0.013793746, -0.01977442, 0.00491424, 0.0052589905, 0.026131565, 0.0014248312, -0.0113893375, 0.011429309, -0.00473054, 0.019815546, 0.00941272, 0.0066639003, 0.0048383744, -0.0046067955, 0.0032432103, -0.0027966883, 0.00032245708, -0.0030313362, -0.018532809, -0.0055681802, 0.016692515, 0.020643849, 0.0011813878, 0.005445371, -0.005375057, -0.003032715, 0.026662908, 0.0140945, 0.011104539, -0.005567317, -0.006783941, -0.013228024, 0.021860955, -0.010905461, 0.01513635, -0.02966812, -0.008247394, 0.0064608897, -8.2293795e-05, 0.0073898127, 0.0013228966, 0.0069675394, 0.019335918, 0.02892509, 0.016872574, -0.008330927, -0.008158001, -0.0011321177, 0.027261589, 0.0055426056, -0.020937223, -0.004229725, -0.011138709, -0.012503466, -0.013940078, -0.102603786, -0.009236535, 0.017730089, 0.0034542317, -0.00015394099, -0.0010944265, 0.010691439, -0.024848443, -0.015026115, 0.0038112435, 0.013228488, 0.0054189214, -0.0040197205, -0.005327148, -0.0075878073, 0.0028538618, -0.0077981483, -0.014556575, -0.001447555, -0.011122818, -0.012032707, 0.018729167, 0.011943978, -0.0038821753, -0.010120085, -0.0016124629, -0.0024984356, -0.008052676, -0.013238509, 0.006491035, 0.007749172, 0.0026499543, 0.009049018, 0.0069445292, 0.013732146, -0.008290336, 0.008554188, 0.004687385, -0.13913088, 0.0013683923, -0.010530451, -0.0123242745, -0.016018327, 0.0066897413, 0.008354741, 0.014637885, -0.0023741238, 0.010177664, -0.001249431, -0.00010295033, -0.010525447, -0.010768744, 0.0015629205, -0.0038343195, -0.015289475, -0.005970097, -0.021316422, 0.0012406318, 0.0034000275, -0.010602037, 0.01197564, 0.007065941, 0.0044872984, -0.0018797185, -0.012661594, 0.014920738, -0.007285109, -0.026387583, 0.001725639, 0.0068789003, -0.0024105338, 0.005656807, -0.0043658414, 0.0022333926, 0.025250545, 0.0164622, 0.0018075721, 0.008374903, -0.0006025754, -0.0024563326, 0.01290835, 0.00012963916, 0.0061128424, 0.0133374985, -0.014674284, 0.016074046, 0.0041519688, 0.0049973424, 0.0034608194, 0.0070312377, -0.008819902, -0.0024397185, 0.00874332, -0.016403046, -0.012826284, 0.0037595094, -0.00060559006, 0.018786233, 0.005722821, 0.0010025334, -0.00037101915, 0.009456156, -0.004775893, 0.025071817, -0.0055377656, 0.0053527574, -0.0028971985, 0.0066995937, -8.342854e-05, 0.011418879, -0.019978642, 0.0056376713, -0.0026918463, -0.0006901941, 0.004391025, -0.007808028, 0.019315505, 0.0049738125, -0.0048934827, 0.002979192, 0.003277557, 0.015220125, -0.01523549, -0.0039227125, 0.003556389, 0.0117263775, 0.007270358, -0.047634047, -0.020227564, -0.003837721, 0.016305907, 0.009780694, 0.010819106, 0.008635491, 0.010267007, 0.014572242, -0.013509952, 0.008121979, 0.0013339648, 0.002154457, 0.02579703, -0.0144162, 0.0033735482, -0.0070789875, -0.0032328586, -0.014623356, 0.00735017, 0.00095321104, -0.0086000115, -0.0047782, 0.009522918, 0.0056751464, 0.007887699, -0.022765528, -0.01350427, 0.005976805, -0.00012530899, 0.012448131, 0.018927041, -0.0006061954, -0.007301012, 0.0020519854, 0.0069409367, -0.023187676, -0.0029026256, -0.00077340595, 0.0054837684, -0.010143203, 0.0021590218, -0.010529063, -0.012040386, 0.011105876, -0.014212191, -0.006449915, -0.006263117, 0.0024351927, -0.010582541, -0.0074403603, -0.00050833216, 0.024970096, -0.003974264, 0.036233503, 0.011448391, -0.008664566, 0.004731567, -0.007107585, -0.02800284, -0.01439208, -0.021945812, -0.013423553, -0.005993243, 0.037074905, 0.002497041, -0.0055381753, 0.0007461567, 0.0014517524, -0.025234843, -0.0004038105, -0.010612254, 0.0029628526, 0.00978951, -0.020035211, -0.016521318, 0.0031766482, -0.0034051486, 2.01437e-05, -0.0139739495, -0.005608961, 0.00077448494, 0.0012285606, 0.021101184, -0.010027823, -0.008881874, -0.0079677645, 0.0012404528, 0.00566118, 0.008793125, 0.023632102, 0.009321645, 0.015566899, 0.010402186, -0.013687189, 0.00831955, 0.005958517, -0.011474927, -0.012973599, 0.0028853482, 0.0026382532, -0.018420037, -0.0072961627, 0.018462246, 0.0029415635, -0.010315477, 0.022328738, -0.029086603, 0.0063158637, -0.014829305, -0.014967227, 0.020109015, 0.006538083, 0.0002250202, -0.16659066, -0.011531837, -0.0013972011, -0.020312838, -0.0071893777, 0.0035731022, -0.011980408, 0.013256679, 0.020306336, -0.0034876633, 0.005995417, -0.003560401, -0.0033642037, -0.004578883, -0.014408943, -0.00277239, -0.012840921, -0.0021651662, -0.011485849, 0.005835931, -0.045282684, -0.00344779, -0.013856122, 0.012774926, 0.0063192854, -0.01401599, -0.0016277012, 0.010452656, -0.00435479, -0.0029286423, -0.009313872, -0.012278414, -0.012615163, -0.023365157, 0.013877432, -0.006404676, 0.010206119, 0.013196046, -0.012116439, -0.0016473366, 0.01049203, 0.015438623, 0.0047384663, 0.007361265, 0.018018277, 0.01678098, -0.020432819, -0.019780805, -0.013040122, -0.01880313, 0.004709669, -0.00073235127, -0.016824625, -0.019645436, 0.020242302, -0.010143211, 0.010202328, -0.00868237, 0.014095056, 0.005960937, -0.027736925, -9.5350006e-05, -0.004051529, 0.03345892, 0.021873789, 0.0015173865, -0.012462194, 0.15441774, -0.0011569678, 0.0038572329, -0.0055363895, -0.011374417, -0.0016225438, 0.020878093, -0.00087857543, 0.008700785, -0.021300722, 0.016478652, 0.01272944, 0.020728642, -0.0017293494, -0.00565562, 0.008549117, -0.0066903178, 0.008053633, -0.014796502, -0.00801785, -0.00041769954, -0.01985411, -0.011916457, -0.011432537, 0.03187209, -0.0305033, 0.0061943964, 0.021741126, 0.018134223, -0.0021962458, -0.0013157356, -0.0075189467, -0.009410297, -0.006709703, 0.006186104, 0.009615346, 0.0064283647, -0.01847245, -0.006674533, 0.00018483795, 0.0012254568, 0.01395345, -0.004898329, -0.012411516, 0.010616785, 0.005074131, -0.011552223, -0.0144909015, 0.018391695, 0.011684889, -0.025430655, 0.007059034, 0.0060691996, 0.0020414798, -0.0021342349, -0.0021239796, -0.0020798522, 0.004126942, 0.005398796, 0.005078273, 0.0056776456, -0.009953178, -0.0036451363, 0.002337641, -0.012982143, -0.0049912888, 0.004888603, -0.0028735837, -0.005330919, -0.097786926, 0.00872503, -0.014973048, -0.02151103, -0.02677034, -0.01031612, -0.009821481, 0.009076443, 0.002006286, -0.004170092, -0.020346181, -0.013108341, 0.004167869, 0.014929852, 0.02939866, 0.0010953767, 0.01051329, 0.0117391385, 0.01006396, -0.009913016, 0.011339296, -0.009344058, -0.0026344128, -0.0057106, -0.0024351315, 0.0151056545, -0.017973434, 0.011220234, -0.0067125717, 0.03530109, 0.0041975607, -0.0030505927, 0.0135514345, 0.0062545105, -0.018724857, 0.00018920391, -0.014982115, 0.0075797513, -0.032870803, 0.0023966657, 0.01598266, -0.02231075, 0.020568158, -0.016676754, -0.00742692, -0.013010159, 0.0074392064, 0.012594758, 0.015394433, -0.0043422757, -0.007908544, 0.008517376, 0.00064075604, 0.0009813245, -0.02616304, 0.012778329, 0.0055332296, -0.013491174, 0.019773789, 0.0029578935, -0.0020410123, 0.025894629, 0.009886759, -0.0126805995, -0.019476922, 0.018540872, 0.0059575075, -0.009059044, 0.030504175, -0.00439726, -0.013388342, -0.0073539866, 0.0006808163, -0.025877228, -0.021701349, -0.009148777, -0.012263924, 0.0076316684, -0.0079303365, 0.014573573, -0.018298257, 0.002905885, -0.009456035, -0.0060568145, 0.029951883, -0.010178494, 0.00018706828, 0.003974346, 0.010224939, 0.008535912, 0.012377999, 0.009019993, -0.002283803, -0.0054206597, -0.0034001647, -0.002237097, 0.018343177, -0.010940709, 0.034111388, 0.0076839933, 0.012280807, -0.0027909442, 0.007988938, 0.032567706, -0.015520954, -0.003937512, -0.022000246, -0.009189383, -0.0016705362, 0.008602277, -0.013248504, 0.015069073, -0.02391569, 0.0064055095, 0.008197749, 0.008060075, -0.0061979247, 0.01626112, 0.021978619, -0.011735906, 0.0019956166, -0.0039142575, 0.01792032, -0.0128755765, 0.003161643, -0.007321954, 0.011238222, -0.008389611, -0.016552867, 0.016500214, 0.012118166, 0.016117519, -0.0074008466, 0.0088027725, -0.001923914, -0.011158955, 0.01674803, 0.011943476, 0.026969045, 5.1727966e-05, -0.004281873, 0.0012727325, -0.0023875262, 0.019333938, 0.0011787333, -0.007995213, 0.005928932, -0.023777891, 0.012404453, -0.0001110653, -0.010724719, 0.018247893, -0.0007083316, -0.016946802, 0.015724242, 0.014035312, 0.006377375, 0.0055614705, -0.013706158, -0.015227471, 0.0062951073, -0.015718697, 0.0035111185, -0.033791002, 0.012513055, 0.0014328507, 0.016415514, 0.0122565115, -0.029485881, -0.020362388, 0.02297436, -0.010085777, 0.007096553, -0.01076413, 0.021534232, -0.00020931545, 0.0064883134, 0.02481953, -0.014806904, -0.0684126, 0.009743312, 0.0014850933, -0.017329806, -0.004471773, 0.005090005, -0.016053934, 0.0052734064, -0.021794342, -0.027570812, 0.015298723, -0.03418988, -0.014232017, -0.005492425, -0.0037832712, 0.005934147, -0.024335036, -0.020747421, 0.012340358, 0.014812628, 0.025628125, -0.012013556, -0.021306945, -0.0021127888, -0.006233303, -0.033672474, -0.012768933, -0.0054707215, -0.0069688195, 0.0072690854, 0.005177731, 0.015242143, -0.008197481, 0.0035252105, 0.00011385305, 0.008254065, -0.0027389321, -0.015893338, 0.00396192, -0.03915673, -0.02355624, 0.013006031, -0.060627054, 0.0042529716, 0.005279073, 0.027699348, 0.0044672103, -0.007885269, -0.00728093, -0.00014237974, 0.01578755, -0.009997313, 0.012505773, 0.009124287, -0.0112019405, 0.002004736, 0.0064251036, 0.0059315613, 0.0023795147, -0.019475399, -0.011880704, -0.01831166, -0.009737058, 0.008633621, -0.0017838783, 0.00025632908, -0.026064854, 0.00503002, -0.0009962808, 0.01723729, 0.012498549, -0.0070416364, 0.013956137, -0.009696357, -0.015277086, 0.020893274, 0.008828671, -0.0085303215, -0.006705702, 0.019521732, -0.0045044953, 0.010113218, -0.0032279722, 0.06342953, 0.03208118, 0.009601582, 0.0038573947, -0.105368204, -0.02231217, -0.009144972, 0.0048424215, -0.023493683, 0.0010003173, 0.01775561, 0.07090535, -0.032695793, 0.018793901, -0.003755542, -0.012430093, -0.0021030915, -0.012800011, 0.006927296, -0.016896643, -0.012756169, 0.011605395, -0.006113787, -0.0052515343, 0.0045185513, -0.0075277197, -0.018368365, 0.02909516, 0.01870846, -0.040068142, 0.0008142634, 0.014612824, -0.0002012062, 0.0028774189, 0.0010099614, -0.0034564442, 0.007193699, 0.0060383175, 0.01677137, 0.008388951, -0.040201496, 0.0099660065, -0.023606256, 0.012459656, 0.029074335, 0.01596325, -0.0045804176, 0.02004673, 0.012771409, -0.013406394, -0.015688643, -0.017726207, 0.014602049, 0.009221176, -0.0025352773, -0.03032552, -0.009800946, 0.004928597, -0.00074939895, 0.019456072, -0.015667025, -0.016163569, -0.0009728041, -0.007975356, -0.016724762, -0.007815282, -0.0031109927, -0.015084189, 0.011788426, 0.009715578, -0.01599693, -0.0008373525, -0.015531489, 0.005739292, 0.0067369756, 0.005107313, 0.02545871, 0.0012626605, -0.014229134, -0.03362953, -0.0038560848, 0.02538979, -0.04416729, -0.008616819, 0.0075796177, 0.023327926, 0.006012742, -0.0070711914, 0.009361825, 0.016481258, -0.0046607507, -0.022775376, 0.003028889, 0.009863597, -0.008676759, -0.011059162, -0.001137576, -0.010872277, 0.018832672, 0.0011142464, 0.010815531, 0.007022327, -0.02095162, -0.004707247, -0.0071188337, 0.019597286, -0.02218454, -0.030078879, -0.0103164315, -0.0021165295, 0.011979409, 0.0018851717, 0.0047964514, -0.000508315, 0.025077865, -0.008620189, -0.0069917785, 0.0138988225, -0.015479486, 0.011859424, 0.007850666, -0.00088172656, -0.0009804182, -0.009254552, -0.024435384, -0.0014535638, -0.022836091, -0.035286497, -0.0042093243, 0.0025585678, -0.007873095, -0.0017468984, -0.008240291, 0.016628627, -0.0029868279, 0.0032105395, 0.0054229773, 0.0039333617, 0.020206148, -0.0036585338, -0.019293206, 0.011080874, -0.01866531, 0.02130115, 0.013923721, 0.0015065101, 0.015329164, 0.013130758, 0.006467781, 0.014325075, -0.00020940191, -0.009756037, -0.032221887, -0.013327713, -0.0030714916, 0.0023594028, -0.004546522, 0.012201844, -0.015894163, -0.015161939, -0.007518187, -0.009799217, 0.042089656, 0.0014364804, 0.0039381743, 0.007868454, -0.008673886, 0.01156497, -0.024097117, -0.016604746, -0.018768279, -0.0075588487, 0.0066503696, 0.006506072, 0.0078836195, -0.02056219, -0.010027024, -0.027281197, 0.015086853, -0.024782605, 0.0033681034, -0.00090276956, -0.0348938, -0.008872888, 0.010680056, -0.022546163, -0.011236981, 0.016602006, -0.007453955, -0.0049686073, 0.012530054, -0.02687176, 0.009097616, -0.0011538406, 0.0006447527, -0.021270063, 0.026081627, -0.0033059109, -0.005383853, 0.019539492, -0.011989871, 0.0014134995, -0.00090953993, 0.028594092, -0.009230125, -0.008409179, -0.013157139, -0.026296426, -0.0022643378, -0.01399893, -0.0014182535, -0.003791087, 0.0009952832, 0.004676632, 0.009636865, -0.0054805353, 0.0023777555, 0.014133854, -0.035656683, 0.005718927, 0.011564707, 0.017823946, 0.010087605, 0.028512355, 0.021297496, 0.0045831646, 0.0021342984, 0.009609803, 0.0085200695, -0.012672499, 0.008403061, 0.012169633, 0.012613123, 0.019121494, 0.0045877867, 0.011663499, -0.0043499377, -0.0026802882, -0.010466399, -0.00614289, -0.020881983, 0.022211067, 0.0139457295, 0.001102256, 0.034054298, 0.00871442, 0.021334339, -0.0061765704, -0.025455069, -0.020570083, 0.0031504685, -0.010698079, -0.014249047, -0.006262236, 0.004575681, -0.008559799, 0.0059862426, -0.01597424, 0.024517745, -0.002661444, -0.0024706705, 0.0002655625, -0.003001509, -0.005378525, 0.004351812, 0.012488119, -0.003967742, -0.0054424824, -0.0058506047, 0.0019573702, -0.0021999818, 0.015437649, 0.00049559656, -0.039339963, 0.008983779, -0.017595507, -0.013388641, -0.025310181, 0.00044305835, 0.023660008, -0.012376043, 0.011527082, 0.003494118, 0.017243009, 0.021033319, -0.013316066, 0.0010014351, -0.0018438459, 0.0032852895, -0.0068272683, 0.022864116, -0.02318493, -0.0018388652, 0.00972702, 0.025107032, -0.00582969, -0.003040244, 0.006851102, -0.009870168, -0.011121421, -0.01480611, -0.018138941, -0.007216897, -0.0202647, 0.0019079263, -0.009749033, -0.0061594024, -0.009430507, 0.016963422, -0.0045231245, 0.014314639, -0.009848057, 0.0061896183, 0.00814587, 0.009618284, 0.01188012, -0.018002987, -0.009556646, -0.03187612, -0.025884602, -0.027176928, 0.0039410195, 0.00028580776, 0.0141682895, 0.0056790193, 0.012268822, -0.01341611, -0.016928425, -0.010285367, 0.021806836, 0.021272022, -0.0004241826, 0.0020186242, -0.017487988, -0.017813392, 0.03211982, 0.0110902265, 0.00034513214, 0.028778287, -0.008425759, 0.00074454886, 0.025122503, -0.0035419944, -0.015740016, 0.003553365, -0.001398495, -0.0058274264, -0.012342711, 0.014903217, -0.019712856, 0.00031382116, 0.007260968, 0.011188582, 0.011856076, -0.010221236, -0.009448261, -0.0014341738, 0.014524209, 0.017846668, 0.0077711022, -0.0059824334, -0.013903215, 0.004807819, -0.012286424, -0.019928489, -0.022976752, -0.020289432, 0.0072053056, -0.0111394115, 0.0036536893, -0.0020914737, -0.017873975, 0.018812647, 0.006669138, 0.0028728165, 0.011730279, 0.0014768094, 0.019497186, 0.016040355, 0.021514364, -0.02210522, -0.0017950387, 0.014027837, -0.010265973, -0.018497622, 0.0008067279, -0.011684091, 0.015234265, -0.003032346, 0.0031744402, 0.017957967, 0.009345605, 0.009849967, -0.01922913, -0.0025709055, 0.016566072, 0.0014015918, 0.01910496, 0.013888106, 0.009972698, 0.0007156229, 0.00851264, 0.0073753907, 0.01670461, 0.0029072526, -0.01717159, -0.012152374, 0.006888828, 0.0012858725, 0.007756565, 0.030662738, 0.0031492766, 0.009186141, -0.009911516, -0.01505068, 0.0035199956, -0.0007047387, -0.026000755, 0.0027814698, 0.033233464, -0.026813524, -0.00025049955, -0.0072144694, -0.007976214, 0.010120875, -0.0008989093, -0.008967129, 0.008060928, 0.008343723, 0.021665106, -0.00026771057, -0.002468069, 0.01579131, -0.0085803345, -0.0026018792, -0.017151259, 0.00056121306, -0.007068336, 0.025918797, 0.0012747217, -0.008949128, 0.016642485, 0.0013340006, 0.01521239, 0.0058956584, 0.013194493, 0.017680481, -0.018354679, -0.0077915173, 0.0055482164, 0.023614032, 0.007545924, 0.0207734, 0.009779425, -0.013392467, -0.0062730773, -0.009820479, 0.011369738, 0.027636195, 0.0023928583, -0.0013347572, 0.004282648, -0.0028009298, -0.0208856, 0.0011223654, -0.0054779234, 0.015229931, 0.005411795, -0.008398865, -0.017310953, -0.020789715, -0.0022695453, -0.0067444784, -0.019395525, -0.037273545, -0.008328564, -0.05576867, -0.009893414, -0.022109209, -0.0131305745, -0.010185613, 0.0037310356, 0.011839925, -0.0022941076, 0.001289469, -0.0055513848, 0.00023648396, 0.011148733, 0.0048582475, 0.0020966695, -0.0111115705, 0.0033827948, -0.0057710586, -0.014641523, -0.001199278, -0.01942379, 0.0077171996, -0.03344918, 0.021884583, 0.014751295, 0.0020944371, -0.019083079, -0.011693413, 0.0022777002, -0.00920656, -0.014653165, -0.021493781, -0.016221847, 0.01448191, 0.00650108, 0.0094893295, 0.02453372, 0.0032054482, -0.052315053, -0.020459682, -0.003994741, -0.0045131873, -0.0017924998, 0.0015191863, -0.0077867387, -0.0007756233, 0.00083726115, -0.047972508, 0.009773029, -0.017049566, -0.010393179, -0.0097197285, -0.021100515, -0.0027178824, 0.015806261, -0.012367301, 0.008882534, 0.01587529, -0.0069831726, 0.012088925, -0.006084509, -0.016419811, 0.00033689663, 0.0046855817, -0.0069070878, -0.014139738, 0.008190571, 0.011825008, -0.003612541, -0.0009285662, 0.0019298269, 0.010165743, 0.014418835, 0.033803273, 0.013564336, -0.005415036, -0.0113135325, -0.03185748, -0.004414685, -0.018298956, -0.0018383428, 0.0019928087, -0.016409084, -0.011305262, -0.010234657, -0.016541753, 0.009331944, 0.00978617, -0.022804536, -0.031059284, 0.003981792, -0.018602736, 0.019141745, 0.003897391, 0.002219774, -0.001646687, -0.0026700841, 0.014085841, 0.012531783, -0.0016126258, -0.010553061, 0.016930792, -0.009282429, -0.004604364, -0.000982778, -0.00095039257, 0.004738579, 0.0067182374, -0.003942237, -0.012046575, -0.024410464, -0.00813882, -0.013296064, 0.0048409123, 0.008183352, -0.008589075, 0.0190541, -0.005344553, -0.0054585636, -0.019413974, 0.010687687, 0.0059068273, -0.015791092, -0.012017862, -0.0037242984, -0.0066912496, -0.015865976, 0.012239735, -0.022798195, 0.024428748, -0.010833907, 0.009477349, -0.007695567, -0.009748954, -0.014233582, 0.011744408, 0.0069820485, 0.022671519, -0.027458668, 0.0068553793, 0.05650165, 0.0071460083, -0.021295443, 0.012367288, 0.0055749305, 0.010875914, -0.0058095623, 0.03436102, 0.0070066825, 0.01765984, 0.013250792, -0.021050269, 0.016026454, -0.014146138, -0.010317807, 0.021347934, -0.021011533, -0.02359712, -0.0271092, 0.004559986, 0.01804291, -0.00089763384, 0.0009385639, 0.007185382, -0.00351805, -0.018873958, 0.0013095277, 0.007440622, 0.0056798207, -0.020042615, -0.018204464, 0.02062387, 0.019031882, 0.009481589, 0.019193185, 0.028570572, 0.021429544, -0.004879618, 0.011975279, 0.011093565, -0.0078381365, 0.006446836, -0.009046852, 0.00330422, 0.047948547, 0.0147781465, -0.013358129, 0.019388024, 0.012552335, -0.0011145822, 0.005784611, -0.009945226, 0.011516449, 0.004778216, -0.019194633, -0.008988093, 0.0039204187, 0.033828814, 0.0110474005, 0.020798484, 0.0041454285, -0.0061422917, 0.003692152, 0.01781002, 0.007291032, -0.016156554, 0.005408189, 0.0034365635, 0.015270379, -0.029348914, 0.014737875, 0.0006213551, -0.012052763, 0.0011587492, 0.0040190383, 0.17133453, 0.12180385, -0.009612622, 0.006957171, 0.004844081, 0.003165831, -0.019406393, 0.004413532, -0.022208061, -0.0048515694, -0.015373544, 0.010228349, 0.009898788, -0.005265248, 0.015904503, 0.006255965, 0.009315161, -0.0043921475, -0.004274236, 0.012666593, -0.0031519113, 0.021018548, -0.030156842, 0.0027568564, -0.017440494, -0.011502711, -0.020080846, -0.013122727, 0.03155353, -0.0056070057, -0.003490665, -0.02686919, 0.0025575792, 0.0048477864, 0.00645397, 0.016172, -0.02033325, 0.014690423, -0.009862197, -0.0025707614, -0.02701242, -0.0014177184, 0.008977614, 0.016642338, -0.004119806, 0.006956404, 0.0025142992, 0.0039234846, -0.010242621, 0.00037617885, -0.029664055, -0.0058452846, 0.009839595, -0.020982774, 0.0024427949, -0.011058064, -0.010040244, 0.009785497, -0.0010599793, -0.0012381366, 0.035723645, 0.003326699, 0.004991703, 0.007900529, -0.002467183, 0.021793896, 0.019218115, -0.009525083, 0.0026748374, -0.0136216935, 0.0023155315, 0.020004304, -0.0101422155, 0.018393273, -0.0022198774, 0.003436589, -0.008533227, -0.000575742, 0.0045842524, 0.006017787, -0.02124396, -0.0023877998, 0.00853076, -0.01186633, 0.024420911, -0.018846905, -0.0046354863, -0.0077541927, 0.10681516, 0.0040136445, -0.01547613, -0.009823659, 0.019235093, 0.0026991228, -0.00040140058, 0.05716575, 0.02243399, 0.0045469627, 0.017051343, -0.00070061197, -0.0005596166, -0.00958338, 0.0060028723, -0.00092813006, 0.010903275, 0.027399637, 0.0007534277, 0.0075265467, -0.016640322, -0.01781016, -0.010661464, 0.004502565, 0.016022397, 0.013739361, -0.0045361654, -0.0025134576, -0.015909206, 0.010552477, -0.08158886, 0.010047426, -0.0052372254, 0.009252787, 0.010539661, 0.025221027, 0.002630169, 0.00058192975, -0.02273507, 0.019893581, -0.012183348, -0.027139187, 0.03323899, -0.0038871753, 0.004796281, 0.0046561966, 0.023010306, -0.017738586, 0.019301966, 0.018161507, 0.0018810554, 0.012076151, -0.026065305, 0.0144208325, -0.008840492, 0.0052677267, 0.008216025, 0.0054361387, 0.02800013, 0.006330932, -0.00681467, 0.012126193, 0.008028126, -0.0058416803, 0.010497887, 0.015100154, -0.011650095, -0.0020831614, 0.0016741601, -0.0010451333, -0.0058162417, -0.0037567988, 0.0046117296, -0.030847862, 0.0040876023, 0.0016831626, 0.009421645, 0.010114504, -0.008415364, -0.0036444748, 0.00084985036, 0.001563322, 0.020845206, -0.019995736, 0.00905137, 0.0046606883, -0.004084854, -0.00087973126, -0.0010902197, 0.013426831, 0.019817226, -0.013236574, 0.012514014, 0.023902835, 0.004037438, -0.016160889, -0.018233841, -0.008014138, -0.029078683, -0.00071988034, -0.010053668, -0.0073641087, 6.224094e-05, 0.020790936, -0.0033536286, 0.0210134, -0.024686389, -0.00093533867, 0.01863269, 0.018318657, -0.0030017793, -0.009743353, -0.008593464, 0.09580422, 0.0076682973, 0.00701889, 0.016992144, 0.01684428, 0.0062633865, -0.024586065, -0.0063263327, 0.014366027, 0.007959101, -0.014289494, 0.01318313, 0.0042840946, -0.012247067, 0.017882556, -0.010180551, 0.029334988, 0.001143181, 0.01709516, -0.010104071, -0.02213414, -0.006026453, 0.02090751, -0.0178937, 0.020401247, 0.01329071, -0.005478876, 0.015147532, -0.018277582, 0.0019087357, 0.023341568, 0.013457015, 0.007636245, 0.015837174, -0.016965182, -0.00038199752, -0.00935025, -0.0072664977, 0.005490882, 0.0003468442, 0.010754627, 0.0027850107, -0.015932538, 0.0011216543, -0.03242788, 0.19328138, 0.016722107, -0.011392177, -0.00694306, -0.0018149331, -0.0127420975, -0.008524976, 0.005568396, -0.0041471054, 0.004360848, 0.0057457006, -0.01646035, -0.008431519, 0.01285548, 0.0041922308, 0.006325067, -0.022040887, -0.018247508, -0.009245504, 0.0038186808, -0.009346025, -0.0044015734, -0.02452857, -0.0042816354, -0.0067652836, -0.014525149, 0.0051359907, 0.0059823664, -0.011121232, -0.0141481, 0.028684327, 0.004561467, -0.0052134898, 0.007887407, -0.013187027, 0.008366997, -0.0033047395, 0.0008985501, 0.010111651, 0.01884165, -0.0016152913, 0.016386999, 0.006558478, 0.016103597, -0.0100563625, -0.026370145, -0.0062915143, 0.020153165, -0.004318946, 0.00020090473, 0.024109382, 0.007287783, 0.013873683, 0.0024743278, -0.024785258, -0.00085714035, -0.017222648, 0.0017301418, -0.015430345, 0.0020138638, 0.004868991, 0.009694352, -0.021731906, 0.0046774694, 0.005154461, -0.014694875, -0.023222419]"
"Arancel a muebles encareceria 10% las importaciones, alertan fabricantes ",https://oem.com.mx/elsoldemexico/img/25474138/1756485216/BASE_LANDSCAPE/1200/image.webp,no especificado,no descripcion,https://oem.com.mx/elsoldemexico/finanzas/arancel-a-muebles-encareceria-10-las-importaciones-alertan-fabricantes-25471343,"[0.022469109, -0.002502989, 0.016747087, -0.09546815, -0.03233773, 0.011861326, -0.015521839, 0.023150295, -0.03736499, 0.03923263, -0.03588031, -0.0105649885, -0.009393476, -0.03482724, 0.115763746, 0.009967119, 0.009846694, 0.0052573658, -0.0036909105, -0.0038346448, 0.0053811665, 0.022311764, -0.0141215725, -0.016107606, -0.0019113685, 0.0073560844, 0.0062882304, -0.01738055, 0.023148026, -0.01725712, -0.034301482, -0.006777091, 0.020446073, 0.012717763, 0.010265369, 0.0009385825, 0.008869923, -0.011453031, 0.019168355, 0.011660101, 0.007764768, 0.0019195944, 0.00016399953, -0.0049605956, -0.023664765, -0.002340619, 0.005738701, -0.032884456, 0.0021103607, 0.014252653, 0.020235026, 0.0002859598, -0.009360897, -0.14931299, 0.023987949, 0.0130296815, 0.0017746652, 0.0013688301, -0.006554636, -0.00724209, -0.042346098, 0.03095639, -0.0030633784, -0.016534764, 0.023556972, 0.007694103, 0.0127778, -0.008126236, 0.0207343, -0.034964606, 0.030092705, 4.224382e-05, -0.003446333, 0.010280575, -0.019552413, -0.020263886, -0.0008597723, 0.041454416, -0.011494698, 0.002184798, -0.009094993, 0.004888139, -0.034620438, -0.019434765, -0.015227188, -0.01378657, 0.007380662, -0.006440473, 0.0037657158, 0.024692176, 0.017403698, 0.01908424, 1.4102855e-05, -0.028487505, -0.020538587, 0.005972601, 0.013397161, -0.041787535, -0.009708625, -0.0034025, -0.029043432, 0.000941618, 0.0069526583, 0.011647625, 0.009171856, -0.025568683, 0.012339685, 0.009717183, -0.01096843, 0.025249349, -0.014546302, 0.006710865, 0.0070106867, 0.008873359, 0.011436506, -0.12222213, -0.019086506, -0.00087627926, -0.028126586, -0.0011122439, 0.004291318, 0.037708715, 0.011706046, 0.0058529912, -0.03187797, 0.008809303, -0.015154906, 0.012592514, -0.013503032, -0.01552461, 0.0026489473, -0.012397626, 0.03173254, 0.0374985, -0.010621618, 0.024711307, -0.015221987, -0.0018057848, 0.010684802, -0.024356073, 0.011205773, -0.0045351475, 0.019492645, -0.01179367, -0.004511047, 0.006987598, 0.021954324, 0.0038506777, 0.0011639189, -0.0053855744, -0.007050941, 0.0063169226, -0.019270431, 0.02266539, -0.013024607, -0.030161003, 0.010961295, -0.020140976, -0.0005942043, 0.019084714, 0.010285032, -0.007940736, -0.0021313766, 0.0047179954, 0.009143781, 0.033765018, -0.014609285, 0.0079676, 0.027837006, 0.007445038, -0.013865826, 0.0026973048, 0.0014549344, -0.011304904, 0.0088884635, 0.028241046, -0.005654307, 0.027547559, -0.017145224, 0.004496563, -0.02445106, -0.034402102, 0.02129541, 0.010040966, 0.017019752, -0.00735923, 0.01492224, -0.0006690728, -0.019303272, 0.006092898, -0.010966417, -0.01073409, 0.0348656, -0.031077411, -0.03387745, -0.017949812, -0.00093318126, 0.03989169, -0.004702868, -0.010864346, 0.03780488, 0.0030216316, 0.016493153, -0.001469834, -0.02112887, -0.020732952, -0.011752324, 0.01469419, 0.028113775, -0.0012970739, -0.006372706, 0.007948185, -0.01707693, 0.005811853, 0.0062792576, -0.018072287, -0.009230586, -0.009060738, -0.022708109, 0.008696785, -0.00032850442, -0.00014625685, -0.0014333479, 0.012401623, 0.009271497, -0.015895467, -0.018666985, -0.0031768023, -0.028767565, 0.019824177, 0.023900943, 0.030187512, 0.023151232, -0.0075397408, 0.012927869, -0.014172879, -0.0030329581, 0.002976269, 0.020518754, 0.028634248, -0.0046174806, 0.019642172, 0.00511935, 0.011029659, 0.023624396, 0.0033650266, -0.0060725785, -0.014721284, -0.0131448265, 0.031399045, -0.002179621, -0.0048633064, -0.0051841754, 0.011460773, -0.027048223, -0.0005761701, 0.009730925, 0.0027406262, -0.014819599, -0.022851555, -0.011658415, -0.004457929, -0.03487197, 0.0031188922, -0.022861304, 0.0011226599, 0.0048061195, 0.016107857, -0.02603308, 0.0061760494, 0.024530089, -0.022455145, 0.010258612, -0.016904457, 0.006012409, 0.011823718, -0.079075225, 0.0023267667, 0.002257914, -0.02100524, 0.0008881219, 0.008387661, 0.0050517838, 0.01492804, -0.0035624863, 0.0142859835, -0.023196492, -0.03741447, 0.0049180794, 0.009644261, -0.008605676, 0.01777885, 0.006810579, 0.02273191, 0.010262274, -0.004189502, -0.0017906574, 0.012251651, -0.009415035, -0.004128666, 0.019996362, 0.016527038, -0.010208384, 0.041861095, -0.010759886, 0.014598699, 0.004992534, -0.036843702, 0.023356237, -0.021191774, -0.006686919, 0.018314095, -0.024448225, -0.0010375495, 0.015349111, -0.0014112059, -0.004696978, 0.0020799965, -0.012376981, -0.024645854, -0.023334289, -0.0281974, -0.043607656, -0.013040725, 0.0056038853, -0.00019611986, -0.0067671435, 0.03270015, 0.008319182, -0.019478565, 0.015061718, 0.0068542627, 0.022160023, 0.0036915608, -0.0073863245, -0.0011736911, -0.011730809, -0.007047482, 0.01225176, -0.010648247, 0.012542771, -0.027545843, -0.014145085, 0.0046053017, -0.023803728, 0.014294355, -0.013150137, -0.039184235, -0.027832255, -0.021250151, -0.010201745, 0.0013319602, -0.0031683412, 0.003741428, -0.0070307795, 0.030106984, -0.030908117, 0.0083762575, 0.0027013088, 0.009266458, -0.016138189, -0.0103037385, -0.02625175, 0.0039414135, 0.0009825947, -0.0055872938, 0.024616342, 0.010827431, -0.02305712, 0.0051436685, -0.018686749, -0.033883728, -0.02114259, 0.009619473, 0.0072294627, 0.0020327626, 0.00083103706, -0.008918637, 0.0017849403, -0.0077154823, 0.002696654, 0.006292861, -0.0037254137, 0.023810538, -0.016900474, 0.0013341308, 0.00802391, -0.020319398, -0.0058534537, 0.0018350194, 0.013271108, -0.009880149, -0.0070394194, -0.016284868, -0.031241886, 0.010255214, -0.0021576618, 0.0005291497, -0.0024681415, -0.013863419, 0.020036759, 0.024672395, 0.0070656026, -0.035712846, 0.0018324053, 0.012999292, -0.006653222, -0.032844547, -0.014064242, 0.013858835, 0.021882374, -0.042376623, 0.02344795, 0.009015999, 0.01963643, 0.017489942, -0.007161318, 0.02240069, 0.0069132, 0.038754493, 0.011842175, 0.016871989, -0.022869198, -0.019806847, -0.0052746027, -0.014969275, -0.015160675, 0.00038135718, -0.013294095, -0.0041130884, -0.013472183, -0.016205512, 0.017616602, -0.028181044, -0.01802932, 0.005888717, -0.04705991, 0.022337126, -0.027572725, 0.0047332156, 0.00589801, -0.011581809, -0.0003413903, 0.026563322, 0.020844359, 0.02521488, -0.021475125, -0.025359442, 0.02152346, 0.006546917, 0.0056307493, 0.010410575, -0.008740026, -0.045046136, 0.024838585, 0.019498777, 0.00013988423, 0.0067793806, 0.009207566, 0.02314965, 0.018448707, -0.012084025, 0.01906706, 0.021657575, -0.029358145, 0.022290966, 0.014902485, -0.028179415, 0.0025775456, 0.033274565, -0.017245911, 0.0028030057, -0.02806212, 0.014652773, 0.0031655235, 0.0012310464, -0.015473322, 0.022593284, 0.008933714, 0.024780657, 0.0105925165, -0.015100297, -0.023480218, 0.0029259396, 0.0045821043, -0.009727097, -0.0006142869, 0.002344373, -0.010497299, 0.011718866, 0.021700889, -0.021621121, -0.0015663187, -0.012837999, -0.013897787, -0.023481045, -0.0142362425, -0.016779983, 0.03537961, -0.009423268, 0.0077741966, 0.009954965, 0.01873759, 0.014130995, -0.003491309, -0.0072152284, 0.00890977, -0.02117321, -0.02396855, -0.006835187, -0.022963338, 0.01192332, -0.0049330234, 0.01823605, -0.002683627, 0.008042681, 0.020109762, 0.028880382, -0.037853573, 0.0036532835, -0.03379465, 0.0013609575, -0.0012132135, 0.043355126, -0.009989396, 0.017084587, 0.007955908, -0.017458277, 0.037771497, 0.03617025, -0.015281266, -0.0061549162, 0.0047068847, -0.02121067, -0.009845782, -0.013519347, -0.013009537, 0.021810092, 0.032253005, -0.017754445, -0.001439894, -0.033363704, 0.008099076, -0.0056084767, 0.019295845, -0.079512276, -0.0100763375, 0.0018651234, -0.031281423, -0.04671031, 0.013843691, 0.043680876, 0.0040030573, 0.019108381, -0.0151827205, -0.025452001, -0.019909505, -0.0031323086, 0.0062087183, -0.03521842, 0.0017296233, -0.006511103, 0.00035013916, 0.00083555654, 0.031762403, 0.0004845039, 0.019681405, 0.003112691, -0.016458178, 0.007884432, -0.014775799, -0.019095298, 0.018950844, -0.003040249, -0.00053775276, 0.01850914, -0.010376025, -0.00035350127, -0.017939953, 0.018811516, -0.02340363, -0.009020824, 0.00044504897, -0.0018850242, 0.027006939, -0.009981695, -0.022440223, -0.017344948, -0.017614389, -0.0002222379, 0.004910592, -0.01333141, 0.01169174, 0.051700745, 0.01638269, -0.017332233, -0.009221653, 0.01865039, 0.016867125, -0.008717957, -0.026156804, 0.0040700063, 0.011863502, -0.018371144, 0.02454991, 0.00429676, -0.015226703, 0.014183494, 0.036794595, -0.00087023916, -0.012808354, -0.0075505557, 0.004805398, 0.026306748, 0.010828787, 0.0023584734, -0.02041417, 0.024871156, 0.01821521, 0.037192114, 0.00088867795, 0.008826994, 0.026772967, 0.038635872, -0.0076215155, -0.02062422, 0.009612694, -0.09686036, -0.006031359, -0.014545556, 0.01436734, 0.04445104, -0.0005014181, 0.0017039239, -0.023001362, -0.016219635, 0.005356506, 0.0045064767, -0.008076739, 0.013036973, -0.042297613, 0.00816472, 0.008585449, 0.015406263, 0.009552246, -0.01295978, -0.019072147, 0.005632894, -0.00640181, -0.014767567, -0.015825383, 0.003561758, -0.01139996, -0.009948745, -0.011574147, 0.025717974, -0.02494808, -0.0065536746, -0.14199483, -0.02033759, -0.00040335988, 0.009900438, 0.0089574, 0.012310985, 0.037178714, 0.013515426, -0.008056393, 0.019113095, 0.0005457481, 0.005550685, -0.029721307, -0.023535972, 0.042233124, 0.10649793, 0.011721227, 0.0064049815, 0.0083529595, -0.009634661, -0.0027656376, -0.006863505, 0.007942162, 0.005719398, -0.017379262, -0.0016275123, 0.026544834, -0.009095962, -0.013199038, -0.017520592, 0.0012300473, -0.018692037, 0.008025394, 0.013103365, 0.019224796, 0.000639311, -0.004745738, 0.0086455075, 0.022939002, -0.02379602, 0.036741734, 0.020455746, 0.022520656, 0.00757565, -0.024680045, 0.0070109805, 0.023897897, -0.016262172, -0.0030518053, 0.0136817945, -0.003936565, -0.06274435, 0.016403455, 0.02517714, 0.022954037, -0.018829498, -0.020622186, 0.019345965, -0.017779062, -0.016905617, 0.022526262, -0.00349117, -0.007302812, -0.005764768, -0.024140578, -0.023503691, -0.0024610236, 0.009780091, -0.005222634, 0.016838526, 0.03903031, 0.0039616833, 0.007220953, -0.042313874, -0.0018015758, 0.011171253, -0.02712344, -4.0131235e-05, 0.025732674, 0.015040867, -0.0060693487, 0.00876032, 0.012383688, 0.0006228849, -0.005585624, -0.0058589294, 0.031153148, 0.024718648, -2.1529573e-05, 0.012776804, 0.014179667, 0.018869253, 0.004351401, -0.0052643265, 0.010239923, -0.011474222, -0.009765483, -0.0011071359, -0.03327474, -0.006592597, -0.0015725114, 0.00095314725, 0.026406046, -0.0021524988, -0.0073758843, -0.0023629349, -0.0042300285, -0.008052268, 0.020246986, 0.005146058, 0.0072736116, 0.00027438253, -0.01201921, 0.0018724123, 0.008295914, 0.014471634, -0.016990611, 0.008810773, 0.00350788, -0.0024711415, 0.032985233, -0.01352578, -0.015406041, 0.014891503, 0.020690707, -0.008304672, 0.00984144, -0.0016261894, 0.010945572, -0.036826607, 0.014000022, -0.00731436, 0.014622662, 0.008264082, -0.012454568, 0.0015436178, 0.0062463176, 0.0074709225, -0.0002028294, 0.013394139, 0.022605786, 0.0003206702, -0.010629428, 0.012399084, -0.004605003, -0.009071588, -0.01212576, 0.0012832702, 0.0028889298, -0.012297233, 0.013559831, -0.021676937, 0.01873024, 0.014406, 0.010136853, -0.0203749, 0.0006731578, -0.01266136, 0.01527701, 0.0058240863, -0.0066543147, -0.018235298, -0.0033713446, 0.007173225, 0.021342942, -0.0049142945, 0.009616866, -0.01046088, 0.013842026, 0.010540883, 0.00058143446, -0.0031979163, -0.019351667, -0.002282264, 0.006255299, -0.00052696903, -0.010459159, 0.003021154, -0.011754256, 0.015472672, 0.011210057, 0.010595145, 0.0017318947, -0.009824097, 0.0025872544, 0.0066850884, -0.0040772497, 0.0030933716, 0.0006694554, -0.00791123, 0.0011160738, -0.001665812, 0.0203619, -0.011115242, 0.01016165, 0.008750236, 0.002846201, -0.0048932503, -0.00039853354, 0.003911519, 0.006117377, -0.008154775, -0.014017299, 0.012532272, 0.0060789953, 0.0076198364, 0.0059505734, -0.005942542, 0.011811807, 0.010076971, 0.014289924, -0.0167521, 0.0019888987, -0.0062905946, -0.0025720599, -0.0077550123, -0.017131597, 0.025749698, -0.0003709372, 0.004678201, -0.015114767, -0.014228457, 0.0009854502, -0.018928688, 0.006290108, -0.0011271805, 0.020071877, 0.010272049, -0.009386245, -0.0051445, 0.0017952886, 0.004180304, -0.0019561222, -0.01871617, -0.011098758, -0.009775882, 0.0065007396, 0.0059255, 0.030997286, 0.0009161744, 0.0142183965, 0.0036142594, 0.021408215, -0.0010117131, -0.0055215904, 0.0048457626, 0.0008841715, 0.0056797187, -0.013995404, 0.0016460245, 0.0047923876, 0.008293437, -0.0051247696, 0.011276634, -0.0050059636, -0.00078628265, -0.038354725, 0.008607963, -0.009237019, -0.010413276, 0.015241829, -0.008537618, -0.0034113093, 0.01592097, 0.0066445502, -0.002327373, -0.014922968, -0.020896493, -0.014934025, 0.011847343, -0.017784635, 0.0128778145, 0.008163531, 0.00037449706, -0.025695832, -0.0073407087, 0.0030607295, -0.012946417, -0.005687739, -0.01294008, 0.0022905073, 0.0099763535, 0.0060521765, 0.0017828563, -0.0029977171, 0.01364326, -0.0062251603, 0.006997686, 0.00052760466, -0.016349727, -0.008064063, -0.0031146384, 0.0033422874, -0.0017245922, -0.013419371, -0.010676952, -0.009298993, -0.000676173, -0.01355877, 0.0029462646, 0.002668088, 0.01832952, 0.006295061, -0.0047017653, 0.016050747, -0.015200995, -0.017656416, 0.0142059, 0.020457843, 0.019552436, 0.07800843, -0.0022820053, 0.0026718117, 0.028051324, -0.014969278, 0.0042825025, -0.008756861, -0.016460134, -0.005236607, -0.0024682353, 0.0022219236, 0.0066471496, 0.0013238303, -0.0004405994, 0.021527829, 0.005657978, -0.0060282773, 0.008502434, -0.022040762, 0.012435089, 0.008423973, 0.0034835765, -0.0017969355, -0.013478756, 0.0077555906, 0.0015546049, -0.008989059, -0.0008521373, 0.0064486987, -0.0013609832, -0.0075218845, 0.006665637, 0.0054055545, 0.01677396, -0.023702059, -0.0024311398, 0.015021689, 0.0014891499, 0.0043520834, 0.016934378, -0.01526378, 0.014018284, 0.0037154143, -0.021251384, 0.0021069567, 0.0024899817, -0.013982056, -0.00046665134, -0.0067738704, 0.006455144, 0.0022270114, 0.0044485885, 0.00029315235, -0.014511134, -0.0072936537, 0.0015724016, -0.009250307, -0.000529765, 0.009215135, -0.020827245, -0.007196233, 0.030001912, 0.0059309765, 0.004505073, -8.9204266e-05, -0.025778292, -0.011804033, -0.010291326, 0.00951717, 3.9662194e-05, -0.009287825, 0.0009240801, -0.009449486, -0.012040999, 0.03751322, 0.013702681, -0.008943431, 0.006110026, 0.003980974, -0.007616821, 0.01370221, -0.010605247, -0.016377037, -0.010822178, 0.0035999655, 0.024547135, -0.00060158735, -0.017303107, 0.012477029, 0.0056807077, 0.007387319, -0.019705316, 0.00877971, 0.017501887, -0.009322623, 0.008695163, 0.06319495, 0.000114595, 0.0020006602, 0.009630561, -0.0020105157, -0.016553435, 0.013107592, -0.015775047, 0.0042356807, -0.0067918445, 0.031209944, -0.0037598924, -0.0012022693, -0.0068918425, -0.011837701, -0.00621471, -0.022735054, -0.005404469, 0.0115875015, -0.0041834526, -0.0034380276, -0.004552075, 0.0021566558, 0.013025319, 0.022229027, -0.013747738, -0.01197705, -0.00033652704, 0.0029769728, -0.017089555, -0.011180069, 0.003901885, 0.0003036271, -0.0021667995, 0.006855028, 0.009154086, -0.004714922, -0.008594866, 0.002532554, -0.004291122, 0.0025683227, 0.0147571005, 0.004216916, -0.017372232, -0.0041531045, -0.004160784, 0.0087142205, -0.0009858775, -0.012403152, -0.0045406995, 0.007580216, 0.010554783, 0.012021507, -0.008295881, 0.004443634, -0.00865888, 0.0019356319, -0.002460441, -0.013047059, 0.0045501073, 0.008920071, -0.0018990638, -0.004414487, 0.009090973, -0.012691394, 0.016727783, 0.0069922153, -0.017223934, -0.010773043, 0.010023507, 0.024546625, 0.009139539, -0.008498088, 0.023920888, 0.008184242, -0.0004656755, -0.0013002576, 0.008123531, -0.011224353, -0.010512234, -0.022871034, -0.02375819, -0.008326327, 0.010161243, -0.002974271, 0.0030055766, -0.019097755, -0.021696541, -0.015078679, -0.006905394, -0.009941217, -0.004169054, 0.0045970757, -0.011213582, -0.0125785, 0.008754788, -0.007021532, -0.0148173785, -0.011501228, 0.0070095556, -0.0049774786, 0.0050240587, 0.0017367189, -0.0006632631, 0.00019440308, 0.0016096532, 0.008177284, 0.0075554, -0.022246476, -0.007373143, -0.007370266, 0.011994858, -0.0042226915, 0.0057586874, -0.001377901, -0.0409662, -0.0029054293, -0.004008995, -0.013837427, -0.010522754, 0.00028998335, -0.006582548, 0.016901975, 0.0020706847, -0.007270274, 0.017380264, -0.007585241, 0.002522398, 0.011072445, -0.010824126, -0.012689029, 0.011317033, -0.009576679, -0.014763085, 0.001347873, 0.023081006, -0.013773934, 0.00070474023, 0.024473004, 0.010288644, -0.0053818696, -0.01460838, 0.007186678, 0.009864376, 0.0025054142, -0.0096453065, 0.00576244, -0.010712824, -0.011476476, 0.005728718, -0.014377837, -0.003950084, 0.0016374055, 0.007579299, -0.0025240707, -0.012971243, 0.013487577, -0.010629722, 0.00086755556, 0.006908571, -0.01247977, -0.047159296, 0.014324536, 0.0061393594, 0.016184509, 0.0051583387, -0.0006777905, 0.0031892029, -0.0031205567, -0.016331593, 0.0039962237, 0.003941135, 0.007009834, 0.016894223, -0.005322169, -0.0017692911, -0.0055466895, -0.007972867, -0.00029252892, -0.0011491978, -0.017395707, -0.002810303, 0.006956869, -0.017359652, 0.00014187377, 0.01809016, 0.0013379895, 0.013878699, 0.020582803, -0.0024901251, 0.0036474224, 0.0005828026, -0.0062371898, -0.007476455, 0.029232303, 0.011467422, 0.0078117596, -0.008158823, -0.022841668, 0.0060642418, -0.0074143554, 0.00087141944, -0.0032812913, -0.018922701, 0.01732398, 0.00071153854, -0.016282104, -0.008862399, -0.0069354284, -0.0055173766, 0.005798406, 0.010937843, 0.00967599, -0.0073565464, 0.00052316266, 0.00552739, -0.01215355, 0.020688938, -0.01222355, 0.0019913807, -0.025968265, -0.0138996765, 0.007207675, -0.016039144, 0.01242615, -0.01179916, 0.0054814867, 0.017200008, -0.009355932, -0.012425529, -0.0023408812, -0.0018580856, 0.0016033468, -0.012390389, -0.010972833, -0.010022415, -0.0062589287, 0.022513736, 0.002248516, -0.009125713, -0.0028469474, -0.009971666, -0.0026482597, -0.0052792435, -0.02163537, -0.010515804, -0.0028156005, 0.0039995215, -0.019320808, -0.029072573, 0.0046023955, 0.0072091157, -0.009384933, -0.0055003073, 0.0025553326, -0.0025044126, 0.018136555, -0.0064064804, 0.01026034, 0.012612811, 0.012643977, 0.005950857, -0.0059560398, -0.011413682, 0.014630541, -0.001844475, -0.01927463, 0.0033052755, -0.014506051, -0.0017858244, -0.00076626625, 0.003296684, 0.0069520697, 0.008033107, 0.009373856, -0.0047788746, -0.0010486214, 0.002254285, -0.010630321, 0.009731884, -0.007054464, 0.017105496, 0.015917681, -0.004882036, -0.012562731, 0.0049050334, 0.0068566906, -0.009995682, -0.010364433, 0.004221358, 0.0030514405, -0.00012557834, -0.0038797103, 0.02510793, 0.0013528182, -0.014712668, -0.015230682, 0.0016584449, -0.012943237, -0.013638785, -0.017177751, 0.0073229163, -0.007429031, 0.012905318, 0.0022038997, -0.0074638887, -0.005845816, 0.004608753, -0.006248973, 0.016117232, 0.0059852786, 0.0088530285, 0.00079329574, 0.0044078394, 0.0011102663, 0.013691523, -0.0012082891, -0.0036088952, 0.01013135, 0.0068500703, -0.0024905945, 0.01051393, -0.016129442, 0.014394018, -0.004998888, 0.011128733, -0.016107375, 0.01504162, 0.018954305, -0.021316275, 0.0010684528, 0.008743845, 0.0048842314, -0.006126415, 0.013260378, -0.023526723, -0.016646503, 0.004292642, 0.00130564, 0.0010144725, 0.007901743, 0.00121503, 0.0029906875, 0.011181748, -0.004465468, 0.0057295575, -0.014044249, -0.00067292724, 0.010446164, -0.00013450182, -0.007410842, -0.0053808535, -0.018743714, 0.0011532924, 0.00920228, 0.007066513, 0.0071235877, 0.0061166114, -0.005954563, 0.012013661, -0.010710187, -0.021764804, 0.007955732, 0.0022954158, 0.013051669, -0.011085615, -0.07148922, -0.0017927352, -0.005790514, 0.021198282, -0.00065128395, -0.0046789176, 0.00088332366, -0.021147784, -0.006643664, -0.004386854, -0.005733306, 0.007702064, 0.0032092612, 0.018546177, 0.007383346, -0.009802935, -0.010018925, -0.006503097, -0.011628229, -0.010710491, -0.0037066422, 0.023119897, 0.0058434377, -0.0055591795, -0.011063256, -0.010078634, 0.0046351408, 0.0025288332, 0.0181871, -0.0053003603, -0.0026122066, 4.2961296e-05, -8.233814e-05, 0.00037466918, 0.013392257, 0.0053786254, 0.012240662, 0.00015496442, -0.13908564, 0.015436132, -0.00920736, 0.009090177, -0.015140938, 0.0054487465, 0.0019672685, 0.007681413, 0.0005024036, -0.0039817523, 0.0022806781, -0.00069048424, 0.019655095, -0.015701592, -0.0022842858, -0.004701317, -0.0048731165, 0.014246928, -0.012405253, 0.0107103, -0.0070956494, -0.0014514808, 0.0019399573, 0.027666662, -0.019603662, 0.00047341507, -0.018494453, -0.0120304385, -0.0145024, 0.022509558, 0.002389959, 0.0126261925, -0.015264702, 0.004538833, 0.019369736, 0.014302176, 0.007067926, 0.0020047561, -0.017396621, 0.012217398, 0.012282031, 0.00055976777, -0.0032603785, 0.003957698, -0.0011631141, 0.0066391067, -0.0058141816, -0.02149444, 0.016384963, -6.3417145e-05, -0.007957908, 0.007493487, -0.009748057, -0.009736566, -0.009397667, -0.018899668, -0.004187282, -0.0063515226, -0.0053069796, 0.0022752704, 0.005321222, 0.008752229, 0.03367713, 0.007877888, -0.0037755014, 0.00083019433, -0.00702375, 0.0063791154, 0.010733784, 0.02233198, 2.258975e-05, -0.00835453, 0.005621692, -0.00095281785, 0.0035593673, 0.02821187, -0.010682447, -0.012467953, 0.011598504, -0.0051909504, 0.013247218, 0.0074736616, -0.007922445, -0.009585232, -0.005856667, -0.035606757, 0.0032952672, -0.001429434, -0.019729706, -0.046297286, -0.0023563264, -0.013436889, -0.008211789, -0.0035800794, 0.003694649, -0.009492579, 0.00374871, -0.0036853997, -0.01991492, 0.00326306, 0.0012088947, 0.013919363, -0.0012976701, -0.007993251, -0.0117161805, -0.02157707, -0.0058289557, -0.020756057, 0.009985588, 0.009907324, -0.003112179, 0.0029379474, 0.00603068, -0.0052658627, 0.0038675375, -0.009977043, 0.005518555, 0.011169497, 0.008073287, -0.0050582862, 0.01094676, -0.012403532, -0.004910835, -0.01462601, -0.0030836044, 0.023491347, 0.03348587, -0.02020219, 0.0016377866, -0.009067049, 0.00923545, -0.026245696, 0.024829468, 0.0034537471, 0.015727019, -0.015889883, 0.006066382, 0.0051141838, 0.021510439, -0.02329123, 0.0036756538, 0.012364013, 0.0060940403, 0.0021821156, 0.0072465814, -0.008403559, 0.0131865665, 0.013505764, 0.0045134127, -0.006714459, 0.016707381, -0.030357942, 0.021600056, -0.016013956, 0.028640764, 0.0049206475, -0.01803482, 0.0037458055, 0.00061106164, -0.012158373, 0.004629098, 0.02131839, 0.0048849, -0.004570457, -0.0009360191, 0.01264477, -0.001352813, -0.0016925565, -0.013808605, 0.015451468, -0.010463663, 0.011439416, 0.021698512, -0.006447579, -0.033566892, -0.001120404, 0.01144897, 0.007768473, 0.019566258, 0.007250026, -0.0046726856, 0.008618457, 0.019169047, -0.018363599, -0.00801915, 0.0041469038, 0.016787281, 0.00462636, 0.007398512, 0.0010422139, -0.010082695, 0.014954572, 0.014449629, -0.0025931327, 0.0066551543, 0.0011606358, -0.0133825205, -0.01080082, -0.0037988261, -0.011268166, 0.024773622, -0.0019114763, 0.007749184, -0.16425909, -0.035625067, -0.006015257, -0.009168041, 0.0055129216, -0.0019734798, 0.0043298095, -0.0063175512, 0.006352136, -0.009981484, 0.020011976, 0.021275938, -0.0013097407, 0.0008254102, 0.006108303, 0.010283338, -0.0039678677, -0.00011521492, -0.018686641, -0.003891666, -0.04872337, -0.009946988, -0.022635115, 0.0049823844, 0.016714578, -0.012570607, -0.0077749607, 0.019573938, 0.015705207, 0.013216845, -0.0023825564, -0.013309962, -0.0020945105, 0.006302248, -0.0075342776, 0.0053933575, 0.0116187865, 0.0034904436, 0.004224272, 0.015677618, -0.006976047, 0.030198092, -0.007710723, 0.0110401185, -0.0031189558, -0.0029210371, 0.013723704, 0.0043958463, -0.016372712, 0.016953802, -0.022170926, -0.004129144, -0.005381156, -0.0046556583, 0.0065127444, -0.008214803, 0.033664063, 0.006924923, -0.0034477618, 0.009430283, 0.0068025813, 0.011461698, 0.013010991, 0.014779874, 0.012139386, -0.004431111, 0.013212347, 0.13811235, -0.005321633, -0.022061998, -0.015465133, -0.011583496, 0.020685444, 0.021230277, 0.0068551027, 0.002463113, -0.007303744, -0.014958798, 0.0027339559, -0.017223973, -0.013176781, -0.018079929, -0.015183068, -0.015888136, 0.011630003, -0.010245718, 0.0026508053, -0.015155901, -0.034818612, -0.00022411815, -0.008980058, 0.02712387, 0.0016200404, 0.01974155, 0.020418461, 0.013997475, 0.0076930826, -0.005283915, -0.01035513, -0.023680342, -0.0034925854, -0.017052257, 0.00085750857, -0.015001224, -0.009504105, -0.015983302, 0.0025428142, 0.024003875, 0.031203667, -0.015265608, -0.0171908, -0.003825973, -0.01028715, -0.0015587355, -0.0022894489, 0.010998804, -0.00040041338, -0.029113885, 0.006816887, -0.019338086, 0.0068905335, -0.006717057, -0.014845124, -0.011100406, 0.00908976, 0.023960216, 0.0029416338, 0.0055644256, 0.007836499, 0.0023539464, 0.011084918, 0.016870502, -0.018427886, -0.022502571, -0.016814502, 0.0013807378, -0.11170388, 0.0057171215, -0.04122016, -0.004311764, -0.0066701565, 0.010957674, 0.0016991969, 0.0069202147, 0.008655824, -0.034407455, -0.009684343, 0.022610527, 0.0072876387, 0.010860226, -0.009116351, 0.006656093, 0.028770003, 0.004819777, 0.0064353445, -0.009739446, 0.005458639, 0.015595762, 0.015378864, -0.031342193, 0.011016738, 0.011913973, -0.008848161, 0.0059026442, -0.0063844756, 0.02080737, -0.015503408, 0.006856035, 0.0023315977, -0.015957305, -0.023911778, -0.0026685596, -0.0017688724, -0.009161628, -0.012720378, 0.004273747, 0.009642752, -0.006833317, -0.005794787, -0.023617469, -0.026206583, -0.0020971352, -0.002808462, -0.014231632, -0.0012232397, -0.0052020727, 0.002199193, -0.008033819, -0.003249079, 0.012660504, -0.03176956, 0.024348954, 0.021032313, -0.0366728, 0.011416639, -0.0045983666, 0.011386843, 0.004263737, 0.0075996676, 0.018593548, -0.002692138, 0.014610111, -0.0127244145, -0.0049983733, 0.038934447, 0.009298266, -0.00079128466, 0.0041152663, 0.0024065638, 0.009052278, 0.00040076274, -0.00042095696, 0.0027778998, 0.020556167, -0.032289322, 0.023000292, -0.0057762186, 0.01883926, 0.004273588, 0.006353648, 0.033528402, 0.013478409, 0.017522452, -0.01696636, -0.0034153871, -0.0033551103, -0.01799773, 0.0028919438, 0.0119176805, 0.006874798, -0.020908615, -0.012978779, 0.01330778, 0.004807339, 0.022906499, 0.008503042, 0.0013992506, 0.0034080339, -0.0119834775, 0.021438463, 0.013601561, -0.014022392, -0.04384572, 0.0015361256, 0.025632523, 0.0011257827, -0.010727387, -0.0057399212, -0.015424313, -0.005563529, 0.004097463, -0.0073247077, -0.017473374, 0.0012577422, -0.016448805, -0.0052218954, 0.0120703755, 0.0017376369, 0.021351213, 0.0041233003, 0.013655638, 0.0014580492, -0.0046720076, 0.01118363, 0.01845503, 0.01336659, -0.0035679098, 0.011748765, -7.8737576e-05, 0.0029220912, -0.0035581214, 0.0009450917, 0.0031117743, -0.015751572, 0.0039295503, 0.01061737, 0.015945068, 0.011972411, -0.02883214, 0.0003312507, -0.022106227, -0.0016020286, 0.009647287, -0.016238468, 0.008707742, -0.02188905, 0.016430616, 0.012098359, -0.00850039, -0.023184827, 0.007357896, 0.012520629, -0.009694871, 0.0010500982, 0.0167119, 0.01239517, 0.01313847, -0.0088193305, 0.005757283, -0.006399677, 0.027223673, -0.020146316, -0.011547764, 0.009669451, -0.014349518, 0.004924275, 0.013394066, -0.018425018, 0.012043907, 0.0011975797, -0.007234188, 0.005651914, -0.0063503925, 0.010316097, -0.008520902, -0.06226797, 0.016043505, -0.0075484468, -0.0032989865, 0.007486219, 0.019319536, 0.0015661318, 0.0026593332, -0.0016594523, -0.014065182, 0.028627818, -0.021799145, 0.0010686126, -0.00487958, -0.019504512, -0.0019050394, -0.006694047, 0.0026147289, 0.0113250455, -0.00044371525, 0.016964711, 0.0107884975, -0.016401947, 0.0019245889, 0.0028574837, -0.00023758688, 0.013506826, 0.020765752, -0.008836247, -0.005586169, -0.013846985, 0.0075567365, -0.0048049926, 0.016550317, 0.0019014102, -0.0001999674, -0.016391095, -0.016594462, 0.0031316273, -0.030095018, 0.013414481, 0.0036774117, -0.06891352, -0.0019781496, 0.03313767, 0.02687677, 0.0031311843, 0.025577832, 0.0013537885, -0.0007697675, 0.009910945, -0.032078087, 0.00890155, 0.014580727, 0.021872591, 0.019829221, -0.029194629, 0.0025309895, -0.006323669, -0.016264215, 0.0009250284, 0.004981509, 0.021929167, 0.0037458544, 0.0040524704, 0.027470008, -0.009757875, -0.011900259, 0.028778464, 0.040736184, 0.026623603, -0.018871298, -0.0036723746, 0.016839698, -0.012734284, 0.0038923342, 0.008640042, -0.0049170502, 0.01787746, 0.03904991, -0.0047130547, 0.019129613, 0.009015648, 0.041734, 0.0062103267, -0.007745331, -0.009755058, -0.07578322, 0.013095702, 0.0030815084, -0.008331286, 0.008240314, 0.027511055, -0.0009769554, 0.030311476, -0.00023078272, 0.0066344184, -0.03199442, 0.00899265, -0.0015893993, 0.0063601304, 0.003052389, 0.009024715, -0.0256372, 0.004029865, -0.0004035336, -0.016049234, 0.010130329, -0.00809058, -0.008105663, -0.0056471988, 0.0083259065, -0.051376715, 0.009212865, -0.02821818, 0.014123359, -0.0071233897, 0.0142055545, -0.013211389, -0.020206457, -0.03326007, 0.009814999, -0.0069571636, -0.02896578, 0.01212889, 0.0132915545, -0.0011188101, 0.005073073, 0.0051029017, 0.013869126, 0.017845517, 0.021424305, -0.016117474, -0.012539919, 5.4067685e-05, 0.0015338849, 0.0010107999, -0.016756644, -0.04611931, -0.01322898, -0.006187961, 0.0091057215, -0.003295081, -0.0148495985, -0.01769959, -0.012512941, 0.019633157, 0.019216457, -0.0041894987, -0.025633603, 0.018451758, -0.00058983325, 0.00809086, -0.024264814, -0.0064194473, -0.023696845, 0.0073917666, -0.0017784304, -0.0015792544, -0.0037330186, -0.00043247145, -0.00035419868, -0.03290113, -0.004658371, 0.009713201, -0.010762021, -0.0018838288, 0.005114608, 0.005012391, 0.006718792, -0.019507976, -0.024287455, -0.022082262, 0.008981397, 0.0016919436, 0.0154415425, 0.00701514, 0.012800635, -0.0013736407, 0.01013557, -0.014094369, 0.0005823936, 0.00087967183, -0.0068594203, -0.005991947, 0.006455157, -0.01575371, -0.006128437, -0.010242499, -0.026290465, 0.013327943, -0.013063573, -0.02124838, -0.0122210095, 0.02465173, 0.010032585, -0.0067106495, 0.032510966, -0.011240515, 0.022448221, -0.005499312, -0.009554175, -0.0102634, 0.012657462, -0.004644674, 0.0068008145, 0.0067202575, 0.0018686327, -0.01998777, -0.03507593, -0.030620445, -0.008813762, 0.008896957, 0.016161786, -0.015937572, -0.027679116, 0.0076215584, -0.013027542, -0.0036917408, 0.02721047, 0.008255768, 0.025677424, -0.0054822485, -0.039795674, 3.2801487e-05, -0.010416979, 0.01446535, -0.012217722, -0.02386874, -0.00025198585, 0.011892769, 0.010906613, -0.003832612, -0.0007128926, -0.0022906163, -0.018788034, -0.009458176, -0.0045392187, -0.0065688216, 0.0036125125, -0.019513648, -0.013550467, 0.027625585, 0.007312, -0.0024279836, 0.016942056, -0.0063908114, -0.0007429695, -0.00037176485, 0.004731282, 0.013067549, -0.030361181, -0.010656056, -0.015928747, -0.004534491, 0.02240562, 0.0167964, 0.0070939125, 0.004505968, -0.008266955, -0.017767305, 0.022792857, -0.011247773, -0.013577797, -0.00077711133, 0.0057682046, -0.0144545445, 0.011623298, -0.033651274, -0.023196278, 0.028624706, 0.007249736, 0.009046888, 0.020385638, -0.00059481, 0.004785833, -0.002925553, -0.0178625, -0.030027404, -0.019606898, -0.011975509, 0.0035045703, -0.01840922, 0.010013196, 0.0033181512, -0.007639888, 0.0031014895, 0.010683583, -0.012061587, 0.0046842913, -0.033585522, 0.002662691, 0.007690348, -0.023106394, -0.017738165, -0.02786552, 0.00765848, 0.0052248803, 0.008410334, -0.019539377, 0.01375764, 0.0025312062, 0.015331323, 0.006944041, -0.0050687017, -0.01377397, 0.00063275074, 0.017616171, 0.0127981035, -0.0066290633, -0.006966285, -0.008096606, -0.029687092, -0.014216406, 0.016916165, -0.007769914, 0.013650654, -0.00438323, 0.012741711, 0.011181278, 0.014202351, 0.0008663373, -0.01591327, -0.0021322465, 0.0114934975, 0.018866647, -0.001603578, 0.021747261, 0.0170711, 0.00531536, -0.011564175, -0.019065402, -0.0321, -0.009263012, -0.029150588, -0.010497125, 0.005431601, -0.010068254, -0.02769191, 0.0007762313, 0.009236589, 0.0016155884, 0.0036746836, -0.0017831095, -0.016547874, -0.01901631, 0.011092345, -0.021536535, 0.00062914327, -0.0065377154, 0.026555374, -0.025892308, 0.0073941676, 0.004656384, 0.0070928494, 0.018769199, -0.0138586005, 0.00403495, 0.0016246676, -0.023543239, -0.008640028, 0.016107937, 0.020878404, -0.016956374, 0.01934279, -0.019094488, 0.001218054, -0.0023495709, -0.005595567, 0.023262681, 0.0036086475, 0.0070057246, -0.026784748, 0.0051872577, -0.016300209, -0.0041375956, -0.021312915, 0.023549294, 0.001759857, 0.011829218, -0.008546827, -0.01913686, -0.0050933626, -0.01672404, 0.015162344, -0.016729224, -0.020651152, 0.009219741, -0.010382413, -0.0112105785, 0.013148488, 0.0018161591, 0.01894927, -0.01294575, -0.030416511, -0.010238688, -0.014665115, 0.0068972283, -0.014894354, 0.018188998, 0.011174205, 0.0038228675, -0.00901143, -0.00877009, -0.01508541, -0.008642778, 0.008070275, -0.0027086656, 0.005569493, 0.013434871, 0.012019468, -0.0029638044, -0.0056229457, -0.004546898, -0.0009422414, -0.007201262, -0.013259804, 0.013100507, -0.015126145, -0.00890913, 0.010142538, 0.022543782, 0.010390553, 0.0070279236, 0.01748278, -0.0037147522, -0.009005815, -0.013240849, 0.010561305, -0.00604769, -0.026480203, 0.0024720402, 0.014531518, 0.01857017, 0.0018393982, -0.0047050524, -0.024074282, -0.011071575, -0.016901542, 0.016115813, 0.016038328, 0.013401753, 0.0075345566, 0.010577295, -0.008544726, 0.018085992, -0.0015640921, -0.0035552173, 0.014484444, -0.016323313, 0.0019295359, 0.004331155, 0.0020319761, 0.007732254, -0.0007442841, 0.010938718, 0.0023156547, -0.012347922, 0.006355518, -0.019998496, 0.013781004, 0.033314474, 0.0066682464, -0.007360144, 0.016201042, 0.0043948134, 0.0048643136, -0.020978397, 0.0036431218, -0.016649125, 0.0012317086, -0.018901456, 0.013607617, -0.012892778, 0.01415521, -0.009041009, 0.0077612214, 0.018894276, 0.0015475327, -0.0040804143, -0.006240225, 0.0026201464, 0.015189585, 0.0104686, -0.023439204, 0.0022069747, 0.019381845, -0.006906558, -0.015132574, 0.021435928, -0.00014886718, 0.010139888, 0.0022685055, 0.0028295605, 0.0153219085, 0.00032562955, 0.00980807, -0.004914566, 0.009945264, 0.012076035, -0.0036526173, 0.0006864421, 0.03271032, 0.00042551142, -0.0020569363, -0.000974602, -0.00298889, -0.026314905, 0.033833373, -0.011946031, 0.006692375, 0.0020829765, 0.0011883916, -0.0028674004, -0.0010129745, 0.021875931, 0.004665567, 0.0366146, -0.018220693, 0.0053265975, -0.0067463927, 0.0007366039, 0.0028547065, -0.0107114315, 0.0026092888, -0.0004320238, 0.020714782, -0.007540699, 0.014099028, -0.0034389275, -0.0012828817, -0.0009000591, 0.025848666, 0.016289178, -0.0009939028, 0.018343292, 0.010221807, 0.010105674, -0.0066123214, -0.012006305, 0.0018964737, -0.011289381, 0.00080624456, 0.011133155, 0.0010215004, -0.005322004, 0.003519205, -0.0039099436, -0.0028916385, -0.0013269077, -0.03007854, -0.009451635, -0.044598807, -0.0073999567, 0.0013249844, -0.005711775, -0.0037520227, -0.032664377, 0.0037228223, -0.0577475, -0.016705934, -0.02301082, -7.2406845e-05, -0.027232993, -0.0038584338, -0.0012555543, -0.022334687, -0.0041491645, -0.0024591205, 0.02230728, 0.0010528222, 0.015720053, 0.0019047902, -0.014769262, -0.005886699, 0.0030947626, -0.0028290853, -0.0026914687, 0.013449628, 0.005385158, -0.02095287, 0.007773274, 0.0036387926, 0.012160237, -0.009253276, 0.00326267, 0.0029063711, 0.003889469, -0.016919227, -0.019002441, -0.0055404166, 0.015551592, 0.0058335937, -0.014023311, -0.0013824812, 0.014955329, -0.02912132, 0.0002985658, 0.00031786165, -0.004268707, -0.0001822426, -0.0098809535, -0.007259991, -0.007173703, 0.017213773, 0.0023918655, 0.0022947073, -0.015647529, -0.010039079, -0.0025637525, 0.00199685, 0.011394048, 0.005413386, 0.023550509, 0.008732126, 0.005197546, -0.0011980112, 0.038958646, -0.002943683, -0.029444855, 0.001109812, -0.00024003623, 0.001731681, 0.001357722, -0.0076360307, 0.011922365, -0.0061863963, 0.0059750304, 0.008845771, 0.0050134133, 0.015830062, 0.026873961, 0.013935963, -0.03718234, -0.013157952, -0.01941665, 0.009027469, -0.03062224, -0.019283075, -0.008574183, -0.011736865, -0.006738127, 0.0077701653, -0.0072386316, 0.0037107994, -0.013931123, -0.017116293, -0.039620556, -0.0046643903, 0.003927105, -0.013397871, -0.021742882, 0.017538125, -0.0049371948, -0.023662882, 0.008569696, -0.003909036, 0.0037467938, -0.0060715666, 0.017509114, -0.020410387, -0.0028567766, 0.008515686, -0.00081209996, 0.011348683, 0.006367771, 0.0006780087, -0.0029326922, -0.029703183, -0.018637793, -0.0005211362, -0.0020864, 0.014726833, 0.0014905712, 0.027385041, -0.0036741907, -0.0140832765, 0.004547941, -0.008629267, -0.0009982038, 0.013570217, 0.001510816, 0.009018003, -0.008663192, -0.007744939, 0.012995045, 0.001627228, 0.015360824, -0.0042815264, 0.01642137, -0.007386068, -0.016255403, 0.011046342, 0.005952508, 0.00983318, 0.028143127, -0.0074279164, 0.0038905367, 0.045133878, -0.027639354, -0.025503846, 0.0028210902, 0.003624922, -0.0069446587, 0.0013638848, -0.013248226, 0.008021048, -0.012891005, -0.017541435, 0.014136078, -0.007519115, 0.0040357383, 0.0030980988, 0.03159099, 0.0077748345, -0.0005230616, -0.00949599, 0.0019062711, -0.012748335, 0.00096722244, -0.009475838, 0.017136384, 0.0063178213, -0.016181126, -0.00558564, 0.0066189566, -0.018498415, 0.00915013, 0.0081686815, -0.013326799, 0.016936665, 0.0026230796, -0.004639036, 0.018333962, 0.017867234, 0.012144548, -0.018617755, 0.013351301, -0.00313914, -0.011001992, -0.03128823, -0.009267223, 0.013618951, -0.003344922, 0.021492008, 0.0109942015, -0.023778047, -0.0064549767, -0.003778356, -0.013665494, -0.010430017, -0.006673608, 0.0017874193, 0.008072573, -0.0034290336, 0.021689558, -0.009648136, 0.0027396213, -0.006059863, 4.3418328e-05, -0.0025191698, 0.010889828, 0.026670944, -0.020488067, 0.022360338, 0.020746458, 0.018433716, -0.0059818523, 0.017568694, 0.0073612547, -0.0028886062, -0.00821191, -0.0069094887, 0.1627503, 0.13316971, -0.016845886, -0.018823115, 0.01948115, 0.0068548573, -0.009892558, -0.008338948, 0.0199507, 0.019325558, -0.026997061, 0.0060791285, -0.01309803, 0.004566138, 0.010760895, 0.0036637832, -0.0019974334, -0.0022989362, -0.0024872231, 0.005054979, -0.0018965731, 0.02087715, -0.018224003, 0.005833581, -0.016785596, 0.0073390664, 0.012637712, -0.01761368, 0.022649633, -0.0018646751, -0.0051436904, -0.024220515, -0.017974451, 0.0019733272, 0.024500944, 0.002914437, 0.02863664, 0.011906476, 0.005810979, -0.010615471, -0.011389391, -0.007899295, 0.012501747, 0.031939328, 0.008439038, 0.014844163, 0.0074103135, 0.012865107, -0.009676532, -0.00038511536, -0.016969848, -0.021363713, -0.0009840045, 0.011139396, -0.0021636956, -0.0055619003, 0.015049491, 0.0009206711, -0.00019523394, -0.006405122, 0.015637193, 0.019442748, -0.01463483, -0.009811044, 0.0135287475, 0.02549034, 0.0027523912, 0.021733807, -0.008676115, -0.006202744, 0.015888296, -0.00037713491, 0.017799802, -0.008188136, -0.022254031, 0.009706116, 0.026917662, 0.0025913399, -0.0034890717, 0.016582476, -0.012124621, 0.0208663, 0.007027193, -0.004206439, 0.025564212, 0.0087922765, 0.009441427, 0.0010660395, 0.1092689, 0.007681928, 0.0070053027, -0.02414877, 0.032893304, 0.0034804647, 0.019164782, 0.06105289, 0.0032317087, -0.0025957087, -0.0114191715, -0.0074465256, 0.021153625, -0.016607745, -0.015451472, 0.023068795, 0.02320888, 0.022226939, 0.00061195064, 0.0033896656, -0.0070591276, -0.0014783358, -0.02351111, 0.008781037, 0.020841518, -0.00040352074, 0.003725047, -0.024452655, 0.0024381024, 0.0048677763, -0.09752865, 0.0053089075, 0.0065219374, -0.010294586, -2.184067e-05, 0.01285684, 0.004040002, 0.010683595, 0.01689117, 0.002126805, 0.00593629, -0.0038029687, 0.023766419, -0.020833887, -0.026902903, -0.01885345, 0.015499946, -0.029118741, 0.004099464, -0.026160436, 0.013510342, 0.002685387, 0.0059196907, 0.0018479622, 0.003905534, 0.012189467, -0.02103433, 0.010819627, -0.0005584558, -0.005839298, -0.0038740044, -0.0059744585, -0.0057712104, 0.0041350177, 0.02878034, 0.018272303, -0.0012579116, 0.003957834, 0.005319606, -0.006022289, -0.0033060121, -0.019165562, 0.0018824444, -0.00357179, 0.0020319368, 0.009808382, -0.009974521, 0.00011653884, -0.024127658, 0.004002597, 0.014795055, -0.009471746, 0.017591165, 0.005590649, -0.0099652875, 0.015606954, 0.03142692, -0.011941056, -0.0033684121, 0.012601851, -0.00051866856, -0.014149534, 0.0055373344, 0.0056486116, -0.002225189, 0.0036185388, 0.002893248, 0.029861312, -0.00016409122, -0.0034450397, -0.005634571, -0.024780162, -0.017674182, 0.0026572265, -0.007381141, 0.025286108, -0.03647957, 0.01515574, 0.008900628, 0.004472905, 0.00821247, 0.010197819, -0.00594798, 0.1213692, -0.012680869, 0.02388805, -0.0008924572, -0.018205479, 0.005783938, -0.004274432, -0.02103567, -0.0113991145, -0.008652823, 0.0012767335, 0.028052552, 0.002509816, -0.023391746, 0.016704986, -0.0038297107, -0.008320235, -0.008475764, -0.02150848, -0.010564374, 0.0015876648, -0.0033989495, 0.015314401, 0.011983577, -0.0015233542, -0.0018742629, -0.018030465, 0.012883338, -0.016842332, 0.00056509214, 0.029923277, -0.0072389073, -0.00011086113, -0.025116857, -0.003329843, 0.012631435, -0.017287536, -0.015606068, 0.013810784, -0.013392475, 0.022733992, -0.016833195, 0.0068484806, -0.006404745, -0.06350058, 0.18360423, -0.008453925, 0.004701019, -0.01977498, -0.0012871608, -0.008769273, -0.011329478, 0.009982659, -0.022750985, 0.017247284, 0.009486374, 0.0007331749, -0.021970399, -0.014324004, -0.005887877, 0.0036886516, -0.004604056, -0.005034299, 0.0018170371, 0.003735326, -0.0029503105, 0.0039368803, -0.013242659, -0.008587595, 0.0058644908, -6.138366e-05, 0.002301959, 0.021790951, -0.009080157, -0.015983528, 0.0076853787, -0.017706787, 0.0010105148, -0.008878718, -0.0008465299, -0.0017625423, 0.0020324802, 0.011245922, 0.005315486, -0.02143956, -0.0064612404, 0.0076878075, 0.0033116299, 0.016596084, -0.005245048, 0.0044202167, -0.008283426, -0.0049022827, -0.0025774469, -0.022621626, -0.030887486, 0.008811077, -0.017328518, -0.025222547, -0.019960802, -0.009583653, -0.004171875, -0.0057635917, 0.0017327159, -0.0046671843, -0.010705573, -6.7439587e-06, -0.022807375, -0.021110578, -0.017788308, -0.002852177, -0.008201869]"
Incrementa la oferta de destinos relacionados con los esports ,https://oem.com.mx/elsoldemexico/img/25509082/1756695338/BASE_LANDSCAPE/1200/image.webp,no especificado,"Cada vez son mas los amantes de los videojuegos quienes a la hora de organizar un viaje, se inspiran en entornos virtuales de su juego favorito",https://oem.com.mx/elsoldemexico/turismo/incrementa-a-oferta-de-destinos-relacionados-con-los-esports-25509208,"[-0.021758256, -0.01976019, 0.031240804, -0.086584374, 0.011377096, 0.023182066, -0.019953806, -0.0084441425, -0.026192171, 0.0020313004, -0.020928355, 0.03002054, 0.0050993147, 0.029605191, 0.11822504, -0.0009296897, -0.0025367357, 0.008129644, 0.011803434, 0.028019497, -0.030815594, -0.012714225, -0.0044266474, -0.03588514, 0.0029707958, -0.022926506, 0.01402495, 0.013064988, -0.012524492, -0.0063717943, -0.01139848, -0.0052303993, 0.012301831, 0.015455561, -0.013712568, 0.012389807, 0.028799111, 0.023155501, -0.026055597, -0.0071477, -0.012477062, -0.013375942, -0.014029776, -0.0038022893, -0.016518185, 0.0044212975, 0.010539098, -0.031407025, -0.01361769, 0.010861438, 0.005931461, -0.0144631155, 0.006475365, -0.16116886, -0.004803032, 0.005383106, -0.012092103, 0.0078082895, -0.004793751, 0.012357752, -0.031274885, 0.029205563, -0.019050661, -0.05463949, -0.004584807, -0.0012165103, -0.007372264, 0.0072984262, -0.010568734, 0.009552016, -0.0013728909, 0.016378874, -0.0126400925, -0.03234312, 0.012859573, 0.00018474722, 0.0059579387, -0.018434182, -0.01772041, -0.0042110016, -0.004123458, 0.00047416973, -0.051632527, -0.010708328, 0.026626445, -0.014525595, -0.0033278188, -0.030808264, -0.027313378, 0.0055961977, 0.011911414, 0.006961528, 0.0136549035, 0.0033206234, -0.026319666, 0.008348753, -0.0073451437, -0.01018268, -0.012207474, 0.009317879, 0.0051351837, 0.01087968, -0.0063077477, -0.0107761435, 0.019583495, 0.0022457344, 0.0069563147, 0.0009779698, -0.033801906, 0.0024479462, -0.016366798, -0.0030126416, -0.0006439738, 0.020103058, 0.00084141357, -0.102004066, -0.013884397, 0.0011982686, -0.00089411717, 0.009181796, -0.011319375, 0.007597164, -0.005619804, 0.02084101, -0.008372881, 0.0033578924, 0.013052186, 0.0012344449, 0.015306008, -0.01106227, 0.013742072, -0.0153840585, 0.0063200933, -0.00864765, 0.008251976, 0.0147243515, -0.00024673558, -0.034966376, -0.0061218278, 0.012040367, -0.031434003, 0.0048216195, 0.0035482666, 0.0021716047, -0.02007177, 0.007600551, -0.01762955, 0.024616249, 0.023986544, -0.010003207, -0.0010911309, -0.027308105, -0.011269563, 0.0071051945, -0.006808906, -0.0157239, -0.0031206708, -0.004307968, -0.00045742738, 0.010045381, 0.015375252, -0.017313873, 0.009262177, -0.00315093, -0.018274242, 0.008427223, -0.019519458, -0.0042907465, -0.00721197, 0.009444353, -0.025603881, 0.010621403, -0.007228114, 0.014843417, 0.013210022, -0.012575039, -0.011174516, -0.009404317, -0.01750404, -0.034063652, -0.02298805, 0.000660241, 0.009318134, 0.011844247, 0.012140474, -0.028273098, -0.014432663, 0.0021182534, -0.009267747, 0.0012261424, -0.04051807, -0.009465751, -0.000120710916, 0.0036152496, 0.002361423, -0.016141435, 0.004290307, 0.0011294746, 0.0016057056, -0.019282447, 0.030422064, 0.011192472, 0.0016630463, -0.013439876, -0.0047511887, 0.003166925, -0.013495576, -0.015302696, 0.0035760752, 0.021526296, -0.029151354, -0.004567915, -0.01639281, -0.023946228, 0.008707667, 0.017997006, 0.028935907, -0.037566748, -0.02994432, -0.012047771, -0.023798764, -0.017922718, 0.010804165, 0.01132442, -0.0041010273, -0.024029132, 0.0033763223, 0.0071888627, -0.032409027, 0.00082940684, -0.03843849, 0.032121565, 0.015846476, -0.0041841026, 0.013455029, 0.007508951, -0.008169751, -0.014283847, 0.011492465, 0.014976138, -0.019009989, -0.009193103, 0.0026067472, 6.64853e-05, 0.008544519, -0.032025326, 0.0135266865, 0.03606671, -0.025287304, 0.0035166568, 0.015459506, -0.014460009, 0.010645589, 0.02208897, -0.022037154, -0.0031644884, 0.01407483, 0.022565246, -0.005113581, -0.016934708, -0.0181411, -0.025886253, -0.010315463, -0.0263845, -0.037134636, 0.017193979, -0.004393394, 0.022649817, 0.003926335, -0.015861155, 0.0047348, 0.044159856, 0.037169836, -0.0018142327, -0.024302317, -0.010347793, -0.08559239, 0.0006449853, 0.006621634, -0.026381833, 0.006497303, 0.00917804, 0.007011187, -0.0029959644, -0.011916684, -0.028251488, -0.013800624, -0.0082824575, -0.016277637, -0.0014916711, -0.014669109, 0.01967594, -0.0035720065, -0.012970141, 0.01020696, -0.021696346, -0.0006748294, 0.025085974, -0.016708737, 0.0015339929, 0.012823411, 0.016967187, 0.014135143, 0.03416874, -0.0033110515, -0.023195138, 0.0045615737, -0.026710423, -0.0016462936, -0.007776444, 0.010923032, -0.009950628, -0.009884007, -0.026069269, 0.0043491237, -0.0068479255, 0.0065785167, -0.018767342, -0.010695729, 0.02406523, -0.011221733, -0.011514813, -0.031918608, 0.006102361, 0.029091608, 0.017490068, -0.008552841, 0.014118054, -0.014390206, 0.004264941, 0.0051628873, -9.533211e-05, 0.0052077053, 0.012733736, -0.009625904, -0.01568602, -0.011597371, 0.0034048206, 0.02296719, 0.01428915, 0.007508089, 0.038382545, -0.037308652, -0.029546078, -0.001621696, 0.024069874, -0.007475518, -0.012619137, -0.0056408467, -0.0522705, 0.00929426, 0.003327025, 0.029318938, -0.028927455, -0.014331831, 0.03009976, -0.011800415, -0.004245852, 0.0013949533, 0.01751875, 0.010738985, 0.020071648, 0.0033601115, -0.0018999499, 0.00515141, -0.009245711, 0.00082986505, -0.0015616016, 0.004303475, 0.002458537, 0.017597992, 0.008573094, -0.017496092, 0.003657027, 0.020150708, -0.0134502025, -0.009259813, 0.032187745, -0.0059374506, -0.008795347, 0.011054288, 0.0013449485, -0.011363558, 0.010562756, 0.011714319, 0.012652254, -0.002805009, 0.0039867, 0.009586096, -0.0010978268, 0.025262222, 0.010989308, 0.014755815, -0.003605486, -0.00467682, -0.0025229377, -0.014611759, -0.016269574, -0.019211156, 0.005469544, 0.016948791, 0.011509269, -0.010397831, -0.02790911, 0.013355149, -0.004220201, -0.010590623, -0.016050551, -0.006758063, 0.0036075166, 0.011211966, 0.015406194, 0.018970668, 0.008532882, 0.035120636, 0.001872976, -0.02989435, 0.009359174, -0.0053857034, 0.0025046484, 0.0073498026, 0.0038963729, -0.013914231, -0.005475686, 0.008289629, 0.018014109, 0.0045851627, 0.013511834, -0.007294401, -0.008127322, -0.032992765, -0.029177332, -0.019628303, -0.014831353, -0.04110607, 0.009573748, 0.0019107048, 0.0062347916, -0.016674751, 0.006523128, 0.021236083, 0.014332157, -0.0038898978, 0.013664107, 0.024994884, -0.009140609, -0.014747599, -0.014016371, 0.0038620196, 0.0030985742, -0.0063168025, 0.03233657, -0.021948127, -0.02723547, 0.02022789, 0.032482196, -0.0070509845, -0.0045153378, 0.0041602203, -0.013746128, 0.028650783, -0.03154619, 0.0029545755, -0.015162997, -0.0010906537, -0.010739256, -0.007285616, -0.027424224, 0.02280142, -0.004458548, 0.021624884, -0.01445779, 0.0058109486, 0.020583348, -0.031319853, -0.023880158, -0.01941023, 0.007132707, 0.013554003, -0.015785532, 0.008502511, 0.00082777394, -0.008790302, 0.011351045, -0.017190035, -0.005752163, 0.01480334, 0.014958102, 0.046819042, 0.01773492, 0.018318754, 0.044887125, -0.0046689785, -0.008527129, 0.011820445, 0.01606228, -0.014098921, -0.016752083, 0.016091472, 0.00026518575, 0.02819195, -0.016445903, 0.020973805, 0.02142544, -0.005748995, 0.016018465, -0.0014713061, 0.017898092, 0.0034185695, 0.02036795, -0.014599218, 0.005596084, 0.014637582, 0.024601277, 0.019549023, 0.0048270905, 0.0051729274, -0.024410274, -0.014261605, -0.03283389, -0.0027081664, 0.013804873, -0.029634127, -0.0124541, -0.008386425, -0.0023330594, -0.019793214, -0.011402038, 0.02900454, 0.016875582, 0.00070109806, 0.030857865, 0.0063292724, 0.002816136, -0.0038686392, -0.01931818, 0.00494075, 0.030555045, 0.016347077, 0.017921917, 0.00057931204, -0.0035965913, -0.017691523, -0.006549417, 0.037560187, -0.09415331, 0.0009075019, 0.004049559, -0.016548757, -0.010118777, -0.009681306, 0.0061813425, -0.0029478993, 0.00077936717, -0.003089967, -0.009736017, -0.0036863564, -0.008182518, 0.035779838, -0.009628155, -0.03680899, -0.009564497, 0.017302707, 0.0147093125, -0.012719526, 0.0038873358, -0.0095777465, 0.030745657, -0.008859836, 0.021517945, -0.0034897532, 0.008570813, -0.0046134586, 0.0055586584, 0.020007329, -0.011992424, -0.006892955, -0.015934816, 0.004007601, 0.025225611, 0.013398523, 0.012425203, -0.02628407, 0.010450354, -0.0015297238, 0.006277436, 0.024158223, -0.006969883, -0.01774645, -0.0055906046, -0.020080017, -0.01677252, -0.021611717, 0.020524748, 0.017353043, -0.031312574, 0.029176375, -0.0060948706, 0.012001858, -3.3834494e-05, -0.013693314, -0.0035720826, 0.0097309165, -0.007016204, -0.024410557, -0.013653831, 0.0024911768, -0.0059015807, -0.00012270188, -0.021395748, -0.018240381, -0.015438424, 0.0007856454, 0.03204151, -0.010141242, 0.0066999462, 0.009478044, 0.0044631427, 0.004140241, 0.022939296, 0.019752737, 0.01773267, 0.009253619, 0.014220884, -0.0084129255, -0.016662914, -0.012199125, -0.112296596, -0.00069102854, -0.012785294, -0.0013033029, 0.03656756, 0.007821389, 0.033033766, -0.00719351, 0.017190294, 0.0072727664, -0.030567924, 0.00992436, 0.0062590786, -0.007763387, -0.00088794704, -0.014607751, 0.02580465, -0.012403337, 0.029365571, -0.02038323, 0.013501835, 0.0023972464, 0.042027812, -0.01419708, -0.0119143315, -0.009284285, 0.007241915, 0.0006595896, 0.03931484, -0.016535461, -0.021146812, -0.14027064, -0.009307733, 0.03441717, 0.011043206, 0.0018185232, 0.023047725, 0.0013944668, -0.0045048124, -0.0014111671, 0.011397045, -3.758592e-05, -0.03155885, -0.050940674, 0.020194925, 0.030293968, 0.10821271, 0.015836349, 0.016525835, -0.016969755, 0.0007697836, -0.02987113, -0.012219189, 0.010988445, 0.012002853, 0.015571658, 0.0065795123, 0.01624618, -0.030483456, -0.03150126, 0.01043335, -0.0019415783, -0.013294842, 0.007994544, 0.0028359247, -0.0031723203, 0.027641952, 0.0075243595, -0.020888554, 0.008638742, 0.018204551, 0.017930377, 0.033661053, -0.0028214315, 0.018553678, 0.006232705, -0.016448189, -0.0233478, 0.017861078, -0.011574609, -0.012707127, -0.017197695, -0.09799429, -0.0034720574, 0.023532277, -0.0005714319, 0.01678188, 0.00662683, 0.0088704955, 0.0025868192, 0.014055767, 0.006894998, 0.008333653, -0.0031379648, 0.01574108, -0.037817344, -0.0029620726, 0.027315801, -0.005412257, -0.024984539, 0.009309785, 0.01452094, 0.02107037, 0.0032282637, -0.02534635, 0.0009458572, 0.030310884, 0.0065379012, -0.021894686, 0.018110976, 0.024114884, 0.0012860792, -0.0053580967, 0.01053358, 0.011714935, 0.02072366, -0.02381466, 0.016265238, -0.01861435, -0.0046187933, -0.0023113566, 0.022128342, 0.004017315, -0.016775245, 0.007204969, -0.022692023, -0.0053819753, 0.009984544, 0.02566734, 0.00016789541, -0.011723891, 0.025370095, -0.035462596, 0.009102317, -0.0066576134, 0.013023022, -0.0004983519, -0.017122153, -0.0007142188, 0.030609593, -0.0010071393, -0.0026946354, 0.0048090597, 0.009564267, 0.010246883, -0.006889394, 0.024374276, -0.013876228, -0.021273678, -0.00045936392, -0.01483211, 0.007063546, -0.0092779165, 0.0058699553, 0.0003125818, -0.004561218, -0.0026091265, -0.0012202949, 0.0025614926, -0.016005797, -0.039174724, 0.018067377, -0.005032922, 0.00020854827, -0.012489181, 0.013043371, 0.00875171, 0.0081395125, -0.005459892, -0.004940276, -0.011540056, 0.011521078, -0.0013723196, 0.0059093093, -0.005529968, -0.00030186772, -0.0015815689, -0.01399068, 0.0056646178, -0.007045189, -0.02602856, 0.007146352, -0.038700216, 0.02009098, -0.0028983855, -0.011627215, 0.0073364167, 0.0152804, 0.015690349, -0.020361234, -0.014983499, 0.00026529253, -0.0067245755, -0.003161714, 0.0040157516, 0.011908784, -0.00580301, 0.0045917216, -0.0039384845, 0.016334796, 0.015521816, 0.015573717, 0.014187488, -0.004805231, 0.011137274, 0.0031464095, 0.015031423, -0.0131556615, -0.0063260603, -0.021353057, -0.0036616304, -0.02085389, 0.0011535708, -0.018262204, 0.020538019, 0.015625222, 0.011086586, -0.019161884, -0.009402592, -0.002231595, -0.00662185, -0.013860456, -0.010692374, 0.01777254, -0.0037702718, 0.004978826, 0.015627624, 0.0059312033, -0.007171671, -0.0018889554, 0.021910716, 0.013528314, -0.020454558, -0.025313819, -0.009238258, 0.009720853, 0.0051454664, 0.018777583, -0.011139969, 0.006379367, 2.6104099e-05, 0.017887346, -0.011681557, 0.0039913245, 0.018044118, 0.0037547671, -0.0070317285, 0.014865146, 0.00016598386, 0.010028855, 0.009392593, 0.0027862662, -0.019877166, 0.005972541, -0.016326228, 0.017276842, 0.015606313, 0.01079879, 0.012828466, 0.0019225363, -0.00027492255, -0.009091833, 0.00568175, 0.0061822277, 0.0010338261, -0.019403238, 0.0019342866, 0.015109469, 0.015040845, -0.0063826516, -0.0041010766, -0.0011594027, 0.015561341, 0.0031079683, -0.02579931, -0.00063941866, -0.00032939666, 0.010225339, 0.00019653415, -0.007710674, 0.013325177, 0.0019371586, -0.015403645, -0.00022987109, 0.010744504, -0.003447753, -0.010871041, 0.0039069057, 0.020626286, -0.011157165, -0.009776939, -0.0021403164, 0.015403715, 0.014798908, 0.0045927567, 0.0074696424, -0.002396317, -0.0021050905, -0.011131367, 0.0030359076, 0.0068944143, 0.020069884, 0.011429954, 0.031624217, 0.009328792, -0.012311924, -0.010280271, -0.008203815, 0.0031542792, 0.0030893688, -0.03321916, 0.0064382837, -0.010210194, -0.0051700585, 0.007994259, -0.008720521, 0.0052002943, 0.011221057, 0.004535255, -0.013117012, -0.018491596, -0.003907226, 0.017324341, -0.010527084, 0.0044401414, 0.0020604138, -0.0044108955, -0.008550966, -0.019371536, -0.008051068, 0.00030476062, 0.0031319412, 0.011607304, 0.0011927393, -0.016266404, 0.013119783, -0.007843322, 0.0032040766, -0.010442253, 0.01658012, -0.0063326685, 0.08050642, -0.0014344855, 0.010629511, 0.01037198, -0.018154377, -0.0045914236, 0.0008729397, -0.0225606, 0.0062847068, 0.023724291, -0.0034559641, 0.012137274, 0.0021566418, 0.0124975005, 0.0132232485, 0.009059541, -0.0059386026, -0.011661226, -0.011563315, 0.01619167, -0.011277477, 0.0006760009, -0.013420075, -0.0034534112, -0.0036534362, -0.0103566265, -0.0072708195, -0.011420994, 0.013538785, 0.0053675533, -0.017023228, 0.0019492062, 0.002024617, 0.0102037, -0.020391135, 0.01711027, 0.0037925201, 0.031605095, -0.007038615, 0.015819483, 0.000121135134, -0.01449071, 0.022822354, -0.028584499, -0.0056725326, 0.0076464997, -0.0042119827, 0.00089280866, -0.0062705553, 0.0066266297, 0.008019613, -0.0042061624, -0.014383408, 0.0024852634, -0.0033863606, -0.012375293, 0.0015912463, 0.021597028, 0.0021053741, -0.00058433134, 0.013424951, -0.012791343, -0.0043234406, 0.017625429, 0.0050782748, -0.0077629033, -0.0006737101, 0.013938623, 0.004594195, 0.0012398119, -0.018763067, -0.012696082, 0.016246073, 0.0068446905, 0.0293655, 0.007995082, 0.003163734, -0.009829521, -0.022715805, 0.0057614907, 0.012448484, -0.011665218, -0.0061997585, -0.005335748, 0.029544957, -0.005470605, -0.0061131893, 0.0022415677, 0.020707421, -0.0101956725, 0.021249723, -0.024095172, 0.007993939, 0.014849695, 0.008911359, -0.00661626, 0.05404186, -0.002002158, 0.006852003, 0.01479119, -0.006228601, -0.007922381, 0.028159719, -0.00053734577, 0.0008057712, 0.0073630903, 0.021262776, 0.0011995254, -0.008917086, 0.007480151, -0.0014147754, -0.002416421, 0.009625727, -0.0058195954, 0.01344614, -0.00038707044, -0.0017682873, 0.018295206, -0.007862945, -0.0029941343, 0.004603855, -0.00580686, 0.020015085, 0.005462645, 5.115464e-05, -0.010346378, 0.009892071, 0.019876063, -0.0051448196, 0.01033057, 0.0022680727, 0.00046783467, -0.0043302197, 0.00473595, -0.016549865, -0.0018020148, 0.009346448, 0.0013001164, 0.0073773256, 0.003875155, -0.015091292, 0.0025136902, -0.014438325, -0.004174283, 0.007605526, 0.0032692996, 0.014454364, -0.013523817, -0.02086678, -0.0002540109, 0.00019666245, -0.0076213013, 0.004247961, -0.017807927, 0.0007285409, 0.02129494, 0.009927613, 0.00779991, 0.004860934, -0.00030587666, -0.008826062, 0.0003441873, -0.001509271, 0.002076119, -0.018743826, 0.0005508795, -0.0057956865, 0.010010256, 0.007966416, 0.017693965, -6.8171874e-05, -0.0009048223, 0.01004458, -0.00057584303, -0.0061951806, -0.00532446, -0.00343953, -0.00721357, -0.0071004503, 0.0044515757, -0.0046564997, 0.007741865, -0.0047204113, -0.012904505, -0.008537596, -0.0081098545, 0.010421304, 0.006475768, 0.010600097, -0.024189893, 0.010472773, -0.003910275, -0.006200483, -0.014430349, 0.008081234, -0.0083956765, -0.012868263, -0.00041471096, 0.012240693, 0.007988555, 0.009713347, -0.021490194, -0.007077106, -0.007850554, -0.013434179, 0.0029327043, -0.0067980476, 0.0067772744, 0.00014733372, 0.0040387358, 0.01627743, -0.03290559, 0.0020275663, -0.007813457, -0.01429039, -0.0045511043, 0.0029236246, -0.0007160348, -0.007851962, -0.022453468, -0.005136242, -0.0055297515, -0.016226286, -0.0014531057, -0.01659079, 0.01045681, -0.0026316545, 0.0017138707, -0.01151433, -0.01639677, 0.00075370196, -0.0086845355, -0.007999512, -0.00041688516, 0.0013480153, -0.016122103, -0.0030465145, 0.013133364, 0.013232257, -0.0075857216, -0.015141976, -0.010447496, 0.0036755414, 0.0064633125, -0.007737047, -0.0147993285, -0.017308097, 0.0029431938, 0.004213861, -0.020312162, -0.008035022, 0.0012686845, -0.0023617381, 0.0005228407, 0.0025002602, 0.022977611, -0.0068917866, -0.059957396, 0.011547967, 0.0021913755, 0.027865073, 0.0034125047, 0.0079427855, -0.0053894715, -0.0049714055, -0.011772594, -0.005411116, -0.0012844823, -0.012045211, -0.006124576, -0.000732445, -0.005822966, -0.0070220325, 0.0025431842, 0.0011716433, -0.0015629947, -0.01044968, -0.018855054, 0.005241428, -0.017037198, -0.000669326, 0.015065376, 0.013309249, 0.010776417, -0.0059541864, -0.0036978538, -0.0058666044, 0.004176471, 0.008277861, -0.00700633, 0.0028407045, 0.011255403, -0.0055191703, 0.006859049, -0.007705124, -0.006905506, 0.0013559597, -0.0024677904, -0.009284394, 0.0034483834, -0.004871754, -0.01035784, -0.023028161, -0.013114332, 0.012481341, 0.01664096, -0.020396672, 0.011881369, -0.0034043626, 0.0014956361, 0.02584014, -0.0010410638, -0.007863115, -0.0017275327, -0.021842843, -0.0054186773, -0.004486394, 0.010453269, -0.0075658807, -0.011007527, -0.009576602, -0.02214177, -0.005690275, 0.0023686336, -0.017345652, -0.009907302, -0.00029840707, -0.01390421, -0.0021274283, 0.0045110537, -0.00074276165, -0.0006454684, -0.029714568, 0.024381531, 0.0055875164, -0.011602624, -0.004391024, 0.007856007, -0.014962353, 0.0013033368, -0.0015304069, -0.004838229, 0.0048833345, 0.0017622841, -0.013579499, -0.025133463, 0.010149793, -0.009250235, -0.015829341, -0.007556696, -0.013925782, 0.0029555608, 0.014145189, -0.0012120022, -0.014124908, 0.006344476, 0.018081391, -0.00081526354, 0.007959532, 0.0022642736, -0.00055556727, -4.8099828e-05, 0.01354321, -0.004517378, 0.013343901, -0.014001082, 0.01027239, -0.013666823, -0.0021514036, 0.0013493206, -0.00016021979, 0.008053389, -0.01398434, -0.004249778, -0.00275854, 0.0027252354, 0.019105026, -0.0028101003, 0.008959557, 0.0025653373, -0.006762784, 0.0024217947, 0.03164366, 0.005313458, -0.011776448, 0.017321264, -0.022609247, -0.0073570823, -0.00030413477, 0.018191542, 0.0044516586, 0.011813211, -0.00038637273, 0.0045724376, 0.017588362, 0.009160421, 0.02325519, -0.009888549, -0.012033527, 0.012837203, -0.014710997, 0.019727482, 0.024286922, 0.012986798, -0.003949253, 0.009872353, -0.0053921924, 0.010633974, 0.0018256096, -0.0073894565, 0.013763331, 0.0005966503, -0.00014265298, -0.009043642, 0.0049049393, 0.0094015645, 0.00091884815, 0.0144870775, -0.004428906, 0.0071592703, 0.008009141, 0.009833609, 0.007833015, -0.002981026, -0.004417365, 0.011730265, -0.003889906, -0.00086726295, 0.008526741, -0.004886105, 0.0153466575, -0.011584402, -0.017804403, 0.01256218, -0.0035415664, 0.0023563083, 0.0155068, -0.002428953, 0.0037998792, 0.01324623, 0.0048936037, -0.0014680444, -0.0045153094, 0.014068399, -0.009481138, -0.004191386, 0.01708115, -0.0068665864, 0.009626, 0.010206804, 0.0036268414, 0.004302487, -0.0037946717, 0.023294458, 0.014864973, 0.026703497, -0.019908814, -0.010221461, -0.018104196, 0.012393229, -0.015547225, -0.007262755, -0.091506824, 0.02288605, -0.007982067, 0.03677507, 0.020929359, -0.004808895, -0.009510183, -0.0011417128, -0.016675778, 0.010235343, -0.015830027, 0.012955647, 0.007805454, 0.011805341, 0.01051103, 0.011660106, 0.016833259, -0.0064326916, 0.00572427, 0.0043130005, -0.013983817, 0.012516231, 0.0031156556, 0.00034799828, -0.018739993, -0.0049885483, -0.013434112, 0.0034582065, 0.016617974, 0.014658297, 1.6272834e-05, 0.006529099, 0.022968555, 0.0017882258, 0.026854822, -0.009674459, 0.0010641787, 0.0077651055, -0.131729, 0.017766815, 0.0057574688, -0.011503378, -0.005383893, 0.00968616, 0.0066383206, 0.015093016, 0.01168316, -0.010400705, 0.0059971837, -0.005548287, -0.0017779707, 0.013940747, 0.00028462734, -0.008312865, -0.015620116, 0.0076058554, -0.013493752, 0.014575443, -2.2390906e-05, 0.002633769, -0.0015654254, -0.008620497, -0.0017876899, -0.02344323, -0.017025124, -0.0016882285, 0.008541156, -0.004766295, 0.0099381935, 0.012495704, 0.0011402151, 0.016066976, 0.0023737522, 0.000997425, -0.0020064157, -0.0059666005, -0.0070125437, 0.0007195396, -0.0057916404, -0.0024568927, -0.0052858833, -0.01879614, -0.004350337, 0.007614225, 0.00015810311, 0.02437622, 0.008412178, 0.0054779025, 0.0027065354, -0.007372926, -0.002051034, -0.012917493, 0.00097224786, -0.0027792181, 0.008743324, 0.014348105, -0.00935819, 0.025331046, -0.015196921, -0.0043603405, 0.0016689484, 0.0015690819, 0.0061606625, 0.008228224, 0.022102084, 0.012742368, 0.011224627, 0.0084109465, 0.015336671, 0.010008579, -0.012092093, -0.025848495, 0.025531216, 0.014842868, 0.012129574, -0.007904151, -0.013826657, -0.027106574, 0.015208885, 0.009451918, -0.0069932975, -0.027037293, 0.0035733983, -0.01560842, 0.014767286, 0.007600258, 0.005931186, -0.0384911, 0.0047942717, 0.011736883, 0.0060669845, -0.0151066035, -0.019246511, -0.0055993404, -0.0038246308, -0.011740891, -0.008260788, 0.007955682, -0.0026231783, 0.0024677233, 0.0027518007, -0.018886622, -0.012042194, 0.010499817, -0.016371813, -0.0089108255, 0.0029667434, -0.02886278, 0.010121409, 0.009907624, 0.01338491, 0.015862813, -0.012126043, -0.0074415905, -0.007825647, -0.008591345, 0.0023596848, 0.0059574293, -0.008520715, 0.0020277123, 0.0033276537, -0.009713612, -0.01166765, 0.005677365, 0.030316202, -0.01741595, -0.0070259525, -0.0021463856, -0.00504829, -0.010832414, -0.009949716, -0.010739435, 0.0152213955, 0.014947936, -0.019956516, -0.011726206, 0.021723498, -0.00709673, 0.004959193, -0.0007129862, -0.009369594, -0.009567115, 0.0046373974, -0.010083444, 0.012663131, -0.01699926, 0.0055382624, 0.0051643047, -0.0035292506, 0.0055833445, 0.0006308213, -0.004010977, 0.013718716, -0.0131134065, 0.022454359, -0.01818613, -0.0013180749, 0.013546795, 0.0067015393, 0.0060829693, -0.00033237354, 0.005950326, -0.018025696, -0.0065487567, 0.0025877308, 0.0019485591, 0.009082792, 0.032859955, 0.014056487, -0.010378208, 0.008689456, -0.0049358513, -0.015762376, -0.004546785, 0.029828995, 0.015702061, 0.013039363, -0.013107206, 0.0029367062, 0.011086939, 0.003141338, 0.011891103, -0.023786096, 0.004423952, 0.0022741305, -0.021968734, 0.004327847, 0.0010931424, 0.0026599697, 0.00040795104, -0.0026733994, 0.018768474, -0.0059029604, -0.01383026, -0.0039579854, -0.025891358, 0.0046266774, 0.009654103, -0.0021011115, -0.0020621703, 0.012834511, -0.17409497, -0.023416743, 0.041298956, 0.015288987, 0.027196925, -0.0050507514, -0.0035427546, 0.0033682901, 0.002521487, -0.012355022, 0.0034009682, 0.004780195, 0.0004618982, -0.0015653567, 0.009896091, -0.013321801, 0.028634166, 0.013084944, 0.0004139116, 0.006483548, 0.0067652254, 0.009101365, 0.0070295096, 0.015192507, -0.003366239, 0.003435801, -0.0026579995, 0.009761829, -0.00016204386, -0.015326832, 0.009038659, 0.009875223, -0.0038505103, -2.2632792e-05, -0.0012979936, 0.015034266, 0.0048611704, -0.00039645543, 0.0009340118, -0.01190191, 0.010963458, -0.001026152, 0.0053343377, 0.013802726, -0.008134693, -0.03006176, 0.0017527904, -0.0034117259, 0.0018811668, 0.010869133, 0.0066202907, -0.010576578, 0.013110774, 0.0036845496, -0.0026543152, -0.018688643, 0.020984756, 0.0027190885, -0.0090615675, -0.012822253, -0.03270839, -0.010411725, -0.0040977853, -1.712761e-05, 0.0021117837, -0.0070077744, -0.018219383, 0.13689512, -0.013485824, -0.004593995, -0.0054449667, 0.0070228544, 0.033528723, 0.015349126, 0.0016793911, 0.02055896, -0.016242772, 0.011556051, -0.0013730498, -0.0030465927, 0.011170213, -0.028170897, -0.017389625, 0.0065987897, 0.01837828, -0.006384934, -0.01633036, -0.0039476356, -0.0131720435, 0.005272931, -0.0212458, 0.019017756, 0.0018663856, -0.004221823, 0.008724845, -0.004176327, 0.007500712, 0.012614696, -0.0099288225, -0.0047938614, -0.025268974, -0.005413736, -0.006318661, -0.0075112195, 0.00096936524, -0.017206036, 0.012692292, 0.0055963495, 0.011738877, 0.00256874, -0.011625946, -0.009473889, 0.008642111, -0.0005947618, 0.023562416, 0.007921512, 0.006477725, -0.009561954, -0.011100482, 0.016823756, 0.004745516, 0.012718966, -0.026011094, 0.0047444166, -0.010150873, 0.010059847, 0.016214352, -0.0067838156, 0.0055574793, -0.0011578959, 0.0035470054, 0.016806297, -0.01232872, 0.0018353916, 0.0040096943, -0.00061464345, -0.12309037, 0.0058794213, -0.025547149, 0.00024386495, 0.013655793, -0.002627759, 0.012722647, 0.018778417, -0.009017405, -0.017116304, 0.015107813, 0.003771186, 0.00036488182, 0.013784673, 0.025112709, 0.012082388, 0.00950427, 0.0046346546, 0.018929042, 0.00025849184, 0.014105742, 0.011623557, 0.0238802, -0.0016203081, 0.013719872, 0.022480885, 0.008890117, -0.013054383, -0.0071459124, 0.0082613, 0.0018114714, 0.044726893, 0.024758907, 0.018989004, -0.018624617, 0.009932807, 0.005836651, -0.013128234, 0.008249365, -0.019318096, -0.0020483485, -0.0049925437, 0.002039687, 0.00627398, -0.016474014, -0.010901416, -0.0018479906, 0.019656748, -0.015782902, -0.018537339, -0.010269316, -0.0059982296, 0.023066571, 0.00065703894, -0.026396822, -0.007172684, 0.010279209, -0.020504685, 0.020254502, -0.0046401415, -0.0261669, 0.01017224, -0.016891556, 0.004868068, -0.0010674545, -0.008107372, -0.0046613016, -0.007058313, 0.007490771, -0.005254842, -0.006566633, -0.00031444355, -0.001092078, 0.008922451, 0.0076308725, 2.4509607e-05, 0.0015865247, 0.010913891, -0.014297889, -0.009094025, -0.022408538, -0.0077450336, 0.03337271, -0.0061359075, 0.03311668, -0.011331933, -0.04451289, -0.018112728, -0.010604051, 0.0033277983, 0.01846614, -0.020736473, -0.0098759355, 0.00032222486, -0.009394434, 0.033240635, 0.0109625, -0.0047430997, 0.018216193, -0.0072588995, 0.024117848, -0.0033225927, -0.020014763, 0.012346906, -0.0062896973, -0.018467264, -0.0055726706, -0.00483453, 0.009227453, -0.007865814, -0.009251573, 0.01647533, -0.012366879, -0.004886252, -0.00024742263, 0.0018422974, 0.0039158165, 0.010906949, 0.002022348, -0.014278776, 0.010003237, 0.0030542782, -0.0025799552, 0.0073799, -0.016481912, -0.009928608, -0.013961401, -0.0106498245, 0.01676427, -0.01351921, 0.020913903, -0.0060233, 0.0100319395, 0.013870764, 0.017551348, 0.0035190333, 0.008621036, 0.010349516, 0.0014020123, 0.0050266394, -0.010448083, 0.015035849, 0.0032424824, -0.0009812036, 0.0132759, -0.013798652, 0.0018785768, -0.001446007, 0.009816696, -0.02443469, 0.013147825, 0.0027686432, -0.030460585, -0.010097914, 0.011470758, -0.002858247, -0.014141163, 0.02109938, -0.0069090216, 0.007732767, -0.0034723065, 0.0017190258, 0.003777764, -0.007253886, 0.00037470701, 0.0024361247, 0.0005643242, 0.0036486224, 0.0032396752, -0.014201421, 0.0062499577, 0.0012847444, -0.006922161, -0.014760358, -0.0028007117, 0.013381456, 0.0024810103, 0.014754671, -0.0044492236, -0.07658082, 0.014169562, 0.016536836, -0.005622183, 0.007950903, 0.010096073, 0.017904041, 0.00030316575, -0.015172377, -0.010138868, 0.01927864, 0.0033740497, -0.003958, -0.0151753165, -0.026179353, 0.0057704253, 0.013985429, -0.022127839, 0.0017436538, -0.018290332, -0.00939521, 0.014089052, -0.015334967, 0.006771437, -0.00552201, 0.014488692, -0.0020083066, 0.011378732, 0.0023460882, -0.016744588, -0.0062343343, -0.016072275, -0.006538804, -0.005192781, 0.00953549, -0.0023542808, 0.020684782, -0.022345582, -0.013043558, -0.06274435, 0.0046842718, -0.010305213, -0.08005188, 0.0047878223, 0.008578362, 0.028336924, 0.0029849876, -0.008295525, -0.0023346175, -0.0055418294, 0.015980221, 0.0008844249, 9.737361e-05, 0.005783432, -0.0012292465, -0.013780611, 0.009109473, -0.0008239019, -0.01785562, -0.0125687225, -0.0071374006, -0.0063781478, -0.0011512932, 0.0232348, 0.01784269, 0.029498613, 0.017349876, 0.0026431, -0.008667791, 0.015730072, -0.013971902, -0.013651306, 0.0013022969, 0.008887683, 0.006437848, -0.01758469, 0.0045286613, -0.0026005993, 0.027352747, 0.0030794295, 0.0059271883, 0.008538197, 0.014790214, 0.056799743, 0.030124309, -0.0004382519, 0.00815191, -0.084217414, 0.012548092, 0.008683829, -0.00664522, -0.005887841, 0.010482192, 0.014206741, 0.020635849, -0.012327621, 0.010656713, -0.028363032, -0.015398726, 0.025721865, -0.00872093, -0.0146141965, -0.001871424, -0.010598332, 0.009022255, 0.008692822, -0.026383277, 0.002276379, -0.006328443, -0.017106513, 0.020688737, 0.0073125577, -0.067206696, -0.0050000376, 0.0027536775, -0.029589502, 0.009414306, -0.011130334, -0.018195834, -0.009228059, 0.0008331616, 0.015077582, 0.009079819, -0.023319658, 0.00045725424, 0.010130398, 0.032171298, -0.0046790433, -0.006407762, -0.014226077, -0.0099898, 0.010140115, -0.010358512, 0.013784721, -0.013641722, -0.021014573, -0.011105051, 0.011349532, -0.018227339, 0.018964553, 0.009262638, 0.017131016, 0.005994973, 0.013941838, -0.018392857, 0.005869237, 0.022406675, -0.021458175, 0.024355967, -0.016958395, 0.016524693, -0.016239323, -0.0172732, -0.02330375, 0.0016299485, -0.0018499657, 0.003838358, -0.00061981124, -0.022121208, 0.03389792, -0.010862218, -0.018479856, 0.03497099, 0.012701264, 0.0014596452, -0.011085244, -0.017492317, 0.0032566253, 0.00048030645, -0.001911055, 0.017164506, 0.00067722367, -0.0126830805, -0.0072884206, 0.007571233, 0.04072135, 0.0012190365, -0.0016442509, -0.021388674, -0.003236623, -0.0054953457, 0.013059082, 0.00020577633, 0.0075308625, -0.019829668, -0.009697164, -0.015508876, -0.025854114, 0.012226879, -0.002428325, 0.018447809, 0.0024309263, 0.013761704, -0.0069975005, 0.0023348874, 0.010189416, 0.0058988333, 0.03089599, -0.012734167, 0.0025809186, 0.010552238, -0.005967865, 0.008330498, 0.0068740407, 0.008351141, -0.026189817, -0.0034612431, -0.014625492, -0.0073677194, -0.006249709, -0.0051664286, -0.0033698957, -0.020206405, -0.014565636, -0.008726137, -0.0075910534, 0.003718537, -0.004794001, 0.003885016, -0.007982693, 0.0029183687, -0.0019097602, 0.0065546106, -0.010671838, -0.0116044795, -0.017008958, -0.008508266, -0.005091315, 0.008491698, 0.0073729423, 0.0042706644, 0.03910957, -0.005696022, 0.014699681, -0.003622492, -0.003882698, 0.0031578997, -0.0045243865, 0.003943825, 0.021837587, -0.026820902, -0.01243389, 0.012993959, 0.015356053, -0.03085321, 0.005569902, 0.0058741495, 0.020603882, -0.0018863394, -0.012921061, 0.010672487, -0.03216682, -0.0006659499, -0.017506562, -0.011753505, 0.009463261, 0.01039131, -0.006612211, -0.016473394, -0.009919899, 0.016770905, 0.028385025, -0.0057093506, -0.015214903, -0.0057172673, 0.0072701685, 0.0024632162, -0.0071382937, -0.019862939, -0.0027508053, -0.003915789, 0.01143619, 0.014625699, 0.01834105, 0.0013106128, -0.011436651, -0.0029408773, -0.0010193042, -0.0040470213, -0.008719153, -0.015424796, -0.011750813, -0.0013665261, -0.0075027957, 0.0021947962, -0.015604484, 0.012076964, 0.014905878, -0.03375517, -0.00914, -0.03652421, -0.019684035, 0.02196321, -0.0017981192, 0.0064047766, 0.00024157844, 0.0024758615, -0.0068636164, 0.0027452346, 0.005046813, -0.004794979, -0.0038071533, 0.01734217, -0.0034085293, -0.00763685, -0.0022112639, 0.010425397, 0.0276606, 0.01031695, 0.009108224, -0.013198172, 0.003595032, 0.008691607, -0.014772683, 0.02010886, -0.00920733, 0.00400144, 0.012350221, -0.004683887, -0.0026569064, 0.0027713075, -0.0291825, 0.018423038, -0.0010907081, 0.00031893258, -0.003279114, -0.0017844156, 0.010954779, 0.016963104, 0.005680657, -0.02342962, -0.020179959, -0.023494422, -0.03961381, 0.008457846, -0.034190275, -0.0044675698, 0.0025126317, -0.017357495, -0.007166856, -0.024793532, 0.0065348274, 0.010290338, -0.000113258066, -0.008126485, -0.0024681375, 0.0038026387, -0.022995804, 0.014309816, 0.004364252, 0.018752927, -0.03160292, 0.017651087, 0.0075231786, -0.01705287, -0.0010453112, -0.0013314607, -0.00012065155, -0.014809256, -0.011553532, -0.009510044, 0.0023379817, 0.0015522166, -0.0088020805, -0.0058685085, 0.0074842386, 0.021272684, 0.018071761, -0.01231924, 0.006291737, -0.0016680207, -0.018374948, -0.0076420913, -0.004096719, 0.0018954537, 0.0057597156, -0.005889976, 0.013195911, -0.019975236, 0.0028896753, -0.021520875, -0.014152073, -0.015569414, -0.0056814314, -0.01109481, 0.0043832203, -0.010105299, 0.043506406, -0.030666433, -0.02651166, 0.0045957277, -0.025846398, 0.0062802485, 0.039310694, -0.020958003, 0.00284151, 0.013390121, 0.0037974045, -0.0011537772, 0.0077554486, 0.0057494063, -0.007135015, 0.0036297818, -0.028840652, -0.009986143, -0.012089388, -0.007620942, 0.007096797, -0.013973241, 0.003823681, -0.014575101, -0.0069170147, -0.006865061, 0.005647905, -0.008045713, 0.0038482812, 0.014396643, -0.019856134, -0.004508426, 0.0013329037, -0.000385, 0.013880335, 0.008859301, 0.017464915, 0.004619062, -0.006228421, 0.0041321814, -0.004306093, 0.019755978, 0.009748387, -0.0038500708, 0.01460802, 0.002698828, 0.004820577, -0.002676745, 0.017178403, 0.0026915781, -0.019499453, 0.006503567, 0.019063184, 0.013891439, 0.0093529085, 0.012382175, -0.0061957487, -0.023326848, 0.004127453, 0.013809238, -0.008175727, 0.0048594056, 0.011014662, -0.020754205, -0.014313606, -0.0038758472, 0.008871141, -0.0043585417, -0.01927567, 0.014486003, 0.014819853, 3.2225482e-05, 0.008980054, 0.0011655083, 0.0139041655, 0.006051826, 0.0038394076, 0.011568247, -0.0031373163, -0.011988866, -0.0075582513, 0.007956856, 0.004630615, -0.0020586203, 0.009830822, -0.0008984889, 0.018926471, 0.004584245, -0.020507691, -0.009148787, 0.0030838472, 0.0043743877, -0.0023732134, 0.0091238385, -0.008044138, 0.032282475, -0.012521203, 0.015759937, -0.0054939864, 0.0044446676, 0.008916328, -0.027844718, 0.035887886, -0.016169198, -0.014690521, -0.003350068, -0.00531773, 0.0060714195, 0.03198803, -0.0117587475, 0.009263576, 0.017106526, 0.0038913912, -0.007866117, -0.015456238, 0.016102402, -0.0061302003, 0.028489266, -0.0036955755, 0.0022915702, -0.00597671, -0.00087219256, 0.0037348783, 0.024795976, 0.0049230303, 0.009262273, 0.025410866, -0.0026499303, 8.1731036e-05, 0.018399334, 0.0016728443, 0.0028244348, 0.007674989, 0.015964502, -0.016254203, 0.00515708, -0.005866983, -0.021002023, -0.0126726, -0.0066781347, 0.007359869, 0.015789106, 0.002412305, -0.011421541, 0.009867448, 0.022899136, -0.016695071, -0.02286903, 0.013738515, -0.007487025, 0.003972606, -0.009948987, -0.01853603, -0.031989474, 0.0038367552, -0.0056465487, 0.02489955, -0.021005005, 0.018484656, 0.00053607236, 0.00063611957, 0.00551508, 0.020037226, 0.009037136, -0.05255798, -5.559955e-05, -0.014573158, 0.0044986694, -0.011340245, 0.009140313, -0.019324968, 0.0122017125, -0.05018016, -0.0067214803, 0.009882469, -0.014992598, -0.00915254, 0.0027964928, -0.008932243, -0.033526048, -0.017157145, -0.019190459, -0.0028719294, 0.02322737, -0.008201473, -0.013747352, 0.015729101, -0.0045645153, -0.012244355, 0.0063003786, 0.0029764445, -0.010436517, -0.01729552, -0.019201761, -0.0047176965, 0.028632514, -0.006985413, 0.0137561355, -0.024286417, -0.0009491628, 0.0033273646, -0.011655534, -0.0018884074, 0.002907502, 0.001573334, 0.0007739435, -0.0020572622, 0.0038558214, 0.016033325, -0.0178739, -0.010404329, -0.013153482, 0.02767559, -0.023208782, 0.031932812, -0.0077316877, 0.010776622, -5.1494308e-06, -0.013404005, 0.008049112, 0.0050538112, 0.031832874, -0.002389821, 0.013783541, 0.0076102028, 0.019642387, -0.0020309507, -0.040332407, 0.008469243, 0.013312266, 0.007716944, 0.002953161, 0.00024969666, 0.010729965, -0.017167004, 0.0119503755, 0.0037972503, 0.010774426, 0.017600693, -0.011052284, -0.024287118, -0.040289998, -0.003309976, -0.0033488846, 0.008964014, -0.009510834, 0.013283038, 0.011460871, -0.048759148, 0.0019408937, -0.0027593551, 0.0057674083, 0.013618426, 0.003751622, -0.01545313, 0.0018626639, 0.023031471, -0.0061131143, 0.015932284, -0.016092774, -0.024755575, 0.011189824, -0.0070797047, -0.0073656505, -0.04231038, -0.0072768447, 0.016540589, -0.024264159, -0.017306164, -0.01285102, -0.0004916249, -6.2662555e-05, 0.018111965, 0.01675957, 0.00084155786, -0.0034343551, 0.0050042137, -0.026206559, 0.0032444848, -0.011125525, 0.0024034334, -0.059613917, -0.008613108, 0.011460524, 0.001359707, -0.004574039, -0.0076345024, 0.018597038, -0.007784298, -0.018492466, 0.009284275, -0.0032789474, 0.02745003, 0.0057343366, 0.004420777, 0.019528925, -0.005698314, -0.0007764009, 0.001413249, -0.0005307616, 0.003374538, -0.024907758, 0.014165327, -0.010046064, -0.0032486038, -0.029518401, -0.0065536895, -0.014403616, 0.008732477, -0.008790321, 0.0144369565, 0.044018697, -0.013700026, -0.0063241334, 0.0073663974, -0.012032359, -0.0040587718, -0.0041463906, -0.017052239, -0.0077389516, -0.0066559385, 0.010129534, 0.012935406, -0.023803253, 0.0038722933, -0.015137132, 0.010928678, 0.00236175, -0.0043479465, -0.017578892, -0.010989996, -0.0066885725, -0.0007924712, -0.02237403, 0.0075739054, 0.0066107367, -0.0007393014, -0.015586365, -0.007488028, -0.0056593283, 0.028416336, -0.015831662, -0.019607019, 0.00033815784, 0.007858181, -0.024269784, -0.016141592, -0.010371781, 0.013372431, 0.0048917704, 0.012605353, -0.028112024, -0.018045066, 0.0005381076, 0.002955986, -0.0066174874, 0.02885674, -0.010192537, 0.027838197, 0.007839758, 0.0056586848, -0.00068159576, 0.013987815, 0.018858463, 0.010460312, -0.0056587295, -0.008046884, -0.008897944, 0.008385648, -0.014834089, 0.008020905, -0.007226994, -0.016028993, -0.011030647, 0.012478959, 0.010843159, -0.010445497, 0.016478432, -0.0019391254, -0.0005626959, -0.01914444, 0.04342099, 0.0010017158, -0.0054265587, -0.0049255625, -0.02758231, 0.17131312, 0.12320337, -0.006728306, -0.0027871437, 0.015872927, -0.00017023025, -0.008535734, -0.0002929066, -0.0036129688, 0.0216987, -0.00015943531, 0.010553395, 0.014618505, -0.022564644, 0.00929718, -0.013641558, -0.010680717, 0.0053846966, 0.001904981, 0.0011237998, -0.0036989201, 0.027842043, 0.019345097, 0.0073530055, -0.0073690102, 0.021151658, 0.003712739, -0.004994161, 0.005421971, -0.011661946, -0.03529953, -0.004456599, -0.03605849, -0.0018423798, 0.014061659, -0.010998468, 0.019546786, -0.00050399173, 0.005128301, 0.010750604, -0.013794014, -0.01918939, 0.0042699454, 0.01415392, 0.034420293, 0.017020542, 0.009613882, 0.012707535, 0.017111337, -0.017798692, -0.016432548, -0.0042061056, -0.0051049166, 0.023845704, 0.0008117257, -0.012971368, 0.009482722, 0.01099104, -0.004580266, -0.015306222, 0.012779889, 0.010441024, -0.0050920933, 0.0014257326, -0.006757544, 0.00400341, 0.006234315, 0.017798977, -0.0061817872, -0.00903482, 0.02047216, 0.031103203, 0.0015888538, 0.01864451, -0.007749883, 0.03025789, 0.004860419, -0.0067419754, 0.010921009, 0.0029989504, -0.0006982537, -0.015608389, -0.0012543745, 0.011244592, -0.01211802, 0.0071871993, 0.0016619405, 0.03270917, 0.1116644, -0.003022707, -0.0007474045, -0.030378086, 0.019691797, -0.0059465324, 0.016371505, 0.046370916, 0.012598416, -0.009152897, 0.012204185, -0.003641014, -0.009267261, -0.014183162, -0.0015813656, -0.007360876, -0.0009588712, 0.006599919, -0.0030879392, 0.007127758, -0.025463032, 0.014373572, 0.0052439063, -0.0074950582, 0.017007334, -0.007024687, 0.009259863, 0.023250876, -0.01771922, 0.009640867, -0.1082583, 0.00024030745, -0.009704333, -0.014832778, -0.012902978, -0.0026460325, -0.037163105, -0.012821809, 0.0024573994, 0.008244181, 0.0050976607, -0.02302506, 0.043802366, -0.0113751935, -0.013019949, 0.0092709465, 0.010376221, 0.0032616549, -0.0014894638, -0.016399454, -0.0036455833, 0.00745613, -3.772377e-06, -0.014521657, 0.014976372, -0.015436589, -0.0125122005, -0.019650096, 0.01642265, 0.0127626695, -0.0025230357, -0.0029366475, -0.042589914, 0.017062237, 0.0109936055, 0.0022640307, -0.0030806186, 0.005467713, 0.007816192, -0.008936838, -0.0020712353, -0.028399007, -0.019473482, -0.013484559, 0.012688541, -0.0053915284, 0.004326812, 0.0016949397, 0.006931091, -0.0034457573, 0.033937838, -0.010618504, 0.02026385, -0.002878852, 0.0017951146, 0.009087654, 0.0023830866, -0.013775416, -0.022541624, 0.013867283, 0.00557201, 0.007874816, -0.008886991, -0.021261172, -0.0073433034, 0.002948613, 0.006551247, -0.010249345, -0.004131983, 0.024615636, -0.024084952, 0.007867573, 0.0032654067, 0.010663694, 0.011893393, -0.004657509, -0.027464196, 0.01175882, -0.006541382, 0.008332567, 0.0037991994, 0.0061163055, -8.758517e-05, 0.10980941, -0.0140255755, -0.011037691, 0.014646491, 0.006053401, -0.005887942, 0.010102921, -0.008633279, 0.007962605, 0.0306748, -0.033217058, -0.002497218, -0.0027855593, -0.0015645478, -0.0046768514, -0.0090799695, 0.0084288325, -0.009043153, 1.6441198e-05, -0.021446912, -0.008775884, -0.019426862, 0.011317636, 0.013548956, -0.0057769218, 0.0010622918, -0.01838672, 0.012316899, -0.01725378, 0.010474461, -0.0015431353, -0.0094042225, -0.014090559, -0.020063525, -0.007313994, 0.0019429028, -0.0057350034, 0.00069733354, -0.005936703, -0.024511699, 0.0045426292, -0.022778505, 0.0042828997, -0.0060403026, -0.045014977, 0.18798295, 0.011832772, -0.003179905, -0.014023629, 0.0005808174, -0.0016126309, -0.0030764842, 0.016291045, 0.007742209, 0.016332071, 0.010338608, 0.014201762, 0.0062745726, 0.015953658, 0.00486875, -0.004111593, -0.011160056, 0.0041125566, -0.024070222, 0.018709442, 0.012782209, 0.0030965048, -0.028434362, -0.02250975, -0.0056294072, 0.025543885, 0.0015452395, -0.003288039, 0.002022201, -0.011173702, -0.0017583233, 0.0007725043, 0.011270484, -0.0018676626, -0.010990397, 0.013377865, 0.019272216, 0.0060046404, 0.0070567066, 0.0027236966, 0.01786132, -0.0031109652, 0.007194859, -0.0020335943, -0.013277983, -0.009570459, -0.012809246, -0.0019857357, -0.00841666, -0.015631702, -0.008522546, -0.010274773, -0.011850894, -0.0044981274, 0.009425411, 0.006618858, -0.003638271, -0.006214554, -0.009639681, 0.005146379, -0.01908271, -0.002824105, -0.003805194, 0.0046475325, 0.010218316, -0.020832563, -0.003022682]"
Estudiantes del IPN crean guante que puede convertir a voz el lenguaje de senas,https://oem.com.mx/elsoldemexico/img/25510942/1756696605/BASE_LANDSCAPE/1200/image.webp,no especificado,El reconocedor de gestos utiliza sensores de posicion y fue generado por estudiantes de UPIITA que lograron traducir a voz palabras clave de la Lengua de Senas Mexicana,https://oem.com.mx/elsoldemexico/ciencia-y-salud/estudiantes-del-ipn-crean-guante-que-puede-convertir-a-voz-el-lenguaje-de-senas-25511347,"[0.008764347, -0.00046976085, 0.014427153, -0.061922356, 0.002810667, 0.026308773, -0.015925046, 0.019717105, 0.0033425852, 0.0006799372, -0.01922472, 0.026828706, 0.0016847202, 0.0025170795, 0.1260221, 0.0025878595, 0.009263055, -0.00939835, 0.0035660055, -0.00051845785, -0.024739297, 0.0069962507, -0.0039422703, -0.005270929, -0.003056395, 0.01301591, 0.026386268, 0.0050973785, 0.0389647, -0.011203338, -0.0072380845, 0.030989097, 0.039154, 0.0016051115, -0.014251786, -0.008293521, 0.0136386845, -0.024361182, 0.029946508, 0.0208298, 0.0018133174, 0.024957376, -0.0035358353, -0.016992752, -0.012881283, -0.002406499, 0.008499867, -0.0489016, 0.011376172, 0.030788934, -0.01075715, -0.010018618, 0.0063491925, -0.17331637, -0.005737129, -0.008385854, 0.0018030576, 0.020052155, -0.003928919, -0.009643569, -0.023058813, 0.018228764, -0.029556612, 0.009534071, 0.019304408, -0.0244005, 0.017666936, -8.1021746e-05, -0.029369177, -0.0140771745, 0.0064239153, 0.02909733, 0.010795845, -0.0005300771, 0.0014318919, -0.021414045, 0.014740617, -0.002268063, -9.218741e-06, -0.008977459, -0.022482999, 0.009125116, 0.012679818, -0.007910504, -0.01596096, -0.01687805, 0.014150296, 0.018518105, -0.009258123, 0.00275887, -0.03793189, 0.0009047233, 0.008259275, -0.0100633, -0.023542752, 0.008994317, -0.019835332, -0.007971932, -0.015520148, 0.01622383, -0.0077721747, -0.018298216, 0.00027920227, -0.009333679, 0.01346976, -0.003354907, 0.030118123, -0.0026930983, -0.010262484, 0.021864831, 0.019063484, -0.00018165847, -0.012074745, 0.005433683, 0.033590555, -0.12791893, -0.017686179, 0.017432744, -0.015115459, 0.023763226, -0.0009593314, 0.034913145, -0.00064810034, 0.044671543, -0.010438713, -0.040726036, 0.0018057026, -0.012859928, 0.023768056, -0.029189942, -0.010220627, 0.016402254, 0.034220573, -0.013484217, 0.0014351622, 0.014513214, -0.024117416, -0.016866772, -0.010622814, 0.0031047722, -0.035006426, -0.025166547, 0.021641966, 0.004243181, 0.0011529621, -0.0051939916, 0.015476961, -0.015039805, -0.017879521, -0.015260959, -0.0011195068, -0.005958824, -0.031024994, 0.0040536574, -0.007203739, -0.004132042, 0.0046314113, -0.008642005, -0.0028799102, 0.048529867, 0.029700983, -0.009856644, 0.003228172, -0.008044806, 0.0110245235, 0.01909417, 0.0023768088, 0.0038663864, 0.019654136, -0.00219111, -0.0011370035, 0.0020284087, -0.014870417, 0.025014767, -0.022905596, 0.0238393, -0.037599664, 0.00827239, -0.02757084, 0.0068692463, 0.0033464062, -0.0031964288, -0.009131889, 0.017344754, 0.013454967, -0.003910509, -0.025373766, -0.0024513423, 0.0007117739, -0.011820783, -0.007772836, -0.0052577835, -0.012775016, -0.023362184, 7.883334e-05, -0.0032776298, -0.014422998, 0.0146918725, -0.0041113747, 0.013138926, 0.018942919, -0.035913814, -0.02058954, 0.00595812, 0.012124196, -0.011725136, -0.025845645, -0.013271224, 0.022643344, -0.0023183627, 0.009734847, 0.010678533, -0.006833318, -0.019530471, 0.04247859, -0.0192554, -0.022405112, -0.027144268, -0.01725474, -0.02965903, 0.021458084, 0.005070716, 0.009637934, 0.019268878, 0.00014235065, -0.004566895, -0.0021329075, -0.004046832, -6.85099e-05, -0.006276899, 0.006782735, -0.007159836, 0.0002981621, 0.008754467, -0.00041398415, -0.009341051, -0.013714718, 0.0149430325, -0.0035224522, -0.011002925, 0.030683374, 0.008636096, -0.017948357, 0.00027998324, 0.032313548, 0.0038442006, 0.025630394, -0.007229146, -0.028999954, -0.006886536, 0.013806925, -0.0012605425, -0.0003647487, 0.002218004, -0.020377982, 0.0069913696, -0.004731787, 0.034783944, -0.008014807, -0.008902425, -0.002196105, -0.022539495, -0.009143424, 0.001742249, 0.011785556, 0.010525055, 0.022228919, -0.02046422, -0.018947758, 0.013729351, 0.0188034, 0.0077787163, 0.009808669, -0.04106658, -0.0007646795, -0.01601193, -0.052150603, 0.011182797, 0.0058954787, -0.04633705, -0.02128779, 0.0046719844, 0.0034384108, 0.0146711515, 0.007025496, -0.0127441, 0.0028468086, -0.00932134, -0.0072712037, -0.015712483, 0.01646563, -0.0026504698, 0.0012715376, -0.018439427, 0.0063000936, -0.0067241513, -0.0012963051, -0.003926816, -0.0015520306, -0.0055965143, 0.032585442, -0.013809279, 0.022312745, 0.041295744, 0.0052084685, -0.029524466, -0.009132653, -0.007892078, -0.0065495954, 0.012919605, -0.037661154, 0.0069582565, 0.029929698, 0.012882477, -0.011825544, 0.005612356, 0.017594973, -0.0006470488, -0.039913688, -0.015276746, 0.008738413, -0.0008325425, -0.00036596032, -0.020792276, 0.0053208177, -0.0030913264, -0.009938661, -0.010878959, 0.015180037, 0.0038340827, 0.007992048, 0.01921338, -0.0067724935, 0.008466415, -0.01567622, 0.026755007, -0.0062989364, 0.020200217, -0.0043238048, 0.006600683, -0.022521865, -0.022972647, 0.02037452, -0.012131155, -0.013036529, 0.05408304, -0.019025007, -0.017550597, 0.00798855, -0.03596222, 0.0046592155, -0.023191944, 0.012414825, 0.0008854634, -0.023815818, 0.032226283, -0.012557206, 0.02726442, 0.016526083, -0.010244629, 0.024300547, 0.027478728, -0.0047116573, 0.013460862, 0.016112983, 0.003525156, -0.0023646625, 0.0063121384, 0.030268727, 0.0037991062, 0.015961628, -0.011024206, 0.013148966, 0.011726702, 0.0039461246, -0.010233182, -0.023248406, 0.011480632, -0.045558278, 0.031564727, -0.020647146, -0.020170182, -0.0073028724, 0.0197972, -0.015889127, 0.015766684, 0.00369175, 0.014821109, 0.019559408, 0.0055712587, -0.0073690168, -0.004998618, -0.013673536, -0.005758129, -0.006000383, 0.006988452, -0.005712924, -0.002080978, -0.006452432, 0.00064622686, -0.0032961362, -5.0314076e-05, -0.0045163087, -0.0225915, 0.023861533, -0.00968694, -0.01155884, 0.002795199, 0.0114775, -0.0315992, -0.005178836, 0.00089686335, 0.024002032, 0.009540543, 0.044487495, 0.018184759, 0.0042584958, -0.041683473, -0.0072718365, -0.020877361, -0.0010284708, -0.015721831, -0.021319937, -0.01746139, -0.01713658, -0.011145349, -0.028003572, -0.025262333, 0.01949315, -0.016019445, -0.0046325, -0.032578327, -0.022148266, 0.009326142, -0.013598187, 0.019999374, -0.033750705, 0.023361387, -0.0064863567, -0.0051843897, 0.02134506, -0.0017204786, 0.0119104395, 0.015856072, 0.03397704, 0.009152025, -0.010359734, -0.009382026, -0.017518442, 0.006205939, 0.007518225, 0.010959302, 0.031647716, -0.0034455287, 0.012996103, 0.0040788, 0.028918726, -0.004681365, 0.00850348, -0.00031168977, -0.0151846735, -0.009794666, 0.017479848, 0.019395132, -0.0007143541, -0.0009030303, -0.014101036, -0.01194106, -0.004202291, 0.012871088, -0.0113192685, -0.002821811, 0.007949966, 0.027535077, -0.029875634, 0.03330277, -0.0085357195, 0.0013584318, 0.0015431982, 0.010333842, 0.035831086, -0.018988956, -0.0077895634, -0.030231541, 0.007456221, 0.03253425, -0.0030806581, 0.013140562, 0.018784242, -0.013356004, 0.029761622, -0.005555121, -0.026964683, -0.0054345354, -0.016579052, -0.0051603243, -0.04752802, -0.02313481, 0.0030136625, -0.025791334, -0.0006170899, -0.0019561457, 0.033651963, 0.0013489631, -0.034774113, -0.009070354, -0.012693382, 0.0053380984, 0.014152681, -0.01677443, -0.0147580495, -0.030099569, -0.0046283784, 0.003631483, 0.001999122, 0.013226859, -0.006909847, 0.006282436, -0.021276278, 0.00045128365, -0.006325646, -0.0069322665, 0.0062029026, 0.000785353, 0.0057275104, 0.007822606, -0.0015141323, -0.030128585, 0.022048255, -0.027254054, 0.005075088, 0.022479333, 0.0060199727, 0.002413699, 0.014103871, -0.022068635, 0.015536153, 0.035566803, 0.00084108807, -0.008707552, -0.029239075, -0.012059929, -0.044391163, -0.04143771, 0.023736967, -0.06752133, -0.009495527, -0.02727659, -0.03617524, -0.019512316, -0.03857797, 0.011108834, -0.049686015, 0.009387786, -0.015707156, -0.0008371279, 0.0234497, -0.0060995435, 0.022651091, 0.0018231829, 0.002096027, 0.010598943, 0.025528213, 0.00074415444, -0.016390927, 0.025336651, 0.031468645, -0.017364189, -0.00019321979, -0.014760644, 0.004824588, 0.015958818, -0.011206194, -0.008074807, 0.0145818535, -0.010859894, -0.01364855, -0.00389837, 0.007365951, 0.04131894, 0.0037074408, 0.009549902, 0.018274648, -0.0041196668, 0.021017341, 0.008129032, 0.04757065, 0.008335481, -0.02109481, 0.0055109374, 0.018684171, -0.004462351, -0.0016650616, -0.0054589105, 0.01830717, -0.014394184, -0.008653249, -0.02590936, 0.006509055, -0.014689257, -0.00094685756, -0.018107938, 0.011197527, -0.013906578, 0.004630325, 0.03261659, -0.00785998, -0.046895947, 0.015541212, 0.016775036, -0.0046770754, -0.0048025334, 0.016456574, 0.022910416, 0.016767476, -0.0032963231, -0.007819937, 0.01656797, 0.031032305, 0.00818668, 0.01699946, -0.00034191235, 0.030186122, 0.023366038, 0.006378551, -0.02228181, 0.01158812, -0.09689833, -0.0020064977, -0.00831226, -0.011901578, -0.0026420434, 0.012000609, -0.0069968286, -0.0037021306, -0.0017483158, -0.016384631, -0.0036971557, 0.007970404, -0.013038946, -0.01956044, -0.011989628, 0.019759487, -0.004488322, -0.009116858, -0.026071947, -0.036920656, -0.009541744, 0.009315796, 0.0033681684, -0.039133087, -0.026375331, 0.02746757, -0.011881292, 0.010107724, -0.001980912, -0.023723623, 0.0032906332, -0.14073896, -0.0125687895, 0.0287717, -0.0077791447, 0.027761774, -0.021050228, 0.014731523, -0.014295479, 0.005075806, -0.00042771795, -0.026293403, -0.011430056, -0.045109607, -0.0053411988, -0.0030072883, 0.109804824, 0.0074145948, -0.004339496, 0.012291703, -0.005210721, 0.010352207, -0.0031081531, 0.012519889, -0.014153208, 0.020099591, 0.007245132, 0.00054252223, -0.02499625, -0.027193826, 0.007265831, 0.020422705, 0.016354162, 0.023752833, 0.005473188, 0.0073813554, 0.021989066, 0.016039725, 0.018657962, -0.024043608, -0.008160708, 0.009291142, 0.0139471805, -0.026427718, 0.0017084724, -0.009540716, 0.0059825145, 0.0019935537, 0.002949033, 0.007098028, -0.0068716966, -0.004223535, -0.064273655, 0.030601086, 0.032231346, -0.002498597, -0.010486027, 0.01409265, 0.01099058, -0.016111454, 0.03358637, 0.017174944, 0.016055483, 0.013681506, -0.008425333, -0.028364431, -0.023122247, 0.023691285, 0.016952096, 0.0012840533, 0.0033707677, 0.01637542, 0.0002859164, -0.002765042, -0.0009023286, -0.013534861, -0.010566815, -0.0014579316, 0.040327717, 0.015761795, 0.021784868, -0.009530131, 0.0041540633, -0.002135277, 0.0014158395, 0.012935299, -0.0012891132, -0.011423573, -0.019399386, 0.0035793597, 0.016291345, 0.019135572, -0.0025953394, 0.009865709, 0.016519707, 0.035807155, 0.010674605, 0.00572227, -0.0016374611, -0.023814734, -0.007677366, 0.0065846825, -0.036611363, -0.010266896, -0.006888993, -0.024503598, -0.014285168, -0.018435584, -0.0025155183, 0.004875735, -0.022589445, -0.0037087016, 0.012391126, 0.0128363455, 0.02049069, 0.013123929, 0.008268747, 0.005797673, 0.0072104083, 0.019683177, -0.024930304, 0.015129282, 0.0028294777, -0.0026805978, -0.0069193346, 0.018895224, 0.0023440234, -0.008612764, -0.0026556584, 0.007136656, -0.034692843, 0.008074888, -0.011744911, -0.023348887, 0.0063863755, -0.011688143, -0.0032541065, 0.0059039397, -0.001723676, -0.006367592, -0.019018989, -0.014199391, -0.010900318, -0.018446622, -0.016647918, 0.0023126723, -0.010798608, -0.00756792, 0.0035276634, -0.021991298, -0.0028418766, 0.017168323, -0.026610358, 0.0094042355, 0.004664842, -0.011677376, 0.0058922037, -0.0026825045, 0.016887365, 0.000118438824, -0.0032285214, 0.008865206, -0.022214377, 0.0030938818, 0.0030143382, 0.0106448, 0.0055225184, 0.013433826, -0.0026731063, 0.002398009, 0.0061819036, 0.0030254398, 0.004421777, -0.0055791712, -0.0027845434, 0.0035649955, -0.007020473, -0.005441828, -0.008495899, -0.006831835, 0.010130549, 0.0083464645, 0.0028070407, -0.017247155, 0.012024699, 0.0134895565, 0.015108713, -0.011596093, -0.011429796, -0.008123509, -0.010864402, -0.010874811, -0.0046192, 0.02284233, -0.021532286, 0.010219247, -0.018661233, -0.014197613, 0.0029524623, -0.007921348, 0.008882276, 0.01506465, -0.02316452, 0.005725401, 0.02539485, -0.0058073695, 0.0080007585, -0.0007795609, -0.0033672217, 0.0005878026, 0.023729878, 0.032773405, 0.005473373, 0.0011820009, -0.0036783013, -0.002124941, -0.0023382502, -0.0034198768, 0.007102862, 0.0007099337, 0.0023344243, -0.011136498, -0.014410026, 0.006756623, -0.0026965863, -0.008097192, 0.005574066, -0.0027092926, -0.0033710285, -0.0062170397, -0.007851705, 0.0053192917, 0.0066221897, 0.01113178, 0.0051297573, -0.027981844, -0.008378535, 0.0048818053, -0.009974, 0.0121569745, -0.0035454603, 0.008020099, -0.0022521869, 0.00592093, 0.008787238, 0.0114784045, 0.01022934, -0.0051863343, -0.023527559, -0.010333539, 0.01911145, -0.003837886, 0.024523402, 0.018176414, 0.018066196, -0.0148302, -0.002216434, -0.008029074, 0.020402344, 0.010238561, -0.012909821, 0.009427401, -0.0011852867, -0.0072008655, 0.0071685533, 0.00045374536, 0.01035627, 0.010005692, 0.0011021248, -0.0043220804, 0.01261612, -0.015529706, 0.01293222, 0.003981765, -0.0011906689, -0.019189972, 0.013862402, -0.006547677, 0.02772509, -0.0034546966, -0.011192827, -0.012754127, -0.0072849356, -0.019930314, -0.022977144, 0.0058977962, 0.01054675, 0.005457971, 0.0073477183, -0.00018036198, -0.015292648, -0.010087232, -0.006086262, -0.0017828845, 0.0027632595, 0.008096337, -0.003736104, 0.008195207, -0.017692646, 0.010926095, -0.006747991, -0.0089838235, 0.012168168, 0.021008393, -0.019450495, -0.0047737597, -0.008858554, 0.012144949, -0.0029927366, 0.00960576, -0.0022031586, 0.08953066, -0.0013574323, 0.0052346275, 0.014112827, -0.0023621935, -0.0013011288, 0.0093760565, -0.018518949, -0.011679812, 0.020760562, -0.0034978916, -0.008049669, -0.008623397, 0.0050475607, -0.010610365, 0.020028124, -0.001105423, 0.020518659, -0.010278796, -0.0033289066, 0.021496551, 0.013164682, -0.00070100493, 0.0030962906, 0.00056471734, -0.021296518, 0.0036653352, 0.005951984, -0.007032759, -0.0010124898, -0.027263, -0.010064915, 0.0029318698, 0.022396907, -0.01919273, 0.0005212371, -0.015111926, 0.0049717785, 0.013688455, -0.005261625, -0.016222904, -0.004737864, -0.020858595, -0.010380497, -0.012404495, 0.0038066367, -0.0041540717, -0.006912512, 0.005529711, -0.008959893, -0.0035745834, 0.0060509057, -0.0041090865, 0.00025371573, -0.019342855, -0.001321049, 0.016940642, -0.02379246, -0.0054669105, -0.013000986, 0.017219206, 0.010448433, -0.0030015733, 0.004887454, -0.025422161, -0.0054609645, -0.004349793, -0.009666511, -0.0008414207, 0.0031924779, -0.016715871, 0.004316698, 0.007501373, -0.010818234, 0.030335333, -0.016846094, -0.007880323, -0.0065808436, 0.003176971, -0.0074180835, 0.0067211757, 0.0066602686, -0.01199417, 0.008895465, -0.01456926, -0.00055149145, -0.009947861, -0.016028117, 0.010264673, -0.016373487, 0.004974318, -0.012443942, -0.010950234, 0.013579674, 0.010152651, 0.00948329, 0.047591917, 0.015297333, -0.0056051095, 0.0021010842, 0.0068796105, -0.0036324223, -0.008550749, -0.00016824438, 0.024867885, -0.020915372, -0.00021926052, 0.007348053, -0.0027120411, -0.0069818078, 0.012440183, -0.0038948527, -0.003320595, -0.009664835, -0.012144813, 0.007841892, -0.01146907, 0.012555746, -0.006808901, 0.016064486, -0.010708686, 0.011690747, -0.0062725833, 0.008032216, -0.0039255735, -0.011388668, 0.0096438285, -0.01155338, 0.0027754533, 0.00017758388, 0.006732658, 0.00304124, -0.011981658, -0.01238989, -0.0038917281, -0.009177226, 0.005741853, 0.0027584382, 0.00812648, 0.00991757, -0.0062710703, -0.007159562, 0.0034689074, 0.00887102, 0.0042744153, -0.004874356, 0.0058084233, 0.007776514, -0.008983556, 0.00031443744, 0.018842189, -0.015288281, -0.0011293626, -0.003021668, -0.001404395, -0.0032199179, -0.0055184728, 0.0031219225, -0.0023674981, 0.0057697305, -0.00915093, 0.014046342, 0.017487133, -0.0027614855, -0.0061301277, -0.012381181, 0.00649415, 0.010434771, -0.009711312, 0.0006677916, 0.00066412275, -0.0191445, 0.00043831803, -0.0031423746, 0.010045282, -0.0049887453, -0.0130230095, -0.0186659, -0.005164996, 0.010884116, 0.0052946485, 0.00653944, 0.009379449, -0.00032126968, -0.01985833, -0.015914986, 0.020965822, -0.006646803, 0.0016131155, -0.009378066, 0.0007781729, -0.010345941, 0.017658288, -0.0069475984, -0.0009716079, -0.008857373, -0.012780372, 0.017318921, -0.016785385, -0.011660455, 0.0048014345, -0.012715063, 0.0063329423, 0.0029446033, 0.0048224293, -0.015346124, -0.00023889597, 0.0043564774, -0.0031001656, 0.0028628586, -0.0068144556, -0.035237312, 0.017788844, 0.0024372032, 0.0031641885, 0.011218746, 0.013801975, 0.0043139923, -0.012696382, -0.02280704, -0.004619579, -0.0025905073, -0.016810441, -0.002787773, 0.0064119557, 0.010541452, -0.005542941, 0.011396041, 0.0026212865, -0.0068422914, -0.008051522, -0.011501415, -0.009056637, -0.0023412316, -0.00011608873, 0.0066900733, -0.010342456, -0.0033230325, 0.002054863, -0.01059429, 0.006929686, 0.006534718, 0.010161453, -0.0015396961, 0.016323997, -0.0018136824, -0.025886955, -0.0013914965, -0.030553214, -0.016932197, 0.005739796, 0.0020821965, 0.002748901, 0.0032710636, 0.01938211, -0.0060719615, -0.0027140041, -0.04106727, 0.012452584, 0.002045425, 0.020982705, 0.019484313, -0.00047310293, -0.0089625595, 0.008079644, 0.0067531005, -0.0017291909, -0.0021925059, -0.0010291035, -0.0015533163, 0.013390404, -0.0070355446, 0.011263332, -0.009914876, 0.02491379, 0.01419948, -0.011865613, -0.008465191, 0.005334805, -0.007779011, 0.009897988, 0.011534733, 0.0037998396, -0.006932709, 0.0095690545, -0.012538714, -0.004162519, -0.01444101, 0.0010719371, -0.007001617, 0.0030185261, -0.00019318338, 0.015489165, -0.008297059, -0.02393195, 0.003191042, -0.004485881, -0.0013272922, -0.017790208, 0.0009004639, -0.0025987267, -0.009396577, -0.033172768, 0.0054308767, 0.006300364, 0.015174687, -0.0020416453, 0.016449802, 0.024930822, 0.008278924, 0.008300241, 0.0012364655, -0.006996266, 0.023437073, -0.0033105735, -0.0029688904, -0.0023215483, -0.0010013729, -4.5311856e-05, -0.016294437, -0.01203284, -0.015035109, -0.0100678615, -0.002600037, -0.0013920589, -0.028147697, 0.013130211, -0.02071516, 0.010671343, 0.008579832, -0.016757064, 0.0027897002, -0.029300453, 0.017892545, 0.021248799, -0.010492133, 0.012488658, -0.017163616, -0.023617154, -0.008773627, -0.0018291115, -0.007557549, -0.005309533, 0.004916718, -0.010003206, -0.032507412, -0.004801656, 0.008528623, 0.022979295, 0.001863748, -0.0029090827, -0.007927555, 0.021092419, -0.017977268, -0.0057104984, 0.016479975, 0.00049270166, 0.0015696737, -0.0020140938, 0.0007861681, 0.009291652, -0.006078408, 0.00248222, 0.0028375362, 0.017907353, -0.00020429131, -0.00824851, -0.00048155524, 0.0001620498, -0.0076166973, 0.0072036525, 0.003915978, -0.0010987174, -0.0011414014, -0.00692082, -0.014527814, -0.010487254, -0.014230379, 0.0079988185, 0.004603788, -0.0027734044, -0.005048253, 0.0014586819, -0.008028501, 0.013214293, 0.003124924, 0.0027559882, -0.019858195, 0.0024082442, 0.024389254, 0.007673475, -0.00074246264, 0.0005892284, -0.0031011987, -0.016223196, 0.0075215115, 0.009080346, 0.008161029, 0.0010424028, 0.0001302621, -0.003049435, -0.00043905718, -0.0068253777, -0.015507694, 0.012662045, 0.011337433, -0.006118987, -0.008514053, 0.021923954, -0.00427365, -0.017734662, -0.010888326, 0.008620617, 0.026119523, 0.0037870088, 0.000514305, 0.00083534373, 0.0021998174, 0.014127548, -0.017705709, 0.007143557, 0.018050775, 0.0050968444, 0.007419617, -0.02553245, 0.011113559, -0.00020414291, 0.008961806, 0.0015890365, 0.011255744, 0.02442216, 0.013541865, -0.009090826, -0.0039013498, -0.0061537595, 0.008777765, 0.00035303552, -0.0072851335, 0.0051418524, 0.0034638352, -0.0034582738, -0.0032151446, -0.017251547, -0.00011006003, 0.0007393368, 0.00062104623, -0.013629345, 0.007450254, 0.011965332, 0.0042260424, 0.0032056896, -0.013608813, 0.0153249055, -0.0097512435, 0.021221291, 0.010436727, -0.009561337, -0.013421161, 0.0032153013, 0.006428815, 0.0035706402, -0.008017353, -0.083622396, 0.0023180994, -0.009001657, 0.011098463, 0.011093786, -0.017887803, -0.0080871405, -0.007186545, 0.013816572, -0.01272386, -0.0009097845, -0.0033960706, 0.019176401, -0.0010376903, -0.013006441, -0.0039084866, -0.0013840868, -0.008461028, -0.0041077947, -0.0029661518, -0.015965382, 0.008389149, -0.00032866013, -0.0075033405, -0.014366126, 0.0069933236, -0.007822382, -0.007851755, 0.009557628, 0.017805522, 0.0029698156, 0.0016858488, 0.010759554, -0.001590516, 0.023921408, -0.006920335, 0.031710308, 0.0047943993, -0.13533501, 0.01223521, 0.0027560787, 0.00851405, -0.013238844, -0.022402097, 0.0033892766, 0.008882937, 0.0025664, 0.0053630653, -0.0051761977, 0.009353992, 0.004170855, -0.015342894, 0.0067832386, 0.002843105, -0.021377277, -0.0019272898, 0.004327637, 0.006865598, -0.013015721, -0.012421166, 0.013347961, -0.007003243, -0.018437501, -0.0030141058, 0.02061982, 0.0027752127, 0.008885688, -0.005332975, 0.014847155, -0.0013372804, -0.00030977852, -0.008799845, -0.012811122, -0.020156212, -0.00076029083, 0.010517935, 0.00933329, -0.0065333885, 0.0023681256, -0.008998555, 0.019669587, 0.013010401, 0.017209621, 0.014517364, 0.011979961, 0.0019094612, 0.015876938, -0.0069579394, 0.006051248, 0.0025199188, -0.007279223, -0.01553433, -0.008546146, -0.0066340133, -0.0009874633, 0.0028810764, 0.0057185534, -0.0038788372, -0.0080570625, -0.0009694942, -0.003200087, -0.003904531, -0.003504924, 0.023728909, -0.014577136, 0.021659244, -0.0034148784, 0.019460779, 0.016270112, 0.010357972, -0.024650358, -0.0025149987, 0.0053810114, 0.00020337025, 0.010751335, 0.0043561063, -0.009368829, 0.015734686, -0.010978059, -0.0060859756, -0.015640128, 0.003927235, -0.010041783, -0.016475074, -0.0030836498, 0.019333271, -0.0074883043, -0.06972495, 0.010800049, -0.021745669, 0.0044540167, 0.01198682, 0.008139405, -0.005488869, -0.008344651, 0.0023244538, -0.015163705, -0.009213873, -0.012976679, 0.018551784, -0.018477391, 0.006247286, 0.009446781, -0.023038732, 0.0042585274, -0.014688989, 0.015552914, -0.028290823, -0.0121664945, 0.0011347927, 0.012883784, -0.012556686, -0.018914979, -0.0004983032, -0.028542178, 0.008581501, 0.004543271, -0.008166742, -0.00055852253, 0.014978322, -0.019821005, 0.008162031, 0.016523862, 0.0049992763, 0.019524584, -0.004507959, -0.01814027, 0.002477233, 0.0021617014, -0.008699041, 0.005015394, 0.009336085, 0.005273144, -0.014361483, -0.0166382, 0.023975052, -0.006257478, 0.009530786, 0.020517625, -0.01645732, 0.008150711, -0.012339423, -0.00017363369, -0.0037682424, -0.010889354, 0.0112801725, 0.016723184, 0.013227079, 0.003512319, 0.010668433, -0.0012851092, 0.024474561, 0.009670367, -0.017891591, 0.006933042, -0.013812242, -0.0019114264, 0.016513154, -0.0052103247, 0.015386516, 0.014038597, -0.0006961287, 0.0056218193, 0.000633468, 0.011761227, -0.0052677626, -0.0036739544, 0.0106569175, 0.013931437, 0.01573296, 0.01008147, -0.02437564, -0.01309704, -0.0050234483, 0.016239813, 0.022450104, -0.0065939724, -0.0003084222, -0.00050713174, 0.0069749607, -0.0019440033, 0.0033226875, 0.021971462, -0.0015233821, -0.003821877, -0.0010038877, 0.0024847486, 0.0132940775, 0.0060440153, -0.013473416, -0.012547106, -0.0065768417, 0.0050658803, -0.0062655234, -0.007491201, -0.0044304715, -0.00469293, -0.01491854, 0.029875642, 0.019578796, 0.008866117, -0.17838627, -0.005694674, 0.00034119666, 0.006753082, -0.0075424383, -0.013511187, -0.007155931, -0.003847151, 0.0066424743, 0.00044534067, 0.0024082838, 0.0068689305, 0.008034691, -0.03748063, -0.014190911, 0.0026880912, 0.0038453857, 0.01659857, 0.000603395, 0.005733141, -0.023167532, 0.0066014207, -0.0088206725, 0.0036787987, 0.0023542708, -0.028898096, 0.013783728, 0.00013497523, 0.0030233092, -0.022597212, 0.0012375286, 0.0060480763, -0.0043128463, 0.00012887619, -0.023551311, -0.01791595, -0.017690208, -0.019047866, -0.00030246822, -0.004775515, 0.008642287, -0.004514569, -0.015732475, -0.0017958416, 0.005801851, -0.0007892066, -0.00807157, -0.023633838, -0.0042323973, -0.0064886226, 0.019425122, 0.0078007635, 0.01445345, -0.008608203, 0.019634029, -0.020666111, 0.022414867, 0.007144711, 0.02919375, -0.003731005, -0.014171033, 0.002876236, -0.004802101, -0.012279932, 0.02692055, -0.023741676, 0.0017112826, 0.14451404, -0.027934734, -0.0071718865, -0.01361509, 0.009904105, 0.014033621, 0.009587929, 0.0098863235, -0.0019374803, -0.00014292146, 0.006755597, 0.010463827, 0.014920518, -0.010318615, -0.026360301, 0.01977658, -0.01381262, 0.020865671, -0.012774864, 0.0054489886, 0.0054115946, 0.004244569, -0.011900567, -0.0068172794, 0.007634778, -0.0064404537, 0.0048949164, 0.007834209, 0.0029852502, 0.019595874, 0.025802365, -0.017390087, -0.02541317, 0.015959334, 0.015047238, 0.008307345, -0.01989749, -0.002742987, 0.0052857776, 0.017999912, 9.736357e-07, 0.021046747, 0.015176361, -0.015710015, 0.0069970284, 0.020032113, -0.0062723276, -0.005800392, -0.0066903834, 0.006522426, -0.034037102, 0.0128596965, -0.021205125, 0.009011153, 0.007783591, -0.0059369314, 0.003437933, 0.0056339973, 0.003365137, 0.02285848, 0.0008779261, -0.0011007844, -0.044440556, 0.014301707, 0.012200141, -0.0033180132, -0.0029166534, -0.010414084, -0.025394935, -0.09582208, 0.019803638, -0.019993845, -0.020775996, -0.0064656655, 0.00054723665, 0.023457289, -0.0055443784, 0.009397266, 0.004057668, -0.019974202, -0.013055805, -0.011505038, 0.015131043, 0.011645339, 0.018923774, 0.00070561987, 0.008797553, -0.00034264295, -0.005760243, 0.00833657, 0.0028077147, -0.0024252627, 0.0025392796, 0.006520242, 0.014439054, 0.010402679, -0.013886266, -0.0013096099, 0.013217104, 0.0027729073, -0.0033083602, -0.0062349006, 0.005909917, -0.02009406, -0.013239541, 0.0040495447, 0.006030319, 0.006209814, -0.018937444, -0.014303758, 0.0067648143, -0.00699236, -0.0071008806, 0.003908494, 0.0047125607, 0.012739308, -0.0033467005, -0.007049513, 0.010614815, -0.00083411427, 0.0014830481, 0.004590638, 0.0016481094, -0.019090652, 0.024957467, 0.0075216996, 0.0048622475, 0.031787008, -0.00019093933, 0.0037500057, 0.0098465, -0.011845168, 0.016309079, 0.005521802, 0.004422435, 0.017859885, 0.016211534, 0.024791768, -0.024422647, -0.015643729, -0.0023409566, 0.017321743, -0.0012128609, 0.009305124, 0.0037391803, 0.0017408844, -0.0011063728, -0.02304924, -0.00690036, -0.0014040229, 0.005878769, 0.024264522, 0.0023444023, 0.06455286, -0.0077513377, -0.005943568, -0.0047676736, 0.005093126, 0.011807964, 0.015663056, -0.0014331697, 0.013627446, -0.00027530108, -0.009513982, -0.0074574864, -0.0051502464, 0.01585657, -0.008854837, -0.0016872326, 0.002508554, -0.0021159733, -0.00798656, -0.0030293795, -0.0071872566, 0.0074406997, -0.01264753, 0.003415893, 0.013150322, -0.012517483, -0.017657593, 0.0078122155, -0.001244383, -0.019042354, 0.010640858, -0.0024672095, 0.012653022, -0.013843727, 0.0037963712, -0.008653275, -0.011470705, 0.00018882583, 0.017014718, 0.009813253, 0.008097467, -0.00090323924, -0.009636738, -0.0060174246, -0.0075535, 0.023007631, 0.017165495, -0.01685872, -0.024655357, 0.012009986, 0.008229055, -0.012713352, 0.019770045, -0.0009533484, 0.021101095, 0.019746877, -0.012417341, 0.030163156, 0.008279765, 0.0005989609, -0.013989336, -0.0014824782, 0.008514797, -0.01600959, -0.0033243478, 0.0012492248, 0.007309951, 0.003994564, -0.01026629, -0.008567654, 0.011921181, -0.007470666, -0.016036235, -0.020922745, 0.017037574, 0.005753712, 0.0044531366, -0.004822257, 0.0063699167, -0.018312683, -0.0069692326, 0.0045214007, -0.006452373, -0.002097139, -0.0148729505, -0.01997313, 0.00989476, -0.013680695, 0.0010737963, -0.014766133, -0.023530852, 0.007108421, 0.005839074, 0.0007154966, 0.012742274, -0.06557749, 0.021238508, 0.015337797, -0.009788959, -0.007705613, 0.0034939963, 0.029405253, 0.006294047, -0.0025805433, -0.0069119832, 0.016701704, -0.0027727438, -0.024884177, 0.012222115, 0.006067475, 0.0004270474, -0.012755088, 0.0028379627, -0.0030874806, 0.0011888148, 0.008946122, 0.004870778, -0.007284217, 0.010102988, -0.023298439, 0.005794946, -0.00063778175, 0.011503692, -0.0062951916, -0.0011756858, -0.015655793, -0.0112741515, -0.0138687985, -0.022469366, -0.0023082076, 0.0069477013, 0.024030078, -0.006334235, 0.00017733678, -0.043180086, -0.023309624, 0.025424225, -0.059131533, -0.0017944314, 0.017826673, -0.0011777629, -2.514899e-05, 0.009347391, 0.010164666, 0.0076328027, 0.018394332, -0.013899305, -0.010263492, -0.017975569, 0.008714994, -0.004081003, -0.0034117713, -0.0022522637, -0.013453061, -0.00303643, -0.0054784245, -0.001007418, -0.008406271, -0.014546433, 0.015830046, 0.017252991, -0.0035493025, 0.0015301143, -0.025553884, 0.037018683, -0.00663736, 0.012514441, 0.002255519, -0.0029714254, -0.001896613, -0.0026071144, 0.012579827, -0.008138081, 0.016724745, 0.018698597, 0.007674279, 0.029015128, 0.014471575, 0.045370024, 0.01401174, -0.030415628, -0.027062418, -0.09736108, -0.0062261946, 0.0029290016, -0.0061038234, 0.0047031003, 0.004390794, 0.010929132, 0.034968205, 0.0076773083, 0.0047999984, 0.0026010468, -0.010997255, 0.0011608516, -0.025391039, -0.019201158, 0.0059196474, -0.01412931, 0.013245295, 0.010719528, -0.0005531306, -0.006366571, -0.012422978, -0.014663937, -0.016312798, -0.013178095, -0.05375173, -0.005987236, -0.015204325, -0.0041214563, 0.021503689, -0.0094586015, -0.01606993, -0.019545978, -0.007965365, 0.01155392, 0.02186254, -0.00013411674, 0.008020778, -0.004083258, -0.006288468, 0.0030521043, -0.0048985975, 0.01131921, 0.007275098, -0.013673662, 0.010032647, -0.022170756, 0.023552293, 0.008403473, -0.015077936, -0.013055276, -0.021301195, -0.0035908783, -0.0026690525, -0.0051881615, -0.006942639, -0.019000256, -0.020228917, 0.0004127246, 0.0054225028, -0.005901812, -0.013408574, -0.010022196, 0.0008678492, -0.017208692, 0.0030361488, 0.0019503126, -0.010573238, -0.055061474, 0.03623625, 0.0027139673, 0.011603025, 0.00974588, 0.0023585935, -0.0058066486, -0.008302265, 0.025737103, 0.011379227, -0.02151746, 0.005656549, 0.009114715, 0.02304168, 0.009346586, 0.002250757, 0.007240105, 0.00032900172, -0.02800966, -0.0048177196, 0.011538191, 0.010898555, 0.0021467109, -0.021541841, -0.0019294276, 0.008140035, 0.015799904, 0.009948332, 0.016675357, -0.006849137, 0.007788818, -0.009341614, -0.018935403, 0.0013110456, 0.0045394967, 0.0025281264, 0.014324495, 0.0042071934, 0.0002653118, -0.00514863, -0.026094813, 0.011454204, 0.023993846, 0.0058299666, 0.0031024881, 0.0024903528, -0.016081175, -0.0037079281, -0.021715688, -0.011122094, 0.009644724, -0.012927953, -0.0140187815, -0.01943296, -0.02636003, -0.013888184, -0.025820216, 0.02335284, -0.0073716408, 0.0070643825, -0.012176042, 0.008288366, -0.014897604, 0.0275879, 0.00415488, -0.0096611865, 0.013317018, 0.003960433, -0.0038760758, 0.011884491, 0.01033035, 0.014807576, 0.0020131145, 0.023803549, -0.022390172, 0.011603137, 0.021708408, -0.0031297263, -0.0014084778, -0.0050085057, -0.00731394, -0.0021184196, 0.033001225, -0.008970615, 0.0040008146, -0.020696282, -0.033320066, 0.0107266195, -0.0051614605, -0.021851756, 0.02427412, -0.0067840135, -0.0066461135, -0.0066174217, 0.0039359806, 0.005713806, -0.017316163, 0.019579615, -0.030359324, 0.007920886, 0.028719561, -0.0045289937, 0.003269232, 0.0027663552, 0.0045001283, 0.014437065, 0.008990843, -0.0346623, -0.0068822084, 0.004805479, -0.011132199, -0.019553855, 0.00016361481, -0.023165068, -0.019214867, 0.025701564, -0.008923044, -0.015049315, -0.014534572, -0.009784407, 0.00093221135, 0.012886338, 0.0022323446, -0.017657548, 0.006911615, -0.029744564, -0.0182136, 0.0151411425, -0.023429334, 0.023562199, 0.005567509, -0.0050402526, 0.019710213, -0.0033463894, -0.01980638, -0.014572604, 0.0021872781, -0.0038169508, 0.004217265, -0.005897186, -0.030891163, 0.01378215, 0.0010464651, -0.0142873945, -0.009911348, -0.009263247, -0.011414984, -0.0072703287, 0.017969457, -0.0042278827, 0.0110688815, 0.031950984, 0.0014898089, -0.004486871, 0.010467583, 0.0017111818, -0.018807534, -0.0009438208, -0.016020898, -0.016060125, -0.000571016, 0.0062509077, -0.0056023616, -0.03540859, 0.017764542, 0.0011560167, 0.00066547125, 0.0064457557, -0.008878293, -0.015270019, -0.01651856, -0.017927462, -0.0036917417, -0.0026325458, 0.015700879, -0.019756109, 0.0115765175, -0.024300298, -0.0015376024, -0.006902505, 0.003554623, -0.008957043, 0.009736043, -0.0028569323, -0.0049832673, -0.010948592, 0.005704077, 0.004826849, 0.0027380157, 0.0018788985, -5.537474e-05, -0.025198683, 0.015683617, 0.001749021, -0.024025496, 0.037377857, -0.037597254, -0.024530564, -0.0011557068, -0.013182315, 0.0041270317, -0.0054177623, 0.005956076, -0.012517463, -0.026404738, 0.0034696246, -0.0011534076, -0.013631946, -0.011668197, 0.0028906607, 0.015797144, 0.011309387, 0.026072197, -0.027216682, 0.016949622, -0.0024766272, -0.00067986647, -0.00513621, -0.004146597, -0.01373339, 0.0069569903, -0.0188145, 0.014819598, -0.0045635956, -0.016277578, -0.010244347, -0.016713714, -0.011176787, -0.013471532, -0.003063086, 0.020076279, -0.012480335, 0.009716141, -0.00062726357, -0.015367282, 0.011193277, -0.026646338, -0.015638947, 0.021629008, -0.021037702, -0.0035784387, -0.0057179225, 0.00035474042, 0.0018716876, -0.0010327543, -0.010494337, -0.0109542515, -0.017221354, -0.026514277, -0.013595412, -0.009060291, 0.023540234, -0.0053129923, -0.0078276135, 0.0021750254, -0.010169022, 0.011912369, -0.00044397017, 0.0011773083, 0.004371479, -0.00070757506, 0.0042954413, -0.007559076, -0.0015521258, -0.010809813, -0.0054573775, 0.016673839, 0.0071124653, 0.016043168, 0.013496951, 0.00055438996, 0.0053250417, -0.002443463, 0.028547684, 0.0001997199, 0.0020587132, 0.003415878, 0.017211854, 0.00639307, -0.0058382717, 0.030104768, 0.032553684, -0.017958762, -0.017586298, 0.018679462, -0.0007364242, 0.033735387, -0.0051227217, -0.004929514, -0.014631988, 0.0042217523, -0.017436925, -0.004668894, -0.01783648, 0.009409867, 0.0024382002, 0.0062054195, -0.010523337, -0.010462143, -0.013156207, 0.004967928, 0.012471441, -0.003123214, -5.5142358e-05, -0.013445726, 0.006918164, 0.010143405, 0.003887621, -0.009889674, 0.005649959, 0.010528899, -0.0066314084, -0.00094451534, 0.0048721773, 0.005541357, 0.0048327707, 0.0071503245, -0.012094232, 0.020124206, 0.007210966, 0.017668977, -0.018439772, 0.0022784835, 0.00684626, 0.009247097, -0.0218312, -0.0043081986, -0.0008258653, 0.006351652, -0.0031712062, 0.013146938, 0.012376449, 0.013384114, 0.01602704, 0.0020274592, 0.01605494, 0.008518693, -0.012881987, -0.004627203, -0.005520738, 0.012993973, -0.020096177, -0.0150777595, -0.0036637378, 0.018257543, -0.0110156005, -0.040865704, 0.027729463, 0.0109014, 0.02000924, -0.0013141292, -0.009183926, -0.009748782, 0.013491735, 0.014526479, 0.011467408, 0.004704998, 0.0057108137, -0.011935856, -0.0045587216, -0.000106938234, -0.018227022, 0.009938757, -0.010949324, -0.0071063167, 0.0063658697, 0.017821202, 0.027346034, -0.009131895, 0.008425611, 0.0012228658, 0.0064224903, 0.008563244, 0.015901256, -0.0006730412, -0.004304383, 0.01544105, 0.014027969, -0.0066769263, 0.025498604, -0.011462101, -0.021105288, -0.0017835142, 0.0023445452, -0.024153061, -0.02259728, -0.0005760497, 0.0036122021, 0.010894084, 0.00017655703, 0.009032043, 0.0030657751, 0.0026707351, 0.0023682383, 0.014964927, 0.01694734, -0.033695202, -0.008287645, -0.025877777, 0.02733087, -0.022882497, -0.017300023, -0.011059702, 0.009095264, -0.004694237, -0.011490189, -0.0027100262, -0.015282155, 0.010919486, -0.0034175138, 0.0075121205, 0.022711452, 0.015266575, 0.0025999867, 0.03588863, -0.0072442554, -0.0028288725, -0.011643742, 0.00057276234, 0.0010353415, -0.018891891, -0.031599235, 0.006823172, -0.012997366, 0.016162816, -0.03546968, 0.008805392, 0.008041892, -0.010369112, 0.0027086579, 0.0026650436, -0.0053876806, -0.007277698, -0.013808223, -0.014464557, -0.016233787, 0.015656361, -0.004399128, 0.00780918, -0.00992667, -0.008009337, -0.037761487, -0.016023858, -0.004146593, 0.017671088, -0.002308658, -0.001446959, -0.010624065, 0.012662718, -0.0068226214, -0.012228183, 0.010331201, 0.014054793, -0.008519522, -0.0076044686, 0.0031950874, 0.009236265, -0.027070459, 0.021008125, 0.012989138, 0.007988747, 0.010075376, 0.028280456, 0.004670054, -0.005766532, 0.0034828568, 0.023089832, 0.015886245, -0.005158385, -0.045746345, 0.021459542, -0.0076017017, -0.017371813, -0.010227133, -0.008247552, -0.005193967, 0.022671094, -0.004118514, -0.01292653, 0.008547904, -0.01996854, 0.0028536855, -0.005838669, -0.019619325, 0.007114498, -0.016411293, -0.008948236, 0.013931267, -0.01024529, -0.00086735835, 0.013435988, -0.026944228, 0.006334499, 0.004045144, 0.007376369, 0.006008724, -0.008776492, -0.0034140237, 0.015047664, -0.012857675, 0.028222024, 0.0013857195, 0.0049070325, -0.0068343347, 0.0051792525, -0.012670134, 0.01374831, 0.0016972538, 0.012567002, -0.0064696097, 0.007690382, 0.0024061177, -0.00069516955, -0.031227462, -0.00940179, -0.020743933, -0.0055006943, -0.007634799, 0.0020839688, -0.017086325, -0.007116359, 0.0030190027, 0.0047622337, -0.027313182, 0.0010632193, 0.004464423, 0.0014915778, 0.007801549, -0.011753369, -0.0039054072, 0.017487578, -0.020763919, 0.015645517, -0.017063765, -0.025608856, 0.00033502028, -0.020145752, -0.02530975, -0.0073151686, 0.00396254, 0.009465055, -0.024530243, 0.017996637, 0.036224756, 0.015185553, 0.0058715274, 0.008943423, 0.013230302, -0.009650653, 0.0090684155, 0.016256638, -0.010154091, 0.0007116087, -0.010800931, 0.010242476, -0.00030031585, -0.016669486, -0.021075062, -0.019625925, -0.017435053, -0.0076721623, -0.012829317, -0.010341281, 0.010192155, 0.0042706258, 0.009099011, -0.015061118, 0.008089041, -0.00619376, 0.023948811, 0.020710021, 0.008174941, 0.021509498, -0.01576575, 0.015467398, 0.012527333, 0.020160966, 0.002551837, 0.03380471, 0.02495058, 0.0034321274, -0.012205763, 0.017561864, -0.019407209, -0.0048051253, -0.021050546, -0.0043477803, 0.013917339, -0.014413426, -0.009917887, -0.001379034, 0.017635355, -0.0065020225, 0.0005055909, 0.014438464, -0.014865443, 0.007938779, 0.009679127, 0.0015538745, -0.0060491236, 0.0045133326, 0.0031333647, 0.022350501, -0.029601024, -0.0049946317, 0.009829501, -0.008398932, 0.014807122, 0.014392634, 0.0045656194, 0.006977531, 0.0005565935, -0.013479084, 0.02259402, 0.007903752, 0.010629799, 0.0007899482, -0.023908813, 0.16242784, 0.11196143, -0.004985927, 0.0018974876, 0.004070112, 0.00606997, -0.0063663637, 0.013842085, 0.0125009, -0.012424902, -0.013026691, 0.012080275, -0.017726539, 0.0043249517, 0.0071664597, -0.004018195, 0.039442826, 0.0051856223, 0.002064327, 0.0005828643, -0.0083114635, 0.019979218, 0.002115065, -0.0048048208, -0.0022552947, 0.014634918, -0.018902918, -0.007342006, -0.0050672465, -0.0058605014, -0.0008732873, 0.011474727, -0.007721026, -0.01689689, 0.0022432962, 0.013315051, 0.011560483, 0.016929552, 0.0027546715, 0.012628815, -0.02342166, 0.0074969935, 0.008533522, 0.007830093, 0.005341156, 0.0045734504, 0.016870143, 0.003641247, -0.0044156774, 0.028512793, 0.0030641996, 0.007653479, 0.008174381, 0.00721585, -0.012803575, -0.0014297809, 0.017412603, -0.0021264502, -0.004295632, -0.00030477263, 0.008363499, 0.013292777, -0.0068482137, 0.015025348, -0.002713446, 0.010321788, 0.0050307442, 0.01745928, 0.008541374, -0.021862224, 0.011349838, 0.0163684, 0.0009733711, -0.0038959272, -0.0026386788, 0.027659124, -0.023505116, 0.015334514, 0.014997221, 0.023526387, -0.010334919, 0.01627074, -0.0120196985, -0.0021213533, -0.0065360623, 0.002455351, -0.02234995, 0.02946855, 0.104605995, -0.006035151, 0.01052546, -0.021319916, 0.011667875, 0.019315358, -0.012182722, 0.054399643, 0.008041182, 0.022168621, 0.019175518, -0.00023114363, 0.02071181, -0.0129825985, -0.0050828117, 0.038962774, 0.0228202, 0.046570625, 0.008796323, -0.0021407348, -0.01520876, -0.017462973, 0.0051760543, -0.0014241738, 0.010392642, -0.00023773964, -0.0191377, 0.015123772, -0.01659729, 0.0074068406, -0.11042794, -0.028125564, -0.013982299, 0.009142573, 0.00041738382, 0.022148587, 0.006790738, -0.004970761, -0.01398504, -0.00454516, -0.021976873, 0.011633268, 0.010527324, 0.017344764, -0.0053030476, 0.0063865636, 0.006447358, -0.01911329, -0.013299331, -0.005005763, 0.011408941, 0.014508849, -0.011382115, -0.0073237126, -0.0027896601, 0.016183766, -0.0032233214, 0.009269623, -0.0076291207, -0.01420244, -0.008554475, 0.020501183, 0.00025613618, 0.0014124948, -0.023975687, 0.022596857, -0.009011188, 0.0007964874, 0.010296021, -0.013512463, 0.01785212, -0.024956454, -0.0026648939, -0.015118763, 0.0029271892, 0.016787, 0.009491499, -0.0028626898, -0.020093277, -0.021186952, 0.025580794, -0.03335885, 0.015433272, -0.02150551, -0.01643025, 0.009571962, 0.019243887, -0.0074366224, 0.008875239, 0.0051151863, 0.017925521, 0.0108513, 0.012988963, -0.0052281157, 0.009638525, -0.011015801, 0.007562464, 0.021904675, -0.026032863, -0.022922581, -0.02413116, 0.004109176, -0.0053748307, -0.00660018, 0.008212085, 0.008066629, -0.029647622, -0.011036964, 0.027347768, 0.005377141, 0.0076504597, -0.005248388, -0.0012512192, 0.12336308, 0.012798544, -0.009639894, -0.00699437, 0.0168464, -0.016975384, 0.002004073, -0.00985278, -0.026178332, -0.009750915, -0.016731791, 0.008953029, -0.011369542, 0.011427956, -0.009527964, -0.008371108, 0.031014139, 0.003985556, 0.0018030291, -0.01771364, -0.0016258371, -0.0065362346, 0.02302347, -0.014554742, 0.022654513, 0.014317043, -0.02885246, -0.011498092, 0.006821376, 0.0030976904, 0.020186482, -0.037090514, -0.005546662, -0.004857082, 0.00022911376, -0.00827484, 0.0014662775, 0.0016536184, -0.012001872, -0.014867172, -0.0033688063, 0.02399261, 0.009586443, 0.017658405, -0.045735784, 0.20137945, -0.004118174, -0.0078043556, 0.0024824918, 0.015414155, 0.008804516, -0.014687535, 0.0058861882, -0.00763526, -0.0046537477, 0.029094687, 0.01911316, -0.012809742, 0.030279934, -0.0072729466, 0.005287434, -0.008269548, 0.039929908, -0.01404838, -0.0007553215, 0.0053346213, 0.0047513912, 0.00749655, 0.00049405394, -0.011098769, -0.012637608, 0.019258616, -0.0047162334, -0.0037918189, 0.013901344, 0.0014091358, -0.014225214, 0.017854616, -0.0064964066, -0.017368482, 0.017577762, -0.0039789444, -0.030258331, -0.01104294, -0.0028116489, -0.022751687, -0.0027586173, -0.0038813339, -0.008984556, 0.019503944, -0.024642091, -0.031266816, 0.004505337, -0.004016304, -0.013337015, -0.016624698, -0.005719852, -0.01171703, -0.007088426, -0.02034804, 0.010807558, -0.011601714, -0.0099627795, 0.00058172457, 0.00085558917, -0.005298792, 0.002831166, 0.0035619491, -0.011770102, 0.0003611219, -0.018565556, -0.017522944]"
Belleza emocional: cuando tu piel refleja lo que sientes,https://oem.com.mx/elsoldemexico/img/25457274/1756439809/BASE_LANDSCAPE/1200/image.webp,no especificado,"La experta Rosa Maria Sanchez habla de una tendencia global que va mas alla de lo estetico y busca generar un impacto positivo en la salud mental, emocional y fisica de las personas",https://oem.com.mx/elsoldemexico/tendencias/que-es-la-belleza-emocional-entrevista-con-rosa-maria-sanchez-directora-general-de-canipec-25457615,"[-0.010861924, 0.016417725, 0.013341345, -0.071118, 0.0016189319, 0.005599874, 0.006133261, 0.033523373, -0.01653061, 0.022971379, 0.020824514, 0.024430605, 0.0034393838, 0.060225245, 0.14014094, 0.024669591, -0.011002993, -0.0019024299, 0.011669215, 0.004834378, 0.014677619, -0.018147603, -0.015276492, -0.017346904, 0.008126659, -0.0063416953, 0.015504079, 0.007309952, -0.006097022, -0.026114771, -0.0051605036, 0.024322832, 0.036596835, 0.009266815, 0.00016681234, 0.00027953406, 0.005553169, -0.009948241, -0.004899443, 0.006707583, 0.00996411, -0.001189198, -0.009920411, -0.032161437, -0.005870662, -0.009832179, 0.0102851745, -0.021341128, 0.010477764, 0.0030438239, -0.009466199, 0.010546415, -0.031112753, -0.15813586, 0.022906147, -0.0068274736, -0.024343692, 0.0100762285, -0.009754239, -0.016650064, -0.026349373, 0.022939423, 0.0041356348, -0.06028025, 0.014887002, 0.0007439041, 0.004640848, -0.0430585, 0.0074698897, 0.008341403, 0.007367236, -0.024471441, -0.028325474, 0.020006023, 0.00026628948, 0.047487043, -0.0098891575, -0.012174212, 0.008742076, -0.025208233, -0.020230317, 0.019741746, -0.0041269, -0.024917757, -0.0016245797, 0.0040751495, 0.0027790507, 0.0081381975, -0.019278256, 0.036243975, 0.030044727, 0.0072765895, 0.0096738245, -0.027045775, -0.017869234, 0.017945211, 0.009758956, -0.010842003, -0.008717281, -0.008771783, -0.0095687, -0.00740771, -0.0005594741, 0.006932096, -0.006063872, -0.005809199, 0.007982691, -0.0009343463, -0.02847553, 0.026419302, -0.03435596, -0.004067822, -0.0021868737, 0.01738588, 0.009360762, -0.13022372, 0.01871898, -0.0076035177, 0.005473249, -0.004571463, -0.013632734, 0.0017806191, 0.0046687834, 0.02494916, -0.007765675, -0.009009736, -0.0043470925, 0.030063683, -0.016238792, 0.0126177, -0.021478074, -0.012007908, 0.01740258, 0.011306578, 0.006171787, 0.013783957, 0.018227, -0.015799018, -0.03155068, -0.020641733, -0.028333807, -0.010697841, -0.018824957, 0.0016179697, 0.014849698, 0.012573854, -0.03430096, 0.013698068, 0.038096607, -0.0020497637, -0.009194596, 0.01960649, -0.020246094, -0.017531022, 0.0022128865, -0.010038315, 0.021316133, 0.014397522, 0.012016346, 0.01569837, 0.012617926, -0.0051354803, -0.0046315007, 0.045309536, 0.010578707, -0.0026194812, -0.011214318, 0.0057099015, 0.022645656, -0.0005149562, -0.031615883, 0.01823427, -0.008910139, -0.0047747563, 0.0071413475, 0.01099794, -0.028855542, -0.014768387, -0.014060636, -0.0057457187, 0.013658044, 0.016124472, 0.025410121, 0.03163514, 0.022449015, -0.038752094, 0.009721546, -0.023110218, 0.002772155, -0.010049733, -0.01612613, -0.0072855437, -0.0114088515, 0.011742255, 0.010410655, 0.009412902, -0.023672868, 0.027099472, -0.020331556, 0.016421191, 0.021889623, -0.021258064, 0.017655747, -0.0041782553, 0.00796717, -0.008861262, -0.05059635, -0.020112107, -0.019363463, 0.014082652, 0.010574118, 0.010440659, 0.015907124, -0.040288012, -0.007835819, -0.017804308, 0.0080239065, -0.032298464, 0.007776086, -0.01770319, -0.018455587, -0.027295822, 0.012194974, 0.020364953, -0.0063870475, -0.027302904, -0.008947854, -0.0225496, -0.0021997993, 0.02120234, -0.0019282793, 0.024497874, 0.023279067, 0.024755957, 0.013481037, -0.010139181, -0.016609143, -0.04088411, 0.00023098377, -0.007960083, 0.009662931, -0.013757903, -0.00945271, -0.015270969, 8.200375e-05, 0.013679361, -0.017576393, 0.01650032, -0.025713565, 0.011894162, 0.009643873, -0.0053754263, -0.018631471, 0.0028466925, -0.010536501, -0.008473434, 0.021977862, -0.01909564, -0.023240807, -0.027826268, -0.013840867, 0.00439368, -0.0014622709, -0.00141537, -0.010522725, -0.01915849, 0.016878346, 0.006671868, -0.0058185714, 0.013121651, 0.033412732, 0.021365868, -0.019893715, -0.027650917, 0.0023167154, 0.00918459, -0.06617547, 0.01679819, -0.008220593, 0.012225349, -0.030760318, -0.032648098, 0.01069214, -0.015456652, 0.0065365066, -0.005251289, -0.0107725635, -0.010000075, -0.00026142015, 0.0019026158, 0.0044706054, 0.0068141646, -0.0057960493, -0.01287917, 0.0024104302, -0.015305795, 0.008262213, 0.017045196, -0.010411505, -0.014917538, 0.0058242627, 0.017543495, 0.00922733, 0.046015598, 0.011976086, -0.049296297, 0.0032370277, -0.026669221, -0.008929741, -0.0011135081, -0.007710633, 0.003824028, -0.020883085, 0.016166808, 0.017695617, 0.0071715494, 0.01500159, -0.0033306894, 0.014108212, 0.014577367, -0.009227898, -0.02603089, -0.012497149, -0.022162858, -0.028301734, -0.0367074, -0.014545187, 0.004429828, 0.0008119606, -0.015115607, 0.009147197, 0.007499191, 0.0251866, 0.0004419713, -0.004653732, 0.008940003, 0.0028118799, 0.029783543, -0.009822655, 0.0041940217, 0.01003871, -0.030853217, -0.015062709, -0.027326493, -0.035866424, 0.027560104, -0.014138006, -0.0042176438, 0.00933716, -0.010983999, -0.014208302, 0.0018390648, 0.040583946, 0.0006455163, -0.0015783712, 0.0039628902, 0.0013223802, 0.027278759, 0.009339899, 0.016048096, 0.02777078, 0.00071400765, -0.010822102, -0.010675447, 0.034994982, -0.014270018, 0.010496179, -0.009784896, -0.007570672, 0.006996389, 0.022869505, 0.0027233637, -0.003377773, -0.006429709, 0.03359003, 0.0068530934, -0.03165743, 0.00785072, -0.016599627, 0.0021452778, 0.025657032, -0.009844842, 0.013539354, 0.003275179, 0.011224052, 0.03708536, -0.003251498, -0.0007286939, 0.014043544, -0.0032995401, -0.006439756, 0.007886524, 0.0063662077, 0.006844578, -0.020869099, -0.012287412, -0.004850118, 0.013272774, -0.005112037, -0.014662952, -0.0053282697, -0.030882662, 0.015042202, 0.0006492694, -0.023030335, -0.015452259, -7.974418e-05, 0.006099382, 0.008180129, 0.00878843, 0.0008901898, -0.0045251637, 0.013557056, 0.016344586, 0.02134233, 0.015100624, 0.010438903, -0.0033573427, -0.017136505, 0.027905239, 0.004826329, -0.02112378, 0.0018020895, 0.01733776, 0.022702983, -0.010179751, -0.011501048, 0.01315704, -0.0007859732, -0.012870181, -0.022210244, -0.012567552, -0.025849368, -0.009495728, -0.048330687, -0.0394459, -0.009364361, -0.016293745, -0.019908112, -0.0044401777, 0.02839115, 0.002205386, 0.015860012, 0.0012928394, 0.019981438, 0.009592232, -0.014604263, -0.015602983, -0.036587026, 0.004218548, 0.022638598, 0.042175345, 0.028300865, -0.00935115, 0.026837597, 0.019297918, 0.014343712, -0.01352931, 0.008790125, -0.004990948, -0.0026437782, -0.040645983, 0.056269072, -0.0071022627, -0.00391562, 0.017335312, 0.022761729, -0.0092319865, 0.021083938, 0.02584477, 0.0053271465, -0.0109961415, -0.0076931384, 0.006087806, 0.013641889, 0.016740108, -0.022394832, -0.00023116343, 0.008427661, 0.015422164, 0.0112251835, -0.009965354, -0.010492218, -0.007882162, 0.009291147, -0.018156042, 0.015170294, 0.022929434, 0.019381125, 0.017368007, 0.038482863, 0.020814015, -0.015280509, -0.0022865296, 0.0014914677, 0.012614128, 0.0020198838, -0.035906736, 0.018255543, 0.009580584, 0.002647306, -0.024192058, 0.012636608, 0.010653077, -0.049566604, -0.013099675, -0.004379831, 0.013274695, 0.0057213595, 0.0041609216, -0.0001793623, 0.014481779, 0.02078117, -0.0018740034, -0.010723933, -0.0059686126, 0.008312997, 0.017733095, -0.009247908, 0.041712802, -0.018899504, 0.02595677, -0.005215342, 0.022232508, -0.020183725, 0.011881831, 0.006263322, -0.009362406, 0.033710826, -0.017028697, 0.0072413627, 0.0032008365, 0.013034024, -0.024370834, 0.0005303443, -0.027000671, 0.010554746, 0.017617464, 0.027524011, -0.013762103, -0.0077148876, 0.0015753785, -0.013740602, -0.013949911, 0.03905077, -0.061581902, -0.0077231247, -0.01128061, -0.009003516, -0.0063473484, -0.001091366, 0.016805604, -0.004752502, -0.0017393795, -0.0028001107, -0.012443375, -0.0083737625, 0.036036767, 0.020817472, 0.008243487, -0.0028184066, -0.0115349395, 0.02376801, 0.0033508728, 0.028612373, -0.0052535287, 0.009746406, 0.01435825, -0.012705233, -0.01708885, 0.006141603, -0.0012245902, -0.026415, 0.006811878, 0.017482577, 0.0040984643, 0.003715495, 0.0015102659, -0.007511491, 0.02399868, 0.0043386174, 8.537748e-05, -0.008466489, 0.0035004143, 0.019618485, 0.0012432655, 0.014185377, 0.029069422, -0.003961653, -0.020177795, -0.0060758777, -0.021462562, 0.008893371, 0.012201477, 0.021116827, -0.00519662, 0.024150522, -0.0068277135, 0.02181662, 0.005013639, -0.015929159, -0.018426578, -0.0058319876, -0.0011087349, -0.0050060363, -0.008161496, -0.009358295, 0.0021805395, -0.007884117, -0.0004064023, 0.00038164933, -0.026186628, 0.045502245, 0.037656337, -0.005457825, 0.023693187, 0.030007144, 0.006703817, 0.0007833974, -0.0035396523, 0.016409606, -0.009688564, 0.030185567, -0.0017047691, 9.0814174e-05, -0.019246086, -0.008487732, -0.08531676, 0.0020691564, 0.0074410816, 0.0030658345, 0.008683194, 0.0067802602, 0.037061296, -0.018020669, -0.0063166125, 0.018954752, -0.018505232, 0.026377369, -0.026649993, -0.037828118, -0.0073695113, 0.010670086, 0.004822424, -0.04366854, -0.015436609, -0.02122703, -0.0148514, 0.0030826558, 0.0196085, -0.032472435, 0.0167911, -0.017758898, -0.0040914966, -0.0012423589, -0.0032938747, 0.03166755, 0.0055740187, -0.14624025, -0.023253907, -0.00030083995, 0.0010173632, -0.008191385, 0.033720974, 0.00765578, 0.008286246, -0.0042862105, 0.0007063929, -0.004335753, 0.019608615, -0.056862354, 0.014662828, 0.027426755, 0.10761144, 0.019799534, -0.0131089445, 0.010168038, -0.014764608, -0.014636665, -0.0015490345, 0.0070017106, -0.024964886, 0.008196979, 0.01015014, 0.003885833, -0.016530389, 0.00262174, 0.030812027, 0.024077946, 0.013015759, -0.016664581, 0.023907725, -0.007631744, 0.013699531, 0.009648792, -0.022143358, -0.0015170652, -0.03186738, 0.027116634, 0.025125049, -0.016790416, 0.020655673, -0.0055663288, 0.0024623675, 0.03082435, 0.0036618644, 0.0016233454, -0.016926581, -0.019073684, -0.05751988, -0.036390994, 0.036405735, 0.0013254872, 0.015218145, -0.01208141, -0.016047357, -0.012400867, 0.0067399545, 0.019845387, -0.03361189, -0.012343386, 0.0021583992, -0.02242695, -0.004782126, 0.0017451122, 0.024840249, -0.012385788, 0.010987859, 0.004649247, -0.0064674807, -0.032096952, -0.02542592, 0.0042217844, -0.0067634303, -0.016512947, 0.013075217, -0.021376096, 0.0008544638, -0.0056785396, 0.0018464467, 0.01235098, -0.00987197, -0.021201177, 0.006246481, 0.004091195, 0.011854646, -0.0133946175, 0.021292629, 0.023019148, -0.0051315716, -0.002579614, 0.015134688, 0.01059609, -0.007781545, 0.0017210043, 0.006857801, -0.030327559, 0.0006859066, 0.0051407483, -0.01391441, -0.0005347844, 0.0037517108, -0.0032067068, -0.011253164, -0.025304256, 0.013647041, 0.005966935, -0.0064201383, -0.012166013, 0.0052468576, -0.0038575127, 0.015423012, -0.009895854, 0.0036821647, 0.0028856755, -0.0017152685, 0.006623597, -0.005339033, -0.011117131, 0.009590576, -0.014504662, 0.01134531, -0.003175338, 0.012513453, 0.00025161274, -0.0072268583, -0.00940907, -0.03045209, -0.014445771, -0.01876852, 0.0070491293, -0.007524883, -0.002511338, 0.008102949, -0.009781877, -0.003680389, -0.013211577, -0.011959743, 0.0063674278, -0.00026481476, 0.012112709, -0.00020727885, 0.0038431783, 0.0036010197, 0.0024763304, -0.01112742, 0.007619898, -0.025221236, 0.011759184, 0.0008129875, 0.014517788, 0.01808821, 0.0069529237, -0.010507778, -0.0037809082, -0.006010732, -0.0035500731, -0.016893968, 0.021194894, -0.007286783, -0.0022712643, 0.005516457, 0.0014502818, -0.010571787, 0.021221291, -0.007959807, 0.011418922, 0.016642192, -0.013878966, -0.0030751345, -0.027196975, -0.01298719, 0.0070122066, -0.0061893365, -0.0067421403, 0.0033896558, -0.014969242, 0.00747665, -0.0056066685, 0.023705797, -0.014177592, 0.016544854, 0.009325699, 0.017201342, 0.0077865985, -0.017585004, 0.009024698, 0.005536048, -0.0046843775, -0.0026356296, 0.0073227775, -0.019067379, 0.0027106241, 0.011360227, -0.0008037328, -0.002149806, -0.010182774, -0.007364143, 0.004948271, -0.022262288, -0.0132655585, -0.0073548034, -0.0096339835, 0.010387521, 0.0049889213, 0.007190521, -0.0033606666, -0.0028385061, 0.00069285836, 0.019519463, -0.013700538, -0.0051571415, 0.0065598064, -0.022998614, -0.025688874, 0.0010544483, 0.006508996, 0.0019497711, 0.003773273, 0.0046281614, 0.005144665, 0.00087567023, 0.0033393127, 0.010899818, -0.0068931263, 0.007975895, 0.0030355318, -0.0034146598, 0.0036303971, 0.0046162065, 0.007908168, -0.024083205, 0.0018504034, -0.0064958995, 0.0037419698, -0.0040341346, 0.0042621093, 0.0037705936, 0.011741426, -0.015930701, 0.00016780038, 0.00308697, -0.0033317178, 0.017124144, 0.004638696, 0.0018407283, 2.518888e-05, 0.0136125265, -0.0059155035, 0.010377837, -0.016548997, 0.0062344205, -0.013795218, -0.01064262, -0.00523918, 0.0074994606, -0.011779645, -0.015344689, -0.0020316828, -0.006758828, 0.0032620258, 0.0015226376, 0.0022848228, 0.028815342, -0.00865178, -0.01858446, -0.011964306, 0.010796624, -0.009138939, 0.0052703773, -6.261945e-05, -0.0015934928, 0.0062313653, 0.017474966, 0.009248808, 0.007279433, -0.015839294, -0.010644474, -0.00091161684, -0.004836988, 0.008713802, -0.005682739, 0.017330308, 0.012109994, 0.004011575, 0.013116904, -0.003945788, -0.0252885, -0.008336711, -0.011492603, 0.004669834, 0.0066703707, 0.0089310985, -0.00017206803, -0.008797418, 0.0002405376, -0.0032236923, 0.0053459243, 0.0050092526, -0.008864653, 0.011453809, -0.0056251492, 0.011274693, -0.010728433, -0.0052438187, 0.0031583323, 0.014731113, -0.0040182597, 0.07620144, 0.0012394417, 0.011098917, 0.018180683, -0.030693334, 0.0032906272, -0.00022291219, 0.00011044157, 0.005026849, 0.028038109, -0.012185765, -0.00375162, -0.0025271156, -0.010863704, 0.0063291867, -0.00873396, -0.018519348, 0.0036530066, -0.001880919, 0.0042673927, 0.007281661, 0.012106413, 0.01559156, -0.011926106, 0.002798034, -0.015533419, -0.00066957105, -0.0027717147, 0.011452839, 0.0036839587, -0.008189372, -0.008220718, 0.0075760433, -0.0022031302, -0.019040732, -0.004989709, -0.008864303, 0.0042398474, 0.003974179, -0.0012139167, -0.009985479, -0.012667714, 0.011421664, -0.0017037943, -0.014818968, 0.006484248, -0.015404386, -0.0112213725, 0.01099741, 0.00086829666, -0.0021185009, 0.028467428, -0.011043185, -0.005729984, 0.017906006, -0.0053670374, 0.0010554222, 0.016304601, 0.0031838561, -0.032179307, 0.0034477664, 0.017166825, -0.005072721, 0.004563365, -0.01176884, -0.009164011, 0.01841054, -0.008320734, 0.013620385, 0.0029583122, -0.002376405, -0.012938339, 0.006383315, 0.0147087835, -0.00532531, 0.001122271, -0.0036156236, -0.0019498166, -0.012336389, 0.005206195, 0.00536784, 0.00019381831, -0.00608178, 0.0038983657, 0.009976548, 0.0026788877, 0.011882373, -0.020678628, 0.020923557, 0.00815528, -0.013313805, 0.0044029327, -0.004844526, 0.007027727, -0.0050266446, 0.01192162, 0.05683475, 0.009970017, -0.010633874, 0.017413769, -0.0005767629, 0.0021930512, 0.0092897, 0.012860376, 0.016308483, -0.011729855, 0.009005541, -0.013937217, 0.0019020359, 0.009521157, 0.009762805, -0.010458955, 0.014223856, -0.017781392, -0.0034652916, 0.0011105867, 0.0013330777, 0.00013987697, -0.007858212, 0.00787443, 0.0068505295, 0.0052643926, 0.0015807127, 0.009373108, 0.01674402, 0.004894547, -0.022353288, 0.023451343, -0.00032049403, -0.019078935, 0.01717533, 0.0042047217, 0.0071901944, -0.007733874, -0.018960372, 0.017125385, 0.0040049925, -0.00081446517, 0.009160874, 0.009199358, -0.009546273, -0.0008387559, -0.013250129, 0.00040646366, -0.006865177, 0.021838816, 0.0029338421, 0.0093490025, -0.0008779633, -0.008351807, 0.015482234, -0.0066742967, -0.018163737, -0.008138033, -0.016261196, 0.010553456, 0.0021416524, 0.011208641, 0.007795617, -0.008801222, -0.00036526515, -0.0070589716, -0.00052561774, 0.003726725, -0.019247169, -0.00027909054, 0.0072765015, 0.018278178, -0.0144833, 0.013743835, -0.01106547, -0.0076978602, -0.0133026475, 0.015354942, -0.00018826911, -0.0028878553, -0.015051116, -0.02097269, 0.0053705145, 0.0066439826, 0.0018752102, 0.012652735, 0.0059294635, -0.01690985, -0.018879347, -0.010519453, 0.0019109248, -0.0015119585, 0.018210782, -0.03872594, -0.00056218245, 0.00028966746, 0.0057577626, -0.011347082, -0.0038497264, -0.0020194221, -0.009683973, 0.0031737383, 0.012606895, 0.018779205, -0.008899193, -0.0046150065, -0.003928951, -0.0053250813, 0.003230461, -0.0075498465, 0.008214187, 0.007926818, -0.01632725, 0.003998119, 0.0041278913, -0.0003794852, -0.0038990325, 0.013228795, -0.0045072013, -0.0149387065, 0.00663786, -0.011553707, 0.0010580843, -0.0024296176, 0.0036807014, -0.007394433, 0.0012531279, -0.012522384, -0.010148009, 0.019808827, 0.0039593624, 0.013199991, -0.003963185, -0.007868929, -0.0028711634, 0.0114682065, -0.008437544, 0.0110558, -0.012657016, -0.004020208, 0.011945983, -0.0037961819, -0.010668947, 0.0009058029, -0.009637253, 0.006761821, -0.006676327, 0.002605462, -0.0074705, -0.008427427, -0.025347767, 0.0069118612, -0.011265205, 0.0034618077, -0.010748116, -0.026303923, 0.018654162, -0.009878689, 0.017445264, -0.0063245147, 0.003913848, -0.07481604, -0.0052098283, 0.0023208372, 0.05028603, -0.00013082763, -0.00044264193, -0.0060537597, 0.0040189764, -0.022646785, 0.0071474686, 0.004961321, 0.005301955, 0.015085614, 0.005332631, 0.0029993071, -0.0053554317, -0.012558834, -0.0019037003, -0.012995204, -0.019491335, 0.014440038, 0.0017300326, -0.0010016712, 0.017438749, 0.022790307, -0.006141265, 0.0049966807, -0.017804964, 0.0046649035, -0.0028709895, -0.0031726572, -0.012151486, -0.006112809, 0.012989897, -0.0011100069, -0.00584896, -0.0030925255, -0.00945702, 0.0024703147, 0.009840617, 0.0170352, -0.0019879905, 0.000706708, 0.016851205, -0.015465069, -0.0072739893, 0.0069409306, 0.007908775, 0.010231298, 0.0018434448, 0.001238553, 0.010179864, -0.0028236294, 0.0066419984, -0.013220759, 0.003881686, 0.011393232, -0.01271548, 0.01646237, -0.019871397, 0.0009168058, -0.012873746, -0.0014235327, -0.014915053, -0.0058938065, 0.0010778212, 0.014291586, -0.008000713, -0.0051878793, 0.0051456196, 0.014400329, -0.0022284344, -0.023404805, -0.011428204, -0.0063440823, -0.011628292, 0.0031163383, 0.006188572, -0.0021086733, 0.0033739111, -0.00622803, -0.017669007, 0.0057874583, -0.011637262, 0.008947148, 0.0071709366, -0.014315323, -0.007238845, -0.01916035, 0.009265625, 0.0046810634, 0.008083702, -0.0060487567, -0.0037544358, 0.010591761, 0.014253541, -0.010420333, -0.003752653, 0.011265279, 0.005176191, -0.0018830622, 0.0032500483, 0.014469185, 0.012790151, 0.0028283189, -0.0009782158, -0.025462456, 0.0009285533, -0.0027009484, 0.0130520435, -0.010068521, 0.012313065, 0.0007489517, -0.010977185, 0.0070062317, 0.016584577, 0.0015990257, -0.012620599, -0.02316776, -0.0017425136, -0.011972303, 0.010270988, -0.0014263752, -0.0019357085, -0.0042935954, -0.008418191, -0.015683034, -0.0064328955, 0.013756891, -0.022257062, 0.0068579423, 0.0014991298, 0.019931406, 0.016307913, -0.013951787, -0.017535614, 0.008633425, -0.007054284, -0.005424765, -0.01588239, -0.0026932042, -0.009304373, 0.003844728, -0.010757457, -0.0013941575, 0.011774571, -0.0024543277, 0.01357781, 0.0074884524, 0.0018323938, -0.0028589487, -0.012215024, 0.008641479, 0.010998451, 0.009797886, 0.0049047363, 0.01095938, -0.0067142406, 0.0199164, -0.004024407, -0.004456872, 0.0055691446, -0.0026869713, -0.008193355, 0.009490032, 0.007379608, -0.010985151, -0.0014926809, -0.0020427387, -0.007434683, 0.010276348, 0.01523555, 0.011009816, 0.039897263, -0.00955698, -0.009297961, 0.0065336493, -0.00044049628, 0.012751996, 0.010288127, 0.0076394207, -0.0034545802, 0.013391242, -0.0028057247, 0.007902443, -0.0077398084, 0.001715669, 0.011200745, 0.0016005257, -0.017793614, 0.00015507515, 0.005792117, 0.006912071, -0.013991936, 0.017362462, 0.010648153, -0.008020576, 0.0022624675, 0.015796762, 0.00080593827, -0.0054632286, 0.005240958, -0.011485224, -0.0016925622, 0.0014854099, -0.07583507, 0.009798365, 0.01651948, 0.016891528, 0.021282375, 0.011033732, 0.0013215655, -0.017676542, 0.0006553382, -0.007960393, -0.005944596, -0.0033271865, 0.019241532, 0.0027622103, 0.00376145, 0.012024417, -0.008159018, -0.0077333497, -0.0012671237, 0.0015677726, -0.00091194373, 0.008939326, -0.003764814, 0.0020630783, 0.014520223, 0.0036312672, 0.01895836, 0.0030308128, 0.021484444, 0.00451382, -0.005391158, -0.001356308, -0.008262451, 0.009236819, 0.0111645255, 0.014366887, -0.0028950088, -0.0074169356, -0.14135692, 0.01644827, 0.011139852, -0.0023885109, 0.015563302, 0.010083667, 0.006389318, 0.0179178, 0.012420193, -0.0050076814, 0.014711329, -0.0069342824, 0.00059940567, -0.007131678, 0.0046176873, 0.0009965302, -0.027888643, -0.00927886, -0.026442451, 0.006934589, -0.0019873744, 0.01527406, 0.011049966, 0.00062157516, 0.0064499294, -0.019622078, -0.0057532145, 0.01160298, -0.0077944375, -0.0062077455, 0.0073170587, -0.0036543, -0.016646108, -0.0010816661, 0.012306751, 0.00716303, 0.008680329, -0.006426608, -0.013133999, 0.0096509345, 0.018239079, -0.0012467314, 0.01624696, 0.0113212885, -0.0011488184, 0.0023916815, -0.0078239925, 0.011537121, 0.014681646, 0.0060098185, -0.025003878, 0.0009202072, -0.015459739, -0.015827026, -0.003644213, -0.020073524, -0.015579985, 0.008803073, -0.0066572116, 0.0024269482, -0.01452122, 0.008191873, 0.00047910598, 0.007873411, -0.0024940795, -0.0037021677, 0.014248439, 0.018998958, 0.019560115, 0.010463531, -0.00444582, 0.015598364, -0.005167752, -0.008530027, 0.0064975824, 0.014173653, 0.010142115, 0.002214286, -0.012500049, -0.0051366487, 0.028236292, 0.010926616, -0.010732938, 0.009866501, -0.0032674598, 0.00046662232, -0.021415986, 0.035528272, -0.006941906, -0.03674777, -0.008100485, -0.0022052706, -0.0012118695, 0.0065169055, 0.014787032, -0.017244626, -0.006136602, 0.012310059, 0.0018872564, 0.0046009882, -0.009313022, -0.008969451, 0.01617515, 0.008297957, -0.022020027, -0.021467375, 0.0054545254, -0.0099774925, 0.011375153, -0.041206796, -0.034106962, -0.0027953007, 0.012381031, -0.004636402, -0.0058545517, -0.026426325, -0.01654332, 0.0030765943, 0.009730768, 0.020745052, -0.0063530994, 0.0007778323, -0.007596689, -0.026140833, -0.0013537562, -0.00985172, 0.02196595, 0.0018924458, 0.0021299324, 0.007821335, 0.0013291712, -0.017481156, 0.0036506816, 0.0021083858, -0.007792429, -0.020832546, 0.0024797604, 0.0050791707, 0.017072368, 0.003668816, -0.0074950345, -0.008476156, -0.017071828, 0.0030686182, 0.03647539, -0.025674429, -0.0049499623, -0.010167162, -0.020295635, 0.006560598, 0.014447362, -0.0069121863, 0.018422145, -0.0017032792, -0.0057086637, 0.00046954703, -0.0041398527, -0.008370332, -0.023262035, -0.00203423, -0.006022915, 0.019594746, 0.010832356, -0.006687019, 0.0014747026, 0.023265174, -0.0045000515, 0.00053360604, -0.024505218, 0.012568515, -0.005882524, 0.008009194, 0.030162795, -0.012828437, -0.010120715, -0.00028858607, -0.022278108, 0.015024067, 0.013264509, 0.008214731, -0.023995016, 0.0138763515, -0.014544586, -0.018851437, 0.005007341, -0.0031844403, 0.0044081863, 0.01001332, 0.007975646, 0.010362091, -0.005927985, -0.024416678, -0.011409459, 0.005892687, -0.019330898, -0.010845621, -0.014246519, -0.004865511, 0.0034781357, 0.0038364283, 0.009957155, 0.0053192987, -0.0021108242, -0.16379842, 0.0037532188, 0.0034781594, -0.0021968924, 0.00031231824, -0.023771249, 0.002634966, 0.016377827, 0.023611045, 0.017732944, 0.0107473815, 0.017357685, 0.025025126, 0.0011380845, -0.015329736, 0.0264253, 0.011827371, 0.043996323, 0.00090398075, -0.0010051036, -0.043020725, -0.00435677, -0.0067533725, 0.013917495, -0.0036490308, 0.010844799, 0.023265218, 0.0012741623, -0.01590021, -0.0030038126, 0.0068850527, -0.0019158211, -0.0143189635, -0.0058125006, -0.015230577, 0.0124213705, -0.02091975, 0.0058036633, -0.0037837306, -0.004367142, -0.019490821, -0.018578574, -0.03180277, -0.017453348, 0.003053427, 0.0042737466, -0.038194045, -0.015224557, -0.007341293, 0.010816383, 0.01686543, -0.0061311834, 0.008600955, 0.007752292, 0.01100918, -0.008762973, -0.009054086, 0.029635815, -0.0044536437, -0.00072768086, -0.021091882, 0.012744647, -0.0024255724, 0.0024144982, -0.0023504521, 0.0012713992, -0.020082828, 0.14376132, -0.026836684, 0.01560664, -0.0021777812, -0.0017637229, 0.026164522, -0.008360663, 0.012554669, 0.015796289, -0.03113017, 0.0018129875, 0.0030091258, 0.016560793, -0.003314798, -0.020225806, 0.0067221066, -0.017720038, -0.019422302, -0.009064713, -0.0065160254, -0.004115633, -0.023382444, 0.005261876, -0.0056550275, 0.011672027, -0.0074309777, 0.00168332, 0.021334244, 0.007718209, 0.01189126, 0.01224312, -0.013157555, -0.016610838, -0.0024046442, -0.002041837, -0.009276343, 0.0051021287, 0.019638246, -0.017373836, 0.03161501, 0.008229589, 0.004757878, -0.01303188, -0.016355922, 0.018917732, 0.014293923, -0.03911723, 0.0221825, 0.013983447, -0.0021099176, -0.005667217, -0.006358675, -0.0050120787, -0.0018085495, 0.008487261, -0.0153129315, 0.0025480373, 0.019706106, 0.016106173, 0.0031696549, 2.2845672e-05, 0.013739556, -0.025443602, 0.0044492627, 0.015467295, 0.008152752, -0.0010895807, -0.015369947, -0.0043695755, -0.10928481, 0.0016969049, -0.039268054, -0.017470965, -0.0037113158, 0.0026692778, -0.0052809487, -0.00070177467, 0.0048317024, -0.0041164216, -0.0021436862, -0.0057233926, 0.0026375086, 0.010027224, 0.020713193, 0.014518104, 0.010479866, 0.0031783797, 0.011667645, 0.007588704, 0.02249303, 0.0011043457, 0.01694567, -0.0006288565, 0.0063968473, 0.030320127, 0.0009357858, -0.018771078, 0.0014456407, 0.008910243, -0.022271767, -0.0022283096, -0.0053405985, 0.000783847, -0.020356787, 0.02013642, -0.012190237, 0.0066968407, -0.0028837675, -0.009783619, -0.00911431, -0.0007049068, 0.007149042, -0.018591609, -0.023809055, -0.013158023, 0.017638372, -0.00684631, -0.0014797697, -0.006885833, -0.010858342, -0.0022681789, 0.011813912, 0.022249779, -0.016461812, 0.013263198, -0.007746228, -0.0013760459, 0.009411405, 0.0039811004, -0.0060254843, 0.027821494, -0.014269799, 0.008562407, -0.019682972, 0.023986738, -0.0016797194, 0.008531958, 0.02272027, 0.0063081626, 0.0009940999, 0.0014707184, -0.00042603133, -0.018127507, -0.011075223, -0.005603289, -0.0062003816, 0.014714885, 0.0044159032, -0.014354855, 0.0011191708, 0.03069693, 0.0066048666, 0.014105811, 0.032928597, 0.020029087, -0.0038000846, -0.0053857723, -0.008604995, -0.0050295996, 0.011021135, -0.016857218, 0.0036042233, 0.0009246275, -0.013663076, 0.0008685863, 0.011376769, 0.00085157034, 0.02308789, -0.01210163, 0.009087086, -0.005645426, -0.016640738, 0.014200657, -0.009324814, 0.002228718, -0.013265121, -0.010164534, 0.019318508, 0.0040875208, -0.0071552233, -0.0067775426, 0.010202496, 0.005936857, -0.006644349, -0.015922876, -0.005245337, 0.008094364, 0.012857596, -0.023010565, 0.00063730415, 0.01622768, 0.018683445, 0.020590462, 0.03247171, 0.0051138843, -0.013729327, -0.0052548097, 0.021487977, 0.01619232, 0.0050087627, 0.022271372, 0.0050379024, 0.0019399181, 0.016535394, -0.0070921634, 0.010249231, 0.016487127, 0.010723879, 0.008911164, 0.0006200643, 0.013878286, -0.016381726, -0.006154485, 0.0018336932, -0.0058990773, 0.0018812425, 0.0018075751, 0.015982315, -0.04341826, 0.022735389, 0.019838598, -0.029136874, 0.025125924, 0.01681494, -0.009282935, 0.026210643, 0.012005594, 0.006979109, -0.00396244, 0.019880261, 0.019512901, 0.0012455136, -0.0008441099, -0.006052933, 0.0042341426, -0.013955077, -0.010310569, 0.01021536, -0.0040013674, 0.023991559, -0.0034705754, 0.0010708986, -0.00382025, 0.00949005, 0.020572454, 0.007944119, 0.019088153, -0.025322197, -0.07467075, 0.0057014404, 0.0145671675, 0.0075733485, 0.0026109302, 0.011794177, -0.009802293, -0.022181889, -0.0061832787, 0.0007874963, 0.015261204, -0.00924366, -0.016815497, 0.008967271, 0.009208879, -0.011057511, 0.015598739, -0.009991752, 0.020637883, -0.008107994, -0.005146917, 0.0024806487, 0.008137211, -0.0199128, 0.0018726708, -0.016219987, -0.0020637969, 0.02533656, -0.0051139463, -0.008610811, -0.002454289, -0.0007147216, -0.008008719, -0.025476523, 0.00059218286, 0.022993395, -0.025761897, -0.023295967, -0.0034449128, -0.014216744, 0.017739376, -0.025726087, -0.031709835, 0.00997582, -0.00022587898, 0.0056155906, 0.00026533307, 0.008498888, 0.019686725, -0.008976794, 0.02380564, 0.007119267, -0.032290664, -0.023451395, 0.008607154, -0.016519597, -0.016621964, 0.007416987, -0.011455285, 0.0029417772, -0.009999606, 0.02721288, -0.007071416, -0.0042432384, 0.00508917, 0.03272897, -0.009245641, 0.0028118712, -0.009628719, 0.039432947, -0.0073308223, -0.02094773, -0.0027454281, -0.0027603493, 0.0037080236, 0.0015536356, 0.011525517, -0.019021202, 0.012772917, 0.01966905, 0.0060820663, 0.00011724772, 0.0034611726, 0.040156774, 0.007188172, 0.031301904, -0.0064529786, -0.10179689, 0.0015319113, -0.0010268338, 0.0005304127, -0.030584825, 0.012584404, 0.0046588047, 0.04983548, -0.0036095115, 0.013499123, -0.0021969806, 0.013278298, -0.0058526183, -0.018414617, 0.0065389685, -0.0049694343, -0.0057556313, 0.014473969, -0.016781176, -0.010162027, -0.0011935362, -0.0049259975, -0.019427327, 0.034815658, -0.008407061, -0.05485085, 0.0030027407, 0.025458748, 0.01074362, 0.0046416135, -0.007085451, 0.0022605853, 0.00230314, 0.0007184856, 0.013502902, 0.007236013, -0.012561733, -0.002755858, -5.3468e-05, 0.014428133, 0.022448529, 0.0059916284, 0.003337374, 0.0021428333, -0.009173937, -0.007941578, -0.013657087, -0.007553565, -0.010970391, 0.0072396877, -0.009125167, 0.0014708549, 0.010823153, 0.006777861, -0.0026717875, 0.004230351, 0.0049700486, -0.0513888, -0.0040665204, 0.012823413, 0.00846023, 0.0075716306, 0.011631948, 0.0015167812, -0.000361132, -0.024233479, -0.029134871, -0.015379106, -0.047109134, -0.003267719, -0.004527706, 0.01582723, 0.01733749, -0.0035649086, -0.012625422, 0.004478266, -0.0018132441, 0.016506273, -0.02643209, -0.01495635, 0.018563984, -0.0037662315, 0.008214062, -0.022432342, -0.008116511, -0.007945154, -0.0025136326, -0.009592313, 0.01278783, 0.014889399, -0.012066996, -0.009342385, 0.018720483, -0.009471294, 6.658151e-05, 0.009983854, 0.0024510263, 0.0055440455, -0.00909137, -0.004327847, -0.018099496, 0.0040462282, 0.0071160784, -0.02534324, 0.005015581, 0.019933417, -0.0047316207, 0.0045589055, 0.015132453, 0.011677466, 0.02464265, 0.0033927148, -0.0017901616, 0.00065158936, -0.011021569, -0.0029138327, 7.5901764e-05, -0.007036277, -0.023979906, -0.019787766, -0.00071909546, 0.00726471, -0.036920197, -0.019102152, -0.011892539, -0.007341758, 7.253241e-05, -0.004575286, -0.00092163065, 0.007689918, 0.009007553, 0.0024643836, 0.016586328, 0.007925258, 0.0077916505, -0.016464207, -0.018836293, -0.012397428, -0.016903512, -0.0008444268, 0.028391061, 0.002363534, -0.009125028, -0.014794867, 0.017898073, 0.0032048111, -0.0076804156, -0.008147389, -0.014194029, -0.008203492, -0.0070551867, -0.0003316589, 0.039592832, 0.010059082, -0.005417665, 0.015938433, -0.0015212494, 0.004064919, 0.0396264, -0.008190917, 1.0562065e-05, 0.0122201275, 0.029891875, 0.0059976424, 0.012323154, 0.0027604778, -0.02135082, 0.0020960488, 0.011618129, 0.00677247, 0.013955426, -0.023515187, 0.0002694281, -0.0049197995, 0.03417281, -0.010881706, 0.013419074, -0.0039206347, -0.00040798477, 0.0011075439, 0.0053545972, -0.008396686, -0.011702975, 0.012753256, 0.013338041, -0.004360713, 0.00037231593, -0.010597842, -0.0074585453, -7.048946e-05, 0.012223642, -0.010126771, 0.011194451, -0.012631358, -0.02800203, 0.002895434, -0.00038850025, -0.003517618, -0.006060995, -0.0025649632, 0.00026066074, -0.0027355738, -0.009070957, -0.013314861, -0.024546808, 0.0151065355, 0.014336452, -0.0038298285, -0.009222924, -0.004642299, 0.0028347918, 0.024261162, 0.0006148728, 0.0020546797, -0.039107177, -0.00026453545, -0.005839714, -0.0058775586, 0.008716479, 0.0066898097, 0.011897452, 0.009565969, 0.009784257, -0.01696743, -0.015066308, -0.010142722, 0.004010675, 0.002369336, 0.011040092, 0.004006593, 0.0058331555, 0.004215878, -0.004636131, 0.014208151, -0.02306339, -0.02830483, -0.016413467, 0.0071368297, 0.00781266, 0.006921621, 0.026728502, 0.005125438, 0.008614574, -0.00015842335, -0.016166987, -0.004195072, 0.0073632626, 0.013742376, 0.0034432842, -0.0012879008, -0.006828556, -0.012835625, -0.002266123, -0.025894566, 0.02981242, 0.009581035, 0.0021803097, 0.01776997, 0.011132154, 0.004506033, -0.009970521, -0.007389911, -0.0018778611, 0.0064690807, -0.013377742, -0.0038430088, 0.006758013, 0.012740982, 0.011013543, -0.0107392445, -0.0129406145, -0.00824922, -0.019835038, -0.027007839, -0.004826886, -0.007321427, -0.007944851, 0.008083695, -0.0026240717, -0.013604747, 0.0011838684, -0.015379949, 0.025662525, 0.016382625, -0.021476828, -0.014095155, -0.004213692, 0.0007203426, -0.0011575235, -0.013857612, 0.012327501, -0.003734685, -0.0012790501, -0.018041795, -0.019303953, -0.020275176, 0.0035919254, -0.003242091, 0.0060456395, 0.0049079135, 0.012719124, -0.020150544, -0.008505767, 0.015535718, -0.0062349667, -0.014915383, 0.015261154, -0.0021732808, 0.005936286, 0.0134318415, 0.0014803222, -0.026717836, -0.0037093286, 0.01856779, -0.011683162, -0.0009469278, -0.008590785, -0.0066273496, 0.01669542, 0.0038142158, -0.039980505, -0.0038335521, 0.007121727, -0.011761429, -0.008167545, 0.0029793307, 0.0038143462, -0.0037514393, -0.003102042, 0.015581917, 0.0153285265, -0.023109889, -0.0017809122, 0.004787654, 0.0022357001, 0.011234991, -0.0014280153, 0.0028775106, 0.0009660538, 0.008419104, -0.016270421, 0.026939638, -0.0011957816, -0.020910036, 0.006260364, -0.0060359132, 0.003248824, -0.03765767, -0.009525926, 0.0002540253, -0.025444748, -0.008987751, 0.008891712, -0.0006883129, -0.0062676077, -0.01373503, -0.009011618, 0.0023512703, 0.003104565, 0.028024973, -0.017557481, 1.4881541e-06, 0.0027809876, -0.005607046, 0.0026057032, -0.019976338, -0.0024953214, -0.016443895, -0.0069511686, 0.0103927, 0.0028025783, -0.021795563, -0.008282666, -0.002465224, 0.014319034, -0.019371687, -0.0060970006, 0.015150672, 0.0015198921, -0.030061983, -0.027004367, 0.019917624, 0.01783233, -0.0023060034, -0.013480054, -0.0025616956, -0.011950495, -0.006131077, 0.010216544, -0.0021327124, 0.0007863421, 0.009984072, 0.032030087, 0.0065059303, 0.003804148, 0.0020345354, -0.0046389056, 0.0066801496, 0.0015112311, -0.0036026018, 0.006918659, 0.0034821709, 0.012745929, 0.0016037675, -0.0055631716, -0.0004624528, 0.0064215655, -0.005888675, 0.021879114, -0.005597395, 0.006505203, 0.012409188, -0.0036418312, -0.028192567, -0.007478514, 0.010357968, -0.017310973, 0.015204825, -0.0045611616, -0.009603299, -0.0068046623, 0.0072225244, 0.00064597203, -0.010215408, -0.023737421, 0.025501182, -0.0010105487, -0.018653724, -0.006157611, 0.0125334, 0.014711417, -0.021506667, -0.020940382, 0.01970146, -0.021087306, -0.009683781, -0.0026005958, -0.0014908698, 0.009075771, 0.02646315, 0.002766938, 0.017838685, 0.0035788296, -0.014077986, 0.007078068, -0.00025438785, -0.007701448, 0.0034884203, 0.005058647, -0.0034719019, 0.022947542, -0.013463802, -0.01403728, -0.024313595, -0.01728805, -0.00943074, 0.015538199, -0.003078714, 0.008298873, 0.019265268, 0.0023466253, -0.018787406, -0.004425545, -0.0073552774, -0.01463585, -0.009473455, -0.016634844, 0.0038928785, -0.00035963376, 0.0033175503, -0.06623684, -0.003663358, -0.018652314, -0.0025787845, -0.014721304, -0.006868696, -0.0010089932, -0.00014373157, 0.0231972, 0.0003642855, 0.009377132, -0.0056586456, 0.015145121, 0.009110156, 0.006129395, 0.0038403703, -0.0087547, -0.020536035, 0.0013574625, -0.002214583, -0.012593807, -0.010513596, -0.016308812, -0.01881905, 0.028510666, 0.016587945, 0.010218245, 0.0036837019, -0.010098946, -0.0070701456, 0.0043523116, -0.0016596557, 0.0155549375, -0.0016355684, 0.011557078, -0.01682644, -0.011918636, 0.0049783383, -0.0032364768, 0.003290899, -0.012649195, -0.013495338, 0.0035620385, -0.0079021575, 0.002662282, -0.008763762, 0.008106196, 0.016725937, -0.009801305, 0.008109815, -0.006925075, -0.0046345373, -0.0057438617, 0.009924931, 0.015901817, 0.016644882, -0.013875477, 0.019371169, -0.019841311, 0.006092255, 0.026986523, -0.00688313, 0.013653743, -0.012081303, -0.01384777, 0.0044408143, 0.010003786, -0.02061095, 0.012533405, 0.011919102, 0.011460209, -0.019541083, 0.008486215, 0.006425094, 0.017923811, 0.013868491, 0.042858995, -0.0125699695, -0.03536944, 0.000280255, -0.023046337, -0.0021291892, -0.012659122, -0.0015112612, -0.0022105412, 0.014116043, 0.008381673, -0.010195612, -0.006644728, 0.009576623, -0.024469774, 0.0066081826, -0.006369327, -0.002884548, -0.0064813546, 0.0022838358, -0.0057960674, -0.016316535, -0.012702944, -0.020115836, -0.000112134534, -0.0057324544, 0.011198338, -0.0011039982, 0.005758419, 0.0028351326, 0.015753942, -0.0011028209, 0.017818773, 0.026618827, 0.013719931, -0.02005684, -0.011407469, -0.0006590995, -0.001533802, 0.02145423, 0.016792335, 0.015447063, -0.020872826, -0.0015675721, 0.017791027, -0.01153262, 0.011986863, 0.015612098, -0.0004465156, 0.008091923, -0.018616257, -0.00990007, 0.033416003, -0.011408579, 0.0045623532, -0.009094967, -0.00093187904, -0.0036479707, -0.011328508, -0.013482878, -0.0023087251, 0.0010880058, 0.024518132, 0.0052857376, 0.009187354, 0.07069486, -0.022292549, 0.004853575, 0.01408219, -0.012244255, 0.010705375, 0.0032418151, 0.0056438143, -0.009816168, 0.0077426434, -0.010477755, 0.018501228, 0.004845104, -0.0029759684, -0.0058716675, 0.009964116, -0.002122882, -0.0028084146, -0.019159295, 0.007238269, 0.014097734, 0.010291653, 0.015171216, -0.006388918, 0.018208362, 0.0015829985, -0.0076668556, -0.0057618874, -0.012468822, 0.0062803184, -0.038385116, -0.02042753, 0.0045419396, -0.004010109, -0.011083022, 0.0072600027, 0.015228806, 0.013927407, 0.0039440095, 0.012961119, -0.015650975, -0.022439973, -0.0017930282, -0.0010059971, 0.0034159673, 0.023047142, 0.008250382, 0.018718926, 0.0054225004, 0.006177482, 0.013003331, 0.011160194, 0.007961554, -0.0038587693, 0.008071247, -0.0009406765, -0.0061888928, 0.021623263, -0.0051667406, 0.015436588, -0.018059216, -0.009236214, -0.0015144894, 0.0045996485, 0.016885772, 0.0009156807, 0.026337966, 0.02477269, 0.0013439392, 0.017093295, 0.04136027, -0.019984754, -0.010546967, -0.010417781, 0.0027525916, 0.16684918, 0.1138989, -0.012913924, 0.008659518, -0.00030584072, 0.0010781954, -0.010686912, 0.015870081, -0.002393138, 0.0026289516, -0.0008146374, -0.0034673659, -0.013546838, -0.02482969, 0.011089453, -0.0055931965, 0.009958432, 0.0057249204, -0.004885137, 0.0047354796, -0.014399654, -0.0029520695, -0.005784544, -0.016831238, -0.026081657, 0.023350049, -0.0025088256, -0.014012238, -0.012835609, -0.011620003, -0.01945587, -0.0056120907, -0.009152728, -0.010883782, 0.009490268, -0.01607179, 0.012683761, 0.005884299, -0.0017903805, -0.0059478716, -0.021329358, -0.005468861, 0.008171693, -0.006294714, 0.0254157, 0.021520138, 0.0046428475, -0.01735287, -0.00031440557, 0.013424732, -0.018442838, 0.022621322, 0.018684661, 0.022101412, 0.0028766994, -0.018836029, 0.004842416, 0.016815253, 0.0020711934, -0.01454151, -0.008086434, -0.018149327, -0.02825318, 0.0027312727, 0.015942324, 0.017638372, -0.007558981, -0.0035273288, 0.01688461, -0.013803734, -0.0051088114, 0.01661891, 0.01809726, 0.02468698, -0.012087058, 0.009885297, 0.019136056, -0.016117524, 0.009608613, 0.016859323, -0.0051908544, 0.017424328, 0.0015859156, 0.014983543, 0.009687631, 0.0031839903, 0.01569544, 0.007829162, 0.12435085, -0.0235791, -9.245665e-06, 0.0027929668, 0.020274771, 0.026908262, 0.023674106, 0.0484261, 0.010493286, 0.0066299955, 0.028571425, -0.029368453, 0.010411938, -0.05203759, -0.0069446573, -0.006289291, 0.018276557, -0.0056550438, -0.007612972, 0.017846286, -0.010515222, -0.0016350681, 0.0055432697, 0.01403265, 0.009646494, 0.004955718, 0.008225012, -0.0035751795, -0.023827408, 0.017240927, -0.07889324, 0.0036690873, -0.0031980064, 0.024945505, 0.0034802798, 0.022054339, 0.03207485, 0.0051897634, -0.0009166618, 0.027205164, -0.012250622, -0.00014332462, 0.008532121, -0.01077631, -0.00815697, 0.021663971, -0.004857418, -0.0011076195, 0.01184785, -0.0012139849, 0.025297783, 0.014150614, -0.008008712, -0.0026025188, -0.020320283, -0.011186986, -0.011342279, 0.00341857, 0.0025697197, -0.004221574, -0.03115421, -0.0034631738, -0.048187293, 0.008345768, -0.0034230899, 0.011228731, 0.0136729935, 0.001234737, 0.012782139, 0.0075493446, 0.007543862, -0.029685464, -0.0047647557, -0.027627612, -0.00048006888, 0.014503618, 0.0010764487, -0.010634579, 0.009962601, -0.011971203, 0.04704801, -0.025220204, 0.006515658, 0.011984229, 0.028563572, 0.01235558, 0.003763077, 0.0048794094, 0.02178118, 0.0052452367, 0.00121305, 0.025330482, -0.00096539076, -0.013384622, -0.0032335152, -0.017612612, 0.0051086675, 0.021695506, -0.020290673, -0.0019444211, 0.0013156636, 0.013675077, 0.005059929, 0.013042673, 0.0101360725, 0.022337584, -0.0069321194, -0.0050018807, -0.0012389083, -0.0038034124, 0.00454164, -0.0060890387, -0.009232656, 0.118644, 0.0059327283, 0.020299453, 0.008327937, 0.002132671, -0.027312614, -0.0006086751, -0.0037369826, -0.0020318385, -0.0047509316, -0.0034217732, -0.0073679187, -0.008343268, 0.0060517304, -0.02071728, 0.00020150894, 0.0024030022, 0.002098175, 0.005930237, -0.000713936, -0.01207531, -0.031123906, 0.03012845, 0.004194061, -0.0073768715, -0.023623275, -0.027698198, 0.01524802, -0.012493554, 0.009741626, 0.020685747, -0.006394084, 0.009762929, -0.012346147, 0.003125168, 0.010343261, -0.02335323, 0.016377987, 0.005776902, -0.007098566, -0.006759787, -0.012061683, 0.008784577, -0.009877855, -0.013770513, 0.19776496, -0.001661986, -0.019385576, -0.011149294, 0.00033588216, -0.019626932, -0.00947141, 0.020550558, -0.012103196, 0.01809993, 0.014427707, 0.021824248, -0.005819883, 0.021995753, -0.008573312, 0.007828068, 0.00494656, 0.009645431, -0.0036391024, 0.0064714397, -0.00028779692, 0.0020394612, -0.038013775, 0.0033448858, 0.0008461808, 0.0077288244, -0.006062439, 0.023257988, -0.012470173, 0.00048393416, 0.015534595, 0.000978718, -0.0067454227, -0.008769599, -0.013322863, 0.018545823, 0.015551925, 0.0005098114, -0.008271131, -0.0062821265, -0.0020898138, -0.015386174, -0.019917183, 0.010305176, -0.011708325, -0.037630137, -0.017627854, 0.0048815645, 0.01916664, -0.021989195, 0.003751421, 0.013095956, 0.028968759, -0.0008622355, 0.007400929, -0.021004524, -0.0011578848, 0.010141625, 0.0230122, -0.0037392513, 0.00036458595, -0.014331309, 0.00040831818, -0.0100903595, -0.003932567, 0.0033485556, -0.011234704]"
"Pedro Pascal, el nuevo idolo de la comunidad LGBTQ+",https://oem.com.mx/elsoldemexico/img/25459393/1756440625/BASE_LANDSCAPE/1200/image.webp,no especificado,"En medio de la polemica sobre su orientacion sexual, el actor chileno sera protagonista del filme de tematica gay ""De noche""",https://oem.com.mx/elsoldemexico/gossip/pedro-pascal-el-nuevo-idolo-de-la-comunidad-lgbtq-25459511,"[0.013150447, -0.01710811, -0.0039741835, -0.08767765, 0.0023458395, 0.015475722, -0.0072272886, -0.002085499, -0.026431235, -0.042638887, -0.00807909, -0.0016784347, 0.010990719, -0.008622668, 0.08259138, 0.012910898, 0.0012663765, 0.017094051, 0.022800274, 0.0064335414, -0.0050357822, -0.021075714, -0.0004570759, -0.024975156, 0.030663216, 0.013302182, 0.020674849, -0.007058275, 0.013797595, -0.008503878, -0.004442505, -0.0050046872, 0.025756465, 0.0064282822, -0.0036536017, 0.0036481658, -0.010265033, -0.024743117, 0.0047120266, 0.0014006265, -0.015120034, -8.863939e-05, -0.01390036, -0.010643158, -0.003328438, 0.0027486277, -0.014350888, -0.029905036, 0.022977151, 0.006212481, -0.00093882275, -0.02470668, -0.013565378, -0.15045622, 0.0011674814, -0.019036284, -0.00601937, 0.009213105, -0.015062989, -0.019377546, 0.0068326667, 0.030220035, 0.008615778, 0.015159059, -0.008376506, 0.013813084, 0.018663554, 0.03299473, -0.004553744, -0.030738851, 0.0075319675, 0.00864541, -0.022210676, 0.020971796, -0.013981115, 0.0042738817, 0.008195255, 0.011032852, 0.0093029365, -0.013514332, 0.0013053602, 0.0015993761, -0.02565335, -0.022248294, -0.023634864, 0.014016293, 0.0033833624, -0.004957787, 0.024165044, 0.006368587, -0.026249139, 0.019196974, 0.018408813, -0.02847529, -0.01531608, 0.008780421, 0.015734393, 0.030244552, -0.015614704, -0.007183266, -0.009232438, 0.0040898095, 0.023163123, 0.0042186193, -0.037650906, 0.014825052, 0.028761158, 0.0020142558, -0.046549313, -0.014308468, -0.025606286, -0.010370779, -0.023614634, 0.02604306, 0.013391047, -0.12677024, -0.011471953, 0.008589432, -0.019006357, 0.00041441977, -0.017844852, -0.0021808026, -0.031126335, 0.03146155, 0.009669203, 0.00027045538, -0.017022302, 0.014066424, -0.0066666435, -0.028313603, 0.022493247, 0.0020749609, -0.0036590695, -0.005854498, -0.017297078, 0.0154149765, 0.0032894206, -0.0072198813, -0.004692308, 0.0021422456, -0.01395296, -0.0061157565, -0.02981837, 0.029669838, 0.0077513154, -0.035800587, -0.0094754705, 0.039623898, 0.01955602, 0.0044424376, 0.00329394, 0.007610378, 0.004350431, 0.012440702, 0.007825152, -0.011325231, -0.00889435, 0.019631078, -0.004062744, 0.01864525, 0.027864186, 0.005882105, -0.0015658044, 0.02524139, 0.011370519, 0.0021964132, -0.010591834, 0.015009885, 0.013901413, 0.022063926, -0.012032909, 0.0047829063, -0.010026361, 0.0011158794, 0.006536243, -0.018888105, -0.0076181395, 0.0081552705, -0.03770118, -0.013227752, -0.023236, 0.007886271, -0.006205487, 0.020399468, 0.04568633, -0.019821903, -0.010685719, -0.021361612, 0.0020843185, -8.06476e-05, -0.011242175, -0.00082502095, 0.016434522, 0.013769447, -0.0047283615, -0.012233933, -0.011292874, -0.013113887, 0.005526061, 0.004120934, 0.012355489, 0.010727642, 0.0033432501, -0.009956356, 0.014106261, -0.00024559547, -0.02215788, -0.0025593673, 0.016697146, 0.01367999, -0.021950383, -0.0005697754, 0.0095275855, -0.0038609374, 0.03124322, -0.010278991, -0.0005816271, -0.02830181, -0.0043327548, -0.0055742813, -0.0016026667, -0.017618071, -0.020502396, 0.014860784, 0.004482182, -0.017866282, 0.009215971, 0.013809344, -0.0007814566, 0.010332732, 0.0066359905, -0.017810874, -0.00393277, -0.0002590488, 0.009177845, -0.018784525, -0.022466151, -0.0045862086, 0.014244051, 0.022486303, 0.024417704, 0.0012614989, 0.010788025, 0.011074864, 0.009272863, -0.0076230434, -0.04144852, 0.000989413, -0.00781883, -0.007245531, -0.021694105, 0.016936218, -0.049295533, 0.0055732643, 0.0017380245, -0.0057111364, -0.029218003, -0.0042297947, 0.023169989, -0.023005195, 0.010253026, -0.020332972, -0.010177751, 0.015148936, 0.013668494, 0.00502476, -0.0012967135, -0.0020479837, -0.024631664, -0.0022482926, 0.010074848, 0.0021778243, 0.010343294, -0.012849958, -0.0028693737, 0.0028939885, -0.06184124, 0.019495962, -0.0038030008, 0.011464264, 0.0044312044, -0.007843544, 0.017138945, 0.0071983426, 0.01649023, -0.008401882, 0.009291891, -0.02046431, -0.015280611, 0.008689543, -0.0050188084, 0.0056560542, -0.005399654, -0.008478581, 0.008329814, -0.030714625, -0.0046738954, -0.004818572, -0.039278265, -0.022587717, 0.01334189, 0.027949994, 0.0055844067, 0.02656458, 0.04340622, -0.047058504, -0.028909303, -0.022491705, -0.016398557, -0.0010231638, 0.008181496, 0.007608652, -0.015500968, -0.02740699, -0.01297409, 0.0028789742, 0.014054494, -0.04026928, -0.030420898, 0.0062955725, -0.0005152976, -0.016328888, -0.0070504732, 0.0046601184, 0.032425236, 0.037690487, -0.008945803, -0.011431087, -0.00560275, -0.0026981717, -0.02779516, -0.011423299, 0.02564571, -0.0062176147, 0.024224008, -0.020077547, 0.011028851, 0.013648916, -0.014486263, 0.008007252, -0.009527909, 0.013064575, 0.00803536, -0.004474808, -0.009981185, 0.008948247, 0.0012201065, -0.036797956, -0.004408411, -0.02919334, -0.0378891, 0.0032715437, -0.0014436864, -0.0013999114, -0.021564744, 0.011333916, -0.019701844, 0.0072610993, -0.02990109, 0.025573563, 0.024183495, 0.03075909, -0.013755721, -0.024203768, 0.017985772, -0.0057121995, -0.008225646, -0.008785319, 0.0029724645, -0.008633671, 0.00938697, 0.008061393, -0.065658465, -0.0026309423, -0.0015597125, 0.012907244, 0.021575827, -0.014180748, 0.028317986, -0.006749646, -0.0035236524, -0.0006279591, 0.02081196, -0.014397708, 0.0053719603, 0.0027922872, 0.038155336, 0.0092277415, 0.0033490385, -0.032923255, 0.0050501325, -0.009348124, 0.03707331, -0.01688103, 0.008072736, 0.0058492674, 0.008609038, -0.008873367, 0.014249218, 0.006976311, -0.018746825, 0.016814005, 0.019616125, 0.014528574, 0.010854718, 0.0030828302, -0.0014037525, -0.038542196, 0.012384084, -0.004845567, 0.0055207927, -0.0005611184, 0.015236205, -0.029715696, -0.0024298886, 0.010808546, -0.007889677, -0.011806403, 0.014080959, -0.016101208, 0.01671444, 0.006966082, -0.01512227, 0.0062346472, 0.0073835673, 0.01917771, -0.01922582, -0.03022983, -0.0078700315, 0.038455743, 0.021256782, -0.0064167185, -0.018711565, -0.00315192, -0.011175824, 0.0049423934, -0.009159923, 0.0008577279, 0.012686264, 0.021050166, -0.008746117, -0.007982339, -0.030490242, 0.018592386, 0.0636216, -0.0017651058, 0.004018614, -0.00041486722, 0.010437931, -0.016842168, -0.007848031, -0.002972778, 0.0069900616, -0.021194477, 0.013957752, -0.004682872, -0.02829204, -0.021187233, -0.004149059, -0.023490934, 0.008908463, -0.021403285, 0.0039895857, -0.030962948, -0.009124511, -0.008992643, -0.020848202, -0.02122097, 0.008128688, 0.021424996, -0.018099329, -0.009550098, -0.023599306, -0.0028163414, -0.022542058, 0.0103509445, -0.01928184, -0.009672405, 0.02222006, -0.016443385, -0.01660628, -0.027967738, -0.0065955757, -0.0076254266, 0.01512717, 0.013253913, 0.013973842, 0.018083775, 0.0013309034, -0.010550574, 0.0061790887, 0.017765276, -0.0033367763, -0.051715292, -0.015079952, -0.019686414, -0.004170333, 0.00959572, -0.018184708, -0.0105034495, -0.0017103028, 0.0015913094, 0.026447339, 0.0061122766, 0.006367971, 0.01301222, -0.0040794825, 0.00892821, -0.00089837005, -0.0011952675, -0.0025438892, 0.0073615247, 0.0064001707, -0.012522445, 0.02710062, 0.04962998, -0.016971493, 0.032358553, -0.01327854, 0.016341833, -0.052416436, 0.014909331, -0.031303644, 0.016479442, 0.00085586536, 0.016961234, -0.005769064, -0.01636245, -0.0230715, -0.009493438, -0.028349862, 0.02180218, -0.018366838, 0.007877888, 0.0117587745, 0.025003007, 0.0025241508, 0.030299556, -0.008980467, 0.0064989678, 0.008625392, -0.004297743, -0.02471109, 0.0056071463, 0.02441918, -0.0871042, 0.020079305, 0.0138810715, -0.025277926, -0.014250373, -0.04206603, 0.0037496646, -0.016515145, 0.0011667898, 0.021733394, -0.014336144, -0.017821131, 0.021156872, 0.02210324, 0.0025427141, -0.021364335, -0.045430683, 0.008724822, 0.009418282, -0.0030771052, 0.02343351, 0.003953979, 0.013891295, 0.017570604, -0.03490675, 0.025939876, 0.0008130989, -0.003066413, -0.018408, 0.02781664, -0.0044582807, 0.007279169, 0.0127144065, 0.031654745, -0.0013933093, 0.0072127124, -0.018742766, -0.007892212, -0.009535293, 0.0065703127, 0.0046889526, 0.010376562, 0.025646018, -0.007909478, -0.023207888, 0.021628672, -0.015825951, 0.03119071, -0.0031123043, -0.011525198, -0.0015962269, -0.0070705987, 0.0071580224, 0.013094621, -0.0032553754, -0.003648197, -0.005802626, -0.009202244, -0.006732698, 0.018932069, -0.019647907, -0.0059857573, 0.009714591, 0.0025199722, -0.02110635, -0.010581568, -0.0058717807, 0.019457152, 0.008018784, 0.018473737, 0.01365831, 0.022971379, 0.00028948972, -0.0120881, 0.0066277394, 0.016754309, -0.0036659106, 0.03083137, 0.002332148, -0.007063137, -0.00028569557, -0.0057824836, -0.117354356, -0.0039207535, -0.016422551, -0.01158023, -0.0034603383, -0.022875369, -0.0023989833, 0.0019035181, 0.0031095077, 0.014648322, 0.0062465435, 0.023344189, 0.025094237, -0.023001276, -0.006102315, -0.018461399, 0.016238533, -0.018572755, -0.014567807, 0.0072150696, -0.035396416, -0.0017932635, 0.035666216, -0.010183895, 0.008559333, -0.0067922077, -0.0009774378, -2.5008801e-05, 0.0139843095, -0.0107946135, 0.008535611, -0.1511852, -0.007398521, -0.018106425, -0.0013336232, 0.030929854, -0.0034712753, 0.03023132, -0.022604015, -0.042338587, 0.0111275185, 0.0043574558, -0.014485787, -0.029760033, 0.024432868, 0.010246321, 0.11761334, 0.004445469, 0.053419806, 0.0041160723, -0.00043067627, 0.005356661, 0.0050035003, -0.004952821, -0.01291979, 0.01809089, -0.0047041783, 0.034328137, -0.0060444097, -0.020778969, 0.005779852, -0.024907755, 0.0018100683, -0.017783005, 0.028957894, 0.006091266, -0.00070161995, 0.03482191, -0.02743552, -0.0086877085, 0.01931745, 0.009174276, 0.00611614, -0.011227813, 0.0003924091, 0.004485336, -0.0074182576, 0.008967613, -0.013087274, -0.02911466, -0.0012446897, -0.015409641, -0.076525584, 0.011591124, 0.012307273, 0.014660829, 0.004582683, -0.007556702, 0.019191204, -0.012465817, -0.034395058, -0.0069008884, 0.037395127, -0.0031542766, -0.013361352, 0.009265033, -0.009417696, 0.034218576, -0.0017466777, -0.028771095, -0.02678499, -0.002168201, 0.024625083, -0.014916962, -0.009156088, -0.031763468, 0.0025603226, -0.017265182, 0.02603887, -0.0124587035, -0.007555882, 0.008527656, 0.016323937, 0.03197778, -0.02857733, -0.015692834, 0.0018693592, 0.016843924, 0.029065976, -0.009589572, -0.0011839978, 0.012059724, 0.027821926, 0.00047159538, 0.01742599, -0.010185192, 0.0034995459, 0.0010496213, 0.0065782717, -0.0019351679, -0.0002329761, -0.018348739, -0.0030624282, -0.015879408, 0.0028879882, 0.02977496, -0.0056388904, 0.012975384, 0.006488912, 0.035010487, -0.012532266, 0.005207934, -0.010362461, -0.001718838, 0.010159152, -0.003449823, -0.0072985697, 0.018234244, -0.0025833442, -0.0122608105, -0.030364012, 0.00027896665, -0.0039730454, 0.0035975755, 0.0028346889, -0.008357238, -0.014956788, 0.0026668098, 0.011680181, -0.002620923, -0.058108114, 0.005232441, 0.015283301, 0.0037205291, -0.0068682344, -0.018402442, 0.0014976783, 0.008643029, 0.010783783, -0.012007576, -0.007297642, 0.01681141, -0.010125325, 0.00046791724, -0.017197696, -0.00493186, 0.016822224, 0.00028127315, -0.009711944, -0.010809832, 0.0015629603, 0.0038577458, -0.010607874, 0.027407218, 0.010025598, 0.0019665086, -0.01146102, 0.010672304, 0.024516981, 0.0034273672, -0.0042309915, -0.016630845, 0.0010346456, -0.004006188, 0.017848887, 0.001325734, 0.010089027, 0.011861188, 0.01309896, 0.0037294144, 0.015265045, 0.007220207, 0.002306553, -0.00064543553, 0.015079244, -0.009085642, -0.0083226515, 0.007696298, -0.017217884, -0.0037802516, 0.0026879078, 0.0068958863, 0.014318307, 0.0029125335, -0.0029782543, 0.0071198754, 0.014212367, -0.010114667, -0.0064856713, 0.009667089, 0.011460883, 0.0029211412, -0.027264576, 0.03366851, -0.027405865, -0.0047940416, 0.024302399, -0.0036871128, -0.0076119937, 0.0036913229, -0.0060693333, -0.011303881, -0.0074790395, -0.0051810057, 0.018386273, 0.0055791494, 0.005748468, -0.0010543017, 0.008445801, 0.017007552, 0.007018334, 0.0013686275, -0.0021427167, -0.0017986404, 0.0013287517, -0.014126319, -0.018372102, 0.014240698, 0.006170656, 0.011788667, 0.01752296, 0.0039002232, 0.0057053696, -0.0027465753, 0.008673247, 0.009742599, -0.0039008812, -0.010811708, -0.004400561, -0.003910996, 0.0049027237, -0.01595162, 0.0066816104, 0.006747381, -0.0045871944, -0.009963628, -0.011652537, 0.011033765, 0.0003603559, 0.010032825, -0.0004297398, -0.021838402, 0.009494497, -0.0025756718, 0.0068392856, -0.0027901544, 0.011759846, -0.0031378802, 0.010423333, 0.00045567847, 0.00087421085, 0.01963454, -0.002887502, -0.008158771, 0.010916194, -0.0035399054, -0.0063727503, -0.012361851, 0.015324199, -0.007659494, -0.0077177417, -0.0074991076, 0.0123995915, -0.013068177, 0.012446475, -0.0016547828, 0.004617664, -0.0042428114, 0.010652747, 0.021126507, 0.0060597155, -0.0053880685, 0.0075717866, 0.0069189654, 0.011918454, -0.0061979867, -0.024125645, -0.008341885, -0.0029746778, 0.0102199055, -0.021111008, 0.005295981, 0.0030544123, -0.005747885, -0.010291045, -0.01861673, 0.0030029844, 0.0008014595, -0.005180941, 0.004715687, -0.024333313, -0.009373161, 0.00901117, 0.017633611, -0.0011828277, 0.014396728, 0.009292945, 0.013081804, -0.0036451085, 0.0062295077, -0.0035113583, 0.014395381, -0.0060626967, 0.012880589, -0.00061153533, 0.003044379, -0.0021133735, -0.0026471426, 0.00638002, 0.024063868, 0.0058085164, 0.06741613, -0.014343288, -0.013264187, -0.0034120562, 0.004331916, 0.0076812743, -0.001705232, -0.010269378, -0.0067467936, -0.0035569423, 0.0057495595, -0.00036488703, -0.013604155, -0.0029597208, -0.0026836141, -0.0006456414, -0.011345042, -0.01541125, -0.0024878113, 0.020825567, 0.005074263, -0.00061264116, -0.0003373912, 0.013885865, 0.010910018, 0.008214622, -0.0072082337, -0.002501662, 0.003750732, 0.0022809298, 0.00050096563, -0.005770612, -0.0033196493, -0.004919397, -0.019382125, 0.0005409481, -0.0023494656, 0.025548788, -0.00062507385, 0.024221314, 0.01227197, -0.006698483, -0.015266216, 0.008943675, 0.013650973, -0.0044878405, -0.009984487, 0.0005913858, -0.006740378, 0.007679547, -0.016780788, -0.012452681, -0.008200854, -0.002082759, -0.002730194, -7.907632e-05, 0.014669986, 0.013570724, 0.016576048, 0.0047600633, 0.0042336304, 0.00974458, -0.0013874274, 0.023040196, -0.003586504, -0.013634815, 0.00516281, 0.0073958337, 0.016250918, -0.008551519, -0.008676451, 0.006709756, 0.014065926, 0.007700306, 0.02510658, -0.0073254714, 0.0032058074, -0.0065431935, -0.022974081, -0.009002857, 0.023698214, 0.012869615, -0.0023543534, 0.007020804, -0.004961646, 0.00072040217, -0.004296607, -0.008313777, 0.011812413, 0.00085155986, 0.01825572, -0.0192599, 0.0068128305, 0.008597241, -0.0014284197, 0.0064650713, 0.050917253, 0.008783932, -0.009945053, 0.00087586977, 0.0032031778, -0.01253045, 0.0114487, -0.009518041, 0.007136609, -0.007073228, 0.015667915, -0.008522554, 0.0012023147, 0.0032645178, -0.00056536106, 0.0036533666, -0.004944996, -0.021180842, 0.0031123953, -0.017866224, 0.002299624, 0.0012501924, 0.009992061, -0.010534474, -0.015967578, -0.012690939, -0.015789242, 0.017977713, 0.013532167, -0.018068735, -0.004067745, 0.012691553, -0.0063811187, 0.00726761, -0.00094289193, 0.0011730046, -0.004557855, -0.011499278, -0.027776744, 0.0077710813, 0.0125326095, -0.0114949895, -0.0057767997, 0.021992479, -0.016410422, 0.002570062, -0.004963191, 0.010988016, 0.011302008, -0.0075734463, 0.01438556, -0.0036523151, -0.0099968705, 0.022742098, 0.024433184, -0.00608944, 0.0026591078, -0.0094014015, -0.013399484, -0.016814448, -0.008676799, 0.01747711, -0.017717328, -0.0070303646, 0.025318554, 0.0064003435, 0.0076337573, -0.02259297, 0.0062615564, 0.009207361, 0.0044278144, 0.012025005, 0.016276564, -0.008330281, -0.007881925, 0.017196178, 0.008676385, -0.01838681, -0.015770309, 0.00894287, 0.02636139, -0.026166104, 0.008356685, 0.010173912, -0.007389408, 0.019430025, -0.013027501, -0.015648555, -0.00570653, 0.00646923, 0.0030902296, -0.0013720369, -0.0063801366, 0.002755569, 0.004922846, 0.023341749, 8.030439e-05, 0.0050700344, -0.0051039597, 0.014422338, 0.0063097966, 0.0110788485, -0.0065234257, -0.0008263526, -0.010312981, -0.03189209, 0.0035000937, 0.008957967, 0.008308247, 0.010900345, 0.022304395, 0.013829399, -0.014540951, 0.0023184626, 0.0070825545, -0.022895142, 0.013096214, 0.01576596, 0.0028285028, 0.018655946, 0.023626732, 0.017912986, 0.009475277, -0.0058319587, 0.015930997, 0.025785465, -0.010879607, 0.015323413, 0.016634589, -0.01318451, 0.0016427131, -0.0004515548, -0.0023595577, 0.0053350544, -0.0038383065, 0.00011719698, -0.00080365385, -0.002069821, -0.006356375, -0.0042790505, 0.023361107, -0.0019597786, 0.004783383, -0.0020516769, 0.0024816347, -0.009607489, 0.0037311134, -0.0043162806, -0.0032149795, -0.014894457, -0.010187255, 0.009983191, -0.0185085, -0.0005381888, -0.003827781, 0.012006801, -0.008346941, 0.0082560545, 0.0004790329, 0.010338753, -0.0096604405, -0.060055356, -0.0050942386, 0.0076161562, 0.011514606, 0.00032785608, -0.0031890066, 0.009683978, 0.008746745, 0.016644996, -0.0035527486, -0.00916728, 0.016222065, -0.0023540799, -0.0028997387, -0.010834744, 0.009421841, -0.016813256, -0.006602652, -0.007167062, -0.005834399, -0.009312656, 0.0024752298, -0.014566279, -0.008766553, 0.0021139744, -0.005868097, -0.021397235, 0.0027524054, -0.00071419135, -0.0078442795, -0.005387623, -0.0014661527, 0.0064611295, -0.0033600521, 0.012472462, 0.0103161335, 0.019791368, 0.005123429, -0.0073805302, -0.0108020445, 1.9849947e-05, -0.019574324, 0.0045569674, 0.010750639, -0.011660993, 0.004127929, 0.010817656, -0.0022047018, -0.0007115089, -0.011871784, 0.0150205605, -0.015197543, -0.025503468, 0.0233411, -0.0032594213, -0.011835942, 0.0072900564, -0.007582996, 0.0101682525, -0.01014082, 0.018683005, -0.008752546, -0.011372297, -0.016842952, -0.0009668015, -0.019154144, 0.0019837806, -0.013797639, -0.0011429455, -0.011479816, -0.012276574, 0.012089292, -0.0027364166, -0.00486474, -0.008851062, -0.0055801366, 0.0074384483, 0.008065776, 0.0007663418, 0.0034526663, -0.0062455107, -0.007920706, 0.000325379, -0.007113025, -0.0078059286, 0.010644969, -0.0026478553, -0.011691882, 0.003866229, 0.014637816, 0.003990928, -0.00844731, -0.00029578278, -0.012969588, 0.008030598, 0.015554543, -0.0075998977, 0.00730652, 0.007161493, 0.008680215, -0.0059493473, 0.016211657, 0.015637742, -0.01113226, -0.006105729, 0.024440244, -0.013375293, 0.005283638, -0.0017974041, -0.004671442, 0.005507309, 0.008603947, -0.0074831014, 0.009603845, 0.0031326942, 0.016273623, -0.019471869, -0.005729938, -0.0006825707, 0.0068568303, -0.003865029, 0.007941384, -0.007473977, -0.0030525117, 0.009297276, 0.0055030882, -0.00064744905, -0.0074810544, 0.005468191, -0.005980804, -0.0032422985, 0.012342054, 0.00485737, -0.00092566106, 0.00027387912, 0.008805749, 0.021909095, 0.0020516831, -0.009738194, 0.008640647, 0.009884401, -0.005134913, 0.0023732847, -0.009674545, 0.012941307, -0.0054859193, 0.014526623, -0.0018295095, 0.0013466106, -0.025567606, 0.018542886, -0.014060649, -0.0037719181, 0.0014437744, -0.00035881458, 0.009082997, -0.0037551175, -0.016344676, 0.011965826, -0.011249289, 0.0063437945, 0.004605513, 0.009198854, 0.0061634746, -0.019971097, 0.01312614, -0.007062648, 0.01326212, 0.007714063, -0.011139391, -0.010999987, 0.0056101815, 0.002662624, 0.032443978, 0.005493781, -0.01959915, -0.006930635, -0.016850902, 0.016217334, -0.004621932, -0.00081235863, -0.0033164707, -0.0057621873, -0.0038389608, -0.0019245306, -0.015304061, 0.003310217, -0.0020463304, 0.015026992, 0.00048712373, 0.00353032, -0.003935592, 0.006467459, -0.01269347, 0.017639045, -0.002872969, -0.001364365, 0.0015058337, 0.009289613, -0.0015547444, 0.0093383975, 0.0023033395, 0.000599548, -0.008523103, -0.009461618, -0.087402835, 0.013147281, 0.005560314, 0.022601297, 0.01532608, -0.00478046, 0.023668103, -0.011325882, -0.0011188653, 0.0156401, -0.0056116516, 0.012574434, 0.013051175, -0.003155021, -0.00038582235, 0.008844703, -0.012757202, 0.0045066625, 0.025231529, 0.0063380124, -0.005772344, -0.00961795, -0.0051424517, 0.0018095695, -0.017971344, 0.013768211, 0.0028820634, 0.009422175, 0.009500362, 0.007561095, -0.01309497, 0.008750077, 0.003787032, -0.0042670486, 0.013548068, 0.013353201, -0.0055174953, -0.0070228004, -0.13912544, 0.02115955, 0.00025010118, 0.0106429765, -0.010618695, -0.001763055, -0.012455725, -0.009175295, -0.008180886, 0.0015803635, -0.011785733, 0.008954224, -0.015338105, -0.010751458, 0.006524385, 0.0052500837, -0.0057232273, 0.004740505, -0.03620216, 0.0054610567, 0.0039359913, -0.008163786, -0.004577676, 0.004721532, -0.017987413, 0.011726128, -0.0070651546, 0.016904606, -0.00424705, 0.00057620846, 0.02274837, 0.0042694625, 0.0055046272, 2.0107613e-05, 0.012299656, -0.008887816, 0.015602076, -0.02001353, -0.006726561, -0.0012521204, 0.021084027, 0.011974601, 0.003018888, -0.01628689, -0.0016107812, 0.0061308085, 0.008111976, -0.011054553, 0.007966095, 0.010393424, 0.021100799, -0.011306686, -0.01496453, 0.00029274204, -0.011227728, -0.00692458, -0.0051999404, -0.010154169, 0.012211296, 0.00627577, -0.012048687, 0.00618462, 0.018768251, -0.009743271, -0.009551892, -0.0046943906, -0.00025181408, 0.012274308, -0.0044988105, -0.022441141, -0.0025259615, 0.026908683, -0.0052753766, -0.019499728, 0.009796402, -0.005457423, 0.021133654, 0.0043906835, -0.0015559401, -0.0026998697, 0.00521534, 0.014473368, -0.011161767, -0.0010838155, -0.012704055, 9.204514e-05, 0.013937366, 0.021955978, -0.004915339, -0.05133017, 0.02076179, -0.013841967, 0.014900771, 0.0019586212, -0.0011796984, -0.025588337, 0.0053704893, -0.006295338, -0.026734537, -0.0013175883, -0.009488403, 0.022857666, -0.004234512, 0.021333212, -0.0017582014, -0.0076201926, -0.013351297, -0.0023352022, 0.0020314006, -0.003792323, 0.0086474, 0.0070592295, 0.019423848, 0.020569367, -0.020001546, -0.0031197218, 0.0021301792, 0.009195078, -0.00900007, 0.00017667098, -0.0028577866, -0.007929337, -0.004560103, -0.0052141435, 0.012417883, 0.00030924685, -0.005389365, -0.017300421, -0.018485593, 0.019670585, -0.003963663, -0.014986022, 0.007866795, 0.017480688, 0.013573832, -0.0005912307, -0.0056323744, 0.0008571509, -0.0025378994, -0.026564281, -0.00053280086, 0.014366851, -0.02912582, -0.006664566, 0.016239103, -0.0049779476, -0.008098658, -0.022260586, -0.004730467, 0.0004359778, 0.009988274, -0.015576722, 0.0019113896, -0.027669165, 0.014111663, 0.012938822, 0.012733517, 0.010261763, 0.0066823647, -0.0007925738, -0.024893632, 0.018300481, -0.0019387514, 0.00096651056, -0.0043396847, 0.027916744, -0.016683096, -0.028209506, 0.023520187, 0.022829644, 0.0136110755, 0.025796233, -0.014100845, 0.0061960905, -0.009689497, -0.0052899006, -0.012569131, 0.003795901, 0.025526458, -0.020604974, -0.003164116, -0.012155048, 0.013763149, -0.021418048, 0.012562672, 0.0099696005, -0.022919022, 0.020060109, 0.015283944, 0.024607308, 0.011792227, -0.022492478, -0.0076239146, 0.01388148, 0.004144407, -0.005999289, -0.0008339998, 0.01907957, -0.005582974, 0.0077911285, 0.010239302, -0.014173353, 0.040392287, -0.16650651, -0.008354325, 0.0073160385, 0.016321225, 0.03747232, 0.008660093, -0.0133822905, 0.016319407, 0.0069377096, -0.010861522, 0.044555727, 0.021457536, -0.024845319, -0.0065674935, 0.025405249, -0.028673055, 0.030889517, 0.0020370004, 0.029228153, -0.011188356, -0.025237082, 0.0016956097, 0.002099653, -3.268024e-05, 0.006096178, 0.009565957, 0.019194512, -0.0068310597, -0.0060797944, -0.019883316, 0.0029402254, -0.004209707, -0.0069137705, 0.008805631, -0.00629092, -0.005889597, -0.009889409, -0.0028097706, -0.020153102, -0.016361836, -0.00079804956, -0.0025859599, -0.014762814, 0.008431943, -0.013800034, -0.019201227, -0.027360033, -0.0052040587, -0.013847239, 0.00067924353, -0.005162991, -0.0062831403, -0.0060277386, -0.03439496, 0.018926723, -0.015719092, 0.00030260434, 0.008293864, -0.007140836, -0.003297082, -0.027437393, -0.0025380894, -0.00091881887, -0.005024924, 0.009128014, -0.0033617096, -0.017310737, 0.14178704, -0.017881867, 0.0048784413, 0.005666135, -0.0041792453, 0.046687763, -0.001264718, -0.013336726, 0.027077543, -0.027962197, -0.012389253, 0.010382066, 0.006023053, -0.0158514, -0.004435825, -0.0009994641, -0.00021997922, 0.019560106, -0.009622206, -0.00248165, -0.0031928923, -0.016713338, 0.015901396, -0.0079323165, -0.01001473, -0.008057156, -0.003845378, -0.009537669, -0.004341171, 0.0015318333, 0.039642736, 0.010945196, -0.020605909, -0.006807844, 0.03161868, 0.0010388122, 0.006073943, 0.010958779, -0.0053257663, 0.015377595, 0.0046527255, 0.0104083, -0.016712619, -0.010855629, -0.0036050512, 0.007906812, 0.01721633, -0.0045518214, -0.002991413, -0.0077406317, -0.021766607, 0.0016871995, -0.0034557455, 0.016428417, -0.010777813, -0.029278984, 0.0072926525, -0.0047615627, -0.026255073, -0.015746884, -0.0083234925, 0.0067307446, -0.011022974, 0.026948333, -0.005025275, -0.012039203, -0.007357417, 0.0058061318, 0.0036430554, -0.12839611, 0.013372335, -0.01791799, -0.011837152, 0.0030729899, -0.011000217, 0.0039957063, -0.024682034, -0.016353494, 0.0028679704, -0.014722198, 0.014994115, -0.0078108953, -0.002618168, 0.016699672, -0.01840557, -0.0058066733, -0.00043834024, 0.019527541, 0.010805191, 0.0030040164, 0.01269348, 0.02957796, 0.009610328, -0.0010881391, -0.009668851, 0.010865583, 0.0070397565, -0.017075619, 0.019240359, -0.032727353, 0.029972518, -0.027288891, -0.0011812336, -0.0058127386, -0.017699584, -0.011878378, 0.0050469423, 0.013536736, 0.0026470372, 0.0294936, 0.0051243105, 0.022369852, -0.009690275, 0.018101607, 0.02049604, -0.013466414, 0.0070644007, -0.021631472, -0.020496614, 0.00071207096, -0.010609212, -0.0023677761, 0.009556468, -0.006694253, -0.012654861, 0.00896845, -0.017383257, -9.181068e-05, 0.0072360015, -0.020754645, 0.0061819376, 0.0032763686, -0.0012608627, -0.0040603797, 0.001252349, -0.011683289, -0.004838245, -0.01681362, -0.0006392599, -0.011388526, 0.00075490476, -0.0042687035, -0.010168502, 0.010344663, -0.012555123, -0.0014733516, 0.0320545, 0.008791611, 0.022772746, 0.006033412, 0.016331928, 0.008875622, -0.003578657, 0.03597961, -0.024801344, -0.022998644, -0.00078310753, -0.004121713, -0.0035439662, -0.010705369, 0.009132811, 0.019820385, 0.010252906, 0.009664642, -0.0064956634, 0.0061574397, -0.007760201, 0.03595761, 0.004154096, -0.0142983515, 0.013762328, -0.023812164, 0.00086507935, -0.019584075, -0.019801069, -0.006413886, 0.018934095, -0.0040177843, -0.0007390088, -0.0054460685, 0.004890657, -0.028856132, -0.019266156, -0.006678116, 0.012604793, 0.008360717, -0.011652288, -0.026004601, -0.023321481, -0.014149667, 0.005741794, -0.00806296, -0.0024770582, -0.012991758, 0.017354047, -0.028926797, -0.011382259, 0.0026869217, 0.00058072753, 0.021379571, -0.00091171317, 0.0142950835, 0.006866065, 0.007879871, 0.0029661683, -0.0029070019, 0.024097517, 0.012231663, 0.0023777129, -0.004344767, 0.0098173, -0.011690313, -0.002002496, -0.00089083135, -0.0035689801, 0.013883066, -0.0152819175, -0.006845583, -0.019817121, 0.014128955, -0.013053334, -0.027280126, -0.013155053, 0.015683828, -0.01971437, 0.005249509, 0.00036743746, -0.010734582, -0.003273595, 0.0064705135, 0.022564065, 0.030855665, 0.0073079066, 0.001971154, -0.011454872, -0.0032290563, -0.026170379, -0.019241644, -0.031203132, 0.025625579, -0.012563367, 0.0036930572, 0.0022679274, -0.011865948, -0.006790481, -0.009148038, 0.033975847, 0.02466572, -0.06417707, 0.011614384, -0.012937053, 0.008180349, -0.010586846, 0.0010532743, -0.018658582, -0.00274298, -0.008483138, -0.014783185, 0.012067602, -0.018449979, -0.012232229, -0.0010828722, 0.010530455, 0.01645975, -0.0073773484, -0.014480598, 0.013338877, 0.004971191, 0.022894943, -0.006607448, 0.008661114, 0.00076681626, 0.018908795, -0.008220179, 0.006961375, 0.005910891, -0.01170481, -0.029399866, -0.00693052, -0.0024635643, 0.0035061936, -0.007877635, -2.278886e-05, -0.0122820325, 0.014535043, -0.023805244, 0.009007529, -0.053223215, 0.0049087624, 0.010895409, -0.06173653, 0.0102034025, -0.008235987, -0.0023496586, 0.012795927, 0.00839946, 0.00066641753, -0.010527282, 0.006793805, -0.013989024, -0.011668596, 0.0005014626, 0.034637973, 0.0013501978, 0.021285715, 0.0068305484, -0.01621183, -0.0037672608, 0.010037904, -0.025276788, 0.0046970244, 0.015728574, -0.010310757, 0.006758325, -0.011049185, 0.01815742, 0.014043401, -0.008476641, -0.01284329, -0.0071076206, -0.003086281, 0.022908391, -0.0011766751, -0.0078809075, 0.022102088, -0.034608047, 0.009340436, 0.0032729001, 0.012210599, -0.008614719, 0.0021443602, 0.028414575, 0.011361251, 0.009921279, -0.020178935, -0.085020654, -0.0043061594, -0.0049860333, -0.004303988, -0.006736175, 0.011501204, 0.0005893387, 0.051033545, 0.011730688, -0.002744524, -0.02547532, 0.0050962567, 0.021408988, -0.004951361, 0.024334868, -4.2180618e-05, -0.008966627, 0.013437236, -0.0014020322, -0.004839944, 0.021392757, -0.00084324356, -0.034672767, 0.021424731, 0.007585776, -0.028567437, -0.007838675, 0.00027992146, 0.0034621733, 0.01300707, 0.008416917, -0.0075362753, -0.0044801994, -0.002999011, 0.0075864485, -0.0007507326, -0.015611033, -0.01093098, -0.006270094, 0.004419359, 0.032042023, 0.010226768, -0.02257964, 0.003208328, -0.0022105558, -0.01809517, -0.00532549, 0.0043557114, -0.011781734, -0.01517643, -0.0033210283, -0.04298086, -0.010630937, -0.011452508, -0.02174023, 0.0016909199, -0.0023674425, -0.020980014, 0.02399166, -0.006221724, 0.0054113697, 0.019714717, 0.011432301, 0.0021182266, -0.0080768615, 0.010908931, -0.029978849, 0.003235722, -0.01154532, 0.013584003, 0.0071267704, 0.017042862, 0.004250317, -0.005244155, -0.013263916, 0.005012041, -0.0224526, 0.012549892, -0.021343598, -0.010034874, 0.031199275, 0.01397787, 0.01385807, 0.033225603, -0.014636064, -0.00322978, -0.012436015, 0.013971456, 0.012520419, -0.0033680024, -0.000991634, -0.012003734, -0.0052110436, 0.006406852, -4.4510693e-05, -0.009074275, 0.011602535, 0.0016245116, 0.001041459, -0.015933553, 0.010596988, 0.007392222, 0.013319891, 0.006152313, 0.004197524, 0.00945841, -0.0023556498, 0.004472299, -0.020122815, 0.017351976, 0.007764556, -0.008237255, -0.0032804068, -0.006872314, -0.013447218, -0.00014380233, -0.009694124, -0.009261045, -0.0019785785, -0.0067128884, -0.0041838945, 0.0041479263, 0.0023908953, -0.0035255358, 0.020390417, -1.3266834e-05, 0.02110762, -0.008153326, -0.004619064, -0.010837842, -0.0167966, 0.015794236, 0.020210668, 0.024594022, -0.006727776, 0.00076211285, 0.00576559, 0.011774048, -0.014185392, -0.0011511118, 0.024385832, -0.008976186, -0.00926875, -0.011267562, 0.020748312, -0.022475366, -0.013787971, -0.019549359, -0.024276199, -0.027765997, 0.003868938, 0.023670474, 0.014428685, -0.0054990253, -0.019724138, 0.039506037, 0.00019360486, -0.026347453, 0.022203, 0.011066687, 0.004097115, -0.0032164857, -0.011333158, -0.0055704787, -0.017916197, -0.018092735, -0.0071787876, -0.0008657625, 0.02724378, -0.016820464, 0.025098734, -0.0059696576, -0.020178752, -0.0015448054, 0.0398503, -0.029708676, -0.014531886, -0.0075555723, -0.01658123, -0.005040004, 0.0040144236, -0.010280214, 0.010125655, -0.002018505, 0.007251918, -0.01648119, 0.0013617033, 0.010664029, -0.031101534, 0.016362745, -0.0013181684, -0.030143438, -0.001468331, -0.006328178, -0.015673019, -0.0069796606, -0.009065518, 0.022862524, 0.01162832, 0.010054233, -0.017100643, -0.017522143, -0.022515392, 0.003520345, 0.0021921797, -0.012445182, -0.00963413, 0.0043387623, 0.034734927, 0.013640106, -0.00079177815, -0.009005629, 0.011840736, 0.0028816306, 0.0022079675, 0.023766667, -0.0029322365, -0.012668683, -0.0015735382, 0.013099254, -0.007278079, 0.019611616, -0.007989631, 0.007604418, 0.0021700482, -0.014961231, -0.014355116, -0.025282633, 0.00768448, 0.013041921, 0.0062277457, 0.019467931, 0.0046527716, -0.009484252, -0.0076039233, 0.022782963, -0.0006297292, 0.01780067, 0.000537398, 0.014572273, -0.010583835, 0.015825449, 0.020014862, 0.01701603, -0.00011250913, -0.013265045, -0.0033018251, -0.00045913618, 0.01416992, -0.00867384, -0.0057431743, -0.0076575777, -0.0053239777, -0.022792362, 0.0103419, 0.0053845914, -0.0004784637, -0.018122923, 0.0012800762, -0.016057296, -0.01093718, 0.014600355, -0.0012844388, 0.017396303, -0.021731958, -0.0126027195, -0.0066627613, 0.017829383, 0.006620348, 0.011522218, 0.021530427, -0.0019602976, 0.01647538, -0.009217492, 0.017829323, 0.0115074115, -0.014465536, -0.0011428854, -0.014950669, 0.01806041, 0.01136669, -0.0021831708, -0.005599179, 0.0022373945, -0.0003541399, 0.0151152, -0.00077547925, -0.002125598, 5.2007843e-05, 0.0031326332, 0.005843702, -0.010685592, 0.010997053, -0.0050137527, 0.010040428, -0.0009413144, -0.012344345, -0.0003209478, -0.003175448, 0.014145028, 0.010033775, -0.025557864, -0.019518865, 0.010863215, 0.0011547778, 0.01275341, 0.020094197, -0.01649757, -0.0040992084, -0.011718233, 0.010610117, -0.00796519, -0.008522931, -0.0020107836, -0.03043035, 0.0042410116, 0.008331351, 0.00063381443, -0.008868552, -0.008384643, -0.005505903, -0.0037714585, -0.0036840376, -0.00040477602, -0.023887105, -0.0059936424, -0.013076281, 0.025292194, 0.0052042427, 0.011262861, -0.008833505, -0.026659975, 0.0065751327, -0.0005083784, 0.012917797, 0.0071508614, 0.019683398, 0.009475394, -0.022615766, 0.015985573, 0.024222055, 0.0114725195, 0.017182779, 0.0075474936, -0.0054822266, -0.02622558, 0.030039748, -0.0050926334, 0.039134167, 0.0031032136, -0.028959975, -0.0080169635, 0.00890541, -0.004632929, 0.0017866826, -0.025854526, 0.031235823, -0.011025775, -0.006711475, -0.0015857719, -0.020983823, -0.0025152361, -0.015856836, 0.011145029, -0.02265212, -0.0014168775, -0.0007409922, -0.039611068, -0.024226567, 0.021583242, -0.011448693, 0.02929487, -0.015236318, 0.013428043, 0.012730535, -0.00651513, -0.0056102397, 0.010003835, -0.0092517715, -0.025028242, 0.014856208, 0.044472504, 0.0031272762, 0.02147309, -0.003077251, -0.0061841323, 0.013096579, 0.027911594, -0.008894541, 0.0016867538, 0.0049756384, 0.013907211, -0.004205239, 0.023765182, -0.0002232364, 0.0030356476, -0.009755915, -0.007182587, -0.0012376646, 0.00044090254, -0.017283889, -0.0047132494, -0.0003352271, -0.004599113, -0.0030773964, 0.0027564063, -0.004244459, -0.0060425014, -0.003085691, -0.01098195, 0.008103263, -0.0023302895, 0.01746299, 0.007264425, 0.006885293, 0.015605825, 0.008205889, -0.0137442285, -0.0048520486, -0.018276207, -0.0004824885, 0.017642245, 0.006948747, 0.005459057, -0.012745179, -0.0031784982, -0.0005322228, 0.001369189, -0.005592389, 0.0049364995, -0.0038266443, 0.021179957, 0.020215921, 0.020657137, 0.009965885, -0.0036208548, -0.01610782, 0.010305881, 0.0016824676, 0.0070451894, 0.02866743, 0.006321425, -0.0052410443, 0.004812921, -0.00709251, 0.018455617, -0.0066165538, -0.00116949, 0.008812622, 0.005935896, 0.007293795, -0.011205372, 0.008145592, 0.012193716, 0.0128097525, -0.040145706, 0.0058012633, -0.016455874, 0.02106048, -0.0016272621, -0.0034912745, 0.0070750457, -0.0045034327, -0.005442927, -0.03369758, -0.029881172, -0.013335869, -0.007468424, -0.020772295, 0.0024804573, -0.037450396, 0.013027068, -0.036397528, -0.019125657, 0.012159208, -0.012234661, -0.0025324614, 0.010667775, 0.028178357, -0.018353809, 0.005669214, -0.009501357, 0.017485142, 0.0128610395, 0.0055136275, 0.02083656, -0.01947045, -0.025728455, 0.0011101047, -0.0004240476, -0.0023811657, 0.0044167354, 0.007692794, -0.022600533, 0.021534992, -0.0026380413, 0.015807357, 0.011242517, 0.012724261, -0.010868975, -0.0031769935, -0.014561479, 0.023233125, 0.006342916, 0.0057403655, -0.011723498, -0.007951981, -0.015187409, -0.025279954, -0.02290761, -0.007139414, -0.0012025073, 0.03162546, 0.006035951, 0.021084482, -0.016318912, -0.01897754, 0.014175238, -0.0027130903, 0.03543175, -0.009712165, 0.003654034, -0.009858425, 0.018043935, 0.008590864, -0.014257291, -0.025850525, -8.6818414e-05, 0.007243003, -0.0025831736, 0.02254568, -0.021983787, -0.021397611, -0.0023281886, -0.012119211, -0.009793866, -0.0056587085, 0.0010547496, 0.025507491, -0.0019865988, -0.013024869, 0.0248119, -0.0024009454, -0.023117913, 0.021285716, 0.0111762965, -0.011840917, 0.0023232917, -0.021783357, -0.0038265712, -0.007374943, 0.0047339774, -0.0114480695, -0.0037370147, -0.017699908, 0.009564573, -0.0022964913, 0.009078747, 0.0061302846, -0.014787176, -0.03278907, 0.003838328, -0.007061632, -0.005803472, 0.015857449, 0.0046621743, 0.00021557086, 0.0011835052, -0.0119559495, -0.01028331, -0.025983455, -8.978018e-05, 0.011081766, -0.021022314, 0.007511825, 0.006344843, 0.011250753, 0.0038307477, 0.013440751, -0.0030788055, -0.0012988655, -0.013824807, -0.004071099, 0.004983574, -0.006268476, 0.007523184, -0.009036849, 0.020574598, -0.021374827, 0.00018606953, -0.0060683405, 0.00985978, 0.008560534, 0.012434366, 0.01891773, 0.013178822, 0.00033358656, 0.01102772, -0.0034451864, 0.015478641, 0.0029863708, -0.02151199, -0.001867757, -0.0035593696, -0.015109266, -0.0056564435, 0.011596784, 0.008764926, 0.027709674, -0.03718946, 0.015965788, 0.041354135, -0.010363006, -0.020317085, -0.009990019, -0.026198147, 0.011248584, -0.0050881347, -0.0045701154, 0.016088571, -0.011939702, -0.0038800251, 0.02108531, -0.013686198, -0.0165531, -0.018871153, -0.016986193, 0.009237906, -0.028530773, 0.004761799, 0.0031035682, -0.008081661, 0.0019233472, 0.0062059974, -0.0040395604, -0.007749772, 0.012397163, -0.011325534, 0.0035569307, 0.0025050777, -0.0025859077, -0.010185942, 0.0011426581, 0.007582677, 0.021114364, -0.010526584, -0.023871344, 0.025538484, -0.008040499, -0.02114723, -0.0062339655, -0.0042235237, -0.00032679894, 0.009170821, -0.0106357755, -0.00037397043, 0.006348484, 0.007135997, 0.01263441, 0.022206612, 0.03581853, -0.015013315, -0.0016185517, -0.00069496426, 0.014185142, -0.011336462, 0.023302913, -0.011561921, -0.01341905, 0.01032471, 0.008049939, 0.009731769, -0.009589027, 0.0019796202, -0.007983015, 0.011843125, 0.0007640692, -0.0003813908, -0.0052922214, 0.0016125175, -0.01826466, 0.0111762695, 0.0065494534, 0.007020901, -0.0019600578, -0.01641057, 0.16509819, 0.119171135, 0.019388437, -0.0015838915, -0.0039884327, 0.008891304, -0.024063993, -0.0017126221, -0.008651718, 0.010921917, -0.0065535367, 0.010219637, 0.013606647, -0.005608322, 0.014038561, -0.00034537909, 0.0061106314, -0.005338113, -0.0010463201, 0.023824492, -0.029683048, 0.0030821553, 0.0010650586, -0.016736614, -0.025561064, -0.0076021315, -0.011914666, 0.023039997, 0.005126136, -0.0006068558, -0.02181826, 0.0073428894, 0.0058592423, 0.0057851695, 0.023018181, -0.033603862, -0.011252238, 0.027953137, 0.013603394, -0.0054257014, -0.006235542, -0.0033060422, -0.010231695, -0.01671714, 0.018126447, 0.026495088, 0.010731361, 0.01312447, -0.021751733, 0.0019456985, -0.0050532897, -0.010963435, -0.00096808287, -0.0047717346, -0.015499776, -0.004196448, -0.006924466, 0.013931307, 0.016675645, -0.0070910216, -0.0021042041, -0.0013009685, -0.00048621965, 0.007585719, -0.0032361385, 0.031026553, 0.015279741, 0.00082677964, -0.011169661, -0.0120712, 0.007130121, 0.020745685, 0.012331363, -0.005349271, 0.015896434, -0.003857093, 0.035657212, 0.014843228, 0.002213157, -0.0036649737, 0.022553584, 0.021275545, 0.00039475615, -0.004170861, 0.008205908, -0.0013589395, 0.01511674, 0.034592383, 0.116513535, -0.0042180857, 0.0012217896, 0.0016264049, -0.012573846, -0.00467583, -0.011767927, 0.05244979, 0.013999008, 0.0016237797, -0.003913901, -0.005040698, 0.00871943, 0.0062777065, -0.017466916, 0.0052530486, 0.003819954, 0.03233243, -0.011244315, 0.007071459, -0.022203472, 0.01929335, -0.0070924074, 0.015430364, -0.018932052, -0.012058816, 0.013086502, -0.0043381285, -0.0112662325, 0.0136671495, -0.07105542, -0.0102610905, 0.011308894, -0.0236338, 0.016887005, 0.00990988, -0.013642027, -0.000937067, 0.0029717467, 0.020715607, -0.0028143234, 0.0002681142, 0.020925408, -0.0103552835, 0.020583622, -0.0057024998, 0.0050927936, -0.0029791698, 0.0150222285, -0.026784787, 0.009359043, 0.0022813366, -0.0057671475, 0.0020659482, -0.008997624, -0.0041449754, -0.009317469, -0.00774225, 0.0061552585, -0.0019140998, 0.0069476315, -0.002635524, -0.036616363, 0.008479315, -0.01830084, 0.006558121, 0.0022607835, 0.017555907, 0.00051556114, 0.01595699, 0.0017618301, -0.017083533, -0.014317114, -0.008098406, 0.003978451, 0.0045144195, 0.002821864, -0.0011720203, -0.018710235, -0.028284594, 0.018613094, 0.023790408, 0.015192266, 0.022695778, 0.0037751975, 0.015308112, -0.0031884364, -0.009162632, 0.01968924, 0.0085622175, -0.02070465, -0.012504414, -0.0016119771, 0.02236724, -0.0019726304, 0.02295626, -0.0044891913, 0.008666172, 0.0007861157, -0.016875507, -0.016572349, 0.012465727, 0.016404988, 0.011037068, 0.0054169684, -0.0065792254, 0.002574892, 0.0034307376, 0.0065151625, 0.011642772, -0.0033058564, 0.0036943532, -0.0064467364, 0.10430425, 0.0074162763, 0.0020469758, 0.0028517074, -0.00302595, -0.01925499, -0.0034548447, -0.03718949, 0.0024318353, -0.010263625, -0.0017062587, 0.019899538, -0.011644405, -0.011889173, -0.007894141, -0.007890617, 0.006625894, -0.030164978, -0.012632446, -0.017037021, -0.011682296, 0.0076415, 0.010785045, -0.020775534, -0.0037693926, 0.007719965, 0.017604386, -0.010042817, 0.007521172, 0.005490082, 0.009605181, -0.012857261, -0.0061450973, -0.0051778196, 0.015820045, 0.008935357, 0.00017375597, 0.00074776856, 0.0005161173, -0.0058697234, -0.026280781, 0.0044190274, 0.0048988108, 0.0054960125, -0.003983757, 0.19387446, -0.012983511, -0.011218436, -0.0013100842, 0.007050752, -0.008112215, -0.01845387, -0.018627929, 0.017623264, 0.0149054695, 0.021196306, -0.0032608951, -0.00061027263, -0.014649199, -0.024011618, 0.011315574, -0.009325098, 0.029311085, -0.014935656, 0.0063041593, -0.0070008156, -0.016923737, -0.028303912, -0.0028210485, -0.016213965, -0.0051514325, 0.0033922147, -0.001114315, 0.040820748, 0.0049408874, 0.009007085, -0.011546049, 0.020475186, 0.0062646274, 0.0103481235, 0.005750002, 0.0071501355, -0.017071892, 0.00920108, 0.020104863, -0.010501417, 0.021516657, -0.013132603, 0.0071855923, -0.009135087, -0.003009681, -0.009301538, 0.009308962, -0.028031142, -0.042474385, 0.027303193, -0.01012441, -0.013533877, -0.004935016, -0.021409482, 0.015711667, 0.0014600462, 0.0048908256, -0.0009895785, 0.023167348, -0.00762388, -0.016679445, -0.014665644, -0.0009107457, 0.006375523, -0.01436464, -0.02010881]"
"¿Por que nos gustan tanto los covers? La historia de las versiones, de Elvis a TikTok",https://oem.com.mx/elsoldemexico/img/25438825/1756348641/BASE_LANDSCAPE/1200/image.webp,no especificado,"Algunos covers pueden revitalizar las canciones que conocemos, y en algunos casos hasta superar a la original, ¿pero de donde proviene ese concepto?",https://oem.com.mx/elsoldemexico/gossip/por-que-nos-gustan-tanto-los-covers-25439127,"[-0.005322545, 0.010400355, 0.012986025, -0.08790287, 0.015697105, -0.00970723, -0.0060413787, -0.025508717, 0.0060815047, -0.007968527, 0.01733448, -0.0011900028, -0.008873874, 0.025054278, 0.13604814, 0.016049985, 0.011536451, -0.025586134, 0.008429697, 0.008685877, 0.015533028, -0.0111077, -0.018885223, -0.009897904, 0.035683032, -0.019408936, 0.036225833, -0.033627704, 0.008890356, 0.009448579, -0.000935693, 0.01464482, -0.003502047, -0.009295513, 0.0108589735, 0.006307111, 0.0005145519, -0.023250945, -0.036554128, 0.01383836, -0.0026468327, -0.026423475, 0.0025417071, 0.014473771, -0.008857059, -0.03677366, 0.0016280537, -0.050031275, -0.013989717, 0.021315763, 0.010751074, -0.02822879, 0.012578555, -0.15687399, -0.0122072715, -0.012877871, -0.0065866, 0.0063502328, -0.03349346, -0.009510945, 0.01522312, -0.011788927, -0.034732472, -0.05738193, 0.026013784, -0.0005757396, 0.00229902, 0.0029401707, 0.021397766, 0.004481933, -0.008143639, 0.014302318, -0.015879631, 0.018851446, 0.021172164, -0.0003364052, 0.029930701, 0.031399485, 4.611797e-05, -0.002441214, 0.012726406, -0.014393466, -0.008743364, 0.0027225176, -0.00082209293, 0.016700441, 0.008808501, -0.009876797, -0.0025598884, 0.01539256, -0.0008953997, 0.014039819, 0.014638241, 0.0018825432, -0.020337513, 0.003855405, -0.020405449, -0.025056675, 0.0013726321, -0.014055991, -0.012796606, -0.012861651, 0.010438999, 0.0011207217, -0.0019787694, -0.010788514, -0.021667795, -0.027643392, -0.007998416, 0.033221107, 0.011254118, 0.019833976, 0.004489638, -0.012867358, -0.03081602, -0.106955886, -0.012258842, -0.04068884, -0.023333596, -0.009371215, 0.0025956994, -0.0045363666, -0.00282613, 0.018102787, -0.00899944, 0.0026431954, -0.02623437, 0.01535912, -0.022015255, -0.012749581, -0.012647785, 0.0074076513, 0.010620923, -0.00867407, -0.0022915949, -0.0018360995, 0.011099443, 0.009202585, -0.027854623, -0.004602495, 0.014658304, 0.011514745, 0.006822003, -0.020489106, -0.008598799, 0.013997525, -0.009693918, -0.0021610386, -0.024793474, 0.019149436, 0.00718532, -0.0013657187, 0.0065505067, -0.020935098, -0.0013393798, -0.015658006, 0.0099352375, 0.00050937786, 0.00974903, 0.011554702, -0.004251762, 0.004893461, -0.0038210927, 0.029142633, 0.006539067, 0.014027116, -0.041723438, 0.021582872, -0.018891746, -0.007485867, -0.007139643, 0.020219615, 0.02201846, 0.005030268, 0.029015737, 0.012510032, -0.032709695, -3.9526953e-05, 0.007080543, 4.435368e-05, 0.008727287, 0.04926522, 0.022883566, -0.0032866732, 0.009986225, -0.0071377666, 0.020607011, 0.032266464, 0.0083090225, 0.001200219, 0.005410443, -0.0039919824, 0.005418312, -0.0198665, 0.021377226, -0.010708858, 0.021495461, -0.006173306, -0.0049622483, -0.01176465, 0.020890826, 0.00087029644, 0.021148315, 0.025531061, 0.031137608, -0.0223576, -0.03131704, -0.004393434, 0.018534707, -0.009232348, 0.00887751, 0.030134726, -0.019198738, -0.023572585, -0.0009051167, -0.019245138, -0.008801807, -0.023221713, -0.009619217, -0.014788679, -0.007803981, -0.0042727767, 0.00023269646, 0.0068404125, -0.0051254607, 0.0027994667, -0.022293191, -0.01724505, -0.028899664, 0.00081194006, -0.00492312, 0.01863369, -0.03193052, -0.020464834, 0.011099669, 0.0074532134, 0.0030306287, 0.014319283, -0.015909625, 0.0068790303, -0.020483553, -0.0011924047, -0.008339046, -0.0023854822, 0.016205274, 0.027415682, -0.030038578, 0.02702284, -0.023463026, -0.02798293, 0.037925947, 0.00021413178, 0.010837455, -0.0122884065, 0.002742249, 0.023024535, -0.013177905, 0.0053629642, -0.005554164, -0.015042057, -0.036448777, -0.00447291, 0.001476947, 0.00869133, -0.006022786, -0.006143213, 0.002662268, -0.019225392, -0.010795781, 0.017463172, 0.004948512, 0.027242932, -0.0047454475, -0.015494597, -0.012625435, -0.031712987, -0.043364562, 0.0055999085, -0.02891389, 0.0072166706, 0.0012478487, -0.010219852, -0.0077621327, 0.020840522, 0.006195037, -0.014589761, -0.035202835, 0.007854308, 0.020332256, -0.011140478, -0.0013017954, 0.015909452, 0.009428894, -0.006973189, -0.00874216, -0.0019564398, 0.0116460305, 0.021458847, -0.017439272, 0.0034918888, -0.012892142, 0.03814238, -0.003063996, 0.010807307, 0.021056516, -0.025324447, -0.021332862, -0.017748749, -0.0040283254, -0.008798274, 0.010454611, -0.003367993, -0.021920545, -0.030238092, 0.0036357741, -0.010386087, 0.0013777142, 0.01677097, -0.013737731, 0.008548129, 0.014235286, -0.012449002, 0.011347179, -0.024090067, -0.0055757784, 0.0065022, -0.006925763, -0.018263958, 0.0062278314, 0.036878075, 0.002447302, 0.0130077535, 0.008253898, 0.0452171, 0.008881003, -0.024616908, 0.009693414, -0.009334923, 0.013952096, 0.017797273, 0.0021486762, -0.005119351, -0.061490666, -0.020760216, -0.0023838503, 0.030667886, -0.022609295, -0.020374753, -0.01922074, -0.035860587, 0.01045221, -0.010852906, -0.00013243871, -0.021583509, -0.009287977, 0.002063323, -0.020463996, 0.031563956, 0.001934456, 0.002247582, 0.01710228, 0.010065487, -0.021245437, 0.0107444115, -0.017734775, -0.03170554, 0.00841511, 0.021329207, 0.012645489, 0.019416861, -0.0033674128, 0.03180803, -0.034751546, -0.021126995, 0.01627612, 0.012742251, 0.018424938, 0.021731785, -0.015834881, 0.0009829033, -0.010347703, -0.0029373474, 0.015542552, -0.004291679, -0.031811446, 0.0060807043, -0.0011231257, 0.02168687, -0.029101303, -0.017399514, -0.0013274422, -0.023564596, 0.002851324, -0.009764626, -0.0011604563, -0.0023511702, -0.005059129, 0.015116979, -0.006359937, -0.011584256, 0.010067402, -0.019380346, -0.013469039, 0.008451847, 0.007139831, 0.009279988, 0.005472352, -0.0106762415, -0.03901668, 0.013230842, 0.005411291, -0.015726382, 0.005985457, 0.015158435, 0.020970771, -0.033274043, -0.016486298, 0.014586465, 0.008430964, 0.018060843, -0.024575211, -0.013469932, 0.019737294, 0.004886361, -0.014190537, 0.029179856, 0.025408793, -0.0039049187, 0.003962414, 0.025050085, -0.018247925, 0.0016443428, -0.012034678, 0.0007532296, -0.013851018, -0.012147914, -0.0009128244, 0.009615126, -0.004332586, 0.03031707, 0.02519738, -0.008782636, 0.031099867, 0.044215426, 0.00012887701, -0.013048572, -0.009486174, 0.008188359, -0.03184644, -0.0067140544, 0.015414245, 0.022734268, -0.008034178, -0.0071302326, -0.0072020814, -0.03137769, 0.0061378637, 0.008629802, 0.0026623267, 0.006007329, -0.0059911096, -0.047308363, 0.014756195, -0.009273203, -0.021503666, -0.0075485497, 0.015106863, 0.0019578254, -0.023246504, 0.022066655, -0.012533223, -0.024040036, -0.0021475023, 0.030157372, -0.031424787, 0.015078996, 0.013630178, -0.009634289, 0.006221815, -0.019281894, 0.06046002, 0.006780633, -0.041593, -0.0017943992, -0.008693835, 0.013837959, -0.022499003, -0.015718857, 0.0025442052, -0.0025974223, 0.012259257, 0.03477851, -0.006874092, -0.029612148, -0.031814452, -0.0037910456, -0.0044757025, -0.014771354, -0.023636123, -0.011135826, -0.007981924, 0.0074912906, 0.018923566, 0.016788771, -0.0069125537, 0.0043626376, -0.0010875703, 0.0012256438, -0.010961537, -0.012389121, -0.029508494, 0.010559834, 0.0118671935, 0.0055190353, 0.013587379, 0.0056613158, 0.0013569596, -0.01624284, -0.017645977, 0.01880211, -0.010065517, -0.017459365, 0.023291593, 0.016143411, 0.0059441393, 0.0013372228, 0.00038699855, 0.0020235202, -0.004422552, 0.006757305, -0.005399478, -0.0053789434, -0.012560294, -0.006498077, -0.015548447, -0.011028643, 0.008710738, -0.015150881, -0.0092206495, 0.01026416, 0.001385026, 0.0074596656, -0.025861315, -0.044622492, 0.019286292, -0.08815947, -0.015696207, -0.02745575, -0.013074752, 0.024514716, 0.018288922, 0.013405553, 0.006385006, 0.03100469, -0.010926601, 0.008708105, -0.002981498, 0.0066686734, 0.025349481, -0.0113437325, -0.011280136, -0.0062893606, -0.0016602278, 0.041143786, 0.013006949, -0.007128955, 0.019139085, -0.017806003, -0.0016620065, -0.01953487, -0.015007887, -3.7357815e-05, -0.023168758, -0.022753123, 0.011765959, 0.008390317, -2.0514033e-05, 0.03869337, 0.008129812, 0.008404754, 0.0015806241, -0.017189166, 0.02222447, 0.011939411, -0.00257684, 0.03579964, 0.011582856, 0.009727237, -0.010772497, 0.013806042, 0.014594328, 0.005816051, 0.015245284, 0.041616667, -0.009845275, -0.0046561854, 0.004666581, -0.02579861, -0.02803022, -0.0014305828, -0.005622118, 0.01729334, 0.015716154, 0.019108096, 0.014175907, 0.0070078936, -0.028443096, 0.00957805, 0.018384246, -0.030782552, -0.03187769, 0.010877664, 0.011727967, 0.012590813, 0.014456843, 0.028593607, 0.034468807, 0.006199027, 0.01465306, 0.018370135, 0.018628664, 0.020026978, -0.008591099, 0.016352851, 0.010871152, -0.008418655, -0.022823736, -0.10439102, -0.000127567, 0.0072690505, 0.008880259, 0.019352196, 0.009094724, 0.008084066, 0.005842473, 0.02664315, 0.024799416, 0.0063238763, 0.029367324, 0.014262753, -0.032263003, 0.032593165, -0.00069135934, -0.008514257, -0.04959188, 0.005576653, -0.012487444, -0.0029050533, -0.010279391, 0.011698804, -0.0076242527, -0.0064498177, 0.0050132237, -0.0365803, 0.0014955903, 0.039998885, 0.0045249145, 0.000986332, -0.12603593, -0.007443313, 0.031636674, -0.030262118, -0.0022954657, 0.0035398991, 0.026853982, 0.0010505299, -0.01048351, -0.021716096, -0.018242732, -0.01609242, -0.016622681, -0.011949722, -0.036364153, 0.12321018, 0.025950084, 0.018040596, -0.0056255013, -0.0013031391, -0.0032630796, -0.021109922, 0.030397132, 0.006328218, 0.0012249657, 0.006070827, 0.029391514, -0.013647209, -0.017544057, 0.006703874, 0.011157746, -0.012567282, 0.0070114643, 0.0012622896, 0.0004916454, -0.031905293, 0.0011011892, -0.009132131, 0.014665895, 0.017671637, 0.027338848, 0.01266661, 0.0031256443, -0.0046561155, -0.0061007934, -0.00043490913, 0.004855611, -0.012869362, 0.014944162, 0.018669868, 0.01541368, -0.07285228, 0.020920094, 0.030134084, 0.0035821574, 0.029692987, -0.023934346, -0.005987271, 0.015103338, 0.005579602, 0.028053213, 0.020971602, -0.007112101, -0.017544467, -0.0042083617, 0.008447239, 0.0075965393, 2.7457125e-05, -0.018437363, -0.010926602, 0.005311644, 0.020895861, -0.002224069, 0.006475116, 0.009500258, 0.019081417, 0.015189953, -0.019106138, -0.0099304635, -0.007053527, -0.009285876, -0.0030437745, 0.010258523, 0.015605163, 0.015899677, 0.0139605785, 0.017913492, 0.03696532, -0.014135848, 0.009055709, 0.0017382827, 0.002067139, -0.04665259, 0.010252071, -0.0034320422, -0.005146624, 0.01287864, 0.016247183, 0.0032684945, -0.014146302, 0.033391315, 0.016860778, -0.017891632, 0.02632084, 0.025831703, -0.0049405918, -0.0087057045, 0.028101254, 0.022934958, 0.020922683, -0.018369464, -0.0051189214, -0.014140419, -0.0013284913, 0.011289834, -0.0003095132, -0.0022636359, 0.002674347, -0.017379029, -0.014004975, 0.013214607, -0.0019924717, 0.0033546155, 0.0030206628, 5.954723e-05, 0.0047361795, 0.011744405, -0.0015621308, -0.012733978, -0.058581993, 0.009123534, 0.012687739, 0.0029366727, -0.009150364, 0.012447308, -0.005457267, -0.00459515, -0.0049679913, -0.008675484, -0.0016609641, 0.008507646, -0.005788431, -0.015714243, 0.0013524691, -0.00095091114, 0.0053957812, -0.00455261, 0.0067828856, 0.0034534156, -0.010878623, 0.011855106, -0.00014387735, 0.014516427, 0.011334135, 0.0073078074, -0.010663632, 0.019741204, -0.011334224, -0.011310609, -0.003341483, 0.014019695, -0.0007332129, 0.008451829, 0.0013182849, -0.013466472, 0.0048822444, 0.03982232, -0.0130923, 0.0057533523, 0.019863337, -0.009696966, 0.006516768, -0.0020785409, 0.00437788, -0.00036855252, -0.0022485417, -0.014305704, -0.005666616, 0.007989094, -0.003037238, -0.0041607716, 0.0048709176, 0.013525919, 0.011151766, -0.018470053, -0.0060269423, -0.006711128, 0.010721176, 0.025709903, -0.009725973, 0.0059662075, -0.005593532, 0.015250353, -0.01529896, -0.0024659862, 0.0028228862, -0.013480387, -0.009555964, -0.024267301, 0.0074653304, 0.01076551, -0.005286587, -0.0012898893, 0.008501683, 0.0054572145, 0.008336335, 0.006866984, -0.011174185, -0.0038199192, -0.0051602493, 0.0023917921, -0.017854476, 0.0014430919, 0.016253853, -0.0026080448, -0.012509243, -0.0039528394, 0.006558974, -0.0018963803, 0.013374161, -0.0025969348, 0.0012060867, -0.0034206298, -0.0034694092, -0.004455708, 0.026120756, -0.0047505344, 0.0035059354, 0.023195745, 0.0054628416, 0.004817079, -0.0002683139, 0.024171386, 0.002599569, 0.0009769676, -0.025564037, 0.0013574403, -0.004256418, -0.006514303, -0.014080166, -0.0104535185, 0.004548738, -0.0011214917, 0.004575735, 0.0019510052, 9.246298e-05, 0.0030160982, -0.027087485, -0.013309655, 0.011242128, -0.0128996, -0.003633683, -0.01507068, 0.010792713, -0.006252355, -0.0045088194, -0.010132977, -0.013945, 0.0017815151, -0.011487726, -0.0068968055, 0.008442501, 0.015959347, -0.015006032, -0.003955698, -0.0017377348, -0.0038875905, -0.040689822, 0.0045433585, 0.0035843311, -0.008326351, 0.024737649, 0.012310877, -0.00069548935, 0.00850466, 0.002846557, -0.0073043397, 0.0013894036, -0.010854195, -0.008481361, -0.0024738233, -0.01986037, -0.0234072, -0.008675976, -0.01033618, 0.005294273, 0.020906262, -0.0012388212, 0.003854397, -0.012891456, -0.0011191986, -0.007668205, 0.00014688578, 0.019496514, 0.0048655933, 0.012444868, -0.00046470136, -0.000977428, 0.0003348701, 0.00860721, 0.00860539, 0.0008884487, 0.015605814, -0.0051956093, -0.015665222, -0.0063508376, 0.01086032, 0.0053395373, 0.0070649055, 0.01737361, 0.07657484, -0.0010727129, 0.0052702194, 0.0028913885, -0.015873747, 0.014097675, 0.004396155, 0.00019664443, 0.006845501, 0.01031688, 0.013105975, -0.004662336, -0.00047079948, -0.015794296, 0.014714404, 0.018653164, 0.0089254035, 0.010999792, 0.0036970733, 0.008176416, 0.0026907823, -0.00039332267, -0.009234184, 0.0026208365, -0.01295108, 0.009104903, -0.018487697, 0.017002854, -0.0024376418, 0.008887494, 0.0025876334, 0.024237946, 0.0012477788, 0.00016923803, -0.002707317, -0.020672552, -0.00051761663, -0.00057440996, -0.007548759, -0.0016076299, -0.020868314, -0.011386136, 0.0043154755, 0.0072486047, -0.003745297, 0.0005075431, 0.0018939406, 0.0003523192, 0.0071525085, 0.013772158, 0.004341973, -0.00475538, -0.01620388, -0.017835958, 0.000296478, -0.0049651805, -0.0057779513, 0.012424072, 0.008321411, 0.0029687814, -0.01236569, 0.0063267006, -0.028238095, 0.009901231, -0.010564757, 0.008112772, -0.012615714, -0.008234857, 0.009885801, 0.004352048, -0.019177206, 0.003982183, 0.0060353256, 0.0016083355, 0.04193855, 0.019443724, -0.00910082, -0.0012256781, 0.0093973465, -0.0035936113, 0.017659739, -0.010520663, -0.0043055164, -0.0114112245, -0.0027057223, -0.00461877, 0.010575721, 0.0015670131, 0.0026910899, -0.0027894138, -0.012649491, -0.015274361, 0.0016759556, 0.0020948073, -0.006916866, -0.0046751923, 0.040913537, 0.023121392, 0.0065600118, -0.0011928297, 0.018184198, 0.008376794, -0.0060301456, 0.015723543, -0.0012699432, -0.0077263215, 0.0043941913, 0.0132397255, -0.0045755855, -0.013706746, -0.005662995, 0.0066896314, -0.00363964, -0.0029246837, 0.020382727, 0.0011873359, -0.010232667, 0.024413344, 0.0033939695, 0.008965239, 0.009461258, -0.00457499, 0.006060791, 0.014166342, -0.00820243, 0.004383434, -0.002416157, 0.0022119728, 0.012737973, -0.0013788921, -0.0032267594, 0.009322945, -0.0023089598, -0.011361891, -0.0053905924, 0.00083548145, 0.004375861, 0.011547103, 0.0044170353, 0.0153146805, -0.00629023, -0.018430695, -0.0063401037, 0.0013817439, 0.011021236, -0.0112906145, 0.01062079, -0.003582063, -0.0042749536, -0.012017169, -0.00091001554, -0.012271148, 0.0108986255, -0.008044827, -0.01747102, 0.017115893, 0.0075620445, 0.014934626, -0.013357474, 0.014102771, 0.012233035, -0.0016111564, 0.00959361, 0.0028343853, -0.015279851, 0.019073201, -0.017258512, 0.009607666, -0.0032482087, 0.0028157737, -0.011211634, 0.005541074, -0.018211052, -0.0033223194, -0.01416285, 0.021680962, 0.014172688, -0.00048917305, 0.008319074, 0.0084475335, 0.005318867, 0.0002532036, -0.015661597, -0.013245177, -0.009368019, -0.012601063, 0.006598068, -0.0034198312, 0.010776643, -0.01991957, 0.0040762764, -0.00839846, -0.015166819, 0.0047435556, 0.0024570073, 0.016428346, 0.018787889, 0.025533179, 0.0032919385, 0.01580871, -0.015602088, 0.0009990855, 0.011558879, 0.012837445, 0.0063621183, -0.008434649, 0.02570626, 0.00079818786, -0.013794447, 0.008930142, -0.007006271, 0.001823412, -7.5533484e-05, 0.014684407, -0.022117192, -0.011479063, -0.0008933515, 0.0150263645, -0.016503649, -0.012693571, 0.009140582, 0.006487616, -0.011795219, -0.007381436, 0.0043795626, -0.0015083845, 0.0021067231, 0.0036018756, -0.010597386, 0.0006455878, -0.01759952, 0.01494975, -0.018792164, 0.0071338937, -0.0075497907, 0.005248688, 0.016541384, 0.0024998612, -0.0049252133, -0.0057502477, -0.0031534377, -0.009820117, 0.0090711685, -0.006028075, -0.006128043, -0.011294458, -0.024405325, -0.019846069, -0.0017031865, 0.0017039126, -0.011126509, -0.007908397, 0.0021513647, -0.022245245, 0.019393856, 0.0069080926, -0.02991189, -0.06308736, 0.022637218, 0.0035448985, 0.023830123, 0.010151026, -0.010091866, -0.008667733, -0.0032649369, -0.02231001, -0.008028004, 0.0023224845, -0.004522718, -0.021590963, 5.43748e-05, 0.0007437499, 0.0044068666, -0.0056085256, 0.018713472, -0.0006459347, 0.011690773, 0.0009351064, 0.010754737, -0.0130321, 0.013802886, 0.010633561, -0.0012680094, 0.012612304, -0.011694101, -0.006921899, 0.0010000892, -0.03165386, 0.0032624824, -0.0107736355, -0.0072863954, -0.00017033394, -0.0020249193, 0.011721575, -0.009310002, -0.008471851, -0.0015609786, 0.007920945, -0.0083448235, 0.0130571015, -0.009860481, -0.015481336, -0.025347672, 0.010560363, 0.00012244575, 0.00081462704, -0.0023262778, 0.004638511, -0.008126438, -0.015703749, 0.025628539, 0.0042797127, -0.0089190705, 0.0024504561, -0.004045145, -0.010020445, -0.012157926, 0.013693271, 0.0033704115, 0.0007275757, -0.0092706, -0.005327101, -0.00420514, 0.001995921, -0.0024314187, 0.0055073393, -0.0009745195, 0.008914591, 0.0064189276, -0.016939262, -0.006776446, -0.010224387, -0.02027938, 0.0027633656, 0.007748102, 0.007824404, 0.013902695, 0.006201888, -0.00079789094, -0.009265725, -0.022327928, -0.0061760303, 0.00029632368, -0.010495295, -0.009616562, -0.002075575, 0.016383288, 0.0009194627, 0.0027159415, -0.0043416237, -0.013668405, -0.010988148, 0.023321336, -0.008987854, -0.012467757, 0.009775509, 0.011123031, -0.017176261, -0.000215663, -0.008411363, -0.00044786287, 0.011105274, 0.0077845147, -0.005418598, 0.014041232, -0.019588133, -0.015909748, -0.013467464, 0.007017852, 0.026672991, -0.00095456775, -0.008516969, -0.0038221152, 0.00029178394, -0.009262429, -0.012569326, 0.0031989552, -0.01653486, -0.0045898575, 0.014843428, 0.0063666753, -0.0078091384, 0.005189083, 0.003101213, -0.012540739, -0.0026584025, -0.010822673, 0.0001241029, 0.014137712, 0.008976172, 0.017751997, 0.008132776, 0.00339273, -0.004190159, 0.0016958475, -0.0039051946, -0.0031646003, 0.004331507, -0.015821042, 0.00396231, -0.012328627, 0.0035427308, 0.021385817, 0.0031376483, 0.0142851155, -0.014456254, -0.0008421086, 0.025476605, -0.0071015945, 0.022911873, 0.0032575156, 0.020537065, 0.0036154068, 0.0027580599, -0.0012999255, 0.007980457, 0.016153388, -0.0005826978, 0.015552812, 0.0049651307, 0.0056890827, -0.0019027382, -0.011835631, 0.0031814463, -0.006687976, 0.0030677584, 0.0019639502, -0.009160728, 0.002892442, -0.010270509, 0.019355608, -0.011091135, 0.0021976249, 0.010936519, 0.016857546, -0.0031105115, 0.003345285, -0.017349526, 0.006448205, 0.013968887, 0.0014169617, -0.016004346, 0.002474492, -0.008987147, 0.0075303945, 0.009389326, -0.0054043033, 0.007866227, 0.0010874266, 0.01931871, 0.013067762, -0.012380201, 0.011377865, 0.020832522, 0.0060276003, 0.010832631, 0.0112083685, -0.0095651075, -0.0020299805, 0.012487174, -0.010191549, -0.0071539273, -0.084087014, -0.0029381653, 0.0028582164, -0.0032792029, 0.008859812, -0.036520027, 0.01121297, -0.015192516, -0.008480359, -0.0042013186, -0.017752223, 0.0046702605, 0.010893362, 0.006624305, 0.011924124, 0.022020243, 0.004232274, -0.012637992, 0.019949343, -0.012560895, -0.017299498, 0.0067536416, 0.011422951, -0.013653078, -0.00673595, 0.0031719678, -0.008838076, -0.00133712, 0.016442643, 0.010730818, 0.018734256, 0.01093003, -0.0051074885, 0.0005265982, 0.012170182, 0.0041318825, 0.024813285, -0.023052845, -0.13678111, 0.0068171206, 0.018476477, -0.0027954343, -0.013125526, 0.001130426, 0.0036892688, 0.010558906, 0.003836666, 0.010640611, -0.009277277, -0.026766155, -0.003566643, -0.0030037255, -0.0029963003, 0.0061854487, 0.0110407695, 0.01877481, -0.010733819, 0.014737496, 0.004907685, 0.0025433677, -0.003117691, -0.006690994, -0.003380293, 0.01621408, 0.0039607408, -0.017443126, -0.004450793, -0.005645764, 0.0021941767, 0.019525893, -0.0113777155, 0.0024937345, -0.008072547, 0.008265908, -0.0070218975, 0.010522176, -0.017175078, -0.008142089, 0.008928968, -0.012058101, -0.009474686, -0.008966163, -0.008707674, 0.009209629, 0.0012732543, -0.012751598, 0.0038252757, 0.012482662, 0.0031591712, 0.009914933, 0.014464168, 0.0007004826, 0.01341849, -0.008036165, 0.008497494, -0.009442705, -0.0026769273, 0.0104115335, 0.007719932, 0.0066218553, -0.00053541677, -0.0033070226, -0.008835226, 0.0012629959, -0.009687423, 0.008107641, 0.009695584, 0.014432747, 0.003895819, 0.024360688, -0.0033463682, -0.020896222, 0.017613584, 0.009392102, 0.0017925623, -0.0024282562, 0.033569295, -0.006815263, 0.011053829, -0.010569528, -0.018771095, -0.0063035125, 0.014091448, -0.008415219, 0.015696637, 0.030553514, -0.009993695, -0.049812566, 0.008695215, 0.0235732, 0.0053998968, 0.008482764, 0.0013171155, -0.01498157, 0.0051927543, -0.007685367, 0.004996927, -0.01750137, -0.01668099, 0.006891515, 0.010151402, -0.018666431, -0.03731388, -0.00306444, -0.020884076, -0.013068013, -0.018589687, 0.009073047, 0.002773233, -0.0042509055, 0.0013078685, -0.02272511, -0.026177902, -0.013753162, -0.008861628, 0.0040070945, -0.0059551764, -0.008850451, -0.0074953265, -0.01481009, 0.015084882, -0.01269953, 0.006585374, -0.01286422, 0.005504518, -0.0020797495, -0.00039139172, -0.020031009, -0.014533078, -0.0027711685, -0.029437767, -0.030067343, 0.011873697, -0.0015169741, 0.01435635, -0.021144759, -0.022718258, -0.011569267, 0.003083461, 0.0017294341, 0.0027547146, -0.008114776, 0.008417451, -0.01706892, 0.00053146284, -0.0023897833, -0.0021698754, -0.0071890773, 0.016614623, 0.014600679, 0.026488442, -0.0034199709, 0.0064560296, 0.00167392, -0.011398664, -0.015111779, -0.0028947974, -0.007116936, 0.0052029784, 0.022392282, 0.003173906, 0.011245434, -0.012514952, 0.008015868, 0.008678834, 0.008069294, -0.019219937, 0.018454792, 0.014695788, 0.0021850683, 0.020823315, -0.014669154, -0.008224887, -0.012016186, -0.0055419146, 0.0037917094, 0.004955823, -0.014878553, 0.021125989, 0.00826446, -0.012249266, 0.009095283, -0.022393465, 0.011467823, 0.0008961271, 0.012323546, 0.008181218, 0.03213589, -0.0059098536, -0.0008353097, -0.0040951385, 0.0042600594, -0.013756465, -0.027510809, 0.0060319533, -0.008155393, 0.009680604, -0.0077547114, -0.012151396, -0.0012069907, 0.0064677466, -0.16952245, -0.014074081, 0.015331279, -0.006548605, -0.002876101, 0.01229243, 0.008599955, -0.0088802455, -0.0042339633, -0.007352594, 0.013638762, -0.0041086175, 0.011135706, -0.002965869, 0.0005574815, 0.0010942857, 0.020977767, 0.012788802, -0.019113207, -0.00076073856, -0.0364889, 0.01984177, 0.0053029987, 9.685191e-05, -1.9891344e-05, -0.014489725, 0.02295909, 0.006458654, 0.01218399, -0.030074706, -0.0066024666, 0.008389741, 0.017766269, -0.006232574, 0.0068568815, -0.003435383, -0.0005683453, 0.015415979, 0.003762042, 0.0049273977, 0.0027800254, 0.026674422, -0.006648712, -0.015838694, -0.011426166, 0.011127385, 0.007092421, 0.006526859, 0.0026294773, -0.0119019365, 0.009381003, 0.008098846, 0.0034228046, -0.02043136, 0.0165926, -0.022652453, 0.008673508, -0.03217176, -0.016101401, 0.0021907424, -0.008428049, 0.0042426363, -0.008137699, -0.007744778, 0.0006608883, 0.011570235, 0.006528502, 0.1233332, -0.010412508, -0.015847817, -0.004969802, -0.011395182, 0.011637613, -0.0045925025, 0.00038936269, 0.01399353, -0.010350372, 0.013930841, 0.016080622, 0.0076024304, 0.0015077936, -0.020166004, -0.014166818, -0.015203777, -0.0018786447, 0.0010434019, 0.0052199364, -0.009503671, 0.024138669, -0.000898508, -0.01956904, 0.023131583, -0.014378237, -0.027755942, 0.0055782245, 0.019897392, 0.0014707536, 0.0062065357, 0.0011652344, 0.003656913, -0.0013606898, -0.0006968722, -0.0036968659, -0.006252391, 0.002335942, -0.011471415, 0.012718545, 0.016665887, -0.0041998457, 0.0034097105, -0.02740531, -0.0021653676, 0.02269759, 0.012464486, 0.0050108423, 6.163419e-05, -0.0069758254, -0.0023203746, -0.0045926683, 0.0024913058, -0.0005367939, 0.008559984, -0.031466857, -0.012947973, -0.005888602, -0.01846515, 0.034577243, 0.017646514, -0.002757173, 0.023413932, 0.0032705907, 0.0032487705, 0.013327785, 0.009570825, -0.027872898, -0.01986315, -0.12559082, -0.0046190843, 0.00227341, 0.0025345448, 0.006282722, -0.0061695925, 0.0043138093, 0.0082518235, 0.010840293, -0.0068399757, 0.015069913, 0.028810414, -0.011799484, 0.0055666575, 0.010802521, -0.011227409, 0.012176092, 0.018188965, 0.016239516, -0.015580357, 0.031894032, 0.002554678, 0.01721619, 0.0019697838, 0.01792776, 0.015435933, 0.006398591, -0.0011889426, 0.001672953, 0.014114273, -0.02827175, 0.013829203, -0.010692275, -0.0020630667, 0.0067959917, 0.01859676, 0.0014465849, 0.01756672, -0.026998067, -0.0130155515, -0.0014930388, 0.008071038, 0.002790588, 0.006134872, 0.01043119, -0.008822192, 0.017143456, -0.02687218, -0.02532324, 0.012581242, -0.0012109798, -0.020514758, 0.013092571, 0.010644793, -0.029512135, 0.013989505, 0.010868016, 0.022643823, -0.018488318, 0.000130752, -0.01662038, 0.0087649, -0.0036567627, 0.007054758, 0.008815328, -0.0071674623, 0.011281058, -0.009214274, 0.00022469944, 0.0072403736, -0.0070102448, -0.013791153, 0.0014995561, -0.0032984607, 0.01392367, -0.009720125, 0.017762037, -0.007826255, -0.009143285, 0.009048202, -0.013181463, 0.011557438, 0.015125583, -0.0075087766, 0.012519808, -0.017672308, 0.0013429779, 0.0038881206, -0.032797284, -0.0092429165, -0.00612572, 0.023472458, 0.0076955482, -0.0015708084, -0.0118257785, 0.023774296, 0.015954351, -0.029517554, -0.009720623, 0.011341057, 0.006293235, 0.019781692, -0.007706143, 0.0044171666, 0.00027200967, -0.007994652, -0.011838593, -0.02890614, -0.0024971347, -0.0055564884, -0.015101116, -0.00070465315, -0.006869573, -0.0031256473, -0.008051069, -0.009843867, -0.01260813, -0.0023389126, -0.0035978812, -0.007113743, 0.02954027, -0.00033147188, 0.017340705, 0.008824224, 0.018794354, -0.0019830726, 0.0051014493, 0.011663461, 0.0039430843, -0.014106861, 0.035075773, 0.0025659066, -0.00030666703, -0.007160089, 0.010118601, -0.015706534, -0.0072659585, 0.00021144339, 0.003679422, 0.01631273, -0.0101026185, -0.009238966, 0.010547575, -0.0059104916, 0.0028800152, -0.0071418104, 0.011429031, -0.03898725, -0.015194284, -0.025654387, 0.019784389, 0.0066861864, 0.0046087033, 0.019273326, 0.017484022, -0.012768366, -0.010740129, -0.005034028, -0.016659277, 0.009486506, 0.0026669463, 0.0003496047, 0.005455895, 0.0011754591, -0.003354271, 0.013194264, -0.016363464, 0.0033346137, -0.010015079, 0.001949779, 0.0007468417, -0.0005498314, 0.028600065, 0.011415403, -0.006843496, 0.0037541036, 0.023880333, 0.0066470457, -0.012417539, -0.040151235, 0.006138485, 0.0021650353, -0.012809206, -0.015119085, 0.026338438, 0.0047873477, -0.018490057, 0.0063216663, -0.0031410975, -0.008685296, 0.015807573, 0.011559304, -0.039805062, 0.00097128184, 0.006800025, -0.016264321, -0.016708115, -0.010614003, 0.0009235943, -0.00596537, 0.019083744, 0.0072372165, -0.016037393, 0.0086024115, -0.0053837174, 0.006587332, 0.017134763, -0.004630538, 0.0028883882, -0.0047064973, 0.0036597736, -0.033023193, -0.010467219, -0.013434068, -0.0026823718, -0.008148915, 0.0068999412, -0.008496646, -0.06771698, 0.0072418363, -0.011993091, -0.07616099, -0.018221658, -0.012876885, -0.0039298944, -0.016183294, 0.0017873746, 0.016683899, 0.010645107, 0.0076191593, 0.00444961, 0.009515036, -0.0068341047, -0.0126193175, -0.0025524944, 0.006432436, 0.006575216, 0.022633573, -0.015287891, -0.00329312, -0.016781567, -0.007406011, 0.018861568, -0.016686788, -0.006445994, 0.008156759, -0.018891405, -0.01360343, -0.012670377, -0.015285824, -0.01568099, 0.015277506, 0.013314006, -0.013640156, 0.010940189, 0.019668747, -0.007892362, 0.012194677, 0.008144867, 0.018396312, 0.0006117968, 0.012600326, 0.05527524, 0.010442629, -0.011225216, 0.008204204, -0.08476226, -0.008154682, 0.012240375, -0.0066163307, -0.010843292, 0.0067039025, 0.0049244664, 0.03414924, -0.001996497, 0.0013555712, -0.009718529, 0.014179883, 0.008966225, 0.020712234, -0.016365945, -0.023021543, -0.02430066, -0.0012903925, 0.025952855, -0.0008643221, 0.019984322, 0.004046918, -0.002607538, 0.0071516437, -0.0020271703, -0.03664744, 0.007523551, -0.010342802, -0.0116053615, -0.015327172, 0.008727599, 0.014093072, 0.007078211, -0.0072968933, -2.1130701e-05, -0.0029218919, 0.00896022, -0.0080538085, 0.015259499, 0.017102312, 0.0061476403, 0.008047921, 0.019573517, 0.014979567, 0.009116693, -0.019841589, -0.00090069807, -0.004095294, -0.016945196, 0.009514033, 0.01142719, 0.00054829917, 0.008692808, -0.005989357, 0.000348859, 0.011422886, 0.032102596, -0.019070279, 0.00035668592, 0.014182415, -0.007828807, 0.0098353755, 0.009901045, 0.009205974, -0.023100913, -0.009907918, -0.010519179, -0.006668054, -0.026957236, 0.0064120786, 0.0029332098, -0.010588088, 0.0061568385, -0.023983883, -0.0067376955, 0.010153863, 0.0171814, 0.0046462854, -0.036837276, -0.0034421654, 0.028796475, -0.0063020396, 0.0029154296, 0.029298335, 0.010300418, 0.0007650655, -0.0028373764, 0.017165842, 0.016141603, -0.00562095, -0.015019948, -0.0080608195, 0.009399041, 0.0016998535, -0.0076248874, 0.014404527, 0.011819835, -0.012753838, -0.022259012, -0.004670455, -0.021552555, -0.012193667, -0.010386172, 0.01260808, 0.001934123, -0.001910384, -7.8323894e-05, -0.024613544, 0.0040275916, -0.009826128, 0.019349901, -0.009507269, 0.02188326, 0.0031241882, -8.810628e-05, 0.0029466464, -0.017048286, 0.01697666, 0.007927119, 0.012555174, -0.024072904, -0.0007497958, -0.010356638, -0.01681831, -0.010630389, 0.0032811204, 0.00037840876, 0.00080856006, 0.002558463, -0.0059402846, -0.018371288, 0.015691832, -0.0048458213, -0.0036038095, 0.0015779495, -0.015614871, -0.0047885804, 0.004231337, -0.0029949672, 0.0051537305, 0.0028108906, -0.003384851, 0.0071323765, -0.029919166, -0.009498385, -0.035071056, -0.025941886, -0.0105076935, -0.009763162, -0.009140469, 0.0064499173, -0.008197495, -0.004474799, -0.001389964, -0.005327054, 0.0015540752, 0.020884614, -0.0019529529, 0.01164166, 0.035392936, 0.0033620829, -0.024280483, -0.017466126, -0.0011254662, -0.018483488, -0.020727312, -0.025001505, 0.0005069576, 0.011010549, 0.0027402712, -0.003830241, -0.0018377653, -0.0034045377, 0.006840369, 0.07199059, -0.013858623, 0.01095786, -0.00926898, -0.00042824127, -0.0033569222, 0.011886706, -0.02448224, 0.004017628, 0.007872514, 0.009750411, 0.010666869, 0.0025911771, -0.004364646, 0.027239831, 0.017630849, -0.016402852, 0.010424333, 0.02821507, -0.0044071744, -0.026546296, 0.005101182, -0.0035828825, 0.013641817, -0.017923638, -0.0011542662, 0.0030986785, 0.0008933517, -0.0040766625, -0.0155388275, -0.014469944, 0.00023407875, -0.00018208206, 0.0020099252, 0.009616213, -0.011990969, -0.026527546, -0.020967843, -0.010703811, 0.01077004, -0.035652656, 0.032769714, 0.017141255, 0.0013274574, -0.0056740185, 0.00040692603, -0.0045127003, -0.007568218, 0.014847961, 0.010484373, -0.001567724, -0.028250197, 0.025941826, 0.020287996, 0.0071855853, 0.016684093, 0.009915705, -0.013201905, -0.0015341211, 0.016708978, -0.007516755, -0.005375393, -0.017149786, 0.013244931, 0.02164746, -0.019797629, -0.0026080713, 0.0069207894, 0.038572468, -0.00071178906, 0.018836817, -0.030344766, -0.0063529224, 0.0043701003, -0.0027962576, 9.8572986e-05, -0.0076911314, -0.015374029, -0.0042378455, -0.01564367, 0.013325621, -0.011589645, 0.020308701, -0.0055644102, 0.006322097, 0.006222275, -0.005259972, -0.005197695, -0.0160568, 0.024900265, -0.018035859, -0.006938991, -0.0143071385, 0.01505728, 0.012783735, -0.00890942, -0.02341535, -0.0004955149, 0.0052085244, -0.01828543, -0.0012436247, 0.034614682, 0.0027287127, 0.000955449, 0.0032070733, 0.024795866, 0.01226752, -0.02337134, -0.003518133, 0.004626886, -0.0034133533, -0.01896707, -0.003533654, -0.011043903, -0.0033291678, 0.0047450843, 0.012526614, -0.010813371, 0.016763259, -0.011049188, -0.004216558, 0.004765239, -0.01277649, 0.005611809, 0.0007247253, 0.0077756327, -0.00052531634, -0.0013400263, 0.019029599, -0.00085801363, -0.0032655285, 0.005643812, 0.01103244, -0.013364935, -0.0068592397, 0.029913431, 0.032342542, -0.007544399, -0.007678646, 0.0011612383, -0.005897224, 0.0084807705, -0.00838581, -0.027019778, -0.00039121605, 0.014706718, 0.0043008127, -0.015564919, 0.011501027, 0.0005235149, -0.0099057965, 0.0024728472, 0.009643206, 0.014066169, 0.0113582555, 0.0072233328, -0.018929623, -0.0024697674, -0.010760494, 0.0016205463, -0.01585481, -0.016610304, 0.01514141, -0.0052154595, 0.0006921974, 0.011764658, -0.031550825, -0.010453922, 0.012580754, -0.005871717, 0.005591382, -0.00792596, 0.00406694, 0.00988278, 0.002079091, 0.030564247, -0.0012130094, -0.0005271022, -0.0008674538, -0.0054813414, 0.00827869, -0.004317694, -0.03060015, -0.014476827, 0.022483367, 0.007334262, 0.00024679693, -0.007809427, 0.009333626, -0.015906181, -0.0019969617, -0.018693931, -0.003379987, -0.0035790938, -0.008459926, 0.014031061, -0.013640757, 0.0047403467, -0.0028980752, 0.017692525, -0.0079542855, -0.0025593925, -0.022406062, 0.005033821, -0.0013008123, 0.011845137, -0.0122150015, 0.005676559, 0.011005409, 0.000819231, -0.0024524129, -0.009567455, 0.01502677, -0.008356171, -0.030191801, -0.008331235, 0.0160398, 0.01605963, -0.0057353, 0.011148389, 0.004708726, 0.008163325, -7.142898e-05, 0.012066409, -0.0044478374, 0.009199076, 0.004296571, 0.016706003, 0.032054752, 0.0011789611, 0.0045163063, 0.032763697, 0.002243698, -0.010620773, 0.0010412013, 0.018233387, 0.00959362, 0.005392366, 0.01267631, 0.010095243, 0.015138425, 0.030563941, 0.011352428, 0.025121888, -0.0017911018, -0.013120652, -0.015110499, -0.01284237, -0.0012193699, -0.008787132, -0.019739335, 0.02136695, -0.0078020273, 0.0019628017, -0.00280155, 0.004387993, 0.008938413, -0.00972371, 0.0042086085, 0.008972928, -0.02564706, -0.0023194896, -0.02718507, 0.020604258, 0.0043071043, -0.030804452, -0.021007782, 0.015940938, 0.017133258, -0.012258882, 0.007729907, 0.006662444, 0.027523698, 0.0013465779, 0.0057968614, -0.007982689, 0.0028822373, 0.00300406, -0.010614669, -0.013880751, 0.004369088, -0.01286832, 0.016977262, -0.023894612, 0.009430535, 0.010361006, 0.00987363, 0.0018056275, 0.022318084, -0.012004417, -0.02968206, -0.010342242, 0.0018541773, -0.020238789, -0.0056252163, 0.01227947, -0.015575857, -0.007177893, -0.040091295, 0.0041957432, -0.0018125993, 0.0011116612, -0.0017325957, -0.019538475, 0.0026592049, 0.009826297, 0.008477603, -0.010873427, 0.014869121, 0.003189437, -0.020331219, 0.013453188, -0.008647259, -0.02261972, 0.010574726, 0.0022223315, -0.009228994, -0.01279788, 0.010555976, -0.012331748, 0.02758783, -0.016943514, 0.0012553869, -0.005609379, 0.0022226642, -0.0042026993, -0.0056464, 0.014358676, -0.047705755, -0.00639363, 0.021317607, -0.0011975837, 0.003912615, -0.003756184, -0.0077885618, -0.026503172, 0.0068945056, -0.0031836692, 0.006296862, -0.0004437164, 0.017865367, 0.0017962209, 0.012348844, 0.0069810506, 0.0056332573, -0.01580559, 0.0033995558, 0.009197381, 0.0040300055, -0.0071831155, 0.004075341, -0.006614533, 0.0030208703, 0.015969947, 0.0068696127, -0.010045513, -0.00042865693, -0.016159233, 0.0034758975, -0.01921269, -0.0037725244, 0.0014048691, 0.014741603, 0.009094781, -0.0010195686, 0.006170124, 0.002627922, 0.0033738366, 0.005366669, -0.016220164, 0.043918326, -0.009725141, 0.0075171287, -0.0041363803, -0.023090549, -0.018101607, -0.0082384255, 0.022548473, -0.0042555383, 0.0022975116, -0.0031434726, -0.030084064, 0.03111563, -0.0066972943, -0.009436934, -0.012226816, -0.009785796, 0.004203969, -0.018971518, 0.010362413, -0.022285527, 0.027946448, -0.000981354, -0.011270068, -0.00083397573, -0.030569905, -0.0027404022, 0.014679359, 0.0026137875, -0.02612956, 0.0070788395, 0.011067658, 0.0115717305, -0.031149104, 0.005705731, -0.0013515577, -0.0032001373, -0.0017587558, 0.006505554, 0.028714836, 0.0036904886, 0.039905757, 0.01787979, -0.016485646, -0.009012696, 0.0048470004, 0.005211623, 0.0010232795, -0.012888634, 0.015673019, 0.009492874, -0.0054772985, -0.01539768, 0.008372395, -0.0064141704, 0.018984623, -0.010383532, -0.01055677, 0.012983371, -0.0004046414, 0.009866162, -0.015629243, 0.025149757, 0.024594322, -0.013395257, -0.007074179, 0.028091814, 0.04690146, 0.02075405, -0.007334441, -0.017122598, -0.019085938, 0.017413005, -0.003663859, -0.022440119, 0.0063451864, 0.010985753, 0.0069731236, 0.009898314, -0.01943314, -0.0069724633, -0.013901647, 0.0019063719, -0.017035486, -0.018624363, 0.01660301, -0.007936772, 0.00562903, 0.013676474, 0.016071234, 0.008977449, -0.0039403588, 0.0044804723, 0.017069794, -0.0105065415, -0.019852273, 0.0038703715, -0.011756966, 0.011442586, 0.0027431783, -0.0138597805, -0.029792788, 2.0341182e-05, 0.015586059, -0.014320348, 0.00486082, -0.0033178858, -0.00519795, -0.0116260545, 0.010561075, 0.01023558, -0.0006018012, -0.0028752182, -0.0021481356, 0.009284522, 0.00819735, -0.028245652, -0.011273625, -0.0033880014, 0.007834148, 0.004517472, 0.010009532, 0.0055907294, -0.023825647, -0.0151307685, 0.002240271, 0.0013857273, -0.022218717, 0.0018371065, -0.0040747873, 0.013454526, 0.0022377113, 0.00045732665, 0.0241329, 0.007076993, 0.0033031476, 0.02345195, 0.010851907, -0.0008625415, -0.003667004, 0.0020988355, 0.0024455113, 0.16754328, 0.12890111, -0.01003094, -0.012826098, 0.01565382, 0.018683666, 0.005762511, 0.0019818426, -0.018731141, 0.030495815, -0.023355063, 0.007220907, 0.006762582, 0.0033307876, 0.011809, -0.022849508, 0.019409887, 0.009230846, -0.021982701, 0.0020533574, 0.010460896, 0.017212955, 0.008166944, -0.0124573065, -0.034739718, 0.020533422, 0.0034769718, -0.0049309544, 0.0066227517, -0.003473702, -0.019829255, -0.015621239, -0.0069230194, -0.013110492, -0.0050604274, -0.016424634, -0.005453685, 0.030709451, 0.009009515, 0.0031557817, -0.007905642, 0.019198665, -0.018809928, -0.0061931596, -0.00068675686, 0.00782253, -0.011271027, -0.042191625, -0.01595785, 0.006960459, 0.015590175, -0.0066071907, 0.015091599, -0.011019908, -0.0039258148, -0.016491953, -0.020377534, 0.015798649, 0.019098505, 0.00907614, 0.011074358, 0.006583288, 0.004493802, 0.0026984988, 0.014187648, 0.0024518468, 0.00984091, -0.014849291, -0.013092595, 0.0122926, -0.010999085, 0.02048491, 0.0037929828, 0.012935316, -0.006568113, 0.008078862, 0.027160613, -0.009668083, -0.033164963, 0.0048031993, -0.006699554, 0.020805305, 0.02341106, 0.061663948, -0.002832224, 0.0015535798, 0.0066633206, 0.027127093, 0.12026916, 0.0062234993, -0.006015731, -0.027197344, -0.0017875914, 0.010993171, -0.011010992, 0.0660044, 0.012941325, -0.008992483, 0.025079167, -0.006272204, 0.020933563, 0.002231036, 0.0004326369, 0.01743841, 0.017777225, 0.008752813, -0.009468595, 0.0020289314, -0.031004926, 0.004916811, -0.0015832376, -0.016223034, -0.012208531, -0.017558519, 0.0031874434, 0.0013968358, -0.012323467, 0.01245831, -0.09297278, 0.009980861, -0.00013691123, 0.009566587, 0.012673766, 0.014755023, 0.0037025143, 0.0042252373, -0.024675174, -0.005163316, -0.002201748, 0.0042152763, -0.0028253968, -0.00018950227, -0.012450232, -0.0041124607, -0.0053957305, 0.0060122046, 0.0061596236, -0.010273884, -0.025970764, 0.012711573, -0.014659218, -0.010172439, -0.013303173, -0.009380448, 0.011392378, -0.0034530584, 0.0259425, 0.027285583, 0.009229637, 0.00094469154, -0.048722405, 0.0079552755, -0.002854232, 0.011052561, -0.003095865, -0.0077258837, -0.011194744, -0.006706673, 0.0006983805, -0.030036187, 0.009484519, -0.034438107, -0.019728798, 0.015011242, -0.011012364, -0.023204474, 0.017392224, 0.0062881005, 0.030107418, -0.027906563, 0.014248955, 0.002601032, -0.0075251395, 0.0141510535, 0.025698928, 0.0071129003, -0.02525741, 0.011851922, 0.0035007545, 0.0044194963, -0.0105866175, 0.007521568, -0.0044375067, -0.003463463, 0.00025792504, -0.011045156, -0.019870225, -0.0025538534, 0.014273253, 0.0014201757, 0.012338068, 0.01906745, 0.0048933453, 0.02086159, 0.008161077, -0.0042735375, 0.0045807706, -0.009302679, 0.003328838, 0.01499448, 0.010119715, 0.10658704, 0.006856979, -0.0037036324, 0.0055988454, 0.0031677217, -0.032834075, -0.019807138, 0.0017465276, -0.008432038, -0.00558563, -0.00545858, 0.018670995, -0.0108259795, -0.021530775, -0.023229497, -0.025095185, 0.014010928, 0.008743648, 0.00064246834, 0.0013235614, -0.007566848, 0.037571054, 0.011446314, -0.0014429098, 0.0022022494, 0.013611987, -0.0065333373, -0.0043149022, -0.0136803575, 0.0065992232, -0.007667254, -0.020275876, -0.010657616, -0.005815103, -0.0025643632, -0.018137392, -0.022825807, 0.018242508, -0.003077278, -0.002996629, 0.0035617386, 0.008517762, 0.0018346739, -0.022673266, -0.035311487, 0.19556439, 0.016090909, -0.010849381, -0.006890557, -0.0074602333, -0.006024829, -0.01830002, -0.02584415, 0.0037014598, 0.020045513, -0.01871144, 0.0271895, -0.0033577275, 0.013076764, 0.010841352, 0.0022263245, -0.005807299, 0.027374664, 0.002411057, 0.0053654946, -0.00922922, 0.00025329072, -0.0191621, -0.006003426, 0.0058670677, -0.01174434, 0.00573066, 0.0036122329, 0.005352863, -0.0056561697, 0.013571518, -0.0027124202, 0.007522724, -0.0034815697, 0.0071808025, -0.008548812, -0.007726785, 0.0010002919, -0.008775649, 0.008459807, -0.00878521, -0.01794667, -0.018683443, 0.005046395, 0.006794104, -0.014815822, -0.0043631885, 0.025436858, 0.0053844014, -0.0047235875, 0.015990363, 0.018249016, -0.008617005, -0.010376669, 0.0014901996, -0.028327938, -0.013845657, 0.004108094, 0.019419625, -0.0017795354, -0.0005009537, -0.018970795, -0.006602834, 0.02193909, 0.00030831248, -0.015760578, 0.0122016715]"
"Cate Blanchett, Tilda Swinton y Coppola despliegan  la alfombra roja de Venecia",https://oem.com.mx/elsoldemexico/img/25439464/1756348317/BASE_LANDSCAPE/1200/image.webp,no especificado,Celebridades y figuras de la cinematografia internacional se dan cita en la apertura de la 82 edicion del Festival Internacional de Cine de Venecia ,https://oem.com.mx/elsoldemexico/gossip/cate-blanchett-tilda-swinton-y-coppola-estrenan-la-alfombra-roja-veneciana-25439549,"[0.007794822, -0.027360147, 0.021208737, -0.08255815, -0.0054852352, 0.036921646, -0.028594565, 0.0155662475, 0.011954327, 0.025908146, -0.011546317, -0.013057597, 0.027398972, -0.00825882, 0.12561715, -0.0028130396, 0.039271, -0.007921517, 0.022279564, 0.01217487, -0.006313733, -0.015687814, 0.0057378267, -0.019926008, 0.01664852, -0.003483653, 0.026710708, -0.013185319, 0.0034303053, -0.017811652, 0.0064046076, 0.00052367285, 0.011320798, 0.01225762, 0.01237508, -0.01673643, 0.0007206015, -0.015744386, 0.02234524, 0.030870616, 0.034824397, -0.0028705054, -0.02316135, -0.004987564, -0.0026268538, 2.8588698e-05, 0.023884429, -0.03373597, 0.009989921, -0.0060244002, 0.018418588, -0.021612, -0.02488975, -0.15155381, -0.0077494453, 0.002602911, 0.0048129666, 0.028461676, 0.011463516, -0.021155039, -0.010343812, 0.022492828, 0.00025419943, -0.023518538, -0.016770478, 9.014906e-05, 0.000283718, 0.016740136, -0.0048188204, -0.005247635, 0.0010969378, 0.0073675863, -0.008271404, 0.011300496, 0.014997697, -0.0021032055, 0.0104210535, -0.004709561, -0.007338721, 0.017425857, -0.0012451244, 0.002353949, -0.0025454094, -0.011308414, 0.0033887313, 0.0023948466, 0.012380158, -0.0057435036, 0.009606273, 0.0148280095, -0.012751121, 0.02129083, 0.012289187, 0.006275149, 0.0006089185, 0.0132196415, -0.003972725, 0.0066939574, 0.0009770476, 0.010128377, 0.0026391891, 0.0036543063, -0.006555636, -0.010009307, 0.012077676, -0.016869789, 0.023222035, -0.0050935233, -0.015536061, 0.0022740932, 0.009913402, -0.0078996895, -0.012031819, -0.013402172, 0.011428991, -0.10591238, -0.020574309, -0.00073345366, -0.028076893, -0.022233453, -0.0054088365, -0.01421231, 0.02404772, 0.019864684, -0.0048758956, -0.016438704, 0.008948103, -0.0007955943, 0.008964411, 0.029438168, -0.011772725, 0.008055601, 0.008458871, 0.020670122, -0.03709161, 0.011331274, 0.0390527, -0.0042210277, 0.0032323622, 0.006127742, 0.00586169, 0.004886678, 0.014074127, 0.00040974052, -0.0036656992, -0.00841366, -0.009123166, 0.022132931, 0.021645319, -0.010522208, -0.008464557, 0.041092217, -0.0554795, -0.019438123, -0.007829579, 0.0046445387, -0.009121252, 0.001268029, 0.028428346, -0.0064487522, 0.032344207, -0.022860592, 0.014521885, 0.027729912, 0.01255452, 0.026166327, -0.0148068825, 0.013858475, 0.010016112, 0.01850622, -0.0007162535, 0.021292869, 0.003999546, 0.011404017, 0.012544268, 0.0033511692, -0.013724451, 0.011924455, 0.00080704613, 0.035036657, -0.013138286, 0.03162058, -0.0137771135, 0.01619014, 0.03694903, 0.0053884257, -0.016027225, 0.012358282, 0.0049521816, 0.005410843, -0.020148637, -0.006484645, 0.00516133, 0.004926905, 0.046841342, -0.0068764556, 0.015206164, -0.0040267524, -0.0071347444, 0.013783311, 0.022959279, -0.014829421, 0.029881844, -0.0006177434, -0.005954757, -0.012319198, -0.017893238, -0.01530472, 0.009198631, 0.007252235, -0.023108883, -0.003279725, -0.010637589, -0.01992719, 0.0015221791, -0.010338015, -0.008558742, 0.013266509, -0.0007950635, 0.0011042687, -0.001894678, -0.018284196, -0.0067226393, 0.028611667, 0.0016415251, -0.021958292, 0.012761484, 0.02881875, 0.0338358, 0.007184426, 0.009818109, -0.013473252, -0.002903695, -0.02684999, 0.0131482165, 0.011177621, 0.0041822745, -0.036022592, 0.006030827, -0.0076506827, 0.018254377, 0.014596169, 0.011984982, 0.011945769, 0.00011534758, 0.0111834, -0.042526614, -0.00644756, -0.011483217, 0.02183286, 0.02186424, 0.0035093653, -0.009976851, -0.01208422, -0.008379597, -0.020602413, 0.012194693, -0.009858134, 0.006415, -0.016096149, 0.0031467052, 0.018850552, 0.0019497878, 0.022599926, -0.012782729, 0.0065012453, 0.0010050042, 0.018066946, -0.04622298, 0.0018823359, 0.008505386, 0.029681947, -0.00044531852, -0.015091426, -0.022067854, -0.032907538, -0.11354296, 0.011749794, -0.0053913076, -0.013823296, 0.0064327535, 0.0022278824, 0.0032696023, -0.0017304718, -0.003115974, -0.010091029, 0.011065947, -0.008954716, 0.009747372, -0.0077109435, 0.015169769, -0.005033203, 0.027424734, -0.022543004, 0.014852274, 0.0020509488, -0.0013727177, 0.038305484, 0.031089732, -0.0011947213, 0.013618748, -0.020705733, 0.018964004, 0.041457158, 0.038370654, -0.046193883, -0.028590024, -0.032884035, 0.003746657, -0.00051859836, -0.02270831, -0.009625045, -0.016339961, -0.014958718, -0.015764259, -0.05090686, 0.026674006, -0.020971453, -0.011300384, 0.026645798, 0.008034116, -0.0142629165, 0.0012838964, -0.007165606, -0.0037476558, 0.011001006, 0.0039825044, 0.021964975, 0.012518695, -0.012624289, -0.011673952, 0.009314593, -0.0034833371, 0.0005945783, -0.0047394005, -9.008033e-05, -0.00047772564, -0.0019577993, 0.0065471358, 0.016049106, -0.018449886, -0.013005294, -0.005439059, -0.003287504, -0.039782297, 0.021801941, -0.0070980275, -0.02010858, -0.00095049216, -0.019927662, 0.012956474, -0.015894115, 0.0076439693, 0.0075238403, 0.013184313, -0.0036195673, -0.017723592, 0.020197285, -0.035699006, -0.0054383962, 0.055213645, 0.023559118, -0.023600075, -0.019523783, -0.0015206832, -0.0009927138, 0.024681486, -0.007741854, -0.0012378612, 0.0077695376, 0.0031507441, -0.0153770745, -0.019882856, -0.020629764, -0.025615778, -0.012406572, -0.009850142, -0.01869887, 0.019189205, 0.019571392, 0.030968659, 0.0070955055, -0.0075287214, 0.005452657, -0.0055673104, 0.002611184, 0.0043806434, -0.023406483, 0.01440279, -0.011209844, -0.00096560066, 0.033935267, 0.00878896, -0.0077461903, 0.010108531, -0.025631825, 0.0010563477, 0.024235094, 0.0067893476, -0.0353814, 0.0014641405, -0.017038882, -0.013566114, -0.012564715, -0.0048409277, 0.0068670455, 0.026592076, -0.03430607, -0.0075945817, -0.013584743, 0.008659429, -0.013991744, 0.0153007815, 0.017287087, -0.008858559, 0.016507043, 0.0033570456, -0.0055392836, 0.0089264475, -0.008231224, 0.017973203, 0.030482769, -0.01176825, 0.0113190785, -0.0070196926, 0.028493704, 0.003261856, -0.011215775, -0.008174488, -0.008086637, 0.02917229, -0.02907377, 0.011377463, 0.016338797, -0.009263827, -0.0009495382, -0.024052735, 0.007266469, 0.0083829155, 0.021320514, 0.007845425, 0.0240589, 0.0009363697, -0.006960192, -0.0035377692, 0.040871892, -0.0040014437, -0.017706348, 0.0010320721, 0.013025066, 0.016201323, -0.007095944, 0.0016131939, 0.008023136, 0.002019907, -0.008462826, -0.0102456, -0.032919776, 0.0057153795, -0.027266363, -0.012361902, -0.017953658, -0.013011545, 0.005923762, -0.027891558, 0.012380023, -0.013374578, -0.01024443, -0.004167494, 0.035068523, -0.03592828, 0.001247125, -0.00863927, 0.01024838, -0.0106669655, 0.016824754, -0.00763644, -0.013850506, 0.01637983, -0.034917887, 0.013913886, 0.019695532, -0.0071299695, 0.012673896, -0.029848909, 0.009860372, -0.03125895, 0.010899235, -0.01220259, 0.020790111, 0.004554123, 0.01275184, -0.0026133466, 0.0017342641, 0.00797475, 0.008800241, 0.012194693, 0.009794896, 0.010868374, -0.010698644, -0.005813339, 0.016352532, -0.011852373, 0.0038523967, -0.0027246943, -0.008791488, 0.01721366, -0.003217818, 0.0058442904, -0.021416234, 0.012630241, -0.0124798715, 0.023341065, -0.0016812696, -0.026458051, 0.008426697, -0.0051905536, -0.0044200085, -0.01735391, 0.017518217, -0.020085912, 0.0039006318, -0.016488764, 0.0035051499, -0.00090278214, 0.0025194169, 0.025402492, -0.027335428, -0.01740895, 0.003645062, -0.012118791, -0.0030703703, -0.0046224906, -0.008669634, 0.027336596, -0.013503367, -0.0095115015, 0.04121786, 0.018252445, 0.019052438, -0.0118834255, -0.0040489053, 0.007688131, -0.041947633, -0.015416491, -0.07786486, 0.004759315, -0.013539315, -0.004184003, -0.0062206574, -0.011976558, 0.018969912, 0.0075983154, 0.0063945632, 0.029271847, -0.00622135, -0.036626954, -0.0071953144, 0.021320965, -0.01344914, -0.024082659, 0.0067581856, 0.0151224425, 0.011724933, -0.014759279, -0.0064478978, 0.019894786, 0.01333185, -0.02812228, 0.015490661, 0.020101946, -0.008902846, -0.038325172, -0.0020927608, -0.001338537, 0.004824475, -0.028697157, 0.019422093, 0.02740561, -0.008577324, 0.00018386178, -0.01287524, -0.029022712, -0.0028092766, 0.014865558, 0.009160102, 0.00024003629, 0.016642911, -0.024432132, 0.0073400578, 0.011961728, -0.026322283, -0.0029132313, -0.006196862, -0.017396707, 0.0063087726, 0.0058810096, 0.018663593, 0.015006585, -0.007601158, 0.0069079567, 0.013624484, 0.012592074, 0.027549397, -0.012704086, -0.033521462, 0.008412651, -0.0007781827, 0.0010943105, -0.019772299, -0.020780759, -0.016971484, 0.030345697, 0.038191002, -0.0094959615, -0.0055638566, 0.02732048, -0.01140622, -0.0026984455, -0.011493843, 0.0113438, 0.00028192851, 0.013578682, 0.03851321, 0.0020990174, -0.02111609, 0.018978877, -0.12983815, -0.0046163662, 0.007948287, 0.0019868189, 0.009596696, 0.0002251787, -0.010683963, -0.01659662, -0.0085130455, 0.0019861553, 0.0005745383, 0.028400721, -0.012899756, -0.026504405, 0.003506308, -0.023619812, 0.0048854393, 0.0055839485, -0.00097026804, -0.032397795, -0.008685513, -0.013941585, 0.026678266, 0.009140518, 0.04177399, 0.035194755, -0.003675287, -0.022520825, 0.0067619095, -0.020121168, 0.0017428892, -0.14419207, -0.015233327, -0.0037332205, -0.020452939, 0.011659696, -0.0057735047, 0.0059707626, 0.009099243, 0.010053322, -0.042455137, -0.011630916, -0.023719978, -0.030714702, -0.0089304205, 0.0050666085, 0.10178094, -0.0016177044, -0.013658949, -0.023646794, -0.008132434, 0.0098629715, -0.022457944, 0.055526868, 0.01470278, 0.027406469, 0.01603597, 0.004841917, 0.02853595, -0.019679405, 0.0072052223, -0.011363886, 0.009086965, -0.0019052149, 0.0031534084, 0.015702529, -0.004372367, -0.02064175, -0.028610831, 0.013004408, 0.011295336, -0.009550696, 0.0005841846, 0.0021037408, -0.028257787, -0.016789095, 0.0016826686, 0.033663917, -0.041531496, -0.01643971, 0.009180735, 0.031873684, -0.0631604, 0.0005551475, 0.0061838757, 0.008988096, 0.00026551608, -0.0018445856, 0.016527059, 0.0041049253, 0.03020976, 0.008108868, 0.019316789, 0.014458872, -0.007868388, -0.0051239617, -0.01041277, 0.0041327947, 0.003755653, -0.011303818, -0.0074206553, 0.010578677, 0.0093494365, -0.027132414, 0.0003016958, -0.010208488, 0.005248798, 0.0037344163, -0.0019148274, 0.024944188, 0.020365646, -0.0037030743, -0.021409418, 0.028534712, -0.0017348187, -0.00036637124, -0.015655283, 0.013164294, -0.0020794456, -0.0029692766, -0.016762994, 0.027437171, -0.04073487, 0.004881963, 0.010046101, -0.00087675964, 0.012096376, 0.002660347, -0.008341907, -0.017160278, -0.004769979, -0.029441677, 0.0050347107, 0.0031146037, -0.0008631688, 0.03296993, 0.0015686878, -0.0018718201, 0.012485855, 0.01441385, -0.033505883, 0.020501886, 0.004932045, -0.02250064, 0.000292872, -0.011358733, 0.0100114755, 0.015312762, 0.013952618, 0.013517574, -0.0028262467, 0.018322784, 0.020881463, -0.0015551108, 0.013365715, -0.009060108, 0.00023756626, -0.008900535, -0.0008074715, 0.009922613, -0.05822394, 0.004122599, -0.010306537, 0.008753109, 0.011881761, -0.002659249, -0.0026762714, 0.009989782, 0.017243072, -0.0020296178, -0.018945998, 0.00028953224, -0.018168006, 0.0016267766, -0.006648228, -0.0022260884, -0.0053666504, 0.0056651393, 0.00062858645, -0.0040566395, -0.009643128, 0.01175967, 0.0075415326, 0.010405081, 0.01304443, 0.00501504, 0.006911541, 0.016935946, 0.019555666, -0.016480722, 0.0003223024, 0.0065958193, 0.0041405032, 0.011722072, -0.0053592096, 0.0010023355, 0.0069920416, -0.0036606665, -0.022510024, 0.012826721, 0.0064261802, -0.002021917, 0.0054961042, -0.010637221, 0.014084969, -0.02161056, 0.010250291, -0.0066500395, -0.009336143, 0.006233763, -0.008518017, -0.00931716, 0.0039369115, 0.012596065, 0.01679914, -0.0029604782, -0.001837275, 0.006551928, -0.01066249, -0.008521449, 0.011854987, 0.0033595331, -0.018094031, 0.02209736, -0.004194899, -0.0033403665, 0.015307013, -0.0025616097, -0.0054242536, -0.01278138, 0.0016158154, 0.00459995, -0.018467043, -0.011340451, -0.009875008, 0.014563075, -0.015648447, 0.0026912298, 0.0012379208, 0.011700947, -0.008802043, -0.0005660482, 0.008341893, 0.005361584, 0.00022022397, -0.017935751, -0.024261795, -0.008663732, 0.02167627, -0.007376408, 0.00495409, -0.010840806, -0.0135176955, 0.009530813, -0.0031636036, 0.012340894, -0.0050327578, 0.0045604887, 0.008863192, -0.006657443, 0.00920243, -0.0055811354, 0.00898032, 0.026735727, -0.009043936, -0.005147088, -0.011140034, 0.009126667, -0.012710495, -0.00036571163, -0.01652253, 0.019790303, 0.0058903345, -0.00046427382, 0.008822339, 0.010854371, -0.006309125, 0.0038208854, -0.020132149, 0.0031795523, 0.011348833, -0.009062171, -0.0022784662, -0.000381598, -0.001646774, -0.020465914, -0.007858877, -0.016223969, 0.00034190778, -0.0019424484, -0.012939098, -0.012234587, 0.005094118, -0.007537579, -0.011248094, -7.85874e-05, 0.021443654, -0.007805729, -0.011059742, -0.0020965952, -0.0023526873, -0.020699156, 0.021585008, -0.008458462, 0.00808426, 0.008820902, -0.0084696775, -0.0052560954, -0.00062045694, -0.007672248, -0.0069026696, -0.005712083, -0.014340733, -0.012919039, 0.0040203393, 0.012951436, 0.004661025, 0.012681473, 0.0020205777, 0.013330045, -0.030130273, -0.02230492, -0.0037469661, -0.003707494, -0.0010124098, 0.0019834857, 0.023781499, -0.009865576, -0.026042338, 0.017471133, -0.005360865, 0.011871166, -0.002784349, 0.005112375, -0.004015707, 0.004494033, -0.013235168, -0.0078554265, -0.0039849062, 0.024745101, 0.008560993, 0.0825043, 0.009135955, -0.0032206955, 0.0033704878, -0.023429943, -0.013936108, -0.013316851, -0.016610505, -0.01389973, -0.00837516, 0.017997615, -0.018767, -0.007910995, -0.0042313538, -0.022080665, 0.010294195, -0.014645115, 0.0031816787, -0.0024913177, 0.002453721, 0.0046403394, 0.017210783, 0.02335537, -0.0063369335, -0.00035118897, 0.009947764, 0.01047041, 0.010165759, -0.012206319, -0.005757445, 0.012438661, 0.013181328, 0.001801344, -0.01004438, -0.027005067, 0.0034504316, 0.0040408415, 0.0046316427, -0.0018703949, 0.0077488604, -0.014064545, -0.00082427467, 0.022632768, -0.020581927, -0.00051932037, 0.010424544, 0.004649422, -0.01164308, 0.023563238, 0.013414626, -0.0014141015, -0.01125552, 0.0051993234, 0.00012033843, 0.002702461, -0.0045599206, 0.013640201, -0.00628053, 0.02285406, 0.0024219032, -0.006576781, 0.017072566, -0.02218007, 0.006752006, 0.0058907126, -0.018412283, -0.0009831848, 0.004056271, 0.009334736, -0.010373757, -0.011658788, 0.006767836, -0.0023287507, -0.0015304831, 0.030106436, -0.002676818, -0.0055726063, -0.014779671, -0.010782954, -0.007602298, 0.011880278, 0.016581016, -0.020935243, -0.0029487775, 0.008353125, -0.004133544, -0.02934862, -6.3592444e-05, 0.01105838, 0.0066313827, -0.0101125585, -0.009143443, 0.0108448975, -0.0064952746, -0.00655694, 0.018416436, 0.07033651, 0.0024356765, -0.016686065, -0.014017212, -0.0019700928, -0.0071340674, 0.01640055, 0.011595353, 0.014067545, -0.0012028582, 0.022285132, -0.010164092, -0.0021546443, 0.004458577, 0.004504535, -0.0033223794, 0.015274397, -0.008399071, 0.0048050494, 0.0012754657, 0.008992914, -0.0012339961, -0.0075591, 0.0091913305, -0.0076380456, -0.013574889, 0.005021178, 0.015479995, -0.0036192741, 0.010993376, -0.0011500462, 0.011278119, -0.010061731, 0.0035976605, 0.01792106, 0.007949626, 0.0015912938, -0.0072734356, -0.0014260572, 0.019309573, -0.014350037, -0.009496921, 0.017438756, -0.0013086424, 0.010222992, -0.007456659, -0.012516257, 0.0031306767, 0.0025402696, 0.002571655, 0.021206893, 0.0034876824, 0.0043621166, -0.00038225658, -0.0044255783, -0.02523475, 0.016432678, -0.028949862, -0.0040185982, 0.020148177, -0.0018728728, 0.0047505694, -0.008887731, -0.007747098, -0.002914782, 0.00028896282, -0.0007642752, 0.00020407254, -0.010488157, -0.0057502873, 0.0019262531, 0.0045961197, -0.01893716, 0.00966149, -0.00015299747, -0.0058952984, -0.0027072506, -0.003930847, 0.005833118, -0.0007696162, -0.004068059, 0.002473079, -0.008219441, 0.0018953586, -0.0005654588, -0.005096846, -0.014071431, -0.0054614493, -0.0021646626, 0.00044291266, -0.003885882, 0.0064420733, -0.0016627138, -0.028828962, -0.004141496, -0.0063415263, -0.011455399, 0.013583306, -0.00032687426, 8.4314066e-05, 0.012762479, 0.025825126, 0.009405501, 0.011739705, -0.014101386, -0.0061923726, -0.0025055162, 0.003988015, -0.0011486344, -0.0049147867, 0.010140214, -0.020351596, -0.009839606, -0.0038303032, -0.0045614224, -0.02129283, 0.010574548, 0.0049820724, -0.005197348, 0.013531509, -0.00056466716, -0.011227935, -0.00448262, -0.007839806, -0.002984095, -0.007870834, -0.0045594303, -0.0033523059, 0.009005858, 0.011392181, 0.023575142, -0.007776214, 0.008188395, 0.0038953307, -0.002853211, 0.003233731, -0.008587264, 0.025477782, 0.0108473, -0.0055811694, -0.014363105, 0.014336608, -0.006726108, -0.014331339, -0.013359552, -0.010494561, 0.015918454, -0.0028777553, -0.006965585, -0.008425943, -0.021186803, -0.01513455, -0.014385439, 0.011178343, -0.0013840732, 0.01074835, 0.012520545, -0.009457018, 0.0069397455, -0.0037744297, -0.007336158, -0.061101764, -0.010067369, 0.0010088955, 0.016001035, 0.028931197, -0.0028865482, 0.02063837, 0.0077196853, 0.019625977, 0.0030884303, 0.007905446, -0.0017841937, -0.004277412, 0.011849636, -0.0028985133, -0.0065217437, 0.0031216457, -0.004707804, 0.00636288, -0.0029710047, 0.0002329452, -0.025937546, -0.0039471104, -0.0022637197, 0.011670213, -0.014392746, 0.010387553, -0.011938275, -0.00932498, -0.007593295, -0.010963061, 0.0006686221, -0.0074122734, 0.012365042, 0.013831749, -0.014168666, 0.010217926, -0.0024080432, 0.0024200203, -0.004557161, 0.011173529, -0.000364157, 0.012269824, -0.005814507, 0.024116518, -0.0066522732, 0.008054279, 0.0038953426, 0.0017397973, 0.0005971465, -0.004456586, 0.0026026256, -0.0147087565, 0.011769711, -0.013714852, -0.011255326, 0.01129248, -0.0015842394, 0.0023927893, 0.0042625098, -0.008544621, -0.0018965934, 0.005376241, 0.0074857064, 0.027051203, 0.007598615, 0.0090670325, -0.011922723, 0.010870883, 0.012799773, 0.0063362755, 0.00761821, 0.023175046, -0.004215398, -0.0034068504, -0.0015229941, 0.016072454, 0.0024775746, -0.009244358, -0.004833201, -0.00688985, -0.0077736136, 0.0054467986, -0.022244954, 0.008933257, -2.6739632e-05, -0.019069806, -0.03267181, -0.008474761, -0.008772588, -0.006990526, -0.008849018, 0.0020961268, -0.010300163, -0.0019081898, 0.007916731, -0.007964022, -0.0069223205, 0.027031802, 0.012874051, 0.0020943847, 0.0015205506, 0.00010153273, 0.004248082, 0.012022371, 0.01491443, -0.008435432, 0.0062992163, 0.004217806, -0.0043512895, -0.026419869, -0.010049889, 0.0012972434, 0.02100975, 0.01859077, -0.0020526424, -0.010219821, 0.0025995316, -0.009194222, 0.015185531, -0.008625171, -0.012791073, -0.0015010347, -0.011655042, 0.002705544, 0.011192018, -0.0036769246, -0.010439729, 0.0154174995, 0.012524397, -0.0384238, 0.018358834, 0.012798421, 0.00087193726, 0.007887489, 0.011814693, -0.004847475, -0.0064384686, -0.018010702, -0.0010821956, 0.0054453346, -0.009843388, -0.0018580592, -0.0032201195, 0.0049680728, 0.01921508, 0.014336586, 0.011556368, -0.004030313, -0.011720455, 0.0018526623, -0.00042345191, -0.013791807, -0.009591221, 0.0046329033, 0.009449985, -0.011368198, -0.005200104, 0.0012441775, 0.007788081, -0.020476056, 0.011127117, 0.00045995755, 0.008529512, -0.0003803034, 0.005385047, -0.0010591776, -0.0033911983, 0.0047965245, 0.011369615, -0.002154683, 0.005085849, -0.0096631115, 0.022343276, -0.00091451936, -0.017441086, 0.014431552, 0.002534585, 0.008188918, 0.0019830256, -0.008795231, -0.0046407743, -0.009047125, 0.010846522, 0.009090664, -0.0018723215, 0.0019922804, -0.0016996572, 0.013036542, -0.0016730812, -0.019643147, 0.013071081, 0.0048156544, 0.010287405, 0.0058560222, 0.0066447617, 0.001206322, -0.007219348, 0.0011642104, -0.010124145, 0.00043516222, -0.0137450695, 0.0051302067, 0.026728878, -0.014884325, -0.06304517, 0.0043724594, 0.001776851, 0.0015568294, 0.008273673, -0.012643081, 0.0076190173, -0.02087768, 0.0047703744, -0.006121828, -0.002922092, 0.011112753, 0.0061120465, 0.021512304, 0.0050641317, 0.019479103, 0.0031172035, -0.012667486, 0.005759852, -0.011643544, -0.0011824447, 0.0028874425, -0.010326994, -0.0014697871, -0.029977964, -0.012620943, 0.009602515, 0.0061636358, 0.01734549, 0.0100071365, -0.00046987872, -0.0049766097, -0.016486553, 0.015517555, -0.0051022233, 0.011243498, 0.00061610405, 0.005518643, -0.1362365, -0.0015436399, -0.003105971, 0.012633411, -0.009706111, -0.004203118, -0.0052998383, -0.007619251, 0.010470459, -0.00841454, -0.009250855, 0.010013688, -0.010492467, 0.005918731, 0.00086859864, 0.0005965314, -0.0027533567, 0.0018294771, -0.01566494, -0.0030374527, -0.0047825016, -0.0013225253, -0.0033395542, -0.0017112124, 0.01495127, 0.0047823996, 0.01493075, 0.0050320933, 0.004391372, -0.0027669517, 0.00381935, -0.008278142, 0.01492104, -0.007304882, -0.0047365692, -0.028752634, -0.008476264, -0.009932675, -0.008879807, -0.016186215, 0.013642431, -0.019554494, 0.015834207, 0.007765978, -0.0049333214, 0.006581318, 0.010908225, 0.018500438, 0.0063863527, 0.0018768036, 0.000708759, -0.011381042, 0.0017421347, 0.00046863494, -0.0014031916, -0.0020145928, -0.004091209, -0.022163184, 0.0054704673, 0.001156724, 0.0053141103, 0.0047272174, 0.016162494, -0.0026537764, -0.013164786, 0.015212363, 0.004443194, 0.01783665, 0.010655202, 0.002540624, 0.0040563317, 0.0010755686, -0.011633776, -0.005908378, 0.015443591, -0.0051607224, 0.015715878, -0.0027865546, 0.0096589485, 0.01627361, 1.8952682e-05, -0.027130693, -0.03160864, -0.0026416155, -0.0022912847, -0.007921913, -0.014753886, -0.002740094, -0.020603415, -0.049500152, 0.007895748, 0.0067361374, 0.010539762, 0.020318542, -0.014854741, -0.0021759798, -0.012881476, -0.0068043224, 0.0044169845, -0.010047821, 0.0045457934, 0.0014479236, 0.018500457, 0.022060808, -0.0043849847, 0.0064446274, -0.005784166, 5.973258e-05, 0.005171552, -0.02325166, -0.0071133543, 0.006702986, 0.019288214, 0.006080655, -0.02113778, -0.016024286, 0.0062543284, 0.008168772, -0.0035931352, -0.020854164, 0.0071971323, -0.0106350845, 0.022332104, -0.010676628, 0.01232146, 0.017343696, 0.00086585013, -0.0010270473, -0.010392361, 0.0048778574, -0.02052748, -0.0018445274, -0.029618982, -0.002303797, -0.010188199, -0.011039251, -0.010923469, -0.023954222, -0.013354389, -0.019854471, -0.011965289, -0.0005022987, -0.0011153658, -0.008531054, 0.0028856155, 0.0090129, -0.0077172285, -0.0045664306, -0.008056195, -0.015101839, 0.004177788, 0.016808113, 0.0035390125, -0.010564725, -0.009828758, -0.006269615, -0.010730023, -0.0052251504, 0.020698413, -0.020766208, 0.017444307, 0.015419004, 0.029864369, 0.0015962918, 0.007163642, 0.022068182, 0.017690565, -0.006071619, 0.01430229, 0.021235654, 0.00922438, 0.0005041943, -0.0064269947, -0.007640758, -0.015734673, -0.031305287, -0.0047548846, -0.0026807196, 0.014361187, -0.0029389886, 0.0072694076, 0.008648727, -0.00041821323, -0.026444433, 0.008868634, 0.011062045, -0.004910575, 0.003917864, 0.010714919, -0.0075311163, 0.00843361, -0.008052585, 0.0056149894, -0.021520624, -0.028136032, 0.011637452, -0.025483707, 0.016844653, -0.0054126824, 0.0021983325, -0.014752069, -0.0038520426, -0.020920876, -0.16169994, -0.010282728, -0.02896493, -0.007824493, -0.01494092, -0.00859925, -0.0070776846, -0.005709191, 0.025163695, -0.011266896, -0.011257395, 0.013717311, -0.009991028, -0.003427787, -0.0023615686, -0.010915135, 0.010175511, 0.017433947, 0.011025078, 0.0037685756, -0.021685919, 0.02251817, -0.006528368, 0.017285386, 0.00047788772, -0.017129863, 0.031473126, -0.012377222, -0.014300239, -0.011237726, -0.014464071, 0.0030130409, 0.0015712662, 0.007535365, -0.0043867617, -0.0015367564, -0.0021489905, 0.03083457, -0.0021135954, -0.0039082617, 0.006434016, 0.015875291, -0.010323215, -0.002706991, 0.0008878036, 0.0055045085, -0.018380553, -0.0077394894, -0.012450641, 0.0016649402, -0.015434841, -0.01500504, 0.024238018, -0.027029548, 0.017763093, -0.013373464, 0.018990038, 0.0001402458, 0.015389199, 0.008099464, -0.01762208, -0.01414646, -0.0031530557, 0.008324093, -0.006188053, -0.027117515, -0.007897326, 0.12742764, -0.019783832, 0.045736205, -0.0033508905, 0.0057768775, 0.009657809, 0.018532991, 0.0055640643, 0.024648132, -0.023974372, 0.020737344, 0.0030394073, 0.011107622, -0.029249541, -0.030160626, 0.00020431186, 0.007777736, 0.0019435817, -0.0045707165, 0.0024862755, -0.014194725, 0.0019255945, 0.021777922, 0.012359922, 0.019532595, -0.0037031276, -0.010637614, 0.008290912, 0.019380163, 0.015818628, 0.006862466, -0.021302326, -0.0023250654, -0.0346715, 0.006361493, 0.0058567557, 0.012845315, -0.013818824, -0.033638805, 0.01221867, -0.011093894, 0.006601805, -0.01173433, -0.0023597155, -0.0146853775, 0.023052962, 0.012616604, 0.0153591465, 0.017964872, -0.011413942, -0.022926133, -0.017685398, -0.018263737, 0.0056019304, -0.003952895, -0.021290122, 0.017721336, -0.009178109, 0.004583894, -0.01756205, 0.0005596408, -0.005081369, -0.0064199828, 0.011936836, -0.020822579, -0.007250687, -0.005610846, -0.0066864206, 0.008432456, -0.119045325, 0.00086414843, 0.006704933, -0.021206556, -0.0027313957, -0.023944058, -0.007986738, 0.02304523, 0.010079293, -0.010960561, 0.0062237727, 0.013968293, -0.03139642, 0.02373741, 0.018634895, -0.014039405, 0.0066922004, 0.008100559, 0.007471207, -0.008023013, -0.002457779, 0.006483042, 0.011495154, -0.011154531, 0.014630985, 0.008572454, -0.0046073906, -0.008619486, 0.0011120498, 0.011383516, 0.0050293067, 0.0013578116, -0.012586108, 0.0137597285, -0.005839774, -0.016852433, -0.009239932, -0.004292277, -0.02039764, -0.0042458167, 0.011574378, -0.008579672, 0.010618184, 0.002520794, 0.021283725, 0.006010738, -0.00436396, -0.00083825574, -0.01074963, -0.018091869, -0.00061411964, -0.004407806, 0.0032081918, 0.010893549, -0.02782495, 0.022387745, -0.010176719, -0.0044240993, -0.0068818587, -0.00031287275, 0.0223423, 0.025833003, 0.009567105, -0.012793092, -0.005946116, 0.011593287, 0.0016357587, 0.021031639, 0.0046721525, 0.020867715, -0.0027022893, -0.013248412, 0.010132308, 0.0130590135, -0.0027550207, 0.010162828, -0.005921994, 0.014637359, -0.024275606, -0.0010502028, 0.015634233, 0.0033819901, -0.005829204, 6.503121e-05, 0.028763322, 0.00055505935, 0.02345401, -0.018227564, 0.006266931, -0.0059101847, 0.0050752847, -0.014506386, 0.033037286, 0.007974074, 0.008716703, 0.012953319, 0.0023852244, -0.0014988653, 0.024862418, 0.0021694384, -0.008405439, -0.0058379364, -0.023275692, -0.00031975142, -0.0028810839, -0.0057440116, -0.01604662, -0.004514089, 0.015726771, -0.0030044303, -0.029527457, -0.017292371, -0.0025340929, 0.021223275, 0.019253893, 0.0067843623, 0.0025947099, 0.009335607, -0.028301105, -0.012620887, -0.013288702, 0.013100171, -0.0041019674, -0.001542594, 0.011994324, 0.0016190468, -0.010581328, 0.020348541, 0.010090743, 0.008381619, 0.00041671397, -0.003579546, 1.551713e-05, 0.004260264, 0.008241196, -0.0017704334, 0.01305215, 0.026160542, -0.00632421, 0.00419956, -0.00726806, 0.012826663, -0.014622686, 0.018871695, 0.004123421, -0.011338208, 0.010969699, -0.0068204994, -0.023302615, -0.023315953, -0.0053848983, 0.014043863, -0.016450258, -0.007855284, 0.013806949, 0.003155992, -0.017869432, 0.009518301, -0.010885175, 0.01529214, -0.008352016, 0.011984573, 0.006231817, 0.0044257026, 0.009816993, -0.0077739907, 0.013451339, 0.0005879802, -0.013574924, -0.012059668, -0.022487463, -0.012059177, 0.00074793433, -0.022640374, -0.0014192683, -0.0035129131, -0.008175974, 0.034999203, -0.021273317, -0.05727821, 0.024615336, -0.008272792, 0.011144513, -0.013390065, 0.0035369843, -0.0051754904, 0.0039315573, -0.0026403351, -0.017766658, 0.030552948, -0.0018543855, 0.010266916, -0.022099297, 0.019323237, 0.0339653, 0.010565473, -0.010792105, 0.0015009353, -0.004019612, 0.02986423, -0.006774484, 0.004986952, 0.005778721, 0.0015915853, -0.018882317, -0.005997606, 0.022511542, -0.015952474, -0.015472883, -0.025535138, 0.010099209, -0.021779306, 0.017697372, -0.0038211902, -0.008062468, 0.013777696, -0.007749566, 0.0059637656, -0.054141812, -0.0010443812, 0.0059073255, -0.044024847, 0.0040231077, -0.0071379123, 0.0026059377, 0.008513944, -0.018816466, 0.0015278762, 0.016398605, 0.012651304, 0.00918792, -0.012982734, -0.005266715, 0.023045069, 0.0028350756, 0.015118407, -0.012455253, -0.008540109, -0.0024291822, 0.0030838875, -0.01882842, -0.024121687, 0.01071773, -0.0030588512, 0.023670712, 0.004506582, 0.00763631, 0.0054627173, 0.019226683, -0.019043898, 0.00028683047, -0.0028053038, -0.00033548585, -0.0057755327, -0.012384141, 0.014157797, -0.011366591, 0.0034592613, 0.022270497, -0.0061286334, -0.0119043905, -4.4437318e-05, 0.0564472, 0.006865089, -0.014690308, -0.01153969, -0.10332452, -0.0024982623, 0.018762857, -0.007501372, -4.7519902e-07, -4.3270564e-05, -0.0038536068, 0.05788031, -0.020576756, 0.0054014684, -0.0017643358, -0.0029511363, -0.0070900926, -0.003141961, 0.02604577, -0.01176876, -0.018295642, 0.019865269, 0.00017185303, 0.00642859, 0.010115804, -0.0008566648, -0.03348589, 0.028392972, 0.013811378, -0.031630047, -0.010391576, 0.019781241, -0.008225957, -0.0011325947, 0.015607979, -0.011428736, 0.007267025, -0.003502995, 0.017016793, 0.01691803, -0.0022704357, -0.0077965823, -0.014265578, 0.02003919, 0.0042575137, -0.012993431, 0.0044898842, -0.010659792, -0.0012251624, 0.010833657, 0.012131913, -0.0138877025, 0.009136195, 0.0013308964, -0.0016687361, -0.02469131, -0.0071040043, -0.010231437, -0.0124961715, -0.021288149, 0.01545713, -0.044151023, 0.0009098228, 0.0026520765, -0.009609637, 0.0026627765, 0.006198927, 0.018223394, -0.0021253997, 0.0125018135, -0.009641214, 0.005251099, -0.002038012, 0.003939419, 0.016706865, -0.00044184993, -0.0016646046, -0.00049498986, -0.02119287, -0.023422807, -0.016565932, -0.0076061916, -0.009348841, -0.020567369, 0.009097384, -0.010456273, 0.014741829, 0.010780438, -0.009775111, -0.0007119081, -0.0012174485, -0.03218678, -0.01660078, 0.006133646, -0.0119066, -0.017998077, -0.0047220406, 0.0102792075, 0.021456199, -0.017070096, 0.019450815, -0.021338126, -0.0067731994, -0.0022959872, -0.023018902, -0.019512292, -0.0042709247, -0.005241565, 0.011946164, 0.01212965, -0.006122488, 0.00026736665, -0.008060783, 0.024394972, 0.017272973, -0.00344774, 0.0037102513, -0.0042342944, 0.0070265434, 0.009472985, 0.004406043, 0.0024825553, -0.012631541, -0.022502577, -0.008998411, -0.0008237331, 0.008407053, 0.006356168, 0.0074143596, 0.0147460895, 0.004652084, -0.013467267, -0.017810667, 0.010943973, 0.0034624354, 0.0125461565, 0.0040741847, 0.009300255, -0.0051771807, -0.011154525, -0.020399943, 0.018847933, -0.0013135995, -0.0008058309, 0.0030082953, 0.02276187, -0.008203731, -0.0072953724, -0.013653702, -0.013563829, -0.013788797, 0.009043838, -0.028136779, 0.0026832244, -0.001121482, 0.021973707, 0.00018327723, -0.019662993, -0.036246747, 0.028403657, 0.014483249, 0.009486728, 0.010411729, 0.0027815537, -0.0115245655, 0.020222291, -0.0025935809, -0.001334571, -0.022174742, 0.0059190188, -0.032601852, -0.028809194, 0.024301065, 0.011322706, 0.003646611, -7.255483e-05, 0.0056363083, -0.00024855597, 0.05239925, -0.013069253, -0.011364241, -0.00869903, 0.0140983, -0.0069415183, 0.016140904, -0.0050816718, -0.0018098977, 0.0098150205, -0.0103079835, -0.022066843, -0.0031987855, 0.0074260803, 0.00199529, 0.001396739, -0.0059605003, -0.0027479364, 0.0033120024, 0.0013390718, -0.04055493, 0.015881693, -0.0023229865, -0.022282584, -0.008254216, 0.0151603725, -0.001979035, -0.00067886146, 0.0044983993, -0.051514193, 0.0083186645, -0.013577161, 0.018341752, 0.0035210073, -0.0026389456, -0.005247526, -2.0628997e-05, 0.0012651959, -0.013123078, 0.016731359, -0.02462933, -0.02192761, 0.018139903, -0.0065955436, -0.00782793, 0.008987448, 0.009178617, 0.027388185, 0.023617761, 0.0061550834, 0.0072149946, 0.007108178, 0.0006268582, -0.0021167286, -0.017010897, 0.014570231, -0.0068079843, 0.01394121, -0.017850421, -0.010870028, -0.00965039, 0.0007015349, 0.01118367, 0.0051777167, 0.019255163, -0.0070046624, 0.0019587658, 0.015232552, 0.013949647, 0.010895353, -0.017278103, -0.0038675438, -0.016479582, 0.022584772, 0.008595889, -0.013203096, -0.008014643, -0.006917131, -0.02327648, 0.003950949, 0.008415781, 0.017177131, -0.0055884337, 0.006930661, -0.0009702654, 0.024861662, -0.018591544, 0.004516422, -0.002085258, 0.0049777133, -0.016065285, 0.012260254, 0.0016141247, 0.017681941, 0.0041714925, -0.012201881, 0.010713434, -0.007122428, -0.035883952, 0.0039747055, -0.005668967, 0.018396689, 0.020721242, 0.026063763, 0.0044867652, 0.018693713, 0.0011282994, -0.0048154495, -0.014070249, 0.015047338, 0.00020013563, -0.009103388, 0.012564303, -0.010225571, 0.007995446, 0.0012145449, 0.020783188, -8.034141e-05, -0.009670522, 0.0019123155, 0.003446186, -0.020219713, -0.0034610494, 0.009826352, -0.018504016, -0.017150864, 0.04259272, -0.032389205, -0.020946248, -0.012465072, -0.0044721016, 0.0028366616, 0.030704213, -0.001199131, -0.004902854, -0.026862547, 0.0009348221, -0.025944786, -0.0003378763, -4.711539e-05, -0.0458905, -0.007863146, -0.002894307, -0.004258097, 0.014152553, -0.01914483, -0.0024759858, -0.017939413, 0.016869964, -0.028457645, 0.008130855, -0.0038125846, -0.013274697, 0.027701003, -0.023570681, 0.0066337595, -0.0046973955, 0.0074785305, -0.007880998, 0.0074742283, -0.009838335, 0.0039603617, 0.0040236707, 0.010526375, 0.020561114, 0.02257573, -0.017559057, 0.007556408, 0.006674524, -0.024554564, 0.0011104855, 0.0078904405, -0.029580003, -0.01211614, 0.01986972, -0.00060379505, -0.010136626, 0.00080892246, -0.006949975, 0.0064585772, -0.0002632388, 0.0054890667, -0.008960911, -0.020371791, -0.006396776, -0.016916862, -0.010936655, 0.024260718, 0.009725587, 0.004648835, -0.003384169, -0.004929834, -0.0089390585, -0.016353667, -0.007510871, 0.009716048, -0.0100954035, 0.0040171854, 0.001975481, 0.01842716, 0.0139588425, -0.01149905, 0.009635634, 0.020079419, -0.021945408, -0.012233487, -0.0234176, 0.0125582535, 0.01214302, 0.02406864, 0.007868844, -0.0032174168, -0.0012351531, 0.012711063, -0.028689738, 0.021511916, 0.014653185, 0.019920953, 0.011622055, -0.002402722, -0.002316969, 0.011204716, -0.014225532, -0.018555323, -0.005903989, 0.013387563, 0.017348127, 0.015430909, 0.013225881, -0.011193084, -0.005012458, 0.010740575, 0.011875098, -0.020074127, 0.005165258, -0.0043163355, -0.0060060835, -0.034440245, 0.0033722038, -0.0060291677, 0.006791659, 0.0017815696, -0.0023309235, 0.003520284, -0.008013068, -0.027544437, 0.01270633, 0.00869077, 0.01717566, -0.0102119045, -0.002963048, 0.033476453, -0.01683073, -0.008325763, 0.0024593582, -0.027005713, 0.005070817, -0.003880834, -0.004792421, 0.011678778, 0.005130545, -0.011411705, -0.0009404986, 0.020275341, 0.00334707, 0.015931124, -0.018688776, -0.00078951503, 0.008616659, -0.012521508, 0.01777841, 0.012632016, 0.009401272, 0.0048280293, -0.016269183, -0.019163756, 0.027655717, 0.016085887, -0.017121695, 0.013533423, -0.0047862935, -0.028504854, -0.0010279974, -0.011783784, 0.012778289, 0.015280135, -0.011030137, -0.008929231, 0.016948316, -0.022370279, -0.04094932, 0.0020199856, 0.0034986932, 0.00251693, -0.016648542, -0.005616336, -0.04798246, 0.015935503, -0.019398391, 0.0042528496, 0.0005145902, -0.0092651155, -0.007576453, 0.00042957888, 0.026860138, -0.0045028673, -0.012260769, -0.009472466, 0.021924125, 0.024371667, -0.0006007072, 0.004823319, -0.014844078, 0.01080261, -0.0052726814, -0.0039017722, 0.019586956, 0.0097879125, 0.025587827, -0.025921112, 0.039582014, 0.0101181455, -0.007979311, 0.017829655, -0.004969152, -0.0009889115, -0.020163838, -0.00851835, 0.0070264046, 0.0023595537, -0.0035694635, -0.001387277, -0.004472914, 0.012975462, -0.0047748014, -0.018636625, -0.013608913, 0.0027285987, 0.022763317, 0.0036734133, 0.011456658, -0.00876233, -0.002818102, 0.00728957, -0.0038794142, 0.0027340252, -0.021500718, -0.016348815, -0.018725354, 0.014118235, 0.013530363, -0.020386338, -0.0025592668, 0.014040629, 0.019807827, 0.013664482, -0.006111583, -0.0143355625, -0.016778873, -0.0049315277, 0.016287915, 0.007432247, 0.015085121, -0.003816419, -0.008384699, -0.007992295, 0.004342357, 0.045354407, 0.019294487, -0.00079238584, 0.018184396, -0.008330993, 0.004459934, 0.0051834458, 0.004043595, -0.0058144624, -0.0077229603, 0.011855545, 0.011407641, -0.0019404117, -0.02856188, 0.0011926249, 0.0038573947, 0.00011078645, -0.03447393, -0.039292943, -0.016097596, -0.01325837, 0.0055893385, 0.012928128, 0.00095066824, 0.0044294083, -0.0065691783, 0.0027350364, 0.016056808, -0.019075325, -0.012379866, -0.020643663, 0.037549566, 0.0035979273, 0.004756843, 0.016872305, 0.01704773, 0.008330967, -0.016094748, -0.0013412415, -0.0024594911, -0.011524921, -0.009454786, 0.01769023, 0.0009625246, 0.011491389, -0.024871245, -0.016789215, 0.0050270846, -0.018266428, -0.014374413, -0.0048388774, 0.00674927, 0.031319004, 0.007252593, 0.0009231411, -0.019586077, 0.0002848389, 0.027538853, -0.010828432, -0.0135533055, -0.0028758282, 0.007199691, 0.0018280324, -0.0152035, -0.003005838, 0.0030821783, 0.008899215, 0.022073448, -0.028169658, 0.005016944, 0.036065143, -0.006955537, -0.0072093518, -0.004261321, -0.008672848, 0.02210675, -0.02588731, 0.0036719316, -0.0077812998, -0.0021821735, 0.028611524, 0.013313624, -0.0049228542, -0.0147539275, 0.010218611, -0.0003943752, -0.00822116, -0.00046836826, -0.010268162, 0.0054871063, -0.0062801465, 0.007849124, -0.00055133767, -0.0010764168, 0.0028220364, 0.010157363, -0.019806506, -0.004303275, -0.0034230226, 0.0076811807, -0.008509784, -0.008706706, -0.011415248, 0.009041187, -0.009679544, -0.0023524892, -0.0071393214, -0.029509014, 0.0051250053, 0.010346714, 0.0032646302, -0.021408373, 0.00021686425, 0.008998082, 0.037321378, 0.017442185, -0.00026036816, 0.025010483, 0.011512713, 0.010747758, -0.0045839995, 0.0114953, 0.020353433, 0.008585756, -0.017101519, -0.0105480505, -0.010222361, 0.00021806527, -0.012588339, 0.0030036867, -0.017246146, 0.0130506735, -0.012924245, 0.0115054445, 0.0025838113, 0.019247444, 0.021100365, -0.016709046, 0.0024787495, -0.028125674, 0.02148868, 0.016389942, 0.0060794083, 0.00044696254, -0.009518439, 0.16304436, 0.11674948, 0.008463915, -0.012609045, 0.02912388, 0.01037405, -0.03435833, 0.008252889, -0.014439554, 0.0019305731, -0.014200093, 0.011497402, 0.0043674796, -0.0058893594, -0.0055784876, 0.0051125847, 0.008796687, -0.006201372, -0.011481287, 0.0023311, -0.0039047133, 0.019037375, 0.010571547, 0.007939879, -0.023353007, 0.0154415155, 0.012151809, -0.008631374, 0.014148809, -0.0061546746, 0.0058255084, 0.0020202522, 0.0059412452, -0.006611608, -0.008850197, -0.006579548, 0.0068401946, 0.032151703, -0.006077663, 0.0028429606, -0.0105042, -0.017028594, -0.024499647, 0.017111119, 0.027618691, 0.020780407, 0.024038902, -0.0002925702, -0.008982533, -0.009060191, -0.006385336, -0.0028385126, 0.0067071724, 0.014750061, -0.009665567, 0.01191217, -0.017685808, 0.016140325, -0.01464663, 0.0114830015, 0.0013546988, -0.007988523, -0.022379788, 0.0032449139, -0.0025885464, 0.022524187, 0.0022303225, -0.0027686858, -0.0016305117, -0.014746667, 0.011618533, -0.0066415644, 0.004566004, -0.018354366, -0.015288069, -0.0021249196, -0.013361894, -0.0076852087, 0.010477034, -0.015610885, -0.0032953646, 0.0020151874, 0.027695091, 0.0022969635, -0.009995154, -0.013143161, -0.009334293, 0.015073274, 0.1348505, 0.0048473724, 0.012838237, -0.012840837, 0.0016569253, 0.01857312, 0.019605704, 0.04677516, 0.00029993808, -0.013337441, 0.016852293, -0.0032051106, 0.008361711, -0.032303818, -0.004131282, -0.0059080743, 0.020259708, 0.024211407, -0.0051556583, -0.011753539, -0.053301837, -0.013025281, 0.004609632, 0.001460605, -0.01332108, -0.0031932422, -0.02917105, 0.014412656, -0.016557347, 0.0014341135, -0.103064336, -0.0068454132, -0.0073736203, -0.016433531, -0.008817089, 0.037493847, -0.037929717, 0.0007102191, -0.0030255287, -0.021565637, 0.0034167634, 0.0051578716, -0.001221869, -0.009996149, -0.0054464745, -0.00013136727, -0.021036627, -0.022260819, -0.010938497, 0.03427978, 0.0056573823, -0.0013766795, -0.015765173, 0.025052676, -0.0015229321, -0.005353261, -0.00728517, 0.024984285, -0.009922005, 0.019086013, 0.010151772, 0.025499314, -0.0132537475, 0.005418899, -0.009024762, -0.00057257403, 0.019325366, 0.0202983, -0.008645028, 0.0066566193, -0.006797871, -0.011637597, 0.0024818182, -0.0042205066, -0.0065792017, -0.0031035708, 0.013378292, -0.010442011, 0.020780131, 0.00037891263, 0.009217038, 0.020536287, 0.02300971, 0.020440254, -0.013885688, -0.0019064511, 0.007387759, -0.013958311, 0.0048245387, 0.0068685156, -0.006614845, 0.008602073, -0.009252155, 0.0019945763, -0.009260095, -0.008051338, -0.0020357869, 0.010074656, 0.005405411, 0.005595487, 7.4878444e-05, 0.0116561055, -0.0045007607, 0.027901338, 0.0034734246, 0.013353552, 0.0019394477, -0.0065414514, -0.030011354, 0.013724502, -0.009092299, 0.0066517927, 0.008525312, 0.116846584, 0.009016492, -0.00091568433, 0.008715324, 0.014394145, -0.01932321, -0.0049324534, -0.016864767, 6.999656e-05, 0.004248973, -0.0025898984, 0.019850522, -0.022751018, 0.008757954, -0.0121322675, -0.010859064, 0.003966315, 0.01056898, -0.007399276, -0.006962174, -0.024350677, 0.010579686, -0.0028177786, -0.011349516, 0.0038442956, 0.021565994, -0.008916209, -0.0073541766, -0.008978301, -0.002006732, -0.0019250851, -0.007100085, -0.006070256, -0.001904196, -0.027421394, -0.012319368, -0.019221388, 0.00022383135, 0.0045871227, 0.01255172, 0.020481793, 0.021872396, -0.01953096, 0.011291479, -0.013078551, 0.18890494, -0.027235106, -0.020355549, -0.017483039, 0.0014010385, 0.004188949, 0.017344348, -0.0046339505, -0.015931763, 0.018561946, 0.0059882435, -0.0194714, 0.0024457616, 0.0103346035, 0.00021034256, 0.018324286, -0.0013061218, 0.027027415, -0.009905447, 0.025260407, -0.033336114, -0.008429633, -0.016623236, 0.0073986975, -0.011685807, -0.0010084248, 0.025501788, 0.027684944, 0.008035239, -0.026257843, 0.0072039925, 0.015719844, 0.011275679, 0.0071478155, 0.010721651, 0.012974422, 0.010545619, -0.013984757, -0.017149135, -0.0028032304, -0.02111125, -0.0033003113, -0.007176434, 0.019240644, 0.009220461, 0.0011850487, -0.010856643, -0.0027500216, -0.011064688, -0.007984116, -0.019465217, 0.010834132, -0.02125504, -0.013252591, -0.009119579, -0.0023876512, -0.009090738, 0.00052024215, -0.0011333806, 0.017063033, -0.0022580293, -0.0042832843, -0.010431005, -0.004237736, -0.0057609933, -0.007751761, -0.014092825]"
De la mina a la joyeria: asi es como el oro ilegal de la Amazonia se lava en EU,https://oem.com.mx/elsoldemexico/img/25416222/1756212329/BASE_LANDSCAPE/1200/image.webp,no especificado,Un nuevo informe senala que el oro ilegal puede lavarse facilmente mediante documentacion falsa o empresas fantasma que permiten que las ganancias lleguen a distintos ambitos,https://oem.com.mx/elsoldemexico/mundo/de-la-mina-a-la-joyeria-asi-es-como-el-oro-ilegal-de-la-amazonia-se-lava-en-eu-25416215,"[0.014528488, -0.021755395, 0.032690912, -0.06643149, 0.009724446, -0.020487878, -0.011498087, 0.006897107, -0.036470823, 0.0252424, -0.023069676, 0.041437782, 0.0006870828, -0.017364115, 0.12817031, 0.012463283, 0.010744005, 0.017151799, -0.0040697427, 0.0024285007, 0.0019392393, -0.008844256, -0.016088918, -0.0063443366, -0.0018712452, -0.01287533, 0.014517022, 0.0001983544, 0.032953184, -0.0033525059, 0.012083168, 0.003264784, 0.024426945, 0.017141169, -0.0085142255, 0.028879836, -0.0181876, -0.02618264, -0.0082009, 0.00817146, 0.013135818, 0.015130925, -0.02295655, -0.0024715024, 0.013871881, 0.018062973, 0.026255986, -0.0034060413, 0.0016338137, 0.0014932039, 0.0133833885, -0.014909037, 0.017013174, -0.18031114, -0.029029135, -0.020294439, -0.014135614, -0.0070169778, 0.009045068, -0.02294502, 0.0009141301, 0.024618104, -0.026069675, -0.038250256, 0.014004344, -0.021580087, -0.004849537, 0.019486886, -0.017163292, -0.028201574, -0.0069271014, 0.011872548, -0.021231186, -0.009398874, -0.008782894, -0.0074022464, 0.023890615, 0.029666167, -0.025551016, 0.010573676, -0.0011535074, 0.0095419455, -0.004072673, -0.025871336, 0.008898956, 0.0030437491, -0.0030958347, -0.013159016, -0.0031733513, 0.029905062, -0.004328397, 0.0053546326, -0.00857812, -0.0098723015, -0.010871688, 0.020765677, 0.009400312, -0.03332832, -0.014481924, -0.005556042, -0.013166275, 0.006541889, 0.013482726, 0.0070500704, 0.008845389, -0.0462657, 0.0071585597, -0.02321364, 0.013103281, 0.0255753, 0.0222089, -0.011565552, 0.014880976, 0.017419772, 0.019257767, -0.09820312, -0.020995704, 0.011686455, 0.009226919, 0.00487811, -0.00806659, -0.007968511, 0.019899959, 0.023620814, -0.009886036, -0.0106869405, 0.014184974, 0.019092927, -0.015681203, -0.01257543, 0.0043590544, -0.0031499267, 0.034761235, 0.021873988, -0.008503197, 0.029102547, -0.0049359864, -0.009226711, 0.010962928, -0.017609378, -0.014395966, 0.025768189, 0.0053723454, 0.0036152762, -0.003136178, 0.006866014, -0.03431782, -0.0006754565, 0.0020543674, -0.0057579833, -0.0011933508, 0.004537605, -0.010251754, 0.0031342588, 0.016238142, -0.034214765, -0.010195164, -0.0052363593, -0.0039331005, 0.013336761, 0.0069914456, 0.015332745, -0.011660706, 0.01769294, -0.028920779, 0.03706542, 0.025142701, 0.03028105, 0.022157177, 0.0111412145, 0.0049839, -0.01711393, -0.0017538045, -0.029809115, -0.011215646, 0.015503662, -0.027932458, 0.017573878, 0.006390489, 0.017380394, 0.020168046, -0.01343373, -0.007089388, 0.023259541, 0.033414893, -0.044309467, 0.027193425, 0.016522722, -0.008582194, -0.00788528, -0.05703194, 0.005967522, 0.00055577303, -0.034355808, 0.023518287, -0.025231577, 0.004172999, 0.0038352306, 0.028098736, 0.021848118, 0.0017931182, 0.012009734, 0.018142844, 0.0014584224, -0.00133852, 0.0010642632, -0.031334642, -0.0146696875, 0.009266748, 0.04696807, 0.009730032, -0.00547541, -0.0118240975, 0.009299742, 0.0031721052, -0.005383107, 0.026585659, -0.025916137, -0.017569927, -0.032086134, -0.009233593, 0.0013138573, 0.011907236, -0.002562291, 0.010202791, 0.011385712, -0.0012375135, -0.006161143, -0.0015964219, 0.031657297, 0.0009119927, 0.041608702, 0.03954302, 0.0061723306, 0.0009998826, 0.007459933, -0.010176332, -0.021116115, 0.009456741, 0.017386515, 0.012514812, -0.015562472, 0.034502663, -0.00066328055, 0.022195041, -0.01998033, 0.00855622, -0.004304548, 0.012044751, 6.004559e-06, 0.00053723156, -0.01950164, -0.005559702, 0.0071178596, -0.023346964, 0.010171308, -0.009435704, -0.0030869509, -0.037580386, -0.026441278, -0.0027213716, 0.008026803, -0.025040919, 0.012780079, 0.011965655, 0.01101416, 0.027106257, 0.013456899, -0.0152905295, -0.00054542086, 0.00162673, 0.025932185, 0.0047774366, 0.0036068964, -0.004171796, 0.015167515, -0.066280134, 0.011475434, 0.005034949, 0.0066169263, -0.0028835793, 0.009391233, 0.033193834, 0.0088757295, 3.8248883e-05, 0.0061866688, -0.037782773, -0.008189495, 1.2371634e-06, -0.025250081, 0.03115401, 0.009186639, 0.016862778, -0.02714977, 0.02194337, 0.008935169, 0.0011908044, 0.008845519, -0.012492576, -0.0030258056, 0.0073720096, 0.02096128, 0.0022425398, 0.03099645, 0.037387528, -0.03518283, -0.0027026671, 0.003361383, -0.0031755306, 0.011483436, 0.004840305, 0.0357227, -0.03522955, -0.018484965, 0.030980403, -0.010806207, 0.010673548, -0.014988081, -0.0058462955, -0.012379975, -0.02317351, -0.0032911054, -0.008806675, -0.00409347, 6.228672e-05, -0.017398646, -0.033428818, -0.005803371, 0.020011276, -0.012222184, -0.005750946, 0.002323025, 0.0048152884, -0.00808819, -0.02112003, 0.0007289811, 0.0007593038, -0.021734118, 0.009110541, -0.0105306925, -0.0047435258, 0.025854342, -0.01607811, 0.0044111456, -0.018186478, 0.025286332, 0.005992778, -0.045740288, 0.00084240234, -0.021053048, 0.036179364, 0.0046553747, 0.010014861, 0.006672732, -0.009978121, 0.011657955, -0.003172939, -0.041012675, 0.014883014, 0.0045578233, -0.006260774, 0.020149564, 0.00698632, -0.016688393, -0.014515357, -0.015379864, 0.028529085, -0.017919589, -0.00043613778, -0.011865902, 0.017135741, 0.013748552, -0.010596074, 0.027710525, -0.020005723, 0.0045472127, -0.02221791, 0.015359782, -0.00908018, 0.0014479662, 0.007810143, -0.0010647427, -0.0007072499, -0.010517412, 0.0024960365, -0.026469441, -0.009241205, 0.013235152, -0.011438354, 0.013030703, 0.0030479834, -0.011180129, -0.0071152407, 0.016497908, -0.0037957989, 0.00465238, 0.014718138, -0.021628832, 0.00029068283, 0.0119057875, -0.0054919664, -0.009887099, 0.0084329685, -0.014484782, 0.032442983, 0.01560454, 0.006421315, -0.0045053237, 0.019277649, 0.016410744, 0.00852017, -0.04876, 0.016594054, 0.02435178, 0.025818236, -0.016752146, -0.030759582, 0.009824692, 0.037231714, 0.010814178, 0.0031000222, 0.012556164, -0.012428208, 0.017679961, -0.00874841, -0.0049668085, -0.018876085, -0.011916783, -0.0018399018, 0.0071627772, 0.004588815, -0.010650974, -0.03172153, -0.009533551, 0.016618924, 0.0057547297, -0.023124933, -0.018784923, -0.022186631, 0.009589621, 0.001491589, -0.030564541, 0.02270037, 0.020406514, -0.0065347627, 0.006802505, -0.0176416, -0.0051861512, -0.009912066, -0.014279457, -0.014502183, 0.003299487, -0.007776865, -0.020688064, 0.010921393, -0.008718467, -0.027676282, -0.044152137, -0.0066940696, 0.005616917, -0.0005524236, -0.0067229797, 0.038101487, 0.04018221, 0.006028155, -0.0061193816, -0.0035978728, -0.005614621, -0.005059549, 0.03828332, 0.013408775, -0.027549833, 0.003067747, 0.0135987485, -0.020567972, 0.025310488, -0.01874693, -0.015129395, -0.016978636, 0.008206281, 0.02875751, -0.0064049433, -0.012934873, 0.018115012, 0.008204861, 0.022856101, 0.008173379, 0.020334007, 0.029656801, -0.011855273, -0.0086952485, -0.01968161, -0.017782869, -0.0060739503, -0.021935456, -0.013781374, -0.0015833931, -0.011872605, 0.0115519995, -0.00082306826, -0.008672687, 0.026201926, 0.011531669, -0.012814794, -0.010730576, 0.019449461, 0.000651917, -0.02689589, -0.008460763, 0.010674695, -0.027624626, 0.020692755, 0.03689968, -0.01249283, 0.004408711, -0.0046797055, 0.012556095, -0.010777227, -0.013099133, -0.0067549315, -0.042524192, -0.00630054, -0.022081677, 0.0144808, -0.0059167217, -0.015180945, -0.014260955, 0.009336322, 0.02252609, 0.024087522, 0.0081903795, 0.011448664, 0.005057208, 0.012936358, 0.018066349, -0.0073856283, -0.0017503018, 0.01736291, 0.014192089, -0.005831432, 0.007342737, -0.013534315, -0.05378823, -0.011349306, 0.022927333, -0.069855414, 0.019646233, -0.04041999, 0.0023324771, -0.014271362, 0.030369883, 0.020108707, 0.02620733, 0.023649989, 0.008057895, -0.0033801799, 0.021360787, 0.03384747, -0.018458689, -0.005874704, -0.0076424815, -0.015924796, 0.0029344102, -0.0018124661, -0.015597102, -0.007938184, -0.009012741, 0.011463522, -0.02762836, 1.30829085e-05, 0.011273869, -0.007128324, 0.019326564, 0.004674603, 0.003822081, -0.00048770534, 0.005343179, 0.013932093, 0.018613907, 0.008030075, -0.00863364, 0.002855675, -0.0057861526, -0.008644386, 0.046045404, -0.008687921, 0.018080972, 0.025298826, -0.007315275, -0.03503509, -0.013355984, -0.0053506824, 0.0051670047, -0.016221294, -0.014663417, 0.00854658, 0.0030004827, 0.025387978, 0.011102812, -0.011688891, -0.0021790415, -0.015378052, -0.017358163, -0.014637509, 0.014999323, 0.011436652, -0.009485715, -0.004578375, -0.0035854261, 0.01986294, -0.0279397, 0.006886103, 0.014311657, 0.025091277, 0.0068122945, 0.021803526, 0.0012939002, 0.02943906, -0.020387406, -0.016647406, 0.042976793, -0.021000095, 0.0042086025, -0.015771061, 0.024032136, -0.0065495926, 0.015190131, -0.09429553, -0.019673921, 0.005404612, -0.02237697, 0.042236898, 0.020461198, 0.013741196, -0.021015042, 0.004251254, 0.01749541, -0.025899522, 0.0033794346, -0.019242609, -0.060956363, 0.02050223, 0.021465648, 0.008071126, -0.0022552977, -0.017257236, 0.006776187, -0.029615363, 0.020751715, 0.033902984, 0.007864726, 0.0020241023, -0.014160949, -0.009237892, 0.006720418, 0.026836837, -0.015304903, -0.018875323, -0.13604882, 0.005801307, -0.0129608335, 0.006669561, 0.022419574, -0.024120005, 0.013006212, -0.017760238, 0.00029376664, 0.0037316866, 0.015882201, -0.01721548, -0.025489744, -0.0017954767, 0.007472483, 0.11648691, -0.0032180988, 0.0013436317, 0.035929482, 0.0005455772, 0.01133366, 0.013532315, -0.016606815, -0.025772618, -0.00287986, -0.008398675, 0.00833846, 0.020487593, 0.011076892, -0.0024733995, -0.006221393, -0.011663033, -0.006529705, -0.015779112, 0.013117156, -0.033929206, -0.015423276, 0.018175425, -0.009571926, 0.010903758, 0.007174385, 0.0029074922, 0.0061265826, 0.009050488, 0.009889637, 0.0019278235, 0.022979321, -0.011583503, -0.035033442, 0.0010623402, 0.0008153966, -0.068271324, -0.0044919, 0.0029465982, 0.02104795, -0.0030532368, -0.03158593, 0.003075684, -0.000608023, 0.035802156, 0.024430497, 0.01588096, -0.012488113, 0.0065404153, -0.010612262, -0.0054986738, 0.042715266, -0.010168382, -0.0074901753, -0.029685294, 0.019257775, 0.005082806, -0.019468525, -0.008696225, -0.0022638543, -0.009044208, 0.0048677432, 0.010098589, 0.028693244, 0.044302937, 0.011629939, 0.010946206, 0.013158626, 0.007226589, 0.029493049, -0.005188067, 0.008106058, -0.03719761, -0.007006607, 0.029662672, 0.020959632, 0.013992146, -0.032461725, -0.012461789, 0.022783233, -0.04537175, 0.020244988, 0.0037257327, -0.016527617, -0.011270524, -0.013573173, 0.0036638293, 0.008511761, -0.017126177, 0.0033187938, 0.031090543, 0.0072725434, 0.0069020386, 0.013164228, 0.0012599998, -0.0071206326, -0.0048888316, 0.005134666, 0.0066297855, -0.009375538, 0.018474318, -0.00028486678, -0.009975637, -0.008875134, -0.015677623, -0.017558454, 0.0053753597, -0.007239947, 0.0037059507, 0.0008748996, -9.479003e-05, 0.011300254, 0.010917411, -0.0038576687, -0.046326905, 0.014231273, 0.0026374466, 0.006117725, -0.0037680035, 0.023837913, 0.021839224, 0.013447227, -0.013516094, 1.3166143e-05, -0.0033357586, 0.013288175, -0.012517261, -0.019271398, 0.0042705755, 0.015899729, -0.005102677, 0.010131936, -0.006370447, -0.003520659, -0.007448032, 0.0057037957, -0.010818562, 0.007864872, 0.003388972, 0.015009679, -0.016824346, 0.022934278, 0.000603224, 0.007001131, -0.0022107149, -0.011375325, -0.008974958, 0.0024003044, -0.0014716793, 0.02268749, -0.015437259, 0.011822203, 0.003184781, 0.0027232205, -0.006187848, -0.00816892, 0.017548187, -0.0015687535, -0.00014710035, 0.013669467, 0.013042659, 0.004943776, -0.014241964, 0.016902072, -0.008010788, 0.023243308, 0.016311886, 0.01824347, 0.01729093, -0.0013301704, -0.010015202, 0.00024687283, 0.004559606, 0.012532118, -0.015074974, -0.007446205, 0.0051282635, 0.025996873, -0.018925386, -0.0059167375, 0.00031939798, 0.0046012844, 0.006654309, 0.00914096, 0.0060645347, -0.0057717743, -0.00944259, -0.015625982, -0.013305013, -0.0118244905, 0.015642488, 0.010677955, 0.010934765, 0.023150943, -0.0005845114, 0.022226429, -0.0012840972, 0.04076325, 0.01431667, -0.011119616, 0.0041789524, 0.0031616283, 0.028950179, 0.0016253026, -0.015413899, -0.010693283, -0.0012093717, -0.0023407356, -0.00032535265, 0.0132281985, -0.00053318456, 0.00023009279, -0.018156718, 0.004519866, 0.0010749649, -0.0066190274, 0.01757394, 0.023242034, 0.0018195636, 0.014514925, 0.001155812, 0.0074595856, -0.0036530362, 0.005046002, -0.0047341706, -0.024936693, 0.0047193966, 0.005709028, 0.0042665773, 0.016689168, 0.0069220266, 0.0024636583, 0.0066005066, -0.01569614, -0.011293406, 0.0024093941, 0.0044611194, -0.0014993644, 0.014332777, 0.008034107, 0.0016408474, -0.009715584, 0.0051399753, 0.016543288, -0.0074366755, 0.002347636, 0.003198895, -0.0008837247, -0.017319236, 0.012987146, 0.007538084, 0.0005834841, -0.023351997, -0.011676147, 0.012753722, 0.0028082423, 0.010725353, 0.013553069, -0.008213829, -0.0028924502, 0.0053574066, 0.0092728445, -0.00038458104, -0.01726359, 0.0072358893, 0.002124894, 0.007671453, -0.014577209, -0.019738946, -0.00020547997, 0.023749927, 0.011134021, -0.01068014, 0.0018922939, -0.013695931, -0.0074111028, 0.0021665157, 0.009801532, 0.0042001256, -0.0062821633, 0.00089821557, 0.02797951, -0.0169114, -0.0009520296, 0.01005039, 0.012145402, -0.011694579, 0.017713726, -0.017686935, 0.014302286, -0.012758782, 0.022946186, -0.0028914006, 0.014111358, 0.022482503, 0.06675202, -0.019479422, 0.0038229162, 0.015676688, -0.012410731, -0.0072435737, -0.001741738, 0.00572614, -0.001545513, -0.00080582296, -0.008157612, 0.007278686, -0.0033585352, -0.006825726, 0.0044882507, -0.00236456, -0.00564393, -0.0041053807, -0.012539748, -0.002013942, -0.012953986, -0.004010501, -0.0025964077, -0.006481678, 0.004743201, -0.018863024, 0.008414315, 0.010221864, -0.007995639, 0.007784451, -0.0044423775, 0.00607035, 0.018293342, -0.0032275657, -0.0009690601, -0.00030687518, 0.009898314, 0.0052802158, 0.0031077291, 0.026237814, 0.0072738407, -0.008405475, -0.0077598863, 0.0052589946, -0.0036538702, -0.0037617248, -0.006519508, 0.001525428, 0.0039501213, 0.0036899156, -0.0044353744, -0.007210753, 0.013520183, -0.007942744, -0.010502617, -0.001891978, -0.014346045, 0.0035045217, 0.002292447, -0.011832049, -0.0012146052, -0.00078062946, 0.002588193, 0.0072056167, -0.021894544, -0.011570893, -0.02269851, -0.010187365, 0.0036758329, 0.0055860644, 0.0022307376, -0.0052980254, 0.006313515, -0.014093859, 0.013377013, -0.0005498637, -0.007977234, -0.011787347, -0.0064592324, 0.0015978758, 0.00026727648, -0.002001534, -0.0042047137, -0.008525113, -0.0039558397, 0.020721149, 0.0033519054, -0.0076180305, -0.0070758793, 0.018091017, 0.012822314, 0.005967772, 0.0065089483, 0.003188899, 0.010076561, -0.004307094, 0.047317665, 0.010102058, -0.005925905, -0.009912896, 0.014247112, -0.024072392, -2.3334478e-05, 0.001577961, 0.022299571, -0.017714221, 0.021384679, 0.0032668584, -0.0024890434, 0.009276424, 0.002836821, 0.009405516, -0.0156182395, -0.0025803405, 0.010972723, -0.0045677545, 0.021770358, -0.004607387, -0.0019764986, -0.0070468606, -0.0033896382, 0.0035982584, -0.009437798, -0.004070707, 0.006475109, -0.006023957, -0.005937698, -0.011663488, 0.002311048, -0.00016469235, 0.0041183187, 0.028526835, -0.00796812, -0.004586064, -0.0029215887, -0.017522769, 0.013141009, 0.0062513463, -0.0033477938, 0.0028775327, 0.008848254, -0.005979961, -0.0043246686, 0.00680189, 0.008634451, 0.0050711352, 0.030769119, -0.0052334047, 0.01903348, 0.0046467897, 0.0019476591, -0.015818253, 0.020715281, -0.010870711, 0.0054787323, -0.0076275235, 0.013951365, 0.0018530899, -0.016818078, 0.011475331, -0.0013444399, 0.008608518, 0.0008745019, -0.00867649, 2.7717173e-05, 0.007974597, 0.006306384, 0.0234474, -0.0015247769, 0.0077159987, 0.0147147095, -0.010161285, -0.016521709, 0.004510976, -0.0056227893, -0.0035640115, 0.0032776673, -0.006804756, -0.002646483, 0.0043938537, -0.01006732, -0.0056860335, -0.020702465, -0.008534207, -0.018817307, 0.008968951, 0.005237663, -0.0027772698, 0.00947306, -0.019214787, -0.005544723, 0.01451009, -0.012743555, -2.775793e-05, -0.0022914489, 0.0051627476, 0.0010601475, 0.010844528, 0.0045828456, -0.011178095, 0.0060906783, -0.009625924, 0.00788953, 0.007518668, -0.005630058, 0.009906127, -0.0016044833, 0.0050314455, 0.009792344, -0.003815557, -0.00890789, -0.00946337, 0.016053546, 0.011453257, 0.0041790567, 0.0017101897, 0.009341303, 0.0129381, -0.005788449, -0.024987396, 0.0073398734, -0.009347842, -0.008682928, -0.009268005, 0.0014221016, -0.010012237, -0.006090102, 0.0012689881, -0.0009275641, -0.0075240172, -0.010338616, 0.019080011, -0.009565629, 0.006714909, -0.006514563, 0.0042007477, -0.005703197, 0.0071826577, 0.0049273726, 0.006388256, 0.0008650225, -0.0071601584, -0.0032692458, -0.0039823675, -0.010802631, -0.0020976695, -0.027683074, -0.0057556145, -0.021319449, -0.00038051873, 0.020322496, 0.0071962806, 0.020302687, 0.0021838222, 0.0014435974, -0.00022258228, 0.008527791, -0.04321026, -0.0070013804, 0.0008709495, 0.006748374, 0.00012150582, -0.005989742, -0.0050890306, -0.0071823285, -0.0061960723, 0.013370541, 0.0018931957, -0.01577869, -0.0036367425, 0.017341124, -0.010283257, 0.007858409, -0.018693957, -0.006028943, -0.0038144242, 0.009407965, -0.0009626335, 0.01242051, -0.008695697, -0.0007379778, 0.0085197715, -0.00039628474, 0.0019137464, -0.00916847, 0.008421781, 0.0062159174, -0.00505149, 0.004825545, 0.01806814, 0.0021235563, 0.010555324, -0.004600412, -0.0021225975, -0.012740516, -0.025217557, -0.01146128, 0.014280809, -0.007712161, 0.01438937, 0.0044319066, 0.022834854, -0.010767319, -0.0024131164, -0.018060125, -0.002775017, -0.00091516384, 0.0021138282, 0.008930243, -0.0046676476, 0.03185827, -0.0039834497, -0.002931754, 0.0019808903, -0.01670783, 0.002353514, -0.008165068, 3.979783e-05, 0.015806176, 0.0080428785, 0.0030879895, -0.016337756, 0.015363515, 0.014286198, 0.0077806003, 0.0029739523, -0.0028038665, -0.001354588, 0.002224823, -0.0047867023, -0.000632791, 0.00061749935, -0.027117858, 0.010766879, -0.009561586, -0.013309083, -0.00061986357, -0.0014225488, 0.0029160758, -0.011861374, 0.006692984, 0.015366796, 0.00885377, -0.001976344, -0.022543313, -0.013310296, 0.016987454, 0.008539319, 0.015732935, -0.013466704, -0.014385449, -0.016315773, 0.0032375678, -0.000354799, -0.0027091226, 0.008427732, 0.002314094, 0.006598365, -0.004019242, -0.0035704523, 0.019329125, -0.0038836058, -0.004452285, -0.012255973, -0.0027446623, -0.006000968, -0.014353327, -0.01592825, -0.0018196333, -0.01184106, 0.010971514, 0.025748793, -0.0059554214, 0.005136124, -0.008871376, -0.004883428, 0.00968259, -0.0065444466, 0.032758273, 0.015341005, -0.012509966, -0.008697134, 0.01475542, 0.0031575183, -0.005039581, -0.020659467, -0.0016067812, 0.00543704, -0.009587695, 0.018377969, 0.001799949, -0.026164612, 0.008426926, 0.008356081, -0.019689327, 0.0005238873, 0.0021673124, -0.008738365, -0.0014644562, 0.027488567, 0.0066270027, 0.0079242615, -0.0017957374, -0.006316195, 0.016744448, 0.011189643, -0.016164029, -0.014929547, 0.005661089, 0.016193256, 0.011384429, 0.006063391, -0.0034168616, 0.004957219, 0.011792811, -0.009003743, -0.0063852808, 0.003426521, 0.0061223037, 0.012159337, 0.007410428, 0.007874672, -0.0037288745, -0.018967519, 0.0006697776, 0.00868522, 0.005808763, -0.008384572, 0.0025764022, -0.00068810553, 0.020653507, -0.00740885, -0.00303802, -0.00015335873, 0.01657251, -0.00026216859, 0.0023406686, -0.009347283, -0.0042506233, 0.010475379, -0.0076522226, 0.017957153, -0.009570565, 0.005979867, -0.0035536939, -0.005682086, -0.012187731, -0.0013204428, 0.007983911, 0.0018589544, -0.024147956, 0.0038179592, 0.005432476, 0.015160922, 0.015164595, 0.029061168, 0.0077336314, 0.0035834701, 0.0023410292, 0.025640843, -0.00252808, -0.00074658013, -0.09000357, 0.0044706836, 0.011405345, 0.009213292, 0.0013097863, -0.00929906, 0.006156467, -0.020948125, -0.020095652, -0.004428595, 0.015078114, 0.014237171, 0.0015551522, -0.00021394371, 0.027440296, -0.0021212632, -0.016611814, -0.020173801, 0.003634416, 0.01816009, -0.00802461, 0.008703056, -0.0054239356, 0.010801943, 0.004842718, -0.007610069, 0.006258047, 0.02308633, 0.007079677, -0.015962087, -0.0021913103, 0.013181137, 0.010816908, 0.017453227, 0.039596498, -0.0062997257, 0.017737301, 0.022045102, -0.1414665, 0.022112496, -0.008589696, -0.0030710634, 0.0046430225, 0.010324473, 0.0044797133, 0.0065475395, -0.0034357025, -0.0114113, -0.0005057508, 0.0015388064, 0.00078429386, -0.0014082318, 0.015373486, -0.0065823076, -0.012670198, 0.010116474, -0.017601432, 0.013971766, -0.002070206, -0.0041887, -0.004115031, 0.011984936, -0.01772465, 0.003993604, -0.003552732, 0.007594567, -0.0009685129, 0.002928496, -0.022880422, 0.0055358, 0.006532582, -0.0027116898, 0.005394481, -0.0027216212, 0.0015214812, 0.0023475846, -0.010830703, 0.004193178, -0.0121106915, -0.0068327715, 0.003286828, -0.00030205876, 0.0043101674, -0.010204843, -0.0043589766, -0.008329976, 0.007995453, 0.008912052, 0.001156644, 0.0016122203, 0.0069556246, -0.002063218, -0.0003686551, -0.010499589, 0.0023898995, 0.0010770544, -0.0061123297, 0.024972208, -0.011886691, 0.0024723196, 0.007494826, 0.0021386985, 0.007719759, 0.0060311584, 0.0093383705, 0.0014542851, -0.027776739, 0.01094667, -0.0022069833, 0.0014095381, -0.013767347, -0.008424823, -0.006760121, 0.0036797305, 0.031164315, -0.007257373, 0.027391339, -0.011841436, 0.02157303, 0.0014173702, -0.0011932658, -0.008177018, -0.005089881, -0.002800749, 7.130629e-05, 0.0070691626, 0.016719652, -0.062363487, -0.018817838, -0.027865171, -0.008343418, -0.00704247, 0.0005091005, -0.017660188, 0.0036224357, 0.005984733, -0.0009688623, 0.010000984, 0.0017073808, 0.004348757, -0.0048535927, 0.0020611438, 0.00087155396, -0.00068000547, -0.0037154611, -0.028852668, -0.0024244767, -0.018426841, -0.017661156, -0.004081694, 0.00617554, -0.0037313227, 0.0005675048, 0.0006144124, -0.012757592, 0.0010181067, -0.0076969815, -0.0089943, 0.004435225, -0.011832919, 0.024032602, 0.008122042, -0.0028300206, 0.0078035225, 0.035618726, -0.014287821, -0.013103307, -0.020459838, 0.01779492, -0.020488769, -0.0120418, 0.023013672, 0.0052099116, 5.4627413e-05, -0.014141, -0.029612476, 0.01479705, -0.004302542, 0.009709265, -0.000744016, 0.009658589, 0.0021687273, -0.028850148, -0.017770773, 0.007355965, -0.0037846873, -0.03140559, 0.010645748, 0.004806997, -0.0070751975, 0.0045614787, -0.0024370153, 0.003652581, 0.00013363118, 0.012956543, -0.017465882, -0.009804666, -0.01861638, 0.011105408, -0.0042990553, 0.006005628, -6.4716e-05, -0.004887805, -0.011852961, -0.00026917024, -0.014481215, 0.0019931132, 0.0034722413, 0.0052654305, -0.0031367517, -0.006049364, -0.0033216348, -0.010008585, -0.017108018, 0.007782328, 0.015041664, -0.003250511, 0.00959127, -0.004730832, -0.022950288, 0.002380861, -0.03209643, -0.02042963, -0.0036743558, -0.015781907, -0.00022156988, 0.0029476322, 0.00359794, 0.015125848, -0.01175956, 0.0028308763, 0.01699556, -0.010887378, -0.0015582193, 0.009539037, 0.009716415, -0.0016833253, -0.012102253, 0.010217749, -0.023955094, -0.0075239036, -0.18664409, -0.016259627, -0.0022468655, 0.0018309172, 0.0043935417, 0.002273188, -0.0059493254, 0.00910837, -0.006213082, -0.015095253, 0.0143234385, 0.012791569, 0.0022237909, -0.011658508, 0.018541249, -0.008262626, 0.012076678, -0.011765602, -0.030091971, 0.0037318475, -0.013254298, -0.022365725, 0.006133591, 0.027527446, 0.01242144, 0.0020325982, 0.0102668945, 0.004665339, 0.0023494451, 0.012546021, -0.012405819, -0.014094713, -0.0065120277, -0.004187021, -0.0044678636, 0.016800674, 0.022553459, 0.000398541, -0.0041436623, -0.0024306388, -0.013509315, 0.0032581622, 0.012211356, -0.0037900251, -0.011719613, -0.014881178, -0.006389214, -0.014806735, 0.006509526, 0.023273105, -0.0025992307, -0.01513834, 0.031343717, 0.010930461, -0.01521183, -0.0011679715, 0.022275496, -6.910574e-05, 0.014718445, 0.0045721657, 0.001016821, -0.0011583709, -0.0045698266, 0.013714524, -0.009273684, -0.0083497865, -0.004585648, 0.12623513, -0.033811983, 0.018337835, -0.009313479, -0.021020385, 0.017094048, 0.014785771, 0.002021828, -0.019181596, 0.0012557142, -0.004641309, -0.0044354238, 0.0058321254, -0.03067186, -0.002292938, 0.0076828627, -0.011701629, 0.027462056, -0.00518834, -0.031780455, -0.014470888, -0.0036637879, -0.021764016, 0.0049409005, 0.0011416507, -0.0027640604, 0.0023367964, 0.0052622687, 0.010231082, 0.0016440151, 0.015003893, -0.027341282, -0.009034809, -0.0019909947, -0.009149435, 0.018074797, -0.013637744, -0.02637068, -0.014533821, 0.006958179, 0.0039652763, -0.009315634, -0.026871622, -0.017851593, 0.017829118, 0.002749897, -0.0049891, 0.022758491, 0.012661306, 0.0010174704, -0.014367244, -0.0050542895, -0.014027625, 0.011487779, -0.0060908482, -0.010739203, -0.0061977366, 0.00803625, 0.002724074, 0.021626076, 0.0048006997, 0.004104434, 0.013516698, 0.021267833, -0.004426887, -0.00694496, -0.013565026, -0.0018300746, 0.005599666, -0.123090036, 0.005280996, 0.001750185, -0.03433905, -0.014807613, 0.005396197, 0.00018143069, 0.0391798, -0.018470464, 0.017019775, 0.008270456, 0.02344477, -0.005790219, 0.0096967565, 0.0061395313, 0.008544834, -0.023882046, 0.015660327, 0.0035147031, -0.015261165, 0.016274758, 0.011433319, 0.008829902, -0.014879105, 0.012337469, -0.0005919808, 0.006147158, 0.012190345, 0.013162403, -0.0036022621, 0.0070682853, 0.020838741, -0.011597582, 0.01134856, -0.014713348, 0.004514072, 0.0035301398, 0.011224676, -0.021819955, -0.0071436292, 0.012953759, -0.0032036905, 0.002600519, -0.027493687, -0.003450509, -0.017055746, -0.011314101, 0.019381603, -0.03045785, -0.0030439533, 0.001860804, -0.0029563522, 0.01548873, 0.0063728616, -0.026285773, -0.013104322, -0.0072222482, -0.009131548, 9.6095304e-05, -0.0017958261, 0.013235911, -0.002432774, -5.6165914e-07, -0.0021118948, -0.0030080602, -0.011382971, 0.008331041, 0.0020530948, 0.02924138, 0.01850908, 0.02527364, -0.020184997, 0.012630918, 0.018422248, -0.0006142655, -0.0141579285, 0.007202545, 0.008564817, -0.027108647, -0.0027590068, -0.011247249, 0.019685876, 0.011439471, 0.0060251104, -0.020256814, 0.014038801, -0.011440464, -0.011881218, -0.0071531055, -0.015183628, -0.0050125383, 0.007825686, 0.0045181927, -0.012741717, 0.026383206, -0.002729392, 0.008123918, -0.023395352, 0.04405383, -0.004223832, 0.005060979, -0.0026193412, 6.626374e-05, 0.00333759, 0.00069283973, 0.0042041955, -0.0047281026, 0.012958498, -0.0015102953, 0.0048286878, 0.0046770885, 0.014461155, -0.010251351, -0.012415456, -0.011189618, -0.008965958, -0.009067371, 0.013881741, 0.022270355, 0.0072901333, 0.039071087, -0.009406694, -0.010624162, -0.017634511, 0.0010762247, 0.0031764104, -0.010814168, 0.014762531, 0.015498637, -0.013892229, 0.011418821, 0.01956847, 0.010962036, 0.015751667, 0.008494129, -0.02047181, 0.010961898, 0.012440926, 0.0074471533, 0.0075407713, 0.0013180643, 0.014275912, -0.003144431, -0.010638892, 0.005705009, -0.023535345, -0.015066929, -0.003352867, 0.0020659487, -0.010550572, 0.019122904, 0.0050035557, -0.0049759983, -0.012336266, 0.028293272, -0.012731614, -0.011257304, 0.020571725, -0.01828182, -0.011294762, -0.0052338475, 0.007650588, 0.032188702, 0.011660464, -0.005637222, -0.008441669, -0.008566542, 0.00010124361, -0.0006529024, -0.032814957, 0.00592482, -0.0048872447, 0.021846794, 0.014965107, 0.009730747, 0.016792858, -0.007258759, 0.02589112, -0.016360387, -0.072348125, 0.026910545, 0.00096554396, -0.0048715114, 0.0047209295, -0.004517722, 0.006956866, -0.028703324, -0.0129945045, 0.00350158, -0.0082757985, -0.0005490185, -0.022644596, 0.0061585046, -0.014122687, 0.01815188, -0.014577496, -0.004749742, 0.017866153, -0.0062041855, -0.008557517, 0.013911215, 0.0038639782, -0.013113435, -0.0044311825, 0.023532167, 0.0017922849, 0.007073858, -0.009755619, -0.0055801994, 0.0052531655, -0.009386146, -0.008337051, -0.015432622, -0.0052481354, -0.0012997446, -0.0063617537, 0.0116892345, 0.0026025344, -0.045090135, 0.0040494665, -0.00942587, -0.052078, -0.008699061, 0.008610858, 0.009206805, -0.00317329, 0.008048852, 0.010243349, 0.0007707841, 0.029970607, 0.013601288, 0.011084406, 0.0061890474, 0.022564158, 0.016962059, -0.0024106964, 0.008987844, -0.022718905, 0.02454166, -0.0033997248, -0.011678164, 0.014259301, -0.0005824802, -0.012827743, 0.019902857, -0.024108766, 0.009521589, 0.010929378, 0.010173123, 0.01440417, -0.017767763, 0.018036662, -0.0072220014, -0.01687389, -0.017358014, -0.020433696, 0.003734504, -0.002259781, 0.029343722, 0.009602508, 0.013983982, 0.006294071, 0.05293647, 0.014665868, -0.0073211514, -0.00038035226, -0.08288843, 0.011162363, 0.0053529297, 0.0077919103, -0.012096563, -0.008751648, -0.014789433, 0.026473079, 0.014397461, -0.005615864, -0.015824886, -0.0063180607, 0.006499373, -0.008748815, -0.012105904, -0.003410842, -0.030179858, 0.00040005814, 0.015226334, -0.00022435685, 0.0012684633, 0.020524625, 0.0066234632, 0.033178054, 0.0129548, -0.032025065, 0.0041202633, -0.0044483687, -0.0029232083, 0.023745151, 0.026074527, -0.017825674, 0.0014117039, -0.006753431, 0.010168885, -0.0019782824, -0.021437304, -0.013857609, 0.0018962974, 0.0009130876, 0.0035631496, -0.0039853645, 0.012614501, 0.028941626, 0.024561618, -0.01210655, -0.01175785, 0.0017180654, 0.024936292, -0.00782501, 0.00062092085, -0.016726686, -0.01647735, -0.0016078375, -0.005111874, 0.03451418, -0.013353869, -0.021603273, -0.013757795, 0.008507812, 0.023521692, 0.0069857957, 0.0011631338, -0.0009058905, 0.0027450197, 0.0073237885, 0.0011517915, 0.004365138, -0.055935442, -0.0044684163, 0.0011375059, -0.024927132, -0.01004805, 0.0015062048, -0.03076957, -0.007310899, 0.010887389, 0.012247553, 0.0010564526, -0.02445652, -0.0061552515, 0.00020395278, -0.007857236, -0.018639887, 0.00076132995, -0.014449803, -0.006918223, 0.012648355, 0.004767923, 0.024949139, 0.014561473, -0.011158777, 0.0011230871, 0.018935496, 0.009167065, -0.016228808, 0.011404573, 0.0013073146, 5.525859e-05, -0.018430054, -0.019190675, -0.001969366, -0.0075535425, 0.0038966865, 0.009823608, 0.0016277318, 0.0013526465, 0.021443717, -0.012901975, -0.001628298, 0.033407934, 0.007403329, 0.0025371604, 0.007260694, -0.01937057, 0.0022263962, 0.011105788, 0.0096991705, -0.0015307319, -0.020615833, -0.03920659, 0.012323453, -0.007931273, -0.009675895, 0.0027787646, -0.0031432966, -0.024996366, 0.008019382, 0.002393183, 0.004218728, -0.0011618591, 0.025839753, -0.028857533, 0.020091696, 0.013188023, -0.02184729, -0.0055824406, 0.003363578, 0.013514956, -0.0070184045, 0.019924024, 0.0046596653, -0.004259616, -0.013058197, 0.0037217222, -0.017210724, 0.0059485254, -0.00052920793, -0.018093899, -0.009498658, 0.0021211084, 0.003034042, 0.012910389, 0.003362041, -0.031070217, 0.005376778, 0.009193695, 0.0014418962, 0.020246414, -0.01611073, -0.008279921, -0.014922797, 0.005764273, 0.0021110375, 0.008102016, 0.009971876, -0.0053041535, -0.023155063, 0.0034493837, -0.0016435288, -0.008570632, -0.025169581, 0.03077255, -0.018577395, 0.020967472, 0.015929105, -0.01043346, 0.008442116, 0.011625773, -0.022817556, 0.0061595854, -0.006537668, -0.022006268, -0.011637874, 0.008692217, -0.01830752, 0.012826262, -0.0140166525, -0.032305464, 0.027789025, 0.0018228001, -0.025865398, 0.0038513876, -0.018458853, -0.009692978, 0.014980741, -0.013322623, -0.008737885, -0.029945225, -0.009301546, -0.025661426, -0.01237302, -0.02219587, -0.006568627, -0.0069659986, 0.013685486, -0.011027571, 0.0004063846, -0.01802746, -0.0021525065, -0.009697078, 0.008799676, -0.009294631, 0.0115981335, 0.02661073, 0.009662206, 0.015011431, 0.0059261085, 0.010136135, 0.023036217, 0.020068107, -0.006149969, 0.018455364, 0.009852241, -0.010345331, -0.016901981, -0.016283076, -0.015186312, -0.016849378, 0.0021818741, -0.0072486014, 0.008860636, -0.0013135374, -0.000587907, 0.006889577, 0.011580061, -0.008596227, 0.0152395135, -0.005998401, -0.004176136, 0.018912971, 0.018332127, 0.0027599991, -0.006785637, -0.020701408, 0.012170274, 0.0017704589, 0.010368031, 0.0018313042, -0.0014798908, -0.00095454464, -0.004781611, 0.0068657794, -0.02839393, 0.00643075, -0.013032129, 0.01370448, -0.011241871, -0.006989268, -0.020804472, 0.00046608146, 0.019051176, -0.005851173, 0.019535238, -0.021520616, -0.01663976, 0.002399621, 0.010367024, 0.017721502, -0.010483976, 0.0075108567, 0.00012462177, -0.004482632, -0.0029216039, -0.006300967, 0.02310224, 0.00022132603, 0.0043970267, -0.012170009, 0.03674427, -0.010897061, -0.013772066, 0.01195274, 0.0121118715, -0.020715596, -0.0009317278, -0.0016198761, -0.01688209, 0.0018667809, -0.00083636993, 0.020848073, -0.0002048073, 0.021606058, 3.1489024e-05, -0.015882716, -0.02300502, -0.012628598, -0.0031714342, -0.013567604, -0.0012705988, 0.031319443, 0.003980877, -0.0014494953, 0.01847993, 0.0029219156, 0.023257434, 0.0201031, -0.036173727, 0.005985215, 0.0011696526, 0.0006251747, 0.009801162, 0.0046400437, -0.019410342, -0.029366536, -0.022140091, 0.009519515, -0.0061268047, 0.0023536184, 0.019133741, 0.0038383917, -0.024484862, -0.0030196912, 0.010299164, -0.03312317, 0.009222537, 0.0024560739, 0.002003304, 0.00989845, 0.0062079085, -0.014388983, 0.016977703, -0.004828822, -0.015581709, 0.00988004, -0.008927512, -0.024691248, 0.012921514, -0.00075992104, -0.0021526031, -0.019371504, -0.0010513911, 0.017854905, -0.012633707, -0.012128819, 0.0047689704, -0.014113835, 0.00051952887, 0.0013720958, 0.0061138505, -0.02370133, -0.0053033778, 0.002701277, -0.0001665118, 0.00389728, 0.01803876, -0.0011047337, -0.009813148, -0.00011365084, 0.0038712143, -0.011178831, -0.03334689, -0.01660624, -0.022295803, -0.009668544, -0.0003248976, -0.020361714, -0.01389593, -0.009633385, -0.002063829, 0.0072332616, -0.0051950924, 0.0076237703, 0.02577426, 0.00415528, 0.00046986277, -0.0021180836, 0.005036448, -0.0034162574, -0.0009387683, -0.026845481, 0.023166174, -0.007276444, -0.00711459, -0.023135697, -0.0033476872, -0.0050138747, -0.019351168, 0.01091003, 0.0041743536, 0.0057286834, -0.006907801, 0.0012700161, -0.01806093, -0.0019327361, 0.0027548936, -0.0050415336, -0.017098695, -0.0034750246, 0.024151664, -0.0067451396, 0.0021520026, 0.006733881, -0.0009478617, 0.0013401983, -0.0130538, 0.027701885, -0.0041529373, -0.0038562254, -0.010021256, 0.009535604, -0.0132730305, -0.012631153, -0.020395469, -0.028365001, 0.031303983, 0.0037294747, 0.0005549928, -0.016713088, -0.021498881, 0.0016183903, 0.021335717, 0.011159054, 0.016260585, -0.01708528, 0.0020697282, 0.017753394, -0.023784239, -0.0030458034, -0.003033277, -0.015154936, -0.015868764, 0.002465085, 0.0069876434, 0.022246232, -0.009147311, -0.010622075, 0.0009998099, -0.0014042888, -0.0019734777, -0.007636552, 0.020342005, -0.009881336, 0.01470287, 0.003740692, 0.011372389, -0.005098714, -0.0068074367, 0.009257636, 0.012445011, 0.0018975212, -0.00815353, -0.012609834, -0.003980889, -0.001525667, 0.006493199, -0.008964834, -0.016807182, 0.012754827, 0.030047579, -0.014172605, 0.015257622, 0.014244768, 0.018813591, -0.020996107, -0.009488597, -0.0020435243, 0.01144434, -0.009886026, 0.0096106585, -0.018502187, 0.006232104, -0.055469487, -0.0010373036, 0.0053058243, -0.0047819577, -0.019242082, -0.0045964285, 0.0093794055, -0.0034512766, -0.015752207, 0.002496759, 0.004134914, 0.023838175, 0.0038970334, 0.013151125, -0.006396368, -0.011640255, -0.0033983015, -0.03803333, -0.009583861, -0.0047814636, 0.018526437, -0.008626832, 0.0023836957, 0.008543035, -0.0011475496, -0.012451517, 0.004879345, -0.0346038, 0.034021597, -0.0124376435, -0.0075417385, -0.0056063286, 0.018741734, -0.017459007, -0.00824903, 0.025477516, -8.793456e-05, -0.025361761, -0.005361217, 0.01894279, -0.004311139, -0.00062896125, -0.003831893, 0.00023379603, 0.017004235, -0.0062030335, -0.014374387, -0.0071766567, -0.013200322, -0.00045603316, 0.0031019796, 0.007518282, 0.025968093, -0.023533676, 0.012826279, 0.008344775, 0.011806182, -0.026726725, 0.015853217, -0.0135060195, -0.008514434, -0.011925933, -0.008014809, -0.01147971, -0.018260453, -0.0030400122, -0.002677565, 0.0007591887, -0.00856037, 0.010219656, 0.015299049, -0.015611334, 0.021937728, -0.019251443, 0.0066790576, -0.0433479, -0.025530094, -0.0033670538, 0.0063053896, -0.0053834645, -0.033356335, -0.0032951199, -0.0028410363, -0.018998161, 0.0034081258, -0.01906582, -0.0030403957, 0.00982148, 0.0028604532, 0.011298066, -0.022992443, 0.025448082, 0.006387962, -0.015975814, 0.020238316, 6.205456e-05, 0.0061628185, -0.011869356, -0.0154168485, -0.0062353592, 0.006119963, -0.011070938, 3.5139637e-05, 0.0092934, 0.02733991, 0.017858373, 0.030924771, 0.0064707436, 0.0017065869, -0.0003566343, -0.007849975, -0.003621761, 0.006835944, 0.0015250898, 0.002793739, 0.017347915, -0.022772817, -0.009209182, -0.006750975, -0.015137493, -0.024037665, -0.0034001858, -0.008599003, 0.011958737, 0.0070146383, -0.0042284424, 0.02835761, -0.01700973, -0.010445733, -0.02007857, 0.02890302, 0.018625524, -0.00971416, 0.001748363, 0.027377846, 0.0038315188, 0.032131173, -0.017240366, 0.013093004, 0.036692362, 0.005295278, -0.008289369, -0.0003379396, -0.02030765, -0.021150384, 0.0035418272, -0.011188306, 0.004248898, 0.0062168846, -0.0027446225, 0.011987607, -0.018399438, -0.002904785, -0.0073145353, 0.00901479, 0.01622922, -0.0032940134, 0.0040292125, 0.0059813703, 0.00085230655, -0.012040505, 0.0010052371, 0.02930557, -0.008780499, 0.0030864219, 0.018944293, -0.01205479, -0.002276273, 0.024572676, -0.0026243022, -0.03457131, 0.022911502, 0.004811952, -0.005638605, 0.012614708, 0.007740562, -0.013971061, 0.006580449, 0.018938307, -0.020951835, 0.001443563, -0.0009804576, -0.006290275, 0.001836036, 0.007854916, -6.8905565e-06, 0.014725552, -0.009511635, 0.011501367, -0.011365944, 0.008223337, -0.012651419, 0.012065636, 0.0107675, -0.0039183376, -0.0007392129, 0.006184007, -0.013855402, -0.0033882973, -0.025930807, 0.0072260043, -0.017039748, 0.0075541693, -0.00034188756, -0.022169909, 0.014033374, 0.015638221, 0.005638712, -0.0244715, 0.0048654717, -0.018096289, -0.026931463, -0.0077814627, -0.017130913, 0.16748051, 0.115768105, -0.021175342, 0.0020983892, -0.0024623943, 0.016669039, -0.0051030186, -0.0076517942, 0.014958648, 0.027103268, 0.011835969, 0.008338834, 0.009019976, 0.020395206, 0.022317389, 0.013946896, -0.006495494, -0.024686268, -0.020090373, 0.01740764, 0.008773635, 0.0068909796, -0.015063469, -0.00031271618, -0.036641307, 0.008477441, 0.01688993, -0.018848153, 0.02056598, 5.4045504e-05, -0.021350855, -0.010792311, 0.00010640964, 0.003299141, 0.023616405, 0.004451041, 0.019428162, 0.024407065, -0.01246213, 0.0024213765, -0.017298378, -0.017128937, 0.006371051, 0.004064538, 0.014738481, 0.019831097, 0.015759798, 0.0023831557, -0.025297785, 0.031694625, -0.00013344598, -0.017171685, 0.0037922475, 0.005151061, 0.002158074, -0.0006391247, -0.0003889804, -0.008862331, 0.009938481, 0.015501939, 0.026727986, 0.0040949476, 0.009102499, 0.0068116933, -0.01100646, -0.004288857, -0.00887443, -0.004254572, 0.002153518, -0.0013111483, 0.016186997, -0.008125816, -0.012104669, 8.6909786e-05, -0.008735264, 0.029659862, 0.017155567, 0.0044440846, -0.012197065, 0.007581541, -0.008600657, -0.007595035, 0.011556237, 0.026472438, 0.009733585, -0.006096275, -0.014080479, 0.019785522, 0.09849703, 0.008810642, 0.019752087, -0.033979703, 0.001011465, 0.0042089196, 0.0023506999, 0.054584958, 0.019539902, 0.007145157, 0.03228351, -0.015824316, -0.006690599, -0.023260312, -0.029553948, 0.02098203, -0.0031524939, 0.03949985, 0.011622036, 0.02731687, -0.0046571805, -0.009353029, -0.015746988, 0.00458308, 0.014250076, -0.00619881, 0.0043056165, -0.009565456, 0.009849537, 0.012025201, -0.10474108, -0.023167131, 0.0018765471, 0.0058393744, -0.008473995, 0.019767083, 0.008350784, -0.014241513, 0.017643537, 0.010029289, 0.025532583, 0.0058810264, 0.019094972, 0.004298109, -0.015375884, 0.003643732, -0.015100979, 0.0034034087, 0.01652506, 0.0009806878, -0.005322887, 0.0025175512, -0.014190461, 0.012045775, -0.0070873084, 0.011748295, -0.012898009, -0.016855026, 0.019718168, -0.0047367783, 0.02738624, 0.008069008, -0.011747563, 0.021441754, -0.014039559, 0.0125872, -0.019691287, 0.0012639129, -0.004713336, 0.012975893, -0.009233946, -0.02122006, -0.001255973, -0.01825587, -0.008401878, 0.017704576, -0.0043040295, 0.011229245, -0.01782753, -0.012823378, 0.031455304, 0.0033279173, -0.011552166, -0.011647963, 0.0030894058, 0.01483726, 0.018766733, 0.0010139068, 0.0072573125, 0.015507603, 0.011784317, -0.024901757, -0.00811021, 0.0087209325, -0.025281247, 0.0055973036, 0.011650827, 0.0033334342, 0.006109998, -0.005636978, -0.0039510257, -0.018628335, 0.0050853766, 0.014292393, 0.0098541705, 0.009334296, -0.0029255345, 0.0016412623, 0.008073869, 0.0074715563, 0.010352906, -0.0026854384, -0.010244174, 0.11291895, -0.006134708, 0.0038384735, 0.005378154, 0.007819372, -0.0065392037, 0.0031240436, -0.020747194, 0.0043330863, -0.010343475, -0.017911049, 0.008239856, 0.00032511997, 0.009333252, 0.002459941, -0.0074572084, 0.0014996347, 0.0054352162, -0.012624997, -0.030800538, -0.013096907, -0.0012994336, 0.02034423, 0.0011846564, -0.010114353, -0.0020641023, -0.015023473, -0.009706349, -0.019093234, 0.00544168, 0.0046936516, -0.009796929, 0.00662796, -0.012128322, -0.037659865, 0.025004407, 0.0019166616, 7.916951e-05, -0.01542662, 0.009108218, 0.013130968, 0.017595436, 0.016281722, 0.014850515, -0.033315882, 0.18990014, 0.0292678, -0.03463725, 0.0047104247, 0.009933098, -0.009133671, -0.0024504624, -0.0062116305, -0.016083488, 0.0076747043, 0.0057455185, -0.0018058575, -0.007495964, 0.0055538183, -0.01256858, 0.0044353646, 0.00900193, 0.0032258006, 0.009540003, -0.02794246, -0.003963632, -0.0068693045, -0.012149378, -0.00010599639, -0.0131507395, 0.005701785, 0.004276714, -0.0084422035, 0.0074538193, 0.037841626, 0.00346217, -0.0015359635, 0.0026105957, -0.01958803, 0.009266794, 0.0141767375, -0.0034518056, 0.008866354, 0.010154441, 0.00043215524, 0.010336123, 0.009800577, 0.0073491, 0.010754027, -0.018232008, -0.009489763, -0.025114842, -0.015028589, -0.0048971227, -0.02452402, 0.0057576117, 0.0020011966, -0.0031633594, 0.0065782494, -0.0019453285, 0.0133882295, -0.03617503, 0.002405173, 0.011227878, -0.016145349, -0.0018028327, 0.011684339, -0.0068064597, -0.0005198494, 0.0079373885, 0.0001799758, -0.0064754467]"
Bajan temperatura del suelo con arte,https://oem.com.mx/elsoldemexico/img/25416702/1756214054/BASE_LANDSCAPE/1200/image.webp,no especificado,"Un proyecto en el que convergen arte urbano, ciencia y responsabilidad climatica, ha conseguido bajar hasta diez grados la temperatura del suelo, mediante el uso de pinturas biodegradables",https://oem.com.mx/elsoldemexico/ciencia-y-salud/bajan-temperatura-del-suelo-con-arte-en-que-consiste-ese-metodo-25416686,"[0.0070877695, -0.013594194, 0.03576946, -0.06651057, 0.022557028, 0.013474183, 0.0062177842, 0.0012429008, -0.018619537, -0.017148528, 0.012185555, 0.0055606477, 0.0076484876, 0.032651205, 0.12362275, 0.008413718, -0.0023852724, -0.026727347, 0.009630187, 0.015108849, 0.02664493, 0.0058897687, -0.0030450625, 0.006602608, 0.003931079, -0.009511684, 0.013031417, 0.02957898, -0.006526109, -0.028509473, -0.0023801257, 0.005528622, 0.0059217936, -0.0048152367, 0.009606944, -0.0023599013, 0.033088937, -0.020616986, -0.0053731524, 0.013819405, -0.013111907, 0.014807718, -0.006133721, 0.0015574164, 0.0024334583, -0.0137091465, -0.0069769206, -0.053214014, -0.006249661, 0.0158987, 0.0025409278, -0.0028558476, 0.016801085, -0.18235627, -0.0120452, 0.01971422, -0.00873322, 0.03130188, 0.015973052, -0.013220692, -0.0053483024, 0.013272523, 0.013649113, -0.0020772854, -0.0041986974, -0.042185456, -0.004851887, 0.0027529297, -0.0012806111, 0.015616272, -0.01324159, 0.026946077, -0.015201466, 0.015892116, 0.023309462, 0.011247246, 0.01851548, 0.014599781, -0.010382932, 0.039729748, -0.02103255, 0.012773984, -0.0052527487, -0.02488248, -0.021372616, 0.008860419, 0.002981352, -0.005296042, -0.021929385, 0.026812874, -0.009823874, 0.016801635, 0.011269869, 0.014405019, -0.0018584575, 0.022425273, -0.00029130877, -0.012862841, -0.008606185, -0.021432286, -0.028090643, 0.025591308, 0.011041753, 0.010146887, 0.013898795, -0.022887884, 0.019137312, -0.017132157, -0.012640877, 0.01503693, 0.009553696, 0.01042464, -0.020293325, 0.0038271558, 0.00230386, -0.096579656, 0.010027083, 0.0045536477, -0.02668016, -0.0074621188, -0.0017248839, 0.049998667, 0.013169366, 0.020089107, 0.0011640706, -0.03558163, -0.006779295, -0.001344665, 0.018362373, 0.00403533, 0.012029251, -0.0016228955, 0.0070825713, 0.016018456, -0.026587307, -0.03472974, -0.004890117, 0.0027011014, -0.01543179, 0.017336868, -0.018495815, 0.004702329, -0.0102784075, -0.013576698, -0.032001805, -0.018294606, 0.0022728855, 0.009253627, 7.366549e-05, -0.019474642, -0.0075892624, -0.0016909621, -0.007832745, -0.0105288075, 0.00055117696, -0.05320153, -0.012491339, -0.014285332, 0.0026418841, -0.002801587, 0.005653528, 0.007684631, 0.0002655598, 0.008841473, -0.0018915205, 0.0018559623, -0.013557333, -0.024987198, 0.011103583, 0.03763051, 0.006091358, 0.020683212, -0.02126011, 0.015052921, 0.016926697, -0.0009689568, 0.011870927, 0.020954268, 0.00091190654, 0.0092132855, -0.008165638, -0.009183918, 0.009587104, 0.012477158, -0.0022927483, 0.0053741387, -0.011287906, 0.001394289, 0.008258968, 0.012481724, -0.015334662, 0.01425921, -0.015333335, -0.012995739, 0.023140056, -0.014325481, 0.0119807115, -0.0032993888, 0.038378954, -0.00823753, 0.019164369, -0.016824001, 0.0075251944, -0.02938991, 0.02151591, -0.006850619, -0.008964912, -0.005886119, 0.02050868, -0.018160244, 0.017204314, 0.022525752, -0.012195394, -0.01267415, -0.006422885, -0.015361832, -0.009708392, 0.0128208045, -0.0153631, 0.0016149079, 0.002961928, -0.009792283, -0.024270345, 0.026421644, -0.0082522845, -0.026220279, -0.009226506, -0.008958871, 0.015448182, -0.0026934328, 0.02522569, -0.009844157, 0.011709773, 0.0018267477, -0.0016536232, 0.020274153, -0.015935017, -0.015210902, 0.020857891, -0.017294548, -0.008696704, -0.012381733, 0.00028519158, 0.010412088, 0.027313136, 0.011640456, -0.02593902, 0.0017367202, -0.029393524, 0.0051390072, 0.019973328, -0.010396479, 0.0049103517, -0.0076844012, -0.0069016516, -0.008923728, 0.0150984675, 0.009849621, -0.00030039702, 0.01792037, -0.0061566415, 0.003060001, -0.0004650811, -0.013544693, -0.0044772676, -0.0017879065, -0.010947327, -0.0062572337, -0.02248038, 0.018804507, 0.025967006, 0.023410063, -0.00646125, -0.053249277, -0.017709404, -0.011255197, -0.077752054, 0.02744652, -0.016187653, -0.04886155, 0.00013991691, 0.002020702, 0.008008549, -0.01734867, 0.004710565, -0.01819882, -6.288571e-05, -0.031559337, -0.00603273, -0.0037785163, -0.0023801187, 0.020097783, 0.0063220826, 0.009311265, 0.023739055, -0.03859059, -0.005273705, 0.004864206, -0.028368935, -0.02722337, 0.0313557, -0.003963517, 0.015588089, 0.07058399, 0.0072943936, -0.04818274, -0.019516243, -0.012859766, 0.0020608732, 0.01305198, -0.0034047647, 0.04141046, -0.004775696, 0.00072957954, 0.009797513, -0.0074866875, 0.031211305, -0.009146944, 0.0122989, -0.0075166943, 0.019277718, -0.033461712, 0.024321679, -0.010713646, 0.020071045, -0.042348534, -0.01210032, 0.0051935306, -0.0058685634, -0.025595553, -0.00034686795, 0.03722648, 0.018140374, 0.009763002, -0.012790666, -0.0001520217, -0.013928205, 0.0015282364, 0.0013638133, 0.026636451, 0.0137865385, -0.01939579, -0.011967795, 0.00013711436, -0.0033136818, 0.031836744, -0.009516582, -0.038845353, -0.0062645474, -0.019778244, 0.0061538136, 0.015691016, 0.0040436513, -0.013802014, 0.016482843, -0.01440318, 0.012341412, 0.027620709, 0.017267343, -0.0038652618, 0.012554313, 0.025402779, -0.016082164, -0.0051199305, -0.004795108, -0.024360146, -0.0081758145, -0.017698795, -0.0049774884, -0.029684253, 0.020684881, 0.00038260114, -0.014826753, 0.01806889, -0.018227002, 0.007573885, -0.03484741, -0.03187846, 0.0052047563, -0.01134616, 0.0060840244, 0.018843422, 0.0050008683, 0.0005759726, 0.0039557065, -0.0048280708, 0.008151577, 0.014973171, -0.0001538859, 0.00494575, 0.009445905, 0.0034845602, -0.03395756, 0.02305568, -0.01327062, 0.013518678, 0.011084285, -0.004438186, -0.024804667, 0.02336492, 0.020339122, 0.0077047185, 0.026787166, 0.019589853, -0.022235852, 0.010568651, -0.017332377, -0.02272058, 0.0021314046, 0.0019003444, 0.007080225, 0.0043230806, 0.011625828, 0.0025198609, 0.018195402, -0.01627539, -0.015891045, 0.033105563, -0.021950044, 0.023389025, -0.00023512529, -0.015115737, -0.0013317483, 0.006943779, 0.024870552, -0.016911007, -0.0073320568, -0.00963451, 0.0152498055, -0.020091545, 0.0014714132, -0.0115429, -0.008535642, -0.008379657, -0.021027602, -0.029938497, 0.009789457, -0.006060918, -0.06486034, 0.012463486, 0.01366673, -0.012264153, 0.0050542257, 0.017923925, 0.028331961, -0.019900065, 0.009083768, -0.004454894, -0.029573193, 0.0093989875, -7.583194e-05, -0.0012446567, 0.027507154, -0.03432217, 0.020009799, 0.009983491, -0.010408939, -0.03295195, 0.034635417, 0.0055414275, 0.014109976, 0.00040611855, -0.022938035, 0.006781633, 0.010003002, 0.00013903987, 0.023838386, -0.020751346, 0.026019156, -0.0029666068, -0.00411669, -0.023015438, 0.014334776, 0.047850206, 0.0051542125, 0.018418126, -0.015840514, 0.007359415, 0.022842292, -0.01184972, -0.0013311205, -0.023600772, -0.035055954, 0.009499951, -0.021141378, 0.016756756, -6.5933535e-05, 0.021346034, 0.003823328, 0.009140156, 0.032694276, 0.016876282, -0.019324454, -0.0128549645, 0.007036421, 0.015025788, 0.0024326744, -0.029787103, 0.019974243, -0.014332752, 8.408779e-05, -0.032684408, 0.013287212, 0.017110214, 0.0061792, -0.002039634, -0.01692473, -0.013059551, -0.0018479289, -0.01408238, 0.025906406, -0.007903021, -0.0041280105, -0.0026356087, -0.030804064, 0.013435702, 0.0025278847, 0.022150386, 0.022068074, 0.01790636, -0.025352485, -0.0130437855, -0.0062471675, -0.00505348, -0.03194406, -0.005618718, -0.00036303917, 0.014286196, 0.0113413595, -0.015321662, 0.0035346411, 0.0068167974, -0.028993689, 0.0002850672, -0.0039939694, -0.013333289, 0.019543367, 0.00026832707, -0.0027136682, -0.021900821, -0.011703395, -0.008863969, -0.017015578, -0.02555972, 0.017704569, -0.096214056, -0.018184494, -0.0041765682, -0.024736216, -0.00011006571, -0.007970733, 0.035299096, -0.0018327006, 0.02354492, 0.004289836, 0.0100569725, -0.019315032, 0.018740108, -0.004706006, -0.014628759, -0.009688627, 0.016973905, 0.011394459, -0.002174925, 0.00021883211, 0.022570109, 0.011795665, -0.008855298, 0.0075187488, -0.02822329, 0.019518355, 0.025532255, -0.026518488, 0.017457562, 0.011547868, -0.015541974, 0.00087285833, 0.006380196, 0.01516309, 0.0065936246, -0.009706449, -0.0023656315, -0.0036836825, -0.0054212413, 0.008635182, -0.033272352, 0.012801044, -0.009220037, -0.029228058, -0.0015220693, 0.005749867, -0.030139022, 0.032435995, 0.008443145, -0.009171634, -0.013792276, 0.005144345, -0.0008500066, -0.0021016859, -0.017090032, -0.00029525984, -0.0024076037, -0.0017058001, -0.02434197, 0.008914248, 0.0034481552, -0.02472501, -0.019424342, -0.013455933, 0.0247618, -0.02387318, -0.0031211455, 0.03974262, 0.05068116, -0.017209662, -0.0043828497, 0.012749958, 0.02651762, 0.011043209, 0.012489467, -0.010692368, 0.008932301, 0.002811131, 0.03607312, 0.013734197, -0.0268398, -0.00994126, -0.12795773, -0.0046718447, -0.011256093, 0.016256452, -0.007789975, -0.000673793, 0.009150004, -0.028135106, 0.015315593, 0.015538191, -0.009959659, 0.040663775, 0.007021985, -0.0047886367, 0.015143342, 0.009462507, -0.0013751659, -0.024413606, -0.014010702, -0.01286321, -0.024327999, 0.013882461, 0.0070766564, 0.0072431783, 0.0058932644, -0.022299724, 0.00012789236, 0.01156054, 0.0026166248, -0.026780723, -0.0016531734, -0.1263684, 0.00455638, 0.01684337, -0.008529101, 0.018202681, 0.017575597, -0.004807798, 0.0112657705, -0.009326943, -0.009313226, -0.0020242915, 0.014893754, -0.03673615, 0.0076775462, 0.01270464, 0.10983759, -0.013946731, 0.0047112466, -0.002458946, -0.014411125, -0.007146765, -0.0011251053, 0.009848551, -0.011678598, 0.010112067, 0.011420662, -0.0054425327, 0.005615299, -0.018496549, 0.030090522, 0.027802585, 0.008522621, 0.018052077, 0.017515538, 0.01370505, -0.010966676, 0.0067495853, -0.028876856, 0.04538577, -0.022141349, -0.009038345, 0.010589375, -0.010642046, -0.010100808, 0.0248841, -0.001077612, -0.0230561, -0.013297463, -0.03414556, -0.005483046, -0.012618406, -0.06048983, 0.012845161, 0.012088887, 0.032003082, 0.024215747, 0.022532007, 0.013219753, 0.013431192, 0.02224477, 0.017946577, 0.010252793, -0.023712235, -0.007358511, -0.030392196, 0.014173196, 0.0093212025, 0.0048695556, -0.0073210998, -0.00356231, 0.009508394, 0.0109269675, -0.0008851546, -0.023255236, -0.0071461294, -0.010788503, -0.011950303, 0.030279264, -0.0074441438, 0.010315087, -0.0076187826, 0.017957982, -0.016032688, 0.004578759, 0.025592633, -0.029099463, 0.0083407005, -0.016095493, 0.014079564, 0.011823536, 0.02432071, -0.0037884822, -0.0017977288, 0.0007058021, -0.0066075306, 0.005395501, 0.00087830104, 0.0046860436, -0.013537704, 0.0023373456, 0.01572183, -0.04984086, -0.009164461, -0.0013323012, -0.01774522, 0.012303909, 0.008640474, 0.009890261, 0.016113285, -0.013818882, -0.014222533, 0.0032686756, 0.0011438112, -0.009251373, 0.0023706974, 0.0025664396, 8.390818e-06, 0.0042031063, 0.006026218, -0.019849155, 0.0020035964, -0.0044210614, -0.018095482, -0.001008843, 0.003425698, -0.008454602, -0.0023389503, 0.01849262, -0.008295253, -0.052200522, 0.0032454117, -0.0049364455, 0.0074853697, 0.0062642326, 0.0025129097, 0.0054437714, 0.00070293737, -0.022709781, -0.0042018136, 0.008463755, 0.025262758, -0.004445376, -0.00085708266, -0.01745211, -0.018914258, -0.0054186387, -0.005429645, -0.012589074, 0.0003949399, -0.00748017, 0.025124295, -0.0020572047, 0.0030861527, 0.0076411963, 0.0011819782, -0.009215846, -0.007882122, 0.019003674, -0.01238544, -0.007160792, -0.010720097, -0.0064458265, 0.01157886, 0.010961495, 0.02169181, 0.0011082772, 0.013545219, -0.01196014, -0.008857005, 0.0050409967, -0.019147508, 0.0052728667, 0.00444658, -0.0006596133, -0.0010722723, 0.0052932645, 0.0054419613, -0.011339598, 0.0010482313, 0.009190333, -0.0006644979, 0.023719665, 0.011020473, 0.011816092, 0.0065447954, 0.0062109595, 0.005112937, 0.0077262623, -3.3530614e-05, 0.005428245, -0.009354786, 0.010677115, -0.00052405166, -0.014784119, -0.0043781823, 0.013370737, -0.0073603946, -0.016672188, -0.012790207, -0.0076990128, 0.005091699, -0.0110991495, -0.0026218456, -0.003550983, 0.001450865, 0.004326389, -0.0034472942, 0.012805402, 0.0034470407, -0.011965107, 0.005194417, -0.0005914723, 0.0033764213, 0.009030713, -0.00021330811, 0.015035025, 6.677427e-05, 0.00071628037, 0.02415929, 0.0017288188, -0.014758987, -0.012851969, 0.005105507, 0.0030552654, 0.012627455, -0.005718273, 0.003930558, -0.009852928, 0.0026559609, 0.0009875613, 0.013568981, -0.0057680653, 0.02287546, -0.013885674, 0.0092465095, 0.016986154, 0.012434705, -0.014476995, -0.007442287, -0.014722081, 0.006031963, 0.010802982, -0.0073295403, 0.002260246, -0.0041738176, -0.0037461843, 0.0028794468, -0.006095309, -0.017149782, 0.006073224, -0.012858349, 0.0009854671, 0.0037426327, 0.017321816, -0.004159048, -0.009440879, -0.02081768, 0.0169522, 0.0153591335, -0.01980382, 0.0073884153, -0.0060745426, -0.006263097, -0.0032106638, 0.010164348, -0.016468864, -0.0051141237, -0.016934467, 0.0058006733, -0.012089858, 0.0017792508, 0.015644683, -0.0012208952, 0.014355411, 0.013502477, -0.019621875, -0.011244191, 0.0061773616, -0.0082293525, -0.010131694, 0.014570639, 0.0054297945, -0.00025370807, -0.0007979304, -0.016509911, 0.013354667, 0.004280486, -0.004278438, 0.0054930924, -0.0084309755, -0.015037603, -0.001420646, -0.0010925727, 0.014772788, 0.0043894188, 0.00030632783, 0.015152765, -0.008686131, -0.0031910364, -0.008153684, 0.0023769715, -0.00026981765, -0.009095787, -0.010019847, 0.0022806106, 0.007863986, -0.006926802, -0.003392356, 0.02612455, -0.010767147, 0.07386069, 0.014792629, -0.001246661, -0.002729664, -0.008029106, -0.005681336, 0.009404896, 0.0070495717, -0.016151994, 0.013654698, 0.010223679, -0.002390224, 0.0014375177, -0.0046959613, 0.01605351, 0.00023313185, -0.020211041, 0.010317221, -0.0017016894, 0.009100111, 0.0010079525, -0.009686946, 0.017252075, -0.0069910754, 0.012988838, -0.009312547, -0.011667164, -0.018532205, 0.014492202, -0.010452844, -0.032123525, 0.010021789, 0.0026287152, -0.007188995, -0.019095466, 0.013778654, -0.005274214, 0.014763348, 0.016848303, -0.00029945796, -0.0024880108, 0.0134913, 0.0022774425, -0.0049737855, -0.0046478007, 0.0018973617, -0.0025944607, -0.0021994477, 0.00646348, -0.010142657, 0.0018326099, -0.0036720573, -0.018979387, -0.013309924, -0.0140689565, 0.0044514397, 0.009970355, -0.015096618, 0.013483823, -0.0055369926, 0.008654345, 0.011996028, -0.017962731, 0.015682572, -0.005213373, 0.00034750885, 0.006825593, -0.015126272, -0.017121041, 0.013800928, -0.014523642, 0.001473265, 0.0062558767, -0.00476938, -0.0005174674, 0.011531698, -0.009220763, 0.0037010557, -0.008710897, -0.019887635, 0.0012336762, 0.0044934014, -0.014439395, -0.009140066, 0.0049979966, 0.0017161501, -0.004895506, -0.014581169, -0.0060251146, 0.009779589, 0.015147843, -0.0071471846, -0.0041263695, -0.008178563, 0.018097134, 0.0013022533, 0.07809466, 0.0039076586, 0.006077719, 0.008103808, -0.0022565997, -0.029857459, 0.011787111, -0.003805922, 0.01784053, -0.014491674, 0.020487413, -0.0064495946, 0.0024442563, -0.0063594654, 0.014203546, 0.012214791, -0.00031714616, -0.002565218, 0.004427118, 0.007305391, 0.0117095625, -0.0056007523, 0.010893269, -0.0024599666, 0.01197477, 0.009633271, -0.008736881, 0.014522276, -0.0077630132, 0.0024906406, -0.00018521969, 0.0059741773, -0.008057692, 0.010913213, 5.1181818e-05, 0.002397463, -0.0069344477, 0.0040156627, -0.0043548294, 0.005805907, 0.013996936, 0.014292766, -0.0063659293, 0.010247861, 0.001800604, -0.0049204673, -0.004655098, -0.011070462, -0.005656412, -0.008247599, 0.009600319, 0.008588581, 0.00467191, 0.008683384, -0.0022559576, 0.002175804, -0.009733732, -0.008101139, -0.009404283, 0.0019199286, -0.007511089, 0.005970742, -0.00076358544, 0.0002306635, 0.0057463283, 0.0014815826, -0.0065901414, 0.019006507, -0.004560199, -0.0031184133, 0.0038779606, -0.0042283386, -0.003950982, -0.004572193, -0.0058839233, 0.0038642401, 0.0008707817, 0.009917277, -0.0030894312, 0.00051610713, -0.0015395487, -0.03094459, -0.005275072, 0.014300073, 0.008062078, 0.014498107, -0.011559346, -0.0027278468, -0.03517968, 0.029828329, -0.006333509, -0.021649053, 0.0078734225, -0.01735876, 0.0023496998, -0.01873615, 0.0077963104, -0.0025345958, -0.010388207, 0.0059873164, 0.010009497, 0.01942834, 0.01056589, 0.00897581, 0.0058788788, -0.0056414744, -0.009518992, -0.0035751783, 0.0015948291, -0.00871569, -0.0033017427, -0.00086085254, 0.004954094, 0.0007723728, -0.010359818, -0.024698813, 0.017549649, 0.0096166255, 0.0022501587, -0.00014397118, 0.011997849, 0.002400041, 0.001550136, -0.019616965, 0.017174548, 0.0081999, -0.012678002, 0.00072999403, -0.00072067895, 0.00022455881, 0.0021783817, 0.021070614, -0.018083684, -0.014412118, 0.0044794255, 0.012844404, -0.020041822, 0.007903574, 0.00822489, -0.0031146763, 0.0001424735, 0.015193827, -0.004246854, 0.0047399206, 0.005912119, -0.0042557796, -0.008876895, -0.0117239505, 0.0011444981, 0.012467458, -0.012290001, 0.010638534, 0.0019388092, -0.010864393, 0.00981155, 0.0033947888, 0.0031722363, 0.004032231, 0.007605271, -0.012025049, -0.004018409, -0.048480514, -0.013426853, 0.010207745, 0.014538252, 0.008032542, -0.0019707812, -0.0052223844, 0.0012989618, 0.008374974, 0.02046437, 0.0002872708, -0.006767322, 0.003380439, -0.004305089, -0.008026134, 0.014519975, -0.0060492237, -0.0117388, -0.010533882, -0.01979699, -0.012919302, -0.0028005799, 0.0059044454, 0.0124269035, 0.0059214085, -0.0008680266, 0.013338479, -0.0043787593, -0.003016117, -0.010856739, -0.01595263, -5.995322e-05, 0.022472844, 0.020909999, 0.007558721, -0.0088163875, -0.0059777224, -0.01889892, 0.00990507, 0.0022729428, -0.0020761907, -0.0029281413, 0.0041839313, 0.012320093, -0.0039267675, -0.022035608, 0.007169213, 0.018951187, 0.0010728226, 0.0038535597, -0.0006923021, 0.007293886, -0.008651524, 0.010857591, 0.0071962173, -0.0071185, 0.029419243, 0.012188871, -0.014716876, 0.00028207686, -0.014129105, -0.012287011, -0.0034019677, 0.0058857137, -0.022311594, -0.003083686, -0.0020509874, -0.0033028538, -0.012891242, -0.016721528, 0.003958238, -0.00096522993, -0.0029380196, -0.029338522, -0.0088399025, -0.022116844, 0.004161929, 0.015403589, -0.016371077, -0.024557576, -0.0045560524, -0.0009459114, 0.00911302, 0.004738004, -0.010115965, 0.0034591786, 0.0008592152, -0.0026333234, -0.017111609, -0.002429625, 0.0032915643, 0.017323151, -0.008572391, 0.009564111, 0.009463654, 0.01728926, -0.0038806673, -0.0016448669, -0.0005264469, 0.024486275, -0.0152501445, 0.0032923138, 0.012206784, 0.011151395, -0.0036512315, 0.010737414, -0.0008995172, 0.014734965, -0.011441741, 0.0024455187, -0.004899715, 0.0027203842, -0.008685602, 0.01737448, 0.009927097, -0.007108614, -0.00834034, -0.016947601, -0.010853148, -0.014645126, -0.021593308, 0.0059212036, 0.0034944697, -0.017568048, -0.008942897, 0.016379723, -0.0076972223, -0.0053201406, 0.004556867, -0.011236369, 0.005518515, 0.0415442, 0.025605978, 0.0065721576, -0.003959519, -0.0017328563, 0.006686986, -0.009911274, -0.0046245595, -0.00048271217, 0.010459092, -0.011098334, 0.014252094, -0.017533345, 0.00936666, 0.01263005, -0.013338888, 0.0055509773, 0.005546854, -0.00015804371, -0.0082668215, -0.0050140196, 0.007452597, 0.010535362, -0.008525464, 0.00050281663, 0.004938523, 0.011582302, 0.018334461, -0.006289862, 0.014574572, 0.011827353, 0.0006338793, -0.0017785279, 0.010490352, 0.0015127318, 0.0062152105, -0.004480408, 0.0063508907, -0.0077455374, -0.017142078, -0.0053659766, -0.0012498298, 0.020448428, -0.009248725, -0.002275621, -0.0024784217, -0.006315013, 0.0071668806, -0.0021547421, -0.01869464, 0.0068057547, 0.007857725, 0.009479013, 0.011624841, -0.0321615, 0.00052984734, -0.013157652, -0.0049732192, -0.0011154456, 0.020470198, 0.0024714025, -0.0060075163, -0.0059503624, 0.019261762, -0.013295419, 0.009961066, -0.0013228556, 0.00428301, 0.0061087264, 0.0009858278, 0.015214206, -0.0011449736, -0.007583013, 0.009015682, -0.0910615, -0.0022111505, 0.002595783, 0.014922854, -0.0015510077, 0.001055416, -0.0037532002, -0.025332946, -0.0019740374, 0.00017390888, -0.021141805, 0.0005195677, 0.016309189, -0.0023271057, -0.013243663, -0.0026605944, -0.009491883, -0.018617172, 0.009149589, 0.00036775772, -0.006436421, 0.0011921211, 0.004788142, -0.00022792487, -0.007970015, 0.012097748, 0.004625921, 0.012731361, 0.028719716, 0.027936677, 0.0082157245, 0.017533164, 0.009139026, -0.010582135, 0.012697184, 0.00036795504, -0.00045401056, -0.009157673, -0.13557914, 0.010546749, 0.006119943, 0.0076850825, -0.013276382, 0.0030512803, -0.00047929227, 5.323362e-05, 0.007414814, -0.002572753, -0.006173185, -0.000762883, 0.013629888, 0.004226028, 0.011647882, -0.013934478, -0.0075029694, -0.0074895364, -0.007466959, 0.009559584, 0.0065883608, 0.02429149, -0.0022400285, -0.0010080792, -0.005375208, 0.0050927713, 0.009285614, -0.01104203, -0.0018656565, 0.004337767, 0.0009821883, 0.0011914076, 0.0061679427, 0.006876033, -0.006804009, 0.003220901, 0.004964261, -0.009221768, -0.0126498835, -0.008415562, 0.019815011, 0.0032250986, -0.0078426, -0.006048822, 0.0012961524, -0.0076810974, -0.00054618606, 0.009896081, 0.007818856, -0.002308825, -0.015351641, 0.010095015, -4.7293604e-05, -0.009614854, 0.006050334, -0.010823539, 0.0031426155, 0.0037966503, -0.0034446977, 0.0032223954, -0.011660509, -0.0058197384, 0.014037718, 0.00039959227, 0.0022950906, -0.0061885086, -0.007829494, 0.01599742, -0.00090334425, 0.014294038, 0.021066388, 0.009722749, 0.0025871228, -0.011493343, 0.008643851, 0.010373046, -0.008148907, -0.004380298, -0.00343592, -0.014815207, -0.009210192, -0.03558394, -0.02415221, 0.005566737, -0.010428447, -0.015247107, 0.00052614, 0.0027733974, 0.007043647, -0.076306134, -0.019228445, -0.017967526, 0.02642784, 0.013851227, 0.014513826, -0.021381347, -0.0047440794, 0.025176406, -0.0027511185, 0.014644079, -0.0002811453, 0.005347283, 0.010634861, -0.026991688, -0.046795987, -0.0058657154, -0.007166201, -0.023041254, -0.026591558, 0.0114423055, 0.008128901, -0.003607016, 0.009010439, 0.0151338205, 0.015619526, -0.00616065, -0.020815667, -0.0032634402, -0.009990136, -0.02846014, 0.008532735, -0.0072325165, 0.001316777, -0.0038998267, -0.010623608, 0.005359369, 0.027460793, -0.012722644, -0.013829424, -0.0046775583, -0.015561029, -0.0051914877, 0.014220174, -1.8174229e-05, -0.0048874076, -0.026016233, -0.011597675, -0.010426454, 0.0062027127, -0.022570465, 0.0071426914, -0.0009224195, -0.01629427, -0.0048362613, 0.018179886, -0.0021019422, 0.0072419164, -0.010026983, 0.012503581, -0.014824179, 0.006706145, -0.00060060504, -0.019133953, 0.016362498, -0.0071614124, -0.012605227, 0.0074546793, -0.02177851, -0.0048546223, -0.0114708925, 0.00050742517, 0.02053699, 0.015023325, -0.007505474, -0.0032761297, 0.013832564, -0.0020370588, -0.009120525, -0.0023431196, 0.0016200885, -0.015293256, 0.004045064, 0.025417343, 0.012382913, -0.017223373, -0.0061766673, 0.008476339, 0.014262891, 0.012313612, -0.014871985, -0.0012546038, 0.024398403, -0.004040183, -0.032067228, 0.018642338, 0.008692207, 0.0026325325, 0.0062978365, -0.0045255315, 0.008385247, 0.012207391, -0.012084422, -0.0132196415, 0.013637012, 3.4358145e-05, -0.006644267, -0.00067425665, -0.019435314, -0.007738111, -0.0037661495, 0.0009854643, -0.014902062, 0.0018592248, -0.17034662, 0.003707141, 0.00751766, -0.0015808273, 0.017666949, 0.0011695669, 0.007006221, 0.010295784, 0.027814591, -0.013963395, 0.0081244465, -0.014684874, -0.008582518, -0.009877135, -0.0038976108, 0.0014154043, 0.0024102402, 0.0025578006, -0.0018900979, -0.0021765993, -0.03184213, -0.010839504, 0.0032414931, 0.028074464, -0.007589869, -0.035188533, 0.003839418, 0.013721255, -0.0065422775, -0.009263096, -0.02398305, 0.0064512705, -0.024419423, 0.017781926, -0.006127967, -0.012885711, -0.01385405, -0.0006530431, -0.0020831795, -0.012281517, 0.0013636922, -0.0049631298, 0.0134115955, -0.0060510566, 0.00040096263, 0.010248583, -0.015746279, -0.017420748, 0.0026099607, 0.002285021, 0.004429251, 0.014597803, -0.00032959125, -0.018642424, 0.015271219, -0.013973729, -0.008664163, 0.010414878, 0.010027131, -0.009692399, 0.0037908517, 0.0051225293, 0.001102645, 0.016937006, -0.002321056, -0.0018877886, -0.0026153163, 0.13785341, -0.00849615, 0.014423953, -0.0034769922, 0.00017061127, 0.02303378, -0.0067652515, -0.0047254064, -0.023544492, -0.004361939, 0.0027328986, 0.002809332, 0.015142355, -0.00035165492, 0.020972935, -0.0036635792, -0.01182521, 0.0070815557, -0.0035384032, -0.0008653345, -0.0132753095, -0.03179397, -0.010088845, -0.012767963, 0.011915618, -0.01107938, -0.020665783, 0.017661626, 0.012745339, 0.019841174, 0.012979608, -0.017271068, -0.015261245, 0.0048745098, -0.0069835396, -0.009171162, 0.002932464, -0.02534213, -0.0010031639, 0.02528024, 0.003699254, 0.014108384, -0.012124828, -0.015390367, 0.011750478, 0.0076107695, 0.016131185, 0.012401983, 0.019487461, 0.012536735, -0.012447926, -0.027765317, -0.032014016, 0.0010141733, 0.01365314, -0.009687458, -0.014311779, 0.0052421344, 0.008518968, -3.242724e-05, 0.016114328, -0.0017862243, -0.017163768, 0.010575626, -0.0011741742, 0.0044545014, -0.0073756143, -0.0047307448, -0.008690768, -0.115342915, 0.010282712, -0.017847298, -0.01576792, 0.00838544, -0.0010165644, -0.004072877, 0.00609893, 0.007166036, 0.01300753, -0.0016011022, -0.013564404, -0.0092449775, 0.02949942, 0.0075305724, 0.00071492774, -0.0089312615, 0.014220077, -0.006183721, 0.010088794, -0.008558954, 0.019585272, 0.016677752, -0.013792867, 0.0075392593, -0.0015573674, -0.0058333063, -0.023454254, 0.015363631, 0.026872665, 0.010455497, 0.027251238, -0.016228806, -0.008611919, -0.0034409794, 0.0066147633, -0.014112585, 0.005986219, -0.022098115, -0.004802845, 0.005137566, 0.004834444, -0.008156938, -0.020280529, -0.008449562, 0.0030520624, -0.024738323, -0.015632818, -0.0024742158, -0.024184983, -0.006256523, -0.022671176, 0.013115688, -0.005928821, -0.0358977, 0.010768731, 0.0105048595, -0.021247812, 0.0073983516, 0.0062642395, 0.012111421, 0.012851593, -0.0052955723, -0.0036124245, 0.010544265, -0.004511397, 0.0015279299, -0.011062665, 0.015992887, -0.007708791, 0.004429403, 0.015352681, 0.014296312, 0.0024517349, -0.011414399, -0.010872668, -0.0041794786, 0.0067710956, -0.013563197, 0.0017213734, -0.0023059114, -0.00066305854, 0.03047876, -0.013503909, 0.024287866, 0.02603183, 0.014987469, -0.015293426, -0.0038537388, 0.01079579, 0.013848482, -0.033200137, 0.014768148, -0.0046235425, 0.005434579, -0.00063757045, -0.013458658, 0.0045137927, -0.00018283036, -0.0041841273, 0.003319774, -0.011691033, -0.013758324, -0.0010868264, -0.011319653, 0.009852531, -0.015716352, -0.015734438, -0.015081741, -0.012309263, -0.024458697, 0.0077447146, -0.0073851882, 0.00040684897, 0.017485518, 0.00256765, 0.0011344295, -0.010385754, -0.007868853, 0.009426109, 0.00093862234, 0.020304713, -0.01348464, -0.020705447, 0.0007087551, 0.003175393, -0.0044780336, -0.006068885, 0.0077433554, -0.0105709415, 0.026391996, -0.0012127148, -0.016003609, -0.009217917, 0.022731174, 0.013353749, 0.0131728975, 0.013073621, 0.034559894, 0.0043316553, -0.010120135, 0.013389178, 0.0016673543, 0.011229878, 0.00218063, -0.017936928, 0.00789413, -0.012180335, 0.020883024, -0.019280938, -0.003750454, 0.015556332, -0.0065387366, -0.0055919047, 0.0150998365, -0.0037771037, 0.019576568, 0.006752969, -0.010437113, -0.010241897, 0.0035416845, 0.0037273627, 0.017805569, 0.009988184, -0.017123915, 0.012270554, -0.00520576, -0.017451508, 0.00701499, -0.0152843585, 0.0004714269, 0.008465173, 0.028603207, 0.010392271, 0.008479023, 0.0016013166, -0.005540734, 0.023197899, -0.0034244736, -0.04754073, 0.003405539, 0.011402922, -0.012535917, 0.018336173, 0.010317224, 0.011586591, 0.0109005, 0.010968396, 5.4634376e-05, -0.00631481, 0.012928215, 0.002272206, -0.00014477978, 0.011581809, 0.005207903, -0.001742528, -0.004231934, -0.006149708, -0.011253127, 0.021945972, -0.006704953, -0.0038309328, -0.021428818, 0.012605877, -0.0065395767, 0.009267578, 0.028671255, -0.00899034, -0.015441176, 0.0024140845, -0.029327001, -0.015187674, -0.020056656, 0.0066709574, 0.015735883, 0.0009515174, -0.0067853075, 0.011811175, -0.042198937, 0.0043820995, 0.0019353855, -0.05801372, -0.0046253013, 0.0044700345, 0.00041991123, 0.012196587, 0.011997184, 0.006359001, 0.0037340736, 0.028312348, -0.0042130616, -0.01848087, 0.00074067357, 0.01573547, 0.0030765045, 0.0027640234, -0.0091790715, -0.0007637972, -0.009099918, -0.0063210935, 0.00942885, 0.0002563759, 0.0145360865, 0.0013424273, 0.031393304, 0.0021815563, 0.011667158, 0.00855471, -0.00024863987, 0.0038251497, -0.0247001, 0.024980746, 0.02033368, -0.025609616, -0.0063084513, 0.034080133, -0.014578023, -0.00198044, 0.027099343, 0.0150432745, 0.00058952335, 0.0016129658, 0.045504775, -0.0062610875, -0.015612444, 0.00067469716, -0.09566653, -0.003424553, -0.003412597, 0.0041130115, -0.011626557, 0.01079626, -0.009240709, 0.0534894, 0.0040555196, -0.012392447, -0.025593765, 0.009180318, 0.005600326, 0.0051940633, -0.022650765, -0.012598201, -0.031649698, 0.015656624, 0.006463932, 0.0042562503, -0.0012848709, 0.0046430454, 0.0017908635, 0.018842421, -0.0014158809, -0.053194843, -0.020367144, 0.0016031036, 0.0050831675, -0.01263615, -0.010234843, -0.0076715834, 0.0039807297, 0.01035553, -0.009537192, -0.012580476, -0.032731462, 0.004937392, 0.005207876, 0.01302057, 0.01807268, -0.033468734, 0.00545526, -0.017419621, 0.019113142, -0.010386854, -0.0007089099, 0.007647703, -0.023455383, 0.015372983, -0.0006737843, -0.02897213, -0.0014241039, -0.0131321335, 0.0009244018, 0.005285987, -0.009065086, -0.04421787, -0.018790033, -0.0012908401, -0.013235694, -0.011757852, 0.021827536, 0.0023247772, 0.023142477, -0.009379816, -0.0005226657, -0.0076773795, -0.027989596, -0.008964707, -0.010784818, 0.010767668, 0.013437807, 0.004732873, 0.010420103, -0.008335767, -0.003289491, 0.020652015, -0.03374025, -0.01626743, -0.005756685, -0.0038728453, -0.0013837976, -0.009417449, 0.0112624755, -0.010010771, 0.0041909115, -0.030117095, 0.0035240399, 0.0025891187, 0.021878926, 0.007859034, 0.018180052, 0.009747069, 0.00658638, -0.018888671, 0.021414157, -0.0053952895, -0.00952682, -0.017088212, -8.972e-05, -0.0015630994, -0.0019413192, -0.01708365, 0.0021397686, -0.02360198, 0.014182568, -0.008480198, 0.008161921, 0.00074328115, 0.025411336, -0.0013473937, 0.020686192, 0.025567623, -0.029519515, 0.0069177477, -0.01328896, -0.022562645, 0.0041387645, -0.013040214, -0.015603619, -0.010736909, -0.022089506, 0.0048144525, 0.0103899045, 0.005787877, -0.019315204, -0.0027996192, -0.011347155, -0.0016987935, -0.013103418, 0.025803013, -0.016846213, 0.025903653, 0.0008310528, -0.012496708, -0.017731057, -0.0060531967, -0.0007561052, -0.031267952, -0.00052830484, -0.00537303, -0.009687428, -0.014226325, 0.015882092, -0.014484725, 0.0206215, 0.0033324016, -0.014564365, 0.005425797, -0.0027810715, -0.010348394, 0.01890574, 0.011281325, -0.015495791, 0.0007813954, 0.010296739, -0.03674863, -0.012016397, -0.006424329, 0.0054387846, -0.011065764, 0.0017711874, 0.022321343, -0.013784678, 0.0037035192, -0.009097036, -0.010297209, 0.012878363, 0.006883709, 0.026211005, -0.0057058297, -0.016492771, -0.009541118, 0.036788948, -0.013173181, -0.015593501, -0.016769398, 0.008667701, -0.012316437, 0.019214373, -0.0020161003, -0.0042171567, 0.03249725, 0.01123845, 0.007897789, -0.008253476, -0.0039446894, 0.010749859, 0.016529575, 0.0060824743, 0.010395448, 0.010822985, 0.00012396679, -0.01351473, 0.0022792157, -0.018525185, -0.004966147, -0.0075814957, -0.00092602876, -0.019566555, -0.021152535, -0.005815069, -0.022739952, -0.019491404, -0.0022087547, -0.009289349, 0.007979962, -0.020879852, -0.00931808, -0.0069132843, -0.021998705, 0.007939522, -0.007816099, -0.023723822, -0.022835333, 0.0012485287, -0.00042398652, 0.029563252, 0.010849163, 0.0062257056, 0.029770363, 0.028845835, -0.012128237, -0.014515878, -0.013978832, -0.0056978245, 0.013623537, 0.011640693, 0.01179055, -0.00835551, 0.010088979, 0.0018246144, 0.0136476755, -0.0059422636, -0.0027890627, -0.02126551, -0.0075473045, 0.016416665, 0.006406157, 0.002740122, 0.013649802, 0.017802106, 0.000923476, -0.0067260237, -0.016818298, -0.005984379, 0.0039103637, 0.008899146, -0.0010739962, -0.01316003, -0.011567828, -0.0086183185, 0.019205084, 0.018625507, 0.0014207864, 0.01944578, 0.006535958, 0.024064276, 0.008107591, -0.02268373, -0.01569657, -0.027954457, -0.007136815, -0.04812251, -0.023649544, 0.009497476, 0.0058849542, -0.0015848294, 0.0026516574, 0.012551315, -0.0063875355, -0.020901734, -0.031898905, -0.013913238, -0.01173534, 0.008329281, 0.0073181703, -0.01543794, 0.009525797, 0.016760023, -0.0009273475, 0.014197081, -0.009092426, -0.011864678, -0.0052302256, 0.018395985, -0.008772205, -0.0019335685, -0.011264352, 0.0081570605, -0.018023966, -0.006206446, -0.009407221, -0.02185866, 0.006903991, 0.00016653232, 0.025649948, -0.0021717977, 0.0087520955, -0.0023191764, 0.028465405, -0.017702254, 0.013526304, -0.004243769, -0.0020129625, 0.03322298, -0.017232927, -0.0012070875, -0.007926444, 0.002104553, 0.010934, 0.0009940057, -0.0044728625, -0.027305571, -0.008958524, -0.015472086, -0.0019479593, 0.0032789044, -0.046950776, 0.0028634227, 0.0074299527, 0.011785476, 0.0024471807, -0.0017975208, -0.025179565, -0.0081564635, 0.008676701, -0.014785887, 0.02233527, 0.0037212612, 0.014826311, 0.007876415, 0.025997655, 0.0036203999, 0.02080923, 0.0025774164, 0.012067967, 0.005682435, 0.007654384, 0.011032797, 0.023540862, 0.015602633, 0.012756132, 0.020250421, 0.005730354, -4.159539e-06, -0.0022474036, 0.012011789, 0.018838692, -0.026791519, -0.0053367093, 0.020531407, 0.008130671, 0.0032720482, 0.0020680353, 0.0038045237, -0.009142026, -0.010901978, 0.0065694936, -0.0021981748, 0.011199226, -0.008123577, 0.004328772, -0.016976275, -0.007494585, 0.0053529167, -0.017109301, -0.00012492652, 0.0056698835, 0.00018624263, 0.02937543, 0.0021638726, -0.0144411875, 0.013552636, 0.0001613349, -0.013468382, -0.013129357, -0.0011427575, -0.0066668713, 0.010067707, 0.012023718, 0.0024700717, -0.011839424, -0.004705734, -0.020198843, -0.0030699344, 0.0011691236, -0.0048188283, 0.022007115, 0.0042142244, -0.001987729, -0.005527678, -0.007878673, -0.002882971, -0.0035118263, -0.009502754, 0.0018253382, 0.013266124, -0.019251566, 0.020037087, -0.0061446833, -0.009515947, -0.021086909, -0.0037362427, -0.008917269, -0.009043161, 0.01069989, 0.030832034, -0.013073794, 0.0081244875, 0.017754719, -0.023356449, -0.0066426066, -0.014350997, 0.02818134, 0.0023214389, 0.028182123, 0.008798682, -0.028134983, 0.0038560343, -0.00868186, 0.0076151974, 0.005771247, -0.015083972, 0.009377983, 0.0023365638, -0.0062852316, 0.0012738605, -0.007957797, 0.012650439, -0.00085645885, 0.012964914, 0.017967118, -0.00949454, 0.023142824, -0.02148341, -0.008956726, 0.012369641, 0.03508535, 0.02034314, -0.004942034, -0.0069562444, 0.0014202291, -0.01395814, 0.02665252, -0.015081207, 0.0029433004, -0.010836803, -0.0012959703, 0.021003492, -0.018769309, -0.0067452136, -0.0063364897, -0.009967295, 0.003968934, 0.0082787145, 0.0033814372, 0.009433042, -0.0150475735, 0.0011871991, 0.0019276006, -0.009019456, -0.010952727, -0.033866443, -0.0006039843, 0.0010725763, 0.025640147, 0.0018035431, -0.01583207, -0.014850196, -0.0025187319, -0.043372676, 0.00041997776, -0.024187192, -0.0048707193, 0.0053676157, -0.014496554, 0.0084137665, -0.01313046, -0.0018821555, -0.00810109, 0.03620958, 0.009339858, -0.0009692611, -0.009659635, 0.014018481, -0.018020978, 0.008690744, -0.0022886652, 0.0045692055, 0.002561191, -0.0029509445, -0.026431883, 0.012364667, 0.009838691, -0.020793445, -0.005139769, -0.0077026584, -0.0071034166, -0.0065483493, -0.013714989, -0.0039406233, -0.0014544764, -0.001243379, -0.028058361, -0.0015019024, -0.0025926712, -0.023097185, -0.018657973, -0.023281045, 0.014605496, 0.021857098, -0.012502103, 0.0092430925, -0.02156202, -0.010199036, 0.0027753601, -0.013947993, 0.0049738926, -0.024389243, -0.017526818, -0.01573224, 0.011810589, 0.005973605, 0.0077563133, -0.0014015337, 0.0051441877, 0.010454983, 0.019247722, -0.0035575812, -0.011102077, 0.016042216, -0.0026643455, 0.007825045, -0.004608646, 0.0053121173, -0.014179973, 0.01313301, -0.015111083, 0.009780323, 0.005649402, 0.0018164723, -0.010886332, -0.0053281146, 0.004417759, 0.022707706, 0.014034842, -0.00993606, 0.0032686999, -0.0064320504, 0.0022524898, -0.011654101, -0.015415225, 0.017681759, 0.007956581, 0.008194533, 0.011785809, 0.019015947, -0.0032641056, -0.011394954, 0.006336587, -0.01156514, -0.014914329, -0.021026377, 0.0022596652, 0.019446138, 0.0087764375, -0.015477684, -0.0024234492, -0.022490352, 0.018539356, 0.004760793, -0.0026740297, 0.008677441, -0.0058892523, 0.0262064, -0.009759074, 0.0112322755, 0.0132020945, 0.0049486905, -0.019544495, -0.006828726, -0.01983689, -0.00998519, -0.007439627, -0.0034225623, 0.0061097285, -0.010839029, -0.005493778, 0.0027446807, -0.019884313, 0.0036889485, 0.0013989322, -0.0023658378, -0.0074148504, -0.0004886397, -0.0103833545, 0.0025561368, -0.01928305, 0.021422716, -0.00012744559, 0.0039111874, 0.00219172, -0.030587101, -0.021981671, 0.043344744, 0.010545452, -0.008610051, -0.0015777332, 0.0038330222, 0.03131219, -0.0038726474, 0.012530195, 0.018624302, 0.0006443214, 0.012524341, 0.008250486, 0.026541453, -0.011581912, 0.0021058887, 0.012167776, -0.023888562, 5.295048e-05, 0.019559475, -0.014786096, 0.010772346, -0.00062835385, 0.0019406939, 0.0011743226, -0.009628607, -0.0076116566, 0.0047081225, 0.0062433877, 0.012584766, 0.009324514, 0.021335125, 0.021711264, -0.0058362293, -0.0020168656, 0.009503429, -0.0045492793, 0.0020200138, -0.014925279, 0.020280486, -0.025893666, -0.014418342, 0.016967356, -0.019545406, -0.009906638, 0.021077236, -7.0933114e-05, -0.006921676, -0.016811112, 0.0037124348, 0.013569862, 0.01941991, -0.004658076, 0.023618562, 0.016066508, -0.02503966, 0.0043060672, -0.0029056177, 0.007076167, 0.0015690248, 0.004617671, -0.0020794338, 0.022190435, 0.01903134, -0.008924821, 0.008481299, -0.026245384, 0.021526521, 0.01221148, -0.01897727, -0.010632715, 0.022589931, 0.016024338, 0.012256426, 0.008344759, -0.00971362, 0.016156694, 0.0023913307, -0.00024461202, -0.014818316, -0.0047452385, 0.15986356, 0.11674807, -0.0045725764, 0.007502009, 0.023848247, 0.0034133203, -0.0090611195, -0.014285809, -0.007658903, 0.015184673, -0.026125195, -0.007222998, -0.0010021282, -0.008970573, 0.01294649, 0.004591074, 0.013021633, -0.0017909394, -0.0149558615, -0.001574832, 0.005206218, 0.036676694, -0.001928752, -0.005498324, 0.006084712, 0.03428941, 0.005128275, -0.0028369944, 0.03237552, -0.010862196, -0.006394678, 0.015944771, -0.0026112043, -0.0076224054, 0.02202652, -0.011676039, -0.00050264515, 0.0039275913, 0.0017499692, -0.001779094, -0.0015191374, -0.017432418, 0.013436222, 0.00287427, 0.007602735, 0.008944497, 0.012751921, -0.035888765, 0.010847603, -0.00022841299, 0.0031027412, 0.0028575007, 0.013568715, 0.010111393, -0.019862311, 0.0022737258, -0.0058462387, 0.028453493, 0.0029822201, 0.014446427, 0.0067274817, 0.008292417, -0.0062890183, 0.012793525, 0.004603029, -0.0068352316, 0.01669837, 4.126396e-05, 0.0036688945, -0.0149440095, 0.001572173, 0.024088824, 0.00036226065, 0.000816325, -0.02930323, 0.015817668, -0.0038706781, -0.01151348, 0.011295121, 0.005738559, 0.00011193756, 0.0048739947, 0.013813504, -0.0061727627, -0.02234555, 0.007243343, 0.0020179693, 0.023752954, 0.12190181, 0.0059324335, -0.012453645, -0.015463405, 0.019961279, 0.012503296, 0.020962352, 0.06689565, 0.022433428, 0.01646724, 0.013786336, 0.013452067, 0.015600169, -0.018560017, 0.0043334668, -0.0037198197, 0.010415665, 0.061653096, 0.023463743, 0.0020379787, -0.022213664, 0.010626721, -0.02012502, 0.0039197216, 0.009442158, 0.007713044, 0.022359032, 0.014748501, -0.013142069, -0.0038089307, -0.10357186, -0.010075924, 0.010781644, 0.005952045, 0.0075024087, 0.028405808, -0.012485663, -0.011756986, -0.009289338, 0.009236612, 0.018966231, 0.018235976, 0.003087079, 0.012411677, 0.0071875323, -0.0005044573, 0.00818626, -0.022604657, 0.014445428, 0.0054563847, 0.0028566166, 0.010543913, -0.018056272, 0.009520321, -0.002018262, -0.012120731, -0.017646486, 0.028249884, 0.004568697, 0.0070824763, -0.03147223, 0.0074116597, -0.04098837, -0.0052251187, -0.009802292, 0.016777387, -0.02895469, 0.0058367867, 0.013564661, 0.008098155, -0.011877979, 0.0030535178, -0.0054206033, -0.0019006935, 0.0016914114, 0.016877735, -0.026553515, -0.010205631, 0.005159533, -0.014812338, 0.018764755, -0.029307414, 0.029373137, -0.014801585, 0.013730613, 0.0052797715, 0.029170308, -0.0058705453, -0.0047110687, 0.011184396, 0.0013617749, 0.026892023, 0.0069307177, -2.7014941e-05, -0.014648219, -0.012599159, 0.0013273454, -0.017232316, -0.012335042, 0.0066808183, -0.01553619, 0.009264174, -0.006554033, -0.0014714319, -0.0078265555, 0.0019664324, -0.0055023544, -0.0011268915, 0.018041046, 0.00039752483, 0.01931534, -0.020623146, 0.009797491, 0.12057979, 0.015076147, -0.0063548638, 0.0037222519, 0.02509227, -0.035217274, -0.0005107631, -0.011204557, -0.003431842, -0.020931799, -0.029511757, 0.029329896, -0.015673703, 0.015479804, -0.008075515, -0.016548345, 0.0022585772, 0.0123841865, 0.009147807, -0.016539346, -0.0049351747, -0.016416645, 0.033652924, -0.0092553655, -0.011293324, -0.0025155249, -0.0041790702, 0.013105651, -0.01976813, -0.027291143, 0.0034088443, -0.016759088, -0.0034994427, -0.017413119, -0.0021910535, -0.0024786436, -0.03370406, 0.013106018, 0.014046764, -0.008425726, 0.0019313073, 0.0059096655, 0.011906426, -0.0007086474, -0.039043024, 0.19119269, -0.012774771, 0.0055324715, -0.009858302, -0.01585204, -0.0074903257, 0.0145316, 0.01941678, 0.016075429, 0.009915672, -0.008347301, 0.0063190693, 0.0061199814, 0.0013545997, -0.013030312, -0.012352487, -0.005389262, 0.014090198, -0.027472058, -0.007711209, -0.0058892984, -0.0049265907, -0.019763626, 0.006344578, 0.0051796576, 0.0061524156, 0.016299456, -0.004417032, 0.018616801, -0.0051989253, 0.01124556, -0.027561946, 0.009505206, -0.010087714, -0.0061181136, 0.029876037, 0.016516829, -0.024075568, -0.001505522, -0.019019293, 0.0015583134, -0.021601094, -0.010078016, 0.008735702, -0.0011856774, -0.029744202, -0.0058724754, 0.012076453, -0.0045614857, -0.004871104, 0.015163751, 0.0070467284, -0.0038110807, 0.0032284886, -0.0065660123, -0.0024450077, -0.002103182, 0.0010928081, 0.0036344302, 0.009350573, -0.016544702, -0.014367918, -0.011769154, -0.016200291, 0.007088046, -0.016695892, -0.0045899507]"
"Serbia, de la melancolia al resplandor",https://oem.com.mx/elsoldemexico/img/25402951/1756134051/BASE_LANDSCAPE/1200/image.webp,no especificado,"El grupo regiomontano completa una trilogia que a su vez da origen a su nuevo album, con el que celebran su primera decada de existencia",https://oem.com.mx/elsoldemexico/gossip/entrevista-exclusiva-con-la-banda-regiomontana-serbia-25402934,"[-0.007949121, -0.0006790073, -0.008940331, -0.10409239, 0.017674208, 0.01210942, -0.016998045, 0.011815008, 0.00066455116, 0.013912356, 0.001635253, 0.027450843, -0.021235878, 0.02311602, 0.12136332, 0.0005247804, -0.004330966, -0.018224223, -0.024124855, 0.0020629668, 0.011746684, -0.035799555, -0.0035307584, -0.00075494073, -0.028198332, 0.007903167, 0.00819225, -0.0021060666, 0.017729776, -0.034933135, 0.022071509, 0.020729836, 0.020958958, 0.014269721, -0.031970195, -0.0018389373, 0.014855859, -0.0088749435, -0.017507343, 0.0281903, -0.0062589785, 0.011763013, -0.0152226025, -0.0050755586, 0.011004906, -0.017855847, -0.008373149, -0.010227054, -0.0042126277, -0.015189831, 0.019768523, -0.024113014, 0.0031361785, -0.14744744, -0.0096337525, -0.010093805, -0.02092142, 0.012554914, 0.0015006869, -0.022614164, 0.009753172, 0.022082575, -0.022893019, -0.037264287, -0.01059265, 0.010874909, 0.04700868, 0.013333046, -0.01396777, -0.0114661185, 0.0031163793, 0.018046137, -0.017445654, 0.032032095, -0.00019601392, -0.008094992, 0.0057801567, 0.010320315, 0.0074947975, 0.019041577, 0.0024879167, 0.002314501, -0.014786775, -0.015897406, -0.0035004923, -0.018031616, -0.0214945, -0.0012717453, -0.009181882, 0.015555897, 0.023195894, 0.014707157, 0.011018635, -0.035096355, -0.008283817, 0.030213408, 0.009860438, -0.010432888, 0.0035000863, -0.021980388, -0.023090841, 0.028726175, -0.02216012, -0.005293824, 0.0035016446, 0.009998379, 0.013469079, -0.0049356455, 0.0029982466, 0.0075772363, 0.010003908, 0.027050063, 0.018026762, 0.0009396673, 0.007896013, -0.14096433, -0.0020071068, 0.006895518, 0.006433977, 0.007819116, -0.0012459819, 0.010128589, 0.010868452, 0.0055561797, -0.022684524, -0.019072175, 0.01893214, 0.028282832, -0.039283972, -0.02290625, 0.013647303, -0.010474711, 0.02655518, 0.014607136, -0.04979279, 0.01762426, 0.0143717835, -0.014288699, -0.031799655, -0.018770307, -0.008586912, 0.0066134096, -0.008291049, -0.0031246308, 0.008689396, -0.02312649, 0.020206092, 0.0108248275, 0.007836316, 0.0018422095, 0.013475864, -0.010405605, -0.007899944, 0.00072346255, -0.01002284, -0.0017903184, -0.018798623, 0.019447891, 0.014438956, 0.028539388, 0.011387084, -0.012858311, 0.023741348, 0.0060697133, -0.0062820897, 0.014611372, -0.032026853, -0.0056075826, -0.0017395981, 0.005495824, 0.0016137327, 0.029033586, -0.012256532, 0.017155124, -0.0034830153, 0.031982977, 0.000951978, -0.0029772397, 0.02458426, -0.0069975057, 0.023035988, -0.0039521893, 0.03543965, 0.015878133, 0.009221972, 0.0033692739, 0.0013872015, -0.009589471, 0.024175625, 0.018159484, 0.013719539, -0.01376225, -0.023705771, -0.008247521, -0.033025716, 0.011366331, 0.015431384, -0.022291116, -0.003501311, 0.0018197993, 0.035335824, -0.013539127, -0.020762272, -0.025405096, -0.0021935639, 0.010032282, -0.03461541, 0.0032086326, -0.0064953724, 0.0062514804, -0.0109423, 0.004935396, 0.017995095, -0.025185307, 0.022098184, 0.01181805, 0.02559513, -0.0050726766, 0.013537284, -0.0005513275, 0.0014155763, 0.0020498568, -0.01248932, 0.03032163, -0.0040136287, 0.0074204956, -0.014485286, -0.007947856, -0.005280234, -0.0016953185, 0.012091218, 0.018624194, -0.031203099, 0.029142238, 0.0010081399, -0.04223216, 0.012553611, 0.0061411764, 0.009339782, 0.016188951, -0.0069286795, 0.013865155, -0.028709283, -0.006672128, 0.000704203, 0.025328703, 0.018489128, 0.013282661, 0.0016646305, 0.022689573, 0.008744563, -0.02437475, -0.02016771, 0.025839629, -0.0170602, -0.00101402, -0.007849204, 0.0011423029, -0.012334546, -0.0226385, -0.004182188, -0.008671533, -0.0069037424, -0.0070925937, -0.024035262, -0.0004999568, -0.003902017, 0.02871383, -0.029617231, 0.0036240153, 0.013736471, 0.00520104, -0.0084821675, -0.015986461, -0.0045096963, -0.015664272, -0.08960986, -0.0023600103, -0.023975646, -0.03094987, 0.002509845, 0.008045498, 0.01240037, -0.025000488, 0.01593623, -0.0019339261, 0.009743505, -0.0053821914, -0.009225055, -0.005405793, -0.0026324908, 0.013859974, 0.023949957, -0.011772773, 0.023096872, -0.0465034, -0.0039472976, -0.0052029784, 0.0019968392, 0.016075691, 0.0014012632, -0.014923822, 0.009953572, 0.05538315, -0.010374946, -0.025835305, -0.026590316, -0.023099106, -0.009415714, 0.011627935, 0.00780184, -0.005013504, 0.0128965285, -0.021128135, -0.00031674973, 0.018111473, 0.019539697, 0.008314551, -0.0017177918, 0.01714583, 0.019186271, -0.0060397875, 0.0044645877, -0.031397175, 0.007815782, -0.0028401075, -0.00052613666, -0.011711794, 0.0070506576, -0.0065461555, 0.0122726485, -0.012967179, -0.0038931712, -0.021717839, -0.01744715, -0.0103019485, -0.0016526701, -0.013789404, -0.013657136, 0.015348981, 0.012162827, -0.011994006, -0.008750001, 0.011800689, 0.0022196409, 0.030458553, -0.00061368744, -0.032034382, 0.024646932, -0.0027986043, 0.022925906, 0.016137699, 0.008956664, 0.014451087, -0.017483333, 0.025353849, -0.034715787, 0.014674347, 0.008108661, -0.03878303, 0.021236511, 0.004072878, -0.000114424714, -0.015645161, 0.017986048, -0.024287092, -0.006568333, -0.012548255, -0.01595548, 0.010254431, 0.013290674, -0.032910284, -0.009752741, 0.0031582057, 0.00065576483, -0.0074714804, -0.008410896, 0.0075366134, 0.01104844, 0.012594431, 0.0022258344, -0.0014075987, 0.034523856, 0.021909017, -0.036401175, -0.00648885, 0.01744584, 0.0074958447, 0.0052098385, 0.003082905, -0.009442246, -0.0013985281, -0.03156588, 0.014569883, -0.019490309, -0.021395946, 0.012319055, -0.0033325758, 0.017396687, 0.01324947, -0.0025339625, -0.015207649, 0.00547078, 0.03063323, -0.03312537, 0.0028434154, -0.021838544, -0.016089862, -0.015906043, -0.005887561, 0.017771168, -0.013206319, 0.019026933, 0.008763506, 0.0036071658, -0.026894867, -0.022568986, 0.012608872, -0.0051346775, 0.017793342, -0.004609172, 0.00047306967, -0.013040167, 0.0055811275, 0.015199986, 0.009319836, 0.007356117, -0.03564975, 0.0065956526, -0.00960172, 0.026259923, -0.010923528, -0.027998403, -0.009504081, 0.006596943, 0.010246425, -0.003017564, -0.025876554, 0.0030042871, -0.00907754, 0.0029711307, -0.0021299326, -0.010490273, 0.016633665, -0.009816735, 0.014806421, -0.033115722, -0.015662104, 0.0029687115, -0.010233701, 0.027272029, 0.006505631, -0.0017000658, -0.021550752, -0.014541944, -0.017022612, 0.0031665573, -0.013324622, 0.016217224, 0.028111646, -0.0077888565, -0.0064636604, 0.030811725, 0.021938428, -0.0059427237, 0.025949428, -0.00812717, -0.020096267, 0.010496947, -0.0010334799, 0.008852605, 0.015219673, -0.013979104, 0.009940625, -0.008542785, 0.023979463, -0.0005968602, -0.028083533, 0.049451355, 0.0045185066, 0.015476468, -0.012473548, -0.024885327, 0.001367456, 0.00788173, -0.02026882, 0.019241173, 0.015917832, 0.010468112, 0.006432674, 0.010204762, 0.021200364, -0.019338131, 0.0014923374, -0.010387543, -0.026321914, -0.028144393, -0.021101566, 0.021898478, -0.0034491569, 0.04241252, -0.0030322406, -0.0086621465, -0.0174843, -0.007109026, 0.015631039, -0.01111213, 0.02165244, -0.022565838, -0.0044364184, 0.003838846, 0.011776174, 0.025901658, -0.0025614775, -0.016918423, 0.0011527289, -0.012473005, 0.021120071, 0.008103632, 0.02702837, 0.016595276, 0.00019800314, 0.015409097, 0.028364372, 0.0052825757, 0.012529296, -0.023423346, 0.0036954908, -0.008697715, -0.008424589, -0.019757668, -0.013343834, 0.008999047, -0.021896433, -0.009502161, 0.02103081, -0.00028957613, 0.0045556487, -0.027459117, 0.013303817, -0.010711764, -0.0032707308, 0.012445156, -0.01703616, -0.0051518115, -0.07658245, 0.0019569218, -0.016784068, -0.005936702, -0.009356442, 0.011097134, 0.02990523, 0.0085931085, 0.00070636865, -0.026512407, -0.035579227, -0.018283373, 0.010358713, 0.03007376, 0.010951839, -0.040404007, -0.0011848527, 0.035648774, 0.033032574, -0.022673458, 0.0030546023, 0.018088566, 0.020975662, 0.02691757, 0.0014884991, -0.0034033936, 0.015302389, -0.0053082644, 0.007040461, 0.0039380156, -0.020338152, 0.020656222, 0.014751327, 0.03075395, 0.009988119, 0.009416128, -0.0034317807, -0.0038350804, 0.028154375, -0.005377459, 0.015540342, 0.008464454, 0.0069968724, -0.0014208171, -0.008880738, -0.0026492681, 0.010996442, -0.015766712, 0.016972318, -0.016339047, 0.011819231, 0.010626111, -0.0001349945, -0.0063434592, -0.01328367, -0.048202768, -0.033056647, 0.007601295, 0.007600369, 0.022190018, -0.004063514, 0.004666574, 0.0070551387, 0.033386707, -0.007484339, -0.014110557, -0.0377555, 0.008349934, 0.01600074, -0.007859423, 0.0065513863, 0.00729368, 0.020351516, 0.02109504, 0.021581635, 0.013803509, -0.009154972, 0.026786469, -0.00086636876, 0.012000439, -0.036551807, 0.0075465, -0.11427957, -0.0027421939, -0.0021178257, 0.019375622, 0.006917481, 0.00509877, -0.007281789, -0.014320681, 0.02106275, 0.025348682, -0.0012658916, 0.037066743, -0.012432592, -0.024586555, 0.02102498, 0.014359298, 0.029058069, 0.0066970615, -0.019742932, -0.028210778, 0.033427972, -0.012658465, 0.014111125, 0.013379078, 0.008894604, -0.024643155, -0.009036985, -0.011966839, 0.03330722, 0.0035496638, 0.009841421, -0.11420413, -0.01167939, 0.022479597, 0.009521775, -0.015752088, 0.01029206, 0.012799271, -0.007387273, -0.021663388, -0.0079908855, 0.04101501, -0.0019174838, -0.004577858, -0.0012127539, -0.019351482, 0.12612799, -0.0020931864, -0.011475914, -0.021369653, -0.0050897347, -0.0051869894, -0.009578802, -0.0033200302, -0.023188876, 0.024357123, -0.03086079, 0.01641358, -0.014641755, -0.020051405, 0.027959498, -0.0015223676, 0.041754715, 0.011480015, 0.0093387235, 0.021929776, 0.0031305035, 0.019605106, -0.009809238, 0.009721072, -0.0072036586, -0.0062926784, 0.016212905, -0.018232746, 0.002884674, 0.033222333, -0.008365232, -0.00073342223, -0.007743205, 0.01883049, 0.0052566254, -0.00539513, -0.098078474, 0.02347914, 0.021121921, 0.027922573, 0.027045377, -0.012701728, 0.027925672, 0.0013918775, 0.0051662307, 0.018627571, 0.0027060928, 0.008604942, 0.003740583, -0.016763538, -0.009859052, 0.014693457, -0.003066652, 0.018704241, 0.008713774, 0.015409458, 0.020129582, -0.03914979, -0.008018856, -0.0042271204, 0.029154902, 0.016361207, 0.0064500384, -0.001781316, 0.0014453813, -0.014377844, 0.023853019, 0.010462266, -0.016219646, 0.012079325, 0.007723217, 0.02788374, 0.005028172, -0.029041586, -0.027057206, 0.031680413, -0.0025644368, 0.006529896, -0.0009916613, -0.00063273794, 0.012962452, -0.0015511654, 0.024587816, -0.01763089, 0.008360898, -0.0062840246, 0.0053808615, 0.017886933, -0.030912599, -0.009816476, 0.019874856, -0.0006725109, 0.016411297, 0.021638302, -0.0058604334, 0.012428063, -0.009274853, 0.012512781, -0.004180847, -0.007699458, -0.0059009143, -0.0063236896, -0.0020017908, -0.0062049357, -0.011414495, -0.0047222003, -0.019112995, -0.0022195512, 0.011572646, -0.005512045, -0.012002792, -0.010608928, 0.0053841043, -0.009884526, -0.029860392, 0.0058503025, -0.014385841, -0.004225068, 0.004954809, 0.0029749044, 0.011362155, 0.0047243494, -0.011145809, -0.00032340214, 0.006319917, 0.00055982516, -0.008828369, 0.010074928, -0.0025306249, 0.00727388, -0.0213819, -0.0066714217, -0.012437881, 0.0007735181, 0.0012829491, -0.0037188549, -0.011629349, 0.0043552145, -0.0041507306, -0.0042491276, -0.00061806844, -0.010663169, 0.0014561022, 0.006908434, -0.007196741, 0.010210968, -0.0011823659, 0.013659519, 0.016899731, 0.0025385504, -0.020267276, 0.010119165, -0.016423263, -0.014965601, 0.02483061, 0.016646972, 0.010300284, -0.019183867, 0.0002624829, -0.002335499, 0.0032138645, -0.0020269658, 0.010516532, 0.006799295, 0.0063911607, 0.0021176594, 0.005425101, 0.0047021876, 0.004611646, 0.0013096845, 0.01285888, -0.0066765216, 0.0059688194, 0.0016019113, 0.0011968064, -0.007144843, -0.028905932, 0.01632052, -0.020682331, -0.005364054, 0.011696303, -0.01615175, -0.012648118, -0.0015539797, 3.953469e-05, -0.00074025465, -0.021083428, -0.013056754, -0.0015832875, -0.00033154208, 0.0043188087, 0.005470162, 0.0103881415, -0.00036697206, 0.006981036, 0.0061132866, 0.009561111, 0.0178706, -0.0052703423, 0.0037803142, -0.024201239, -0.008900805, 0.0040597515, 0.0032943436, -0.00550429, -0.02111959, 0.009671533, -0.007352383, -0.008653647, -0.011316623, -0.0069405213, -0.0094503965, 0.0013317382, -0.00034878653, 0.008284349, 0.003151665, 0.017197594, 0.0060909013, -0.0071416916, -0.0023305323, -0.00054132333, 0.0046056723, 0.010397796, 0.009805292, -0.0070479885, -0.0059783394, 0.0058173356, 0.0020364665, 0.008945961, -0.011576055, -0.010925049, -0.00086490926, 0.0015141757, -0.00052925677, -0.009164167, -0.007039759, 0.00013630415, 0.0048410394, 0.0075149857, 0.007092971, -0.015460089, 0.010308823, 0.0076114493, 0.0058182892, -0.018108003, -0.0031583474, -0.00023368477, -0.004367619, -0.0016879878, -0.0075539653, -0.0011176385, 0.0003373231, -6.5974615e-05, -0.008265368, 0.0124691585, -0.00020743738, 0.04248458, -0.001425965, -3.784266e-05, -0.0009354951, 0.0036126915, -0.0030023807, -0.018191777, -0.0013822041, -0.011664117, -0.0095208045, -0.0036289014, -0.008116586, 0.0031883086, -0.0013723059, 0.014112728, -0.009376408, 0.006504402, 0.0062524555, -0.02950794, -0.002996663, -0.0041239588, 0.0070999046, 0.010553712, 0.010421252, 0.0024643138, -0.0052976166, -0.0037812204, 0.004307845, -0.014587033, 0.00568561, -0.002116785, 0.01295652, -0.013982125, 0.011613154, -0.022454746, 0.006660462, -0.0029362938, 0.011292485, 0.005219447, 0.08614535, -0.00905612, -0.0041910927, -0.012050345, -0.0010271539, 0.0071615996, 0.009859349, 0.0075099436, 0.0059992257, -0.0071778945, 0.018284831, 0.00406908, -0.0019477692, -0.0141426185, -0.010846788, -0.001497191, -0.018096691, 0.0032608323, -0.0046414128, 0.0047047106, -0.0010339253, 0.0096137645, -0.014541292, 0.001715684, 0.0065285694, -0.02845667, 0.011236178, 0.0009453492, 0.005013669, 0.005291009, 0.0088342875, 0.008846877, -0.0010230194, 0.0016864114, -0.03268887, 0.0154736955, 0.010274601, 0.03184937, 0.0054352335, -0.0026613825, -0.008383207, -0.011712535, 0.0057114973, -0.0010339618, -0.006942182, 0.013512824, 0.0003016593, -0.0023104989, -0.0031451175, 0.013400972, 0.0032722976, -0.005526024, -0.004071665, -0.0060307733, -0.006255902, -0.020682065, 0.0034176498, 0.009833819, 0.013431654, -0.0033947984, -0.0034406267, 0.010593316, -0.007239242, -0.0021711378, -0.01030244, -0.014320592, -0.0090360055, 0.0003544788, 0.008678972, -0.0003140515, -0.020858169, -0.015387911, -0.014951193, -0.004014695, 0.021961287, 0.015580625, -0.0006622936, -0.001082791, -0.021747315, -0.0052976757, 0.029821333, -0.009294811, 0.004366679, -0.01757484, -0.012600368, -0.0034617009, -0.015549083, -0.013348041, 0.0019841227, 0.0034671568, -0.0046728845, -0.007230786, 0.002273044, -0.00200398, -0.008829489, 0.0027873397, 0.07942704, 0.0036577901, -0.01772431, 0.0029254656, -0.006483166, -0.002829332, 0.004514952, -0.008173326, 0.00713761, -0.009773255, 0.009192981, -0.020129073, -0.012608492, -0.00025785973, 0.006220061, 0.012036948, 0.014572036, -0.00860313, 0.01696678, -0.0052720145, 0.015020186, -0.012456305, -0.0022719188, -0.00071706733, 0.0061524967, -0.008680481, -0.004105754, 0.0116761, -0.007995955, 0.0090580555, 0.014550532, 0.0061022523, -0.0005907184, 0.0018844111, 0.013345457, -0.030080024, 0.004049579, 0.008353844, -0.006478607, 0.008966715, 0.0130679915, 0.019441774, 0.005678002, 0.0011119592, 0.0023978727, -0.014741557, -0.015272224, -0.0007232418, 0.00574372, -0.016527629, 0.0035265582, -0.005510932, -0.011257686, -0.015447728, 0.007823679, -0.006022821, -0.015115472, 0.0013913657, -0.003574378, 0.0019812651, 0.000674399, 0.01627646, -0.0014346582, -0.0062364545, -0.0037785603, 0.0009828084, -0.008102798, 0.0007350059, 0.0005195286, -0.009791167, 0.007669352, 0.0019042728, -0.0048757307, -0.008884902, 0.003168854, -0.0095413895, -0.0023648713, 0.0063070864, -0.009609976, 0.0010360226, -0.013443988, 0.005147474, 0.020634916, 0.019676788, 0.0046329335, 0.012127494, -0.00568423, -0.018185042, -0.003594321, 0.012850741, 0.0017470396, -0.002714221, 0.009807827, -0.031178689, -0.0016148848, -0.003958279, -0.00965895, -0.0038408055, -0.00028262546, 0.012645055, 0.0063547003, 0.011664819, -0.0038176668, -0.0010064538, -0.01164875, -0.0055461773, 0.019289795, -0.010534186, 0.0021753653, -0.0025305392, 0.01681794, 0.0011746776, 0.0026575737, 0.021565864, 0.0025864455, -0.017341282, 0.002747854, -0.007457687, 0.0053684786, -0.007810788, 0.026313966, -0.0019372931, -0.009627315, -0.0022111868, 0.01565858, -0.00885319, -0.027458522, 7.962196e-05, 0.0028329336, 0.018808868, 0.014916815, 0.022449464, -0.00549524, -0.013190682, -0.003257065, -0.012933116, 0.012663997, -6.654648e-05, 0.008990659, 0.0009036599, -0.017484413, 0.003394008, -0.01919818, -0.0079246685, -0.0042878864, 0.017209297, -0.010426089, 0.0019665903, -0.0077129253, -0.018037412, -0.0133125605, 0.010221638, 0.00033156833, -0.0073327827, 0.010554211, -0.0070485002, 0.008455674, -0.0048215026, 0.013584252, 0.009180085, -0.0028527398, -0.06544934, 0.020733805, 0.0010057437, 0.022442404, -0.01258648, -0.0029207254, -0.00057686336, 0.0029533089, -0.017849345, -0.01503386, -0.0036872188, 0.010795227, 0.013601934, 0.009096025, -0.0050131497, -0.007653142, -0.01583173, -0.0059578386, 0.004760696, -0.007451183, -0.0026876668, -0.013077496, -0.009877505, 0.0033825536, 0.005675034, -0.0067566256, -0.009715517, 0.0013276994, -0.0120555395, -0.00026759508, -0.0247676, 0.0027035451, -0.0050034528, 0.0029260896, 0.012058321, 0.0037577683, -0.0004981569, -0.00466769, -0.0023735831, -0.005263381, 0.022730455, 0.0016820709, 0.00037370733, 0.0073765456, -0.00134735, -0.014255985, -0.0037581155, 0.011028547, 0.006415398, 0.010904016, 0.0016319882, -0.0050153276, 0.01200026, 0.012860621, 0.010515859, -0.006604834, 0.014924918, -0.0013372458, 0.00209871, -0.012866785, 0.017986607, -0.0047345385, 0.00859123, -0.011571236, -0.0007727928, -0.0046727154, 0.003277318, 0.008613728, -0.010484242, -0.0056317807, -0.0073909094, 0.008222195, 0.011111913, -0.009556146, 0.009518906, -0.013972745, 0.008014419, 0.0077838916, -0.027809093, 0.017780157, -0.0010562743, -0.018030744, -0.001217696, 0.0065591107, -0.0054247426, -0.0034324809, 0.0035170626, -0.024068728, -0.02963852, 0.002417367, 0.0048122737, -0.0019024599, -0.027781604, -0.0006338765, 0.0061023966, 0.026773859, -0.014580537, -0.01023425, 0.00025293953, -0.007759915, -0.004107638, 0.011497204, 0.015182864, 0.008874844, -0.0065150145, -0.0031121196, -0.00021690947, -0.008147127, 0.0009851246, -0.012900486, -0.00914996, -0.008730993, -0.007064784, 0.0059480597, -0.00636123, 0.007523454, 0.010463577, -0.015401947, 0.0018564506, 0.004958813, -0.010534138, -0.007181525, 0.013224789, -0.0063178786, 0.00936075, -0.00020170421, 0.0069890507, -0.01373646, -0.010186738, -0.016967095, -0.007664385, 0.014000383, 0.010927452, -0.0057154205, 0.011353321, 0.011284505, 0.002121582, -0.013622601, -0.0059221177, 0.009845071, -0.00025291712, -0.016286366, 0.008070247, -0.001076479, 0.018005067, 0.022238292, -0.0006898877, 0.0007943502, 0.014070043, -0.002894837, -0.011042763, 0.0036240602, -0.007610628, -0.016615624, -0.00010770623, -0.00238145, 0.02354554, 0.0009710729, 0.011807442, -0.011759964, -0.0065603503, 0.0101422155, 0.0054552965, -0.007864702, 0.020240424, -0.008104867, -0.012836415, -0.009870057, 0.002010464, -0.008170831, -0.006136494, -0.0007166368, 0.0022911867, 0.020368993, 0.0040518506, -0.0072727385, -0.0022020938, 0.0019080009, 0.003919701, 0.00827356, -0.016819177, -0.010541726, 0.0039845644, -0.0052284803, 0.001957802, -0.006197335, 0.0049342997, 0.01071587, -0.015439462, -0.012026061, 0.007387074, 0.014203316, 0.014265136, 0.0046547684, 0.0148267355, 0.00060471904, 0.008857469, -0.0027456323, 0.0132197235, 0.020029271, -0.019828672, 0.0023220077, 0.013274548, 0.0028680873, -0.00230935, -0.09819843, 0.003709403, 0.014740127, 0.017844524, 0.004948203, 4.5092285e-05, -0.0062791393, -0.004008629, 0.002920108, -0.003380593, 0.008423295, 0.0011350698, -0.011823804, -0.0008277231, -0.0074105384, 0.010178678, 0.013627612, -0.009975942, 0.016897086, 0.011593572, 0.009357146, -0.0013667999, 0.003947721, -0.0013179962, -0.014762353, 0.0062801195, 0.0052258587, -0.004438595, 0.0024688663, 0.016311534, 0.0054280967, 0.016374942, 0.013657071, -0.0020028288, 0.006860645, -0.007027224, 0.010703629, -0.005823327, -0.12418858, 0.014310141, 0.0067001595, 0.004096267, -0.01563343, -0.0065396214, 0.011776709, -0.005961983, 0.010674517, -0.0031488584, -0.007575341, -0.0006769446, -0.0095176725, 0.008162005, 0.0011835332, 0.014650906, -0.005815359, -0.0023725699, -0.002148241, -0.005314141, 0.010196683, 0.0050402666, 0.00636337, 0.011737864, -0.0046367715, -0.001143921, -0.015177889, -0.017391432, 0.0063886647, 0.0030777913, 0.0036313236, 0.013573504, -0.007936171, 0.006081024, -0.0015592608, -0.0083601065, 0.0097821215, -0.015249345, 0.00869974, -0.006732533, 0.016126785, -0.0017225504, 0.0017546137, 0.0013945661, -0.011405012, 0.023765577, -0.0035543733, 0.018605784, 0.0051847654, 0.0059581874, 0.0065227477, 0.021756765, -0.007574264, -0.008982684, 0.001413522, 0.007139041, 0.014275155, 0.0073340707, -0.01778175, 0.0079448605, 0.008068866, 0.0075491816, -0.000117336385, -0.0030250766, -0.002921536, 0.014274447, -0.0045283283, 0.00910586, -0.002726789, 0.01863132, 0.007306586, 0.032620277, -0.00049535686, 0.0035425974, -0.0013891261, -0.012629359, -0.0076551163, -0.0023608054, -0.0004972914, -0.0015820238, -0.02452704, -0.015700227, 0.0013547549, 0.0025447197, 0.0064063543, 0.00674139, -0.00021722309, 0.0061994004, -0.0014816474, -0.04015492, -0.00830511, -0.0065412805, -0.0069369124, 0.011985413, -0.013753232, -0.011375238, -0.0039183656, 0.008353172, -0.0014950752, 0.02096112, -0.0006719883, 0.011163522, -0.007868604, 0.010086134, -0.018962272, -0.00010817827, -0.01719474, -0.015215586, -0.0048380587, -0.021198422, -0.025783814, 0.000562697, 0.009761863, 0.009221584, -0.021786977, 0.0071072774, -0.0125433365, 0.0069737444, -0.010439322, 0.0054207677, 0.007891413, -0.016230088, 0.02889169, -0.0068436973, -0.008987615, 0.003768655, 0.00930283, -0.016586384, -0.024317147, 0.006169267, -0.012091465, -0.0026971097, 0.012423045, -0.021093998, 0.0026751412, -0.012817768, 0.012190976, -0.025532253, -0.015350137, -0.027253851, -0.004058853, 0.010344719, -0.007072076, -0.011047654, 0.018314058, -0.021062186, 0.012440762, -0.031191649, 0.014267703, 0.010233948, 0.002006282, -0.009660998, -0.017657181, -0.0041959467, -0.004270572, -0.0041112765, 0.01466855, -0.038507205, 0.0037783866, -0.02303246, -0.02572676, 0.01231002, 0.014448822, -0.020939859, 0.014440019, 0.017933818, -0.021048596, -0.008549796, 0.02541461, 0.031632755, -0.0004557084, -0.005716487, -0.0004179541, -0.006148924, -0.0063804192, 0.0034062446, 0.0049450765, -0.012516421, -0.003142932, -0.0013425675, 0.0075786416, 0.009430539, 0.0036048654, -0.0047256565, 0.00017391678, 0.0067665274, -0.018118044, 0.0031939684, 0.01949076, 0.023333175, -0.014130547, -0.018415831, -0.0058523826, 0.008406911, -0.0061200135, 0.002519225, -0.022979507, -0.009607527, -0.013370094, 0.02500887, 0.0018442647, -0.007819139, 0.013366135, -0.14687848, -0.013844096, 0.008703504, -0.0195398, -0.019144768, 0.0026364045, 0.0042642374, -0.0051822993, -0.008106202, -0.0064981943, 0.01786096, -0.0017512495, 0.010881283, -0.01975819, -0.0027645605, 0.011385799, -0.013667247, -0.022740232, -0.00051045156, -0.0015163581, -0.022527143, 0.03482724, -0.0076723597, 0.02267313, 0.007843869, -0.0281337, 0.014554066, -0.007930942, -0.021715883, 0.009656937, -0.007550808, 0.003244564, -0.018896258, -0.0038222827, 0.026510026, 0.032652896, -0.035322286, 0.0035152303, -0.0018435601, 0.023226196, -0.014844426, 0.00542871, 0.006540667, 0.007999857, -0.006511703, -0.0023139871, -0.0067342534, -0.0186931, -0.0057811467, 0.0019904985, -0.019789545, 0.0198517, 0.0004828968, -0.0016313727, 0.020757299, -0.0020549502, -0.0042421655, -0.0148797855, -0.0058262134, -0.00449046, -0.0055929576, -0.0022828702, 0.0014015893, 0.013042682, 0.0055391225, 0.004960417, 0.0020127827, 0.14227356, -0.018331992, -0.0062980615, -0.01123212, -0.014582474, 0.01293778, 0.022344982, -0.008737428, 0.0057024383, -0.008313356, 0.025059463, 0.0152858365, 0.017462848, -0.0009807069, -0.010203236, 0.0110075995, -0.016690744, 0.0066552907, 0.0108631, 0.018290248, -0.0025042756, -0.03688385, 0.0005688615, -0.017004486, 0.012877712, -0.01437054, -0.0015167667, 0.015777124, -0.010653857, -0.007389904, 0.0088221375, -0.0049111526, 0.004517867, -0.009283804, -0.0030479585, -0.027657956, -0.016262025, 0.007904154, -0.018031416, 0.015510486, 0.004585483, 0.014586428, -0.0067015793, 0.0033738166, 0.007510443, 0.010975372, 0.018803414, 0.010719267, -0.013306476, 0.017688546, -0.017677674, 0.010359978, -0.014247984, -0.0031441362, -0.018206997, -0.008540097, -0.010024872, 0.005655097, 0.012164924, 0.022743527, -0.0040203887, -0.006653681, -0.0066286945, -0.0050134426, -0.007562475, 0.014357131, 0.009357006, -0.0019904568, -0.0026208197, -0.13205566, 0.015082861, -0.020513544, -0.007482186, 0.024257503, -0.0028610209, 0.00011140838, 0.013538134, 0.017758582, 0.003643662, -0.020587513, -0.0102979615, 0.000523888, 0.0027696309, 0.004569201, 0.009547692, 0.019169671, 0.03540855, 0.020211745, -0.007712524, -0.005966039, 0.010976473, 0.0034136535, 0.005839911, 0.0030396415, 0.01290054, 0.0042404686, 0.007435835, -0.012397936, 0.0029653364, -0.008037218, -0.0020089566, -0.011163273, -0.0020621738, -0.027109476, 0.0052108443, 0.00524969, -0.011489771, 0.005157562, 0.0081653325, 0.011001803, -0.0047289063, 0.004699165, -0.004144612, -0.0012937918, -0.0014446961, -0.010254961, -0.0025318102, 0.0035981159, -0.011469878, 0.0010906913, 0.00022695093, -0.0060300315, 0.0034268652, -0.02493684, -0.0003347402, 0.0009008006, -0.014787226, 0.0041274996, -0.0060602603, 0.0023213755, 0.016337637, 0.017501066, 0.012817702, -0.0032462624, 0.005998748, -0.0021760785, -0.012918503, 0.0020886052, 0.011835937, -0.0064323726, -0.014430159, -0.0023327034, -0.011832933, 0.007681418, -0.02373181, 0.008920768, 0.00089865737, -0.026622297, 0.008228499, -0.026311457, 0.007273092, -0.004726352, -0.01188018, 0.038802665, -0.0035981918, -0.004825372, -0.011703358, 0.00757122, -0.0013843203, -0.0045468328, -0.011493243, 0.004885289, 0.0035425762, 0.009201732, -0.013392436, 0.004733545, -0.006175193, 0.0054554697, -0.015431711, 0.005655491, -0.0023672292, -0.0071525397, -0.019327523, -0.012083537, -0.006176242, 0.010853307, 0.0010627777, 0.026774151, 0.008509216, -0.044588685, 0.0007151896, -0.008230142, 0.016677339, 0.021520238, 0.008991434, 0.017247453, 0.012518304, 0.013991633, -0.0060497797, 0.010492319, 0.0019397328, 0.022683995, -0.0020866652, 0.0001808467, 0.023911336, -0.0012899166, -0.0005324969, 0.0077917324, 0.00035796905, 0.019865718, 0.012919825, 0.0023599248, -0.007764093, 0.02331325, 0.0043271314, 0.010589434, 0.017619481, -0.0022733542, 0.000929199, -0.00479219, 0.0039688046, 0.01967133, 0.01749168, -0.0037468718, -0.02232512, 0.0059655765, 0.025571372, 0.0021727653, -0.024672696, 0.004851657, 0.005543169, -0.011895098, -0.007699245, 0.0076965047, -0.003718784, 0.0022487799, -0.0026275187, 0.023635944, 0.005440042, -0.0063335616, -0.016488988, -0.0012797719, -0.016402971, 0.013979583, 0.008799438, -0.019686507, -0.0064596063, -0.011929618, -0.0036721865, 0.0062578456, -0.026792493, 0.00020283349, -0.010423526, -0.009894747, 0.01268761, 0.003056289, -0.0045930794, -0.008138537, -0.05832106, 0.015156861, 0.006972775, -0.018944034, -0.0029048945, 0.011927294, 0.005212118, 0.011881566, 0.011268575, 0.0055080843, 0.034752116, -0.0041846703, -0.02001908, -0.008341591, 0.005717484, 0.010122203, -0.0054992773, 0.0033276756, 0.0010540701, -3.18375e-05, 0.003928477, 0.0021489235, 0.002251705, 0.00036037565, -0.006160427, -0.016288145, 0.019146653, 0.019201387, -0.0072835884, 0.00070716057, -0.0064992514, -0.0058615254, -0.016561469, -0.026821028, -0.006119535, -0.011317312, 0.008616568, -0.02898339, 0.006485461, -0.061398324, 0.018531483, 0.019669523, -0.06786543, -0.0033545871, -0.007825256, 0.024753211, -0.0013990067, -0.0041329185, 0.0034823061, 0.023050813, 0.006978561, 0.003350843, 0.016376348, -0.009712017, 0.01493944, 0.0015420569, -0.014839083, 0.008247869, 0.0031562853, -0.0021302719, 0.0011127545, 0.013325907, 0.0005961842, -0.007932829, -0.019452017, 0.033696495, 0.012864912, -0.0067254617, 0.0103916805, 0.015032514, -0.0009604748, -0.025421225, 0.0054378416, 0.01564852, -0.019343367, -0.011030387, 0.011446956, -0.008558873, 0.010168296, 0.0056038783, -0.013503983, 0.00522725, -0.0028602497, 0.06236861, -0.002833878, 0.00063760934, 0.014391066, -0.11296225, -0.007887994, 0.006766041, -0.0010087993, -0.0033326147, 0.00885456, 0.032475468, 0.063855834, 0.00027879848, 0.014457114, -0.011005481, -0.007498881, 0.0012003361, -0.038527902, -0.002369206, 0.005005076, -0.011193557, 0.018944083, -0.0035465325, 0.0011322368, -0.010629631, 0.010874501, -0.024030128, 0.0106909955, -0.006078668, -0.03385486, 0.016347988, 0.013837187, 0.0050611617, 0.0067600566, -0.00017341349, -0.006417361, -0.01606081, 0.0067938142, -0.003943549, -0.016175827, 0.020218726, -0.005494388, 0.025652515, 0.0015225601, 0.024251673, -0.021496505, 0.027810093, 0.018538097, -0.003165592, -0.010419893, -0.020057978, 0.0010652964, 0.0049021393, -0.00073979783, 0.00532502, -0.034848176, 0.0028267181, 0.0051848157, -0.00030714762, 0.011234933, 0.012684221, -0.01038761, 0.010216029, 0.011051821, 0.0013678861, 0.0040689823, -0.014017645, 0.0075385366, -0.0012390477, 0.010956019, 0.0031909756, -0.0008871114, -0.01996118, 0.008720722, -0.001235435, -0.0057715364, 0.0077518667, -0.017420275, -0.006701385, 0.011677146, 0.007884041, -0.009112031, -0.034703918, -0.00041685486, 0.014788276, -0.011011542, 0.019662807, 0.008502755, -0.016112162, -0.017061334, -0.007961206, 0.010791594, 0.0062405067, -0.015924508, 0.013001569, -0.008793303, 0.0009636594, -0.007907254, 0.00973358, 0.005919394, 0.022549469, 0.010662961, -0.022864908, 0.01563271, -0.0172948, -0.01046091, 0.0024680847, -0.005982828, -0.008208194, 0.0058426387, 0.008430163, -0.009707729, 0.0051143635, 0.028460551, 0.020920483, 0.014425528, -0.020778114, 0.00066711474, -0.009978742, -0.015049121, -0.02840704, -0.018252831, -0.007463542, -0.012303087, 0.0019714744, 0.012796632, -0.020154221, -0.023180623, -0.012810576, 0.00893134, 0.0059872614, 0.0017783906, -0.025594793, 0.0030487622, 0.010734069, 0.020709036, 0.0032852949, 0.026471606, -0.012621371, -0.0055686473, -0.0083140675, -0.009622226, -0.017094929, 0.011066814, 0.001221513, -0.008353935, 0.0003872745, -0.0067475555, 0.015186659, -0.0005188824, -0.002919035, -0.0028980835, -0.041831393, 0.009509047, -0.02728479, 0.0040030912, 0.023668388, 0.015085217, -0.006498461, 0.0055890004, 0.012687217, 0.012167211, -0.0032772247, 0.013386154, 0.013727823, -0.01259714, -0.01552941, 0.016090387, -0.033431668, 0.005800824, -0.0124112405, -0.015687477, 0.007808318, -0.006005213, -0.0125989765, -0.015559619, 0.026527002, -0.018992936, 0.04549858, -0.012238803, 0.009319211, 0.001854719, -0.0021088424, -0.0007941707, 0.002860213, 0.0032594046, -0.018903403, 0.04219565, 0.017436985, 0.008638812, -0.005276236, -0.017585127, 0.013684642, 0.00339099, -0.013838222, -0.017233755, 0.0030785108, 0.012840687, 0.0056226924, -0.014043196, -0.010330703, 0.0011834172, -0.018583786, 0.007842165, -0.0010542215, 0.0018146953, -0.025798596, -0.03944161, 0.008345761, -0.010082577, -0.0078055747, 0.011368528, -0.019061692, 0.012642838, -0.009626504, -0.008224355, 0.012103778, 0.029782226, -0.018216996, -0.0021237808, 0.022436239, -0.002581564, -0.0073284344, -0.0125046205, 0.00682757, -0.00064204854, 0.01626299, 0.0015960617, -0.0050016027, -0.026627686, 0.005565801, -0.0024265354, 0.010034135, 0.011903133, 0.014368724, -0.0022683055, 0.0069183367, -0.009092499, 0.015630467, 0.0009044998, -0.016721727, 0.016143506, 0.0066645886, 0.0031464219, 0.006350257, 0.025942964, -0.029371949, 0.022018174, -0.025572283, -0.033533406, -0.009988195, 0.00249018, -0.0049041035, -0.00922215, 0.005081964, -0.020096106, 0.011287193, -0.020225568, 0.009760374, 0.019506814, -0.0037012354, 0.006239874, -0.0076914537, -0.0036558986, 0.002074225, 0.014723126, -0.0131309265, 0.028921083, -0.0044187675, 0.01544092, -0.0011472107, -0.00090909144, -0.0024943883, -0.010774737, 0.009244229, 0.0018472603, 0.0030456886, -0.017474297, -0.01628177, 0.0017450788, -0.012677079, 0.01126619, -0.024186667, 0.015536685, -0.009634723, -0.0016670722, -0.0031987494, 0.021595845, -0.0034657323, -0.020620633, 0.002150145, -0.0030290915, -0.0117935985, -0.014612661, 0.006190798, 0.00086960586, -0.0032329413, -0.014132547, -0.0052446267, -0.0046400735, -0.02502681, -0.015834048, -0.010439062, -0.020774957, 0.0076837013, 0.006653161, -0.0062374533, -0.0169985, -0.005286615, -0.0012293649, 0.03730507, 0.011617103, 0.013004537, 0.020108959, 0.0063650217, 0.00034362078, 0.009430462, -0.008628953, -0.029980712, -0.01333229, -0.014375344, 0.008672651, 0.015210288, 0.0004037585, 0.011672585, -0.005391994, 0.018752195, 0.010763747, 0.013995354, 0.008428503, 0.015958568, -0.0014332267, 0.0033038387, 0.009284045, -0.01216473, -0.0091994405, 0.024159806, -0.006061164, 0.002478975, 0.017937217, 0.025268728, -0.015395175, 0.0030228526, 0.0031493753, -0.011878113, 0.018689217, -0.0067335013, -0.0012410423, 0.013360319, 0.015870279, 0.022818895, -0.009430949, 0.010626336, -0.0035612877, 0.012899887, -0.023349313, 0.017234785, 0.017071063, 0.002191039, -0.020344336, -0.0020874022, 0.0063894754, -0.003129959, -0.015459016, -0.0014506906, 0.0061291326, -0.009892203, -0.010528857, 0.0038592524, -0.015416592, -0.0044218423, -0.0047581983, -0.016672788, 0.030480657, 0.010797343, -0.00016823488, -0.008467306, 0.0031769748, -0.0005524164, -0.00044561672, -0.0070788967, -0.004027103, 0.0039514713, -0.021981878, -0.019842485, 0.014829962, -0.00055094383, 0.018524056, -0.019034028, -0.006168602, 0.027219841, -0.010358554, 0.001318151, 0.006172963, 0.0106818015, -0.020463761, 0.00077218504, 0.01885734, -0.0129521135, 0.0020862548, -0.0033030491, -0.0004896087, 0.005872097, 0.021915909, -0.0019612107, -0.00831211, 0.0074448306, -0.0130347395, -0.0039866166, -0.00581496, -0.0016368285, 0.002255809, -0.009590105, -0.017136192, -0.015138781, 0.0047234, -0.023797099, 0.014767846, -0.014586883, 0.0017261958, 0.0015208, 0.025704695, 0.0066845985, -0.010077794, -0.021505289, 0.0040159845, 0.00279976, 0.005027865, -0.013095564, 0.022401167, -0.0010864958, -0.006336484, -0.02086404, 0.017515367, -0.011010617, -0.018954685, -0.008092563, -0.00092722353, 0.0015114878, 0.0104741845, -0.0010740787, 0.004913933, -0.005839742, 0.0064293835, -0.008714924, 0.01168422, -0.0017186608, 0.011211198, 0.033207886, -0.008202301, 0.010628748, 0.015900828, -0.0041851187, 0.0089980345, 0.0021743139, -0.02683107, 0.01392893, -0.009021684, 0.001524773, 0.0007949569, 0.0012218906, -0.00044419573, -0.0030560547, 0.0034554955, -0.0064660367, -0.007918183, 0.027854124, -0.00088741933, -0.030656453, -0.014258007, -0.0026639637, -0.016103422, -0.010018899, -0.008750942, -0.044924557, 0.015915101, -0.024916392, -0.020852374, 0.016350646, -0.01737873, -0.0013125741, 0.009799878, 0.035402454, -0.016836341, 0.015435822, -0.01761278, 0.012376314, -0.010682037, -0.0037312787, 0.016767243, 0.004267907, -0.033426266, 0.0013830522, 0.01625483, 0.017157687, 0.0041097533, 0.0039603, -0.034383997, 0.004354842, 0.02786266, -0.011380683, -0.00038213623, -0.020905256, 0.005230373, 0.01277457, -0.008577541, 0.0043877815, -0.023025176, 0.0014793124, -0.004364997, -0.013535224, 0.0010788101, 0.022802552, -0.0011331573, 0.0116543, -0.016347885, 0.012318863, -0.008622624, 0.01903286, -0.010290569, -0.0039468706, 0.0026719805, -0.037640557, 0.02794126, 0.0012482926, -0.011283744, -0.0181776, -0.009254805, 0.015426117, -0.002734718, 0.010012679, -0.006851361, -0.0064808293, -0.00091241725, 0.014919583, -0.0060277777, -0.028266909, 0.01046667, -0.0027511225, 0.0012935892, -0.0077761575, -0.003950645, 0.025504522, -0.015338837, 0.002022038, -0.0042024264, 0.008418792, -0.006391222, 0.0041700946, 0.019066114, 0.020431738, 0.0021775167, -0.006902551, 0.013606494, 0.0029843764, 0.0064670104, -0.0004490126, 0.001119618, 0.010648221, -0.004049307, -0.0031777024, -0.0003379221, 0.017112045, 0.014545443, -0.019540599, 0.013641171, -0.031446967, 0.031445257, -0.022235842, 0.019769961, -0.002998786, -0.0033717777, -0.009240438, -0.02667769, -0.0064738705, 0.0010553009, 0.017435249, -0.029131902, 0.012481889, -0.013637673, 0.016923664, -0.013294529, 0.019765312, -0.018667331, 0.011840058, -0.013893486, -0.0068172505, -0.0046653943, -0.018935682, 0.0075139636, 0.014931503, 0.011890576, 0.0071608922, 0.0070754555, 0.013482656, -0.016003255, -0.005172523, 0.012728335, 0.006348128, -0.0016841725, -0.016765239, -0.022200814, -0.0033253583, -0.017059237, 0.008093672, -0.0422505, 0.00444365, -0.02134802, -0.0254292, -0.009086303, 0.02769211, 0.007984366, 0.0044871494, 0.014733407, -0.012911236, 0.0254273, 0.010413656, -0.003880801, -0.0015619891, 0.0016311831, 0.008351094, -0.008451952, 0.0017185194, 0.0147818485, 0.011142978, 0.027126342, -0.00021416835, -0.02099843, -0.015865417, -0.0060757464, 0.013398354, -0.016317982, -0.006237972, -0.015464765, 0.006581288, 0.024483208, 0.011111232, -0.00033611478, -0.010309428, 0.016558679, -0.00407516, 0.017725168, 0.011375457, -0.004278216, 0.0035139767, -0.0050859028, 0.016711826, -0.0029821247, -0.012815682, -0.015737535, -0.00446721, 0.014436324, 0.004277131, 0.0017094695, 0.0043982905, -0.008383875, -0.016493015, -0.01116396, -0.00113045, 0.015956763, 0.0025652437, -0.011524382, 0.026451457, 0.0116588175, -4.9610087e-05, 0.0051307576, -0.021502791, 0.0070795673, 0.018293638, 0.0016485063, -0.008827515, -0.000354831, 0.00088207214, -0.015866125, 0.011094698, 0.005922454, 0.011007441, -0.012329504, 0.009706161, 0.0030142085, 0.006589529, 0.010930138, 0.014430076, 0.028264973, 0.005565419, 0.028835382, -0.010880188, -0.00873367, -0.019804345, 0.014248155, 0.16519403, 0.12581614, -0.01241884, 2.114451e-05, -0.003646144, 0.0021663858, -0.011191077, 0.0010572867, 0.01432656, 0.012537388, -0.00970482, -0.0018755217, 0.017435186, -0.019796304, 0.0035192857, -0.025860257, 0.01491003, -0.005693841, 0.008765542, -0.003013081, -0.001998008, 0.02246172, 0.00019397006, 0.009294567, -0.014170024, 0.021454642, -0.0014617593, -0.02288963, 0.0035815649, -0.009481196, -0.009741057, 0.018701522, 0.0071375486, -0.0052515455, -0.0011086053, -0.00638293, -0.005683906, 0.009041685, 0.0046613044, -0.023926558, -0.005249209, 0.0025425449, 0.024049636, -0.004129309, -0.0048799, -0.0094800005, 0.0010377766, 0.0032500287, -0.016469173, 0.006679599, -0.011063142, 0.006631535, 0.014550009, 0.00094944745, 0.006065368, -0.0062716403, -0.0075602126, -0.000313131, 0.0009536561, 0.024417667, 0.017987303, -0.005280151, 0.004534321, -0.013016425, -0.008389529, 0.02435052, 0.0046359072, -0.0011387201, 0.011904409, 0.0062120534, -0.0017340021, 0.016400762, 0.010893588, -0.009415003, 0.0073042368, 0.008092774, 0.0019308178, -0.018040687, 0.003478574, -0.00081933604, 0.008041381, 0.020386007, 0.011022933, 0.002750203, 0.00041481116, -0.0027435212, -0.0013568663, 0.027477488, 0.13351996, -0.021950217, -0.0043352623, 0.008453846, -0.0054380554, 0.0064559174, 0.006128176, 0.062278893, 0.022742046, -0.0059775705, 0.00040682752, 0.0065113213, 0.0012791932, -0.026104553, 0.023266114, -0.008618914, 0.01648125, 0.06783971, 0.0068695126, 0.001252607, -0.044398792, 0.002360491, 0.00019874504, 0.0037543103, 0.023896962, -0.026023969, 0.005256255, -0.020688815, -0.008115704, 0.010500853, -0.099257745, 0.016422236, -0.0067471447, 0.018597957, -0.00438113, 0.003140143, -0.020897258, 0.0043467153, 0.01613049, 0.007921326, -0.010205226, 0.012819304, -0.006242697, -0.0077977893, -0.019672738, -0.011321592, -6.6633285e-05, -0.009824681, -0.0049602, 0.0024433457, 0.0075562596, 0.0031604862, -0.015092401, 0.028418338, -0.015959356, -0.0005196543, -0.007013279, 0.000987314, 0.010001116, -0.010715287, -0.0016734949, 0.013912676, -0.031766932, 0.032219805, 0.009640828, -0.0014180717, 0.020590497, 0.007050779, -0.0011523443, 0.004102784, 0.021396263, -0.0038804295, -0.012876021, -0.031534716, 0.005718242, -0.020488162, 0.020131923, -0.0042364183, -0.0014957364, -0.0051405486, 0.017552555, -0.01300827, 0.0016493773, 0.02680569, -0.018942077, 0.008308127, 0.0031268084, 0.026439153, -0.022430265, -0.0043809223, 0.010352877, 0.02131247, 0.0078056706, 0.015694031, -0.015574703, -0.010370569, -0.007572511, -0.021292843, -0.017670209, -0.018608628, -0.0009855476, 0.004660431, 0.014746598, 0.02121189, -0.007826355, -0.01929329, -0.030206693, 0.009652449, -0.0041809594, 0.008215452, 0.015573867, -0.0018022535, -0.007869664, 0.10969293, 0.022877602, 0.009501241, -0.00077950826, 0.021863373, 0.0021512252, -0.029492015, -0.0021677269, -0.027271392, 0.00071200664, -0.013674823, 0.021973439, -0.027971951, 0.010262334, -0.0055477954, -0.005385729, -0.011843185, 0.018967547, -0.0057620546, -0.007732139, -0.019444492, -0.0063320063, 0.015437607, -0.015058897, -0.0033477815, -0.0021138364, -0.020339517, 0.0020046243, -0.0063268384, -0.02392554, -0.0042779725, -0.021857254, -0.016802372, 0.0058960826, -0.018881215, 0.00051872025, 0.02137965, 0.005573388, -0.0036852427, -0.012006944, -0.0196857, 0.0011651084, -0.012491395, 0.017225618, -0.026233062, 0.19458474, 0.019976813, -0.012279494, 0.019817265, 0.002771961, -0.012892554, 0.013382951, -0.00040583772, 0.013405328, 0.017125256, 0.0051267412, 0.024676677, -0.0058369394, 0.0036003022, -0.0039985576, -0.013917667, 0.012454479, 0.014305457, 0.0051775672, 0.00063142704, 0.015052603, -0.031693857, -0.033737812, 0.012016903, 0.0037675442, -0.015959704, 0.0063970564, 0.016314104, -0.011049476, -0.005200085, 0.0086045405, 0.016922366, -0.01858407, -0.03932372, 0.009711234, 0.0016687468, -0.016472219, 0.0050369143, -0.0060672616, -0.013045426, -0.0069427746, 0.009157954, -0.030457815, -0.010291894, -0.0061810394, -0.019614523, -0.0018272463, 0.025845101, 0.010876594, -0.013584185, 0.01784499, 0.011815744, 0.021625713, -0.006475666, 0.0028832648, -0.01168736, -0.022054913, -0.019310668, -0.0056926734, 0.019490613, -0.0030095815, 0.031356588, -0.013395759, -0.0031473134, -0.015360297, -0.0060341693, -0.02501738]"
Nietzsche ya es patrimonio de la humanidad,https://oem.com.mx/elsoldemexico/img/25403249/1756179503/BASE_LANDSCAPE/1200/image.webp,no especificado,El autor de Asi hablo Zaratustra recibe este reconocimiento tras mas de un siglo de generar controversias como pocas figuras en la historia del pensamiento,https://oem.com.mx/elsoldemexico/cultura/nietzsche-ya-es-patrimonio-de-la-humanidad-25403242,"[0.03077773, 0.015479596, 0.033704992, -0.060689732, 0.019335868, 0.03077125, -0.0074067134, -0.01644197, 0.024757013, 0.001564522, 0.012962757, -0.016346348, -0.017321542, -0.012026109, 0.13275135, 0.033516586, 0.0014451959, -0.00010836737, 0.008275161, 0.00117786, -0.004639096, -0.0071060206, -0.011502961, -0.041135274, 0.017717456, -0.009572801, -0.0045165215, -0.003818526, -0.009303594, 0.005636103, -0.008520018, 0.007848867, 0.01285317, 0.010625426, 0.028695323, 0.012611034, 0.016528886, -0.01281147, 0.008522172, 0.02502068, -0.011519606, 0.020954043, -0.00026049747, -0.006238543, 0.00715778, 0.0154188145, -0.004268898, -0.027538382, -0.008508982, -0.017682256, 0.007892269, -0.0013507304, -0.011467364, -0.1671427, 0.008531805, 0.004684215, -0.014746591, 0.03274521, 0.0017474068, 0.0149360895, -0.033427965, 0.043254685, -0.0015812701, -0.02103532, -0.008996718, 0.00972073, 0.013663532, 0.040888436, 0.0005544006, 0.00040372714, -0.00031598646, -0.010956915, -0.011849526, -0.009673736, 0.014621946, -0.0037069113, 7.7181205e-05, 0.0047616307, 0.015260262, 0.007650387, -0.013850186, 0.011911598, 0.009893976, -0.037977092, 0.016983898, 0.0025555429, 0.026290745, -0.01856222, 0.011499298, 0.0147418715, -0.022734147, 0.020667907, -0.0018395615, -0.0014597338, 0.014414993, -0.005429491, 0.009993209, -0.010670039, 0.0038312604, 0.019439796, -0.020284558, -0.005177457, -0.0017762886, -0.006167708, 0.006280315, -0.00844927, 0.030735483, 0.01538612, 0.0026900372, -0.034883298, 0.014055247, 0.002520977, -0.040910296, -0.0064232172, 0.013598174, -0.11614817, -0.01925279, -0.0049712327, 0.014537834, 0.024879022, 0.016943198, 0.009672288, 0.0024332146, 0.023137556, -0.01545962, -0.03492823, -0.0011282648, 0.018042749, 0.008238225, -0.008851426, -0.006239894, 0.022290941, -0.0018925364, -0.0035206156, -0.007861255, 0.012714966, 0.018295512, 0.010976312, 0.02088737, 0.009797392, -0.003885147, -0.0023666534, 0.00839342, -0.00038577765, -0.003982791, -0.0028311613, -0.0203947, 0.033818986, 0.0022568258, -0.005315962, 0.008219375, -0.009742274, -0.0024697448, 0.017081331, 0.0066070883, -0.019387042, 0.00570342, 0.0008574638, 0.036244307, 0.0054269354, -0.013552938, -0.0071531264, -0.0060997275, 0.015201909, 0.013846815, 0.0044981753, 0.005553288, -0.0037873213, 0.0012402207, 0.023401465, 0.0038234624, 0.011660124, -0.0024894949, 0.026707245, -0.016509766, 0.0165132, 0.013362433, 0.009911982, 0.002677636, 0.0025532825, 0.012512096, 0.0032697627, 0.014862337, 0.0070370235, 0.006591384, -0.012902625, -0.021020254, 0.018659465, 0.0053028036, 0.026624585, -0.026960956, 0.015188663, 0.012629859, -0.02219099, -0.01673033, -0.0015821789, 0.0071474197, -0.01233928, 0.021486005, 0.045844514, 0.010243845, 0.012053819, 0.015033085, 0.0061042784, 0.0028450284, -0.012078289, 0.007082629, -0.017674347, -0.021217374, 0.015305091, 0.0046281274, 0.011254946, 0.0050920364, -0.031474978, 0.016447412, -0.032342117, -0.007686966, -0.045377877, -0.0022899027, 0.013689786, -0.018770067, -0.030538447, -0.019170815, 0.016806956, -0.021048216, 0.00349097, 0.0054741804, -0.014509684, 0.00995503, -0.00047918633, -0.008001482, 0.022555843, 0.0031265607, 0.0068737674, 0.0029542733, -0.017039675, 0.005881794, -0.04652373, 0.014361869, 0.029869422, -0.012293702, -0.013498875, -0.0065971776, -4.345553e-05, 0.012180144, 0.010926386, -0.007228215, 0.014199551, 0.014259168, 0.0140203275, 0.0035860005, 0.017201874, 0.006776988, 0.0062456285, 0.003084545, 0.026997648, -0.007210252, 0.026512634, 0.020829681, -0.030409526, 0.023087492, -0.0014204183, -0.005016353, -0.0020690584, 0.009004143, 0.017214824, -0.003147952, 0.02552093, 0.00049378816, 0.002539501, -0.017895665, 0.029980503, -0.016926922, 0.0031709601, 0.0044162185, -0.035109982, -0.082821645, 0.014097415, -0.00051309576, 0.00043019, 0.0021305892, 0.009844638, -0.02315228, 0.006340829, 0.006481663, -0.00033336715, -0.0077844085, -0.0071473327, 0.0032436175, 0.019122144, 0.015723206, 0.015880082, 0.0059913564, -9.969777e-05, 0.012326576, -0.0032948027, -0.013945937, 0.027115779, -0.023254128, 0.010907131, 0.0056062015, 0.009133216, 0.034315586, 0.05130082, -0.007451012, -0.035892505, -0.0186729, -0.0034900203, -0.012231046, 0.0056233807, 0.02541571, -0.014147226, -0.022011995, -0.0104660345, 0.01755073, 0.002399352, 0.004318962, -0.016353803, -0.023375023, 0.007930533, -0.003729767, -0.025775716, 0.0060672523, -0.02090385, 0.014204548, -0.010727198, 0.015361903, 0.011198723, -0.024365973, -0.01603762, -0.0027725098, 0.017497746, -0.013384673, 0.0102383485, -0.030608453, -0.015511699, 0.0013739105, -0.017230622, -0.00040223412, 0.02019066, -0.02739324, 0.011289837, 0.0036235207, 0.005957931, -0.008757893, 0.027967066, -0.012113173, -0.015629595, 0.0074144867, 0.0068296953, -0.0032667688, -0.009119891, 0.028777981, -0.014222541, -0.021915484, 0.016475163, -0.02813209, 0.0276515, -0.03382653, 0.0043525263, 0.036416467, -0.012880634, -0.031749737, -0.013098975, 0.04790044, -0.028131526, 0.01870057, 0.002733991, 0.0025292353, -0.029745873, -0.016152032, -0.017807866, -0.0033064962, -0.018041333, 0.015232151, -0.0016978722, 0.0031699298, -6.824539e-05, 0.0027180803, 0.004027613, -0.018968571, -0.008973194, 0.0041783457, 0.022686072, 0.008517769, 0.003803478, -0.007396456, -0.036652353, 0.018083947, -0.009430318, 0.023362517, -0.01772779, -0.013493903, 0.026964907, -0.014896326, 0.0089430995, 0.0037313201, 0.010637551, 0.022332573, 0.0049903607, 0.011369342, -0.019865658, -0.024517301, 0.027790567, 0.026080983, 0.031897217, -0.003704546, -0.0070469934, 0.001454706, -0.010945031, -0.015406857, 0.008027839, 0.03137809, 0.026465494, 0.01031173, -0.02721296, -0.0041373796, 0.028515562, 1.683415e-05, -0.014197559, 0.0057128635, 0.011749574, 0.0041462327, -0.03544619, -0.0037872032, -0.01610722, 0.0011438986, -0.008290887, 0.014519084, -0.00027695115, -0.010488163, -0.016424412, -0.035827443, -0.044932198, -0.004613993, -0.0031848378, -0.011553607, 0.010697264, 0.0011821548, 0.0023756525, 0.03420015, -0.030950736, -0.011426449, 0.032841176, 0.035397638, -0.0162523, -0.0026059228, -0.014537188, -0.00945972, -0.016134087, 0.023741478, 0.012907773, 0.0104763955, -0.020245504, 0.021385755, -0.019381277, -0.001486353, 0.004046225, 0.0002609902, 0.008921389, -0.017695166, -0.024578972, 0.01883653, -0.020802233, -0.0036673257, 0.0020195537, -0.0003819184, -0.018804152, 0.011615625, 0.026348792, -0.019371968, -0.023583556, 0.0049297772, 0.021431753, -0.018913312, 0.004249878, -0.01625849, -0.003081816, 0.018653447, -0.013249314, -0.008610987, -0.029654281, -0.016043395, -0.032678574, -0.018720463, 0.010600262, 0.01553765, 0.005509191, 0.023121828, 0.014923323, 0.007402775, 0.021797648, -0.010257409, -0.015308994, 0.0044895834, -0.020837953, -0.032151807, -0.004102762, -0.0016602057, 0.0080440715, 0.013528307, -0.014864616, 0.010870514, 0.017229449, -0.018338041, -0.0052003847, 0.0061488883, 0.033482227, 0.02641276, 0.01082185, -0.018927712, 0.0004352828, -0.018323194, 0.025943313, -0.009746265, 0.017897677, 0.00037756492, -0.0042755464, -0.006069832, -0.004380836, -0.029120564, 0.0055667865, -0.013298945, 0.018445536, 0.002545755, 0.027744008, -0.018158294, -0.04729547, -0.035627473, 0.0001032041, -0.01772738, -0.0075127394, -0.025785461, -0.030173281, 0.010044091, 0.016380092, -0.0039389883, 0.0088969115, 0.006745305, -0.00804422, 0.010176644, -0.010314247, -0.009210887, -0.0017123681, -0.0039488273, -0.08571149, -0.0026421174, -0.0026605378, 0.013604369, -0.02065331, 0.0005113726, 0.02032575, 0.029465564, 0.006159426, -0.01070103, -0.012609243, -0.017942829, 0.004273448, -0.0048675253, -0.031222163, 0.0012158637, 0.0062075807, -0.0022649649, 0.011729887, -0.016264077, -0.0016188533, 0.03218494, 0.009413206, -0.013210051, -0.0019881749, -0.0050582364, 0.014946707, -0.016531335, -0.0032446305, 0.0071906294, -0.01770128, 0.001187002, 0.01812088, 0.05837277, 0.01569313, 0.03476647, 0.006141802, -0.0075701308, 0.018993469, -0.0083983615, 0.029049786, 0.023377666, 0.0081730215, -0.021564446, -0.0035654334, 0.019354803, -0.0054104887, 0.03591079, 0.017126571, -0.0113205165, 0.013167581, 0.015929548, 0.0095934095, 0.0069195786, -0.00032588633, -0.020491973, -0.0048573986, 0.0056681726, 0.012390052, -0.019586636, -0.002654923, -0.0069769, 0.008349487, 0.022215933, -0.011907576, 0.01042795, 0.0036560649, 1.1516136e-05, -0.0023868864, 0.007266865, 0.021418592, 0.027402367, -0.004142847, 0.018109608, 0.02245106, 0.004937734, -0.022741878, -0.013640693, 0.044990968, 0.018787663, 0.00061786274, -0.006006197, -0.11489545, 0.023206692, -0.0037772208, 0.00044816558, -0.011879323, 0.026637536, -0.02305596, 0.018478317, -0.0154227475, 0.014325087, 0.01059687, 0.012659616, -0.0040487414, -0.008709974, 0.007669056, -0.0077455924, 0.04824351, -0.009191324, -0.004319779, -0.014137108, -0.004939444, -0.022575757, 0.017812002, -0.024044335, -0.015111484, 0.0055950717, -0.019027667, 0.0039217384, 0.04699048, -0.033411074, 0.0038642387, -0.12336892, 0.007881012, 0.032162838, 0.020556364, 0.024809582, 0.03070925, 0.025544893, -0.0035246753, 0.0010354768, -0.022828797, 0.022232046, 0.021560268, -0.013142166, 0.0057238974, 0.038346387, 0.096150905, 0.0067883395, 0.009433, -0.007681135, -0.002186378, 0.023110125, -0.0067309653, 0.01174051, -0.007253181, -0.0054635745, 0.02773462, 0.014451431, 9.2003844e-05, -0.049907, 0.003819815, 0.02156989, -0.0148012405, 0.010549409, 0.030693252, -0.012142166, 0.0030459694, 0.016803613, -0.0020013303, -0.015682872, -0.003803231, -0.009393913, 0.0029486099, -0.012559051, -0.002653682, 0.039038826, -0.028151, 0.0020290355, -0.02911787, -0.01618134, 0.0028474925, -0.019553136, -0.08825377, 0.025064187, 0.011776804, 0.030852504, 0.023584917, -0.0041647563, -0.0007137306, 0.013591634, 0.0063084224, 0.017876528, -0.017327571, 0.004976489, 0.015155395, -0.014270238, 0.030183015, 0.001593691, -0.026859634, -0.037754375, 0.010012494, 0.008181467, 0.043162126, -0.031351406, -0.016507888, -0.025112953, -0.021999866, -0.00329941, 0.023249282, 0.0069009014, 0.013994354, -0.02097596, 0.01222643, 0.0011949936, -0.016846204, 0.028474562, -0.01017868, 0.0017472095, 0.025057707, -0.007146257, -0.012293372, -0.004599047, 0.014311627, -0.003248444, -0.015076331, 0.05331436, -0.0055197547, 0.016332528, 0.021043422, 0.0074748183, 0.017240204, 0.0011435562, 0.00745526, 0.0021953234, -0.004182333, -0.003608005, 0.008544709, 0.0027027617, -0.0012151632, 0.016500086, 0.001318737, 0.012174542, 0.00972861, -0.010854434, 0.011455677, -0.009227139, 0.012026978, -0.004266778, 0.008653241, -0.0090039745, -0.0152306305, -0.009814665, 0.004525602, 0.009368224, -0.0046521076, 0.004322744, 0.0008828779, -0.007509745, 0.003153333, -0.0017395578, -0.06331564, -0.0025470294, 0.019194582, 0.0073587843, -0.003175848, 0.008009213, 0.010469239, -0.0040588817, 0.016449284, -0.017787075, -0.03432117, 0.009126621, -0.01926052, -0.0053020916, 0.010293218, -0.006863688, -0.011654382, -0.0020612625, -0.0040991954, -0.003520606, -0.0014695266, -0.011013028, -0.024520224, 0.0115055265, 0.009276563, -0.004425962, -0.013409223, 0.00062371214, -0.005473473, -0.009724476, 0.0112377545, -0.0007968223, -0.010504826, 0.0026888307, 0.017283045, 0.005518587, 0.0058754995, 0.003396897, -0.007404558, 0.0066361153, 0.02819925, 0.00932102, 0.024615403, 0.019396724, 0.0015357891, -0.015025928, -0.0033789477, -0.010756337, 0.024070296, -0.010294082, 0.013164585, 0.011391698, 0.014092923, -0.0055620056, -0.0055483496, 0.010565934, 0.022309462, -0.014315601, 0.0041679763, -0.0019951868, -0.004309382, -0.00217186, -0.010728562, 0.018019926, -0.017837392, 0.015878754, -0.003357224, 0.01659581, -0.007857745, -0.022224821, 0.01785292, 0.002639991, 0.0060859774, 0.002497445, 0.005180185, 0.0058372435, 0.0065635587, 0.005948256, 0.017741213, 0.0027341612, -0.0015719074, 0.022847362, 0.004199399, 0.015474444, -0.0034917868, 0.001864299, -0.009241187, -0.01906188, -0.005320274, 0.015703427, -0.0044688643, -0.01418406, -0.01607594, 0.009955158, 0.0014170372, -0.006479865, -0.009968233, 0.0034194244, -0.010443977, 0.004672695, 0.009297361, 0.0058843577, -0.003921982, -0.004544771, -7.337588e-05, -0.006130486, -0.000950222, 0.0006213202, 0.005841524, -0.00050753675, -0.0013291679, -0.0026343337, -0.016583957, 0.0044618775, 0.016116371, -0.0031437539, 0.011877393, -0.00077823095, -0.01394914, -0.0047894437, -0.0014614884, 0.0022036643, 0.0027690665, -0.0058089974, 0.0009466575, 0.0027021382, -0.010465537, -0.0041013076, 0.016664661, -0.00953945, -0.025482308, 0.0005372758, -0.006842528, 0.006415537, 0.00041457135, -0.00395048, -0.007831984, -0.004818916, -0.010427237, 0.008333775, 0.0077735535, -0.0017184012, -0.010596539, 0.016552964, 0.009303309, 0.0028485125, -0.0017679662, -0.006090733, 0.004183646, 0.005037832, -0.025517656, -0.0070183794, 0.010773238, -0.012503268, 0.011932888, -0.0055803587, 0.0074786176, 0.016412122, 0.003666539, 0.010766211, -0.03148653, -0.012260055, 0.011225164, -0.001063267, 0.006186036, 0.0032231272, 0.023348926, 0.0064933836, -0.0009396103, -0.0080769025, -0.0056766635, 0.0066287215, 0.016440198, -0.0050673485, -0.013743183, 0.01140565, -0.012170872, -0.010597212, -0.0062499247, 0.010265312, -0.00030750784, 0.094084784, 0.0044340356, 0.024868235, 0.0034182763, -0.001836145, 0.0049598874, -0.013793037, -0.009434571, 0.008715513, 0.015058097, 0.0044332366, 0.0036191714, -0.016829606, -0.0035211917, 0.0003510727, 0.013154675, -0.004363248, -0.002701155, 0.002221168, -0.01021529, -0.002229765, -0.0028782699, 0.0010509928, -0.014694197, 0.009457821, -0.007340903, -0.006734569, -0.016036894, 0.012341108, 0.0032796024, -0.010277816, 0.009410206, -0.0054529607, 0.00716853, -0.016006157, -0.010550768, 0.0008727343, 0.024125254, -0.0010828776, 0.008416394, -0.0006349488, -0.022869503, 0.011855039, -0.00982042, 0.00019619935, -0.004381484, 0.011178777, 0.0017418334, -0.0002931891, -0.0013728191, -0.0020213746, -0.030039575, -0.0023450663, -0.0021838555, -0.013986564, -0.029195402, 0.008816749, 0.0049908427, 0.011901906, -0.00013478418, 0.01773484, -0.012149774, 0.0072883586, 0.0001303797, 0.0062394016, 0.0011882501, -0.006198791, -0.0042897053, -0.00766403, -0.016661007, -0.006165356, -0.009151791, 0.010399784, 0.008683031, 0.03079, -0.004332996, 0.0075217844, -0.025457324, 0.00059137656, -0.014201296, 0.013658323, -0.00081644714, -0.026049025, 0.0017549818, 0.014550045, -0.013488892, -0.0042690146, 0.0049883453, 0.019206977, 0.0014373624, 0.002196253, -0.0054268385, -0.0011933475, 0.013323935, -0.003052616, 0.021594826, 0.06618678, 0.0220424, -0.009760648, -0.008127071, 0.016095864, -0.006288354, 0.030578578, 0.010142997, -0.00024961456, 0.016422786, 0.026285417, 0.00041445252, 0.008264629, -0.0135889035, 0.0044445107, 0.0047617094, 0.00050981005, -0.026021624, 0.009513379, 0.00453876, -0.013328622, 0.003211975, 0.007455491, -0.014198834, 0.0046398574, -0.006994874, 0.020731488, -0.005685897, 0.008370705, -0.006282113, 0.006792607, 0.0039876765, 0.006001187, 0.013041106, 0.008323846, -0.006539799, -0.017167883, -0.010270455, 0.016659597, 0.0051625366, -0.0073653585, -0.010035371, 0.011796816, 0.0066270134, 0.0026078508, -0.004192224, 0.0030883434, 0.015018006, 0.025509475, 0.010174758, 0.003291638, 0.0039227544, 0.0055181114, 0.010456209, 0.008342399, -0.016985925, 0.00602738, -0.009395086, -0.0108438, 0.007856113, 0.015409556, 0.007010008, 0.010681992, -0.002450188, -0.003341155, -0.007956506, 0.0011498115, -0.0005342878, -0.013275713, 0.005668496, 0.011226314, 0.002400727, 0.0027528934, 0.0073850974, -0.016036501, -0.007100619, 0.010229727, -0.004022095, 0.003553947, -0.013162954, -0.005247121, -0.017741777, 0.010334226, 0.002859142, 0.009954478, 0.002109768, -0.026073819, -0.00089305826, -0.016429272, -0.0043744436, -0.011690446, 0.0018337085, -0.0024812429, -0.037906393, 2.8129316e-05, -0.016250607, 0.0054475586, -0.020265577, 0.010108616, -0.00550704, -0.008100668, 0.010908247, 0.0062479647, -0.0026037202, -0.014472644, 0.010268606, 0.014732531, 0.0001553289, -0.0012007913, -0.015152264, 0.007553116, 0.006318757, -0.0074873716, 0.015024042, 0.002483262, -0.015321818, 0.000790959, 0.013228443, 0.0066415253, 0.018592319, 0.0046968246, -0.001455771, 0.008869746, -0.014321402, 0.011471363, 0.01629774, -0.0057877763, 0.0013993515, 0.01350748, -0.019643823, -0.0023216156, 0.003260537, -0.0050349585, -0.0046272087, -0.008674458, -0.0034876969, -0.02356477, 0.007484756, 0.014167292, -0.0035393701, -0.011790872, 0.0072735697, 0.0061295824, -0.016408442, 0.009356553, -0.00903059, -0.012724237, -0.0026530358, -4.215717e-05, -0.015664615, -0.015444823, 0.013748689, -0.0043763905, -0.004236646, -0.013694888, 0.0037824907, 0.008197268, -0.0013469065, -0.010205752, -0.023489479, -0.016956465, -0.03659325, 0.018314818, 0.007381474, 0.031759463, 0.021087427, -0.006375832, -0.008978611, -0.008182681, -0.00044076965, 0.0072623584, -0.011989424, 0.0047514546, 0.008149695, -0.0133138895, -0.0038023018, -0.0023164176, -0.01234206, -0.0028211854, 0.011131875, 0.0022593755, -0.0053805625, -0.003696973, -0.00711542, 0.0062645297, 0.0023109505, 0.0111011, -0.008737995, -0.009023808, -0.01189448, -0.0071717426, -0.008482377, 0.0022997144, 0.006893196, 0.00067570334, 0.01435816, -0.009334045, 0.008952677, -0.0077321297, 0.0094762435, 0.001545324, -0.0047174394, -0.011143301, -0.007652417, -0.010974653, 0.006096519, -0.021589313, 0.007218198, 0.019539503, -0.012920307, -0.019387783, 0.01799787, -0.0012002832, -0.019065058, 0.009202995, -0.0009209669, -0.019422024, 0.008907328, -0.012379785, -0.012974781, -0.007100886, 0.010650365, 0.00844577, 0.0065717865, -0.012428135, -0.0024647913, -0.003978256, -0.014671723, -0.0014646075, -0.0037412848, -0.0075448933, -0.017762631, -0.00036900563, 0.009255711, -0.009555828, -0.014906317, -0.0076920893, -0.010092632, 0.009993992, -7.056655e-05, -0.009889452, -0.017463977, 0.0069851032, 0.024162157, 0.00047342392, 0.006083045, 0.0015432818, 0.0069698635, -0.015013811, -0.03209302, 0.01174642, 0.017272143, -0.016873078, 0.00062057876, 0.0026421172, -0.028921157, 0.0036085958, -0.012293215, 0.0022567434, 0.012774507, 0.0056671835, -0.014481387, 0.0016209937, 0.018632423, 0.0016922547, -0.0011050093, -0.0013914513, -0.014083821, 0.019157818, -0.004856604, -0.008587908, -0.012468456, 0.0131837195, -0.014986936, 0.027115362, -0.002403416, 0.0039533833, -0.014040494, -0.02677512, 0.019125842, 0.01902076, -0.010821822, -0.0015397184, -0.012481581, -0.0030736339, 0.0019715424, 0.010816497, -0.013081296, -0.0021101546, 0.0028713, -0.009721366, -0.010828163, 0.008761845, 0.02466731, 0.0027116116, -0.008559765, 0.0048358524, 0.020202281, 0.0038306708, -0.008405879, 0.011016287, 0.00966018, 0.0027499248, 0.0081538055, -0.0040748054, 0.015667899, 0.012613858, 0.0015022173, 0.0075410013, 0.017361643, -0.016286856, -0.005213122, -0.0026446113, 0.001194052, 0.0059057754, -0.0065397536, -0.00063190574, 0.00418977, -0.0021108321, -0.0050617186, 0.0019319732, 0.018144729, 0.0065629315, 0.008597719, 0.0044497615, 0.0022011525, -0.005662005, -0.00650724, 0.0014045597, 0.0061037974, -0.017146768, -0.0053313347, 0.003949977, -0.0030644026, 0.0147458315, 0.0031823278, -0.012065891, 0.0053565516, 0.003963869, 0.0024901705, 0.008643777, -0.02053244, -0.008844114, 0.0005975385, 0.00076064654, 0.01043992, -0.005285371, 0.004295246, 0.0011145097, 0.014514578, -0.008445323, -0.0081539545, 0.0027158663, -0.0010510925, -0.0051306537, 0.0015958508, 0.018080968, 0.014663239, -0.019089669, 0.003131805, 0.018743414, 0.0028480787, 0.004079731, -0.002227872, -0.016661162, -0.005886949, -0.08796333, 0.012742635, 0.004197628, 0.021367162, 0.00087284035, -0.012429984, 0.0040692803, -0.008681794, -0.00077577634, 0.016019715, -0.0147128515, -0.0038921, 0.012577337, 0.005639419, -0.0040602493, 0.0027761192, -0.014113816, -0.0042462475, 0.008454388, -0.0024476412, -0.005627724, -0.0023783564, 0.012440758, 0.002323032, -0.0145360045, -0.0072783288, 0.0023116646, 0.005601542, 0.0069383597, -0.0021108608, 0.0051569543, 0.0031231332, -0.0061797155, -0.00037472838, 0.018928641, -0.020604486, 0.0048904056, -0.011122841, -0.124203354, 0.012946554, 0.006114767, -0.012875593, -0.0031145497, 0.0042549726, 0.009431763, 0.006604715, 0.0010964115, -0.005420667, 0.003935591, 0.0025754422, -0.010857722, -0.010891755, 0.0036467975, 0.009592192, -0.009957882, 0.01214397, -0.0038014692, -0.0062077977, -0.015518646, 0.013187852, 0.00808003, -0.0075684157, -0.002048805, 0.0087137865, 0.009460308, -0.006013573, 0.0020425408, -0.0069336644, 0.010951453, 0.022805825, 0.00068782043, -0.0030736353, 0.004129529, -0.02507566, -0.013251468, -0.012670108, 0.0011694169, -0.0121891, 0.016495446, -0.0014665897, 0.00039594332, -0.0114235245, 0.002514327, 0.011385663, -0.017483892, -0.0013446632, -0.0005047273, -0.0063562063, 0.009389155, -0.0031806321, -0.014979874, -0.0068739285, -0.0051889424, -0.009471371, -0.00796015, -0.009875929, -0.01124377, 0.030427085, -0.010368427, -0.005010009, 0.010592906, -0.0077897348, 0.014096783, -0.0205894, -0.0057525705, 0.02421374, -0.00039983756, -0.005663102, 0.0065884013, 0.027968435, 0.00015848738, -0.006790081, 0.007741762, -0.01407575, -0.022959493, 0.025763195, -0.023327174, -0.02302666, -0.0076879393, 0.009760125, -0.00010482727, -0.01817725, 0.015184001, -0.024559153, 0.024650086, -0.0097590145, 0.0004038327, -0.055489946, 0.0043772813, -0.0049852096, 0.0044389996, 0.012051721, -0.014497101, -0.012453302, -0.0035673815, 0.0012918484, -0.020748323, -0.016444908, -0.008707077, 0.031439297, 0.0070204856, -0.009698255, 0.003354833, -0.004164378, -0.0049174447, -0.009834659, -0.007310801, -0.006056334, 0.0036421083, -0.000531745, 0.003174369, 0.01815671, 0.013924943, 0.016340297, -0.006568342, 0.010603907, -0.0015524235, 0.009349092, 0.01457549, -0.004875929, 0.0002978893, -0.021639522, 0.016370852, 0.0034760549, -0.0127672395, -0.03190279, -0.0034787236, -0.009044168, -0.0014367799, -0.013696967, 0.019050494, 0.014327531, -0.004731736, -0.008089419, -0.0054927953, -0.015906347, 0.0062183817, 0.003500155, 0.029085005, -0.012670201, -0.030526586, 0.011309504, -0.007035726, -0.00050269056, 0.015883861, -0.010027162, -0.004815168, -0.0016091915, 0.0012970424, 0.005330652, 0.012180966, -0.0019876268, 0.004998231, -0.010878629, 0.0060891127, -0.0065972055, 0.00969435, -0.027365116, 0.008068401, 0.028659295, 0.015773486, -0.015919162, -0.0032006665, 0.018065225, -0.011679141, 0.0042104176, 0.007338381, 0.004527419, 0.010483081, 0.014370605, 0.020725708, 0.0086101005, 0.0013132095, -0.010199362, 0.0109846685, 0.00021247125, -0.0017021121, 0.01558951, -0.025569327, 0.008308535, -0.0015552581, 0.0037313092, -0.007375252, -0.02154384, -0.00029312287, 0.008605596, 0.018007036, 0.01624522, -0.019543026, 0.00034759194, 0.00013471254, -0.0065674293, -0.017648993, -0.0027534217, -0.011538989, -0.039270204, -0.009195536, 0.0038508459, 0.013358452, -0.014734535, -0.0047387825, -0.1580557, -0.010925593, 0.00035204363, -0.00022010271, 0.021765538, 0.010987493, -0.008064175, 0.0018297677, -0.0024086116, -0.003979397, -0.00033622907, 0.011127546, -0.004505109, -0.02732939, 0.001684876, -0.011979743, 0.013002513, 0.00046083686, 0.019247368, -0.004243399, -0.027315805, 0.030913861, 0.0060832184, 0.0035502973, 0.0033450078, -0.017661532, 0.006036414, 0.006294593, -0.0074858936, 0.009480732, -0.005925109, -0.0015881915, 0.0005128246, -0.015860856, -0.018299302, 0.017659158, -0.0038724986, -0.00013952664, -0.0011138713, -0.0122389365, -0.01141412, -0.0022667488, -0.013308262, -0.0018500253, 0.027009666, -0.0011693168, -0.033809196, -0.012083392, -0.0067822873, 0.010741758, -0.008501662, 0.020653887, -0.0034026033, -0.018855695, 0.023020927, -0.008978532, -0.02766332, -0.008175258, 0.0040080473, 0.03009649, -0.009400385, 0.012959568, -0.00687512, -0.0076847062, 0.016345048, -0.005517393, -0.0037316454, 0.13395822, -0.024003278, 0.0045344005, 0.0019933083, -0.007450295, 0.013703794, 0.0011087182, -0.0064663356, 0.0003770774, -0.01155538, 0.022028413, 0.018590985, 0.007881064, 0.00446801, -0.0050669657, -0.014297562, 0.009152966, 0.012581393, -0.0053996095, -0.013927323, -0.0034714092, -0.008113576, 0.017268755, -0.007754196, 0.030684663, -0.007857097, 0.0043503973, 0.024023743, -0.0036673532, 0.0007618679, 0.015749535, -0.013260195, -0.003438719, 0.0060711335, 0.011671027, -0.0039501055, 0.019278215, 0.0012193002, -0.023573177, -0.0037872621, -0.012037459, 0.005273583, -0.01536466, -0.018751275, 0.006570681, 0.011941899, 0.009411365, 0.026498603, -0.006624499, -0.009905996, -0.018913291, 0.0011073269, -0.012074866, 0.009078405, -0.011211449, -0.058817692, -0.008981777, 0.0088912165, -0.008454732, -0.012814321, -0.02775448, -0.010691971, -0.018683782, 0.014127509, -0.012258255, 0.0075363484, -0.009739178, -0.009822015, 0.0012104595, -0.10820029, 0.010242846, 0.0030811548, 0.0068800766, 0.014897873, -0.007468135, 0.00048064115, 0.00028555517, 0.015874093, -0.0069808797, -0.010744183, -0.024085825, -0.008177274, 0.0054191323, 0.0047909133, -0.0069545167, 0.0016814398, 0.0060309777, 0.019141164, -0.0019020335, -0.0004974115, 0.0015280385, 0.026067855, -0.004195213, 0.014592167, 0.005934242, -0.002845774, 0.003547702, -0.0051296167, 0.0065197013, 0.028217776, 0.028665373, -0.0038871802, 0.027860612, -0.012825819, 0.0059687556, -0.01611917, -0.0076084486, -0.0037589595, -0.012205151, 0.020537024, 0.012943491, 0.011657211, 0.0036531833, 0.008445665, -0.0048392266, -0.007662891, 0.009455127, 0.0055270577, 0.004417575, 0.0171299, -0.0005580679, 0.020876687, 0.015051893, -0.030985067, 0.0050335173, -0.012433231, -0.0045367097, 0.009435495, 0.015324564, -0.0024256022, -0.0011962985, -0.013934718, -0.0024099916, 0.003671189, 0.012020231, 0.007114986, -0.01541301, 0.018040169, 0.004933248, -0.007864987, -0.02880687, -0.007888352, -0.00551816, -0.0045029847, -0.028763477, 0.0010627006, 0.0044062715, -0.014684659, 0.02235292, -0.011139654, -0.009380771, 0.013584337, -0.011675062, 0.02503846, -0.017942183, 0.019654429, -0.02268656, -0.017431598, 0.009925229, -0.0035669971, -0.010265179, -0.015832197, -0.008313768, 0.014265429, 0.018772442, -0.011551002, -0.010740736, -0.0070943157, 0.018404273, -0.022520958, 0.006404375, 0.007788231, -0.017635617, -0.0081569385, -0.018126769, -0.0038717438, -0.008089817, -0.0072679664, 0.013382473, -0.006397526, 0.017632743, -0.022698445, 0.01265193, 0.00701481, 0.00041219676, 0.018236367, 0.0027011395, -0.015151695, -0.010475695, 0.01027179, -0.0072715213, 0.018480342, 0.003413518, 0.0007171819, -0.0060225325, -0.014300107, -0.01439641, 0.00014908078, 0.02941519, 0.021806784, 0.01778994, 0.012385033, 0.014559635, -0.00023233896, 0.02732655, 0.0035426791, 0.0066713938, -0.00043088375, -0.011928526, 0.007389688, 0.006236269, -0.01122552, 0.018398086, -0.006854646, 0.0067031328, -0.018398035, -0.0063247783, 0.01742964, -0.008493887, 0.023308966, 0.007561257, -0.016359825, 0.0056228805, -0.0011931114, -0.0071874834, 0.0005979896, -0.00018040645, -0.002340426, 0.00030402085, 0.017152255, -0.00042377436, -0.0046293265, 0.0017770315, 0.007296519, 0.0024666116, -0.006570477, 0.0015634672, -0.023152035, -0.011728805, 0.0041907113, -0.027254933, 0.0056909616, 0.0033678843, -0.0218648, 0.0010254628, 0.008114109, 0.0038003793, 0.014071713, -0.0653259, 0.027157541, -0.00058873545, 0.0021502443, -0.003285005, -0.0009590893, 0.005129947, -0.0070427866, 0.021838488, -0.018139463, 0.018321445, -0.013290789, 0.0024359035, -0.0052059223, 0.011290735, 0.014937077, 0.0018102489, -0.012372679, 0.003012374, 0.0075440635, 0.01245151, 0.0012162502, -0.021416947, 0.0025391737, 0.011703841, 0.005631469, 0.019149013, 0.029730659, 0.01929425, 0.013192989, 0.0015497574, -0.0039168447, -0.01747393, -0.007504119, -0.008765596, 0.010273385, -0.01957698, 0.0044505936, -0.00178556, -0.04959991, -0.019370332, 0.00012720613, -0.033592056, -0.0062302374, -0.0037594747, 0.013298437, 0.033011325, 0.007333718, -0.0058404054, -0.011667364, 0.014143211, 1.3904012e-05, -0.001481035, -0.009447182, 0.011961326, 0.002195334, 0.0135802785, -0.0185194, 0.0010975694, -0.0068799783, 0.008186332, -0.008417115, 1.2008398e-05, -0.0009555915, -0.007480379, 0.015338307, 0.00019286743, -0.011072947, 0.020405041, 0.027132459, 0.012516497, -0.012750249, 0.016102271, -0.007688269, 0.0005429666, -0.0016853437, 0.023807218, -0.011619668, 0.027946733, 0.0149859525, 0.033563666, -0.0042433557, 0.0038065012, 0.06251252, 0.026301516, -0.026322072, 0.004831164, -0.09966739, -0.008069934, -0.014944982, -0.010250375, -0.008240619, 0.03507064, -0.009768733, 0.03168941, -0.0024874695, 0.005749979, -0.010352177, -0.023053976, 0.0076374686, 0.022009809, 0.020134285, -0.004263326, -0.022958979, -0.015001839, 0.014493071, -0.0022766518, -0.0023705107, -0.002014261, -0.01179532, 0.043563683, 0.013194671, -0.050905365, -0.010547464, -0.010329077, -0.00685238, -0.01139125, -0.0010650179, -0.023188336, 0.005971573, 0.018807488, -0.0068394192, -0.010617066, -0.0036094678, -0.008058724, 0.0042567262, 0.016600555, 0.026794156, -0.022517879, -0.018246667, -0.0058241445, 0.011295396, 0.0063287565, -0.018442722, -0.005545241, -0.018928438, 0.011865608, 0.00544238, -0.012053385, -0.010107717, 0.011397904, -0.025599558, 0.0027872447, -0.0037442883, -0.015922727, 0.013760209, 0.02092036, -0.0036097616, 0.00026039305, -0.010618994, 0.0018846298, -0.026359662, 0.015959179, -0.013830165, -0.0122010475, -0.018404022, 0.01920833, 0.0035453264, 0.007111059, 0.027894586, -0.013286777, -0.005531539, -0.0019963342, 0.016930457, 0.008951113, -0.0023215045, 0.0029514472, 0.028427882, -0.011447016, 0.023890356, -0.003353996, 0.0063195564, -0.0076126996, 0.007376966, 0.017065534, -0.0011187528, 0.0037560523, 0.0029062084, -0.012986252, -0.021546856, -0.007683029, 0.004618465, 0.014541954, 0.0038289723, -0.010846774, 0.008226287, -0.026971342, -0.015225833, 0.00453544, -0.009051404, -0.013783843, -0.008261066, 0.008644447, 0.011019423, -0.0076011745, -0.018323142, 0.023305105, 0.0063110027, -0.017304473, 0.009347503, 0.008246179, -0.0065036025, 0.0049121818, -0.02943288, -0.012648391, -0.009238906, -0.0032891412, -0.024016486, -0.020080604, -0.008117911, -0.0026289586, -0.012932497, 0.0039560013, -0.0080130845, 0.001459839, -5.714644e-05, 0.013930907, 0.017437944, 0.009843406, -0.019613115, 0.013439754, -0.007431939, -0.00044307933, -0.029989883, 0.000970366, -0.0052032107, -0.016966911, 0.012284648, -0.009326595, 0.017114319, 0.009831475, 0.023150893, -5.747888e-05, -0.0034277518, -0.011157199, -0.023049211, -0.018446062, 0.0069968114, 0.002728433, 0.013911655, -0.008315229, -0.025912216, 0.008105188, -0.016744606, -0.024592388, 0.0037375812, 0.004996095, 0.023118624, 0.01596839, -0.0015554096, -0.0038976744, -0.02178621, 0.0029508898, -0.026311396, -0.0031767348, 0.035101194, -0.0007476377, 0.019317305, 0.021321096, -0.0013979588, -0.015056703, 0.051546577, -0.02499513, 0.003937916, -0.0072167898, 0.024973208, -0.014418354, 0.024940655, -0.0019934655, -0.0036410566, 0.016769238, 0.015275471, 0.0055281473, 0.0030581418, 0.008456341, 0.013470488, -0.0014447339, -0.01173709, -0.013208611, 0.0046671946, -0.0072870557, 0.0003972456, 0.007778297, 0.013270248, 0.0041158414, 0.0071659884, 0.0038950506, 0.0020321705, -0.018041037, -0.0039233463, -0.041014347, -0.013771947, -0.015336952, -0.022688199, 0.01229957, 0.00478751, 0.011647902, 0.0037722506, -0.0036736352, 0.017629893, 0.0066162255, -0.008311556, 0.01160678, -0.0250304, -0.018761462, 0.0078699505, 0.009631665, 0.005775255, 0.020266026, 0.026867514, 0.0025420063, -0.024266683, 0.0012751758, -0.0018502594, 0.015624622, 0.018569147, 0.010145812, 0.0022278614, 0.0072563696, 0.0020409261, 0.013187257, -0.0022818246, -0.020333791, 0.00877155, 0.004307533, 0.0091593, -0.0055402825, -0.0046206703, 0.0020781094, 0.027670536, -0.013773743, 0.0056944927, -0.019413922, -0.014568554, -0.009110633, -0.0047705127, 0.0082667535, -0.009349224, -0.0010450506, -0.0064911675, -0.038346123, 0.0008084267, 0.0087701045, 0.021461677, -0.014188184, 0.007345831, 0.004332594, 0.010974714, 0.0039393282, -0.0033496618, 0.008355195, -0.0103538865, -0.014983661, 0.0020285442, 9.643896e-05, -0.0048147133, -0.004610825, 0.020885123, 0.0067449156, 0.0075829513, -0.017206449, 0.008928808, 0.02365475, 0.0039543207, 0.023065045, 0.011497678, 0.013675348, 0.023728523, -0.025029639, -0.027270924, -0.006685057, 0.0089831855, -0.004918296, -0.0018456444, 0.006596803, 0.0045181247, -0.0029359197, 0.021152778, -0.017808534, 0.01565054, -0.0142020695, 0.0022378305, 0.0024674444, -0.005373745, 0.0043118214, -0.0068872105, 0.010181268, 0.010845238, 0.0048193852, -0.03531819, 0.0077658608, -0.033214282, -0.00028113872, 0.025816863, 0.00042076933, 0.008795539, 0.0031680411, -0.029103091, -0.013942785, 0.0010233934, -0.011619422, -0.039490357, 0.0032265256, -0.0064632827, 0.007942292, -0.0017337415, -0.008378979, -0.0022672086, -0.0050942367, 0.016357537, 0.016517809, -0.0078312075, -0.005250531, 0.008355871, 0.008896833, 0.00048653028, -0.003261841, -0.011067695, -0.0056218305, -0.014830992, -0.0116365105, 0.0055593853, -0.016934719, 0.013798875, -0.0055261804, -0.012643191, -0.00014587378, -0.0027910376, 0.010986069, 0.0087747155, -0.00423152, 0.007937718, -0.004447717, 0.019978033, 0.009278927, 0.03095227, 0.03485142, -0.0036161179, 0.003082116, 0.004895184, 0.00059900887, 0.008294797, 0.012723942, 0.0047614444, -0.0054857517, -0.0032803726, -0.022752397, -0.0060048285, 0.0043616705, -0.008839343, 0.0022336934, -0.0014829807, 0.007630435, -0.010202498, 0.0062004677, -0.023902081, 0.0012598445, -0.003591867, 0.014375422, -0.015059255, 0.0021798, 0.019880103, 0.0014165496, -0.03402667, 0.000672349, 0.005392346, -0.0302862, -0.018458167, 0.017970758, 0.013753457, 0.014387457, -0.0015712347, 0.021619093, 0.020973891, 0.024543354, 0.0071667987, 0.011430353, 0.011151544, 0.009140687, 0.009216289, 0.0030198183, -0.0005651448, -0.003943149, 0.009381516, 0.0075906743, -0.003038642, 0.001927909, 0.02417539, -0.025397638, 0.018646117, -0.014268371, 0.014060891, 0.011927171, -0.007108879, 0.003905263, 0.00576071, 0.0013224964, -0.010559636, 9.6954995e-05, 0.0012330986, -0.0030682262, 0.010076783, 0.024668211, 0.0027506053, -0.012776807, -0.0038965507, -0.011675438, 0.017182771, 0.019111201, -0.01634018, 0.0017732481, -0.009665506, 0.0021825188, 0.002439, 0.0013835257, 0.011376659, 0.009962699, -0.012749512, -0.003928233, 0.014020288, -0.0015724468, 0.019071737, 0.0017260496, 0.0011683475, 0.012117046, 0.008460636, 0.038115032, -0.00069895614, -0.000784414, -0.013363071, -0.0014995626, 0.016931267, 0.017991494, 0.017908303, 0.021487985, -0.002980002, -0.022379987, -0.0024787013, 0.01832939, -0.018305704, -0.0168571, 0.002165565, -0.018720282, -0.010036102, -0.0035382672, 0.025783148, 0.009978754, 0.0038608443, -1.3130292e-06, 0.010779341, 0.029341005, -0.050406232, -0.013695425, -0.004455075, 0.0043013613, 0.016792558, -0.0040009357, -0.053169835, 0.021905001, -0.041967943, -0.006343777, -0.0033750746, -0.020547213, -0.0018131298, 0.025536986, 0.04068762, -0.025116045, -0.017621446, 0.00063791225, 0.02899006, 0.028594041, -0.009364767, 0.012654248, 0.0012289601, -0.006163447, -0.008501699, 0.009155012, -0.0021678621, -0.0038099529, 0.0055903895, -0.041354638, -0.00080777117, -0.00054552907, -0.009654661, 0.016294101, -0.019287337, 0.0125122005, -0.017319197, 0.010107287, 0.00051577756, 0.0028696086, 0.0074415533, -0.015822256, 0.0016531966, 0.00093455944, -0.01057449, -0.0393885, -0.009129906, 0.0052169804, 0.011012167, -0.0064809155, 0.00493999, -0.011890845, 0.030881252, -0.0031261945, -0.0031452521, -0.03195583, -0.0018354008, 0.02589167, -0.009344545, -0.002531298, 0.016580312, -0.01529562, -0.0080487095, -0.0014429993, 0.010962589, -0.006995329, -0.012149545, -0.0052967784, 0.00556001, 0.006334567, -0.0111566475, -0.0030011304, -0.0038955824, 0.009708512, 0.0048461854, -0.015750166, 0.012735825, 0.032075226, 0.011095623, -0.00035650152, 0.007687369, -0.0049733096, 0.024605535, -0.0085651735, -0.010028605, 0.01107335, 0.0010176993, 0.0033536805, -0.008294663, -0.00022019123, -0.008459645, 0.0008773179, 0.0206096, 0.0013891147, -0.0015583807, -0.015014769, -0.0010062072, 0.012661441, -0.01234639, 0.00667571, 0.009296323, 0.011601307, 0.007889069, -0.020693569, 0.00056444487, -0.023090918, -0.002787363, 0.0067694117, 0.0039979676, -0.013811035, -0.0039733797, -0.007836347, 0.0001690362, -0.016917685, 0.008350934, -0.0003967445, -0.0013953068, 0.0059653767, -0.009800045, 0.016885305, -0.006691758, -0.015024338, 0.009761106, -0.0030769676, -0.021905925, -0.011545171, 0.014296128, 0.007296218, 0.027946359, 0.0016335786, 0.024054348, 0.016734611, -0.020937404, -0.00047548919, 0.025175866, -0.007576148, -0.024079612, -0.003331628, 0.0011171682, -0.018810064, -0.02301854, 0.007869519, 0.0038307311, 0.014432652, 0.006776748, -0.016370367, 0.011737754, 0.044635143, -0.0048637195, 0.0069812895, 0.017922089, -0.015532933, 0.0056182123, -0.0008131143, -0.007403522, 0.0012761949, -0.008386213, 0.002849327, -0.015476932, -0.028526356, -0.02603058, -0.017652294, 0.028341923, -0.0020493777, -0.0019090459, -0.01198141, -0.0066396333, 0.018106665, 0.012484456, 0.0013986919, -0.007545371, 0.010135846, 0.0013782369, 0.013398828, 0.0005925824, 0.0031312166, 0.018917866, 0.0031677475, -0.007862276, 0.0047725374, -0.0018990923, -0.003315843, -0.00062819006, 0.009195435, -0.027018374, 0.007324412, 0.024557393, -0.0043906905, -0.0111760935, 0.009048334, 0.0007053236, 0.011216292, -0.0037175661, 0.017542535, 0.0043984405, 0.013722377, -0.003656045, -0.00023933162, 0.008429998, 0.014059577, -0.0151922265, 6.60875e-05, -0.004380529, 0.0077607743, -0.006686312, 0.0074960063, 0.003016045, 0.000882932, -0.030119646, -0.011534228, 0.025049763, 0.015814258, 0.009949097, -0.021458857, 0.0072045354, 0.0061226655, 0.011756633, 0.0019366692, 0.012982934, 0.0035322674, -0.008462379, 0.0043513873, 0.15359211, 0.12771855, -0.0058741723, -0.012993954, 0.008969661, 0.0109149385, 0.009608057, 0.011885904, 0.00552569, 0.027525501, -0.013068405, -0.0016617225, -0.007030346, -0.008412564, -0.00505798, -0.027331993, 0.00355936, 0.0009507351, 0.013882757, 0.00395035, -0.0038673345, 0.018301446, 0.009762297, -0.018110262, -0.012516525, 0.010596343, -0.006868012, 0.026062291, -0.005385882, 0.0027234245, -0.0051767244, 0.0016536696, -0.005124744, 0.016910227, 0.018185586, 0.0020526387, -0.004013289, 0.01110797, 0.007548301, 0.012193714, -0.021023622, -0.005968878, 0.009025967, -0.013411339, 0.008078085, 0.00527289, 0.019245328, 0.02266232, -0.008464625, 0.019720742, -0.0002996218, 0.005872618, 0.012448832, 0.0011231505, 0.015039165, -0.006231408, 0.007979521, -0.013946353, 0.0011786685, 0.016670316, 0.01368188, 0.011147415, -0.0018649369, 0.0142812915, -0.00916138, 0.021603545, -0.013924942, 0.005940192, 0.019915896, -0.0130751915, 0.006725878, 0.020306092, -0.0018624429, 0.008515118, -0.0022575064, 0.01694449, 0.026009304, -0.027469136, 0.00836142, 0.008216231, 0.022862624, 0.0062268744, 0.011084, 0.0147598395, -0.0132606225, -0.020914093, 0.005580568, 0.042537957, 0.12354601, -0.034775194, -0.025515476, -0.040043883, -0.019454421, -0.0070498413, 0.010750882, 0.05801587, 0.005630767, -0.02801876, 0.016758703, -0.006045172, 0.027032366, 0.0029865887, -0.027689263, -0.018697841, 0.02157857, 0.048819482, 0.020478126, 0.02420029, -0.039555408, 0.017754424, 0.012428967, -0.015855003, -0.0033422804, 0.007836155, 0.0048740837, -0.011326776, -0.017306766, 0.013777279, -0.10464488, -0.0051734927, 0.0260204, -0.013421688, 0.0090728365, 0.023439249, -0.0446112, -0.0053685796, 0.0050117774, 0.020638855, -0.030106703, 0.012003316, 0.0106894635, 0.0036883466, 0.00907336, 0.010952393, 0.014411898, -0.00915399, 0.026165672, -0.014402349, -0.0025226292, -0.001157185, 0.0016591811, -0.009096525, 0.02085866, -0.0015870468, -0.026686572, -0.010429736, 0.0017299914, 0.017577242, -0.00047536773, 0.01560957, -0.012071446, -0.0022134925, 0.016080242, 0.017807402, -0.008040425, 0.004773009, 0.007932462, -0.017810969, -0.012416684, 0.013152076, -0.005354242, -0.0038718465, -0.0013243577, -0.0010718611, -0.0059234784, -0.011855256, -0.0053809364, 0.0031743539, -0.0019027491, -0.0024120102, -0.0100513, -0.0017569045, -0.0008972491, 0.04786245, 0.011872019, -0.004555125, -0.0009961332, 0.01477526, -0.0062835664, 0.00030858317, 0.0040724967, 0.0042982977, 0.00204505, -0.009895737, -0.00034142728, 0.017062658, -0.0028719297, 0.016465442, 0.006375871, -0.0005179771, 0.008634088, 0.0075187148, 0.027417388, 0.016407778, -0.022960456, 0.013662016, -0.017358812, -0.00625751, 0.009715027, -0.003925071, 0.0039349403, 0.108446874, 0.007816714, 0.012667344, -0.023526205, -0.009392062, 0.0003696225, -0.011632897, 0.0011033983, -0.0037038506, -0.02269913, -0.029074976, 0.01727433, -0.025403112, 0.023740062, -0.011324319, 0.00975021, 0.0021889487, 0.020677635, -0.0010709207, -0.017819487, -0.0033325318, 0.021556342, -0.0014211319, 0.0009047991, -0.0017061001, 0.018724246, -0.013749709, 0.016329382, -0.012660943, 0.0029788034, 0.025021788, -0.016310474, -0.010522749, -0.018314691, -0.008408425, 0.036167398, 0.012275068, 0.0029090925, 0.008436235, 0.0014441925, 0.0073870574, 0.0077721737, -0.00763403, 0.0035741094, -0.03669058, 0.1990897, 0.0035304285, 0.007998428, 0.014165256, 0.00019668325, -0.0046370504, 0.0044710585, 0.0007907313, -0.009584663, 0.013284832, 0.0032234394, 0.007241988, 0.0034532696, 0.018824589, -0.014855359, -0.008038704, -0.008088188, 0.011119143, -0.0081805475, -0.0012890697, -0.027932433, 0.006238885, -0.015822686, 0.004077598, -0.0066960203, 0.0013701594, -0.0029047197, 0.008495999, 0.0031396295, -0.023447152, 0.0039391113, 0.0056784083, 0.004402881, -0.023355523, 0.015536936, 0.007983456, 0.00085301755, -0.010239583, -0.004170346, -0.03543556, 0.0024420142, 0.011233005, -0.023840511, -0.014727138, 0.0062885727, -0.018413208, -0.0013765582, 0.009312771, 0.012927528, -0.01436818, -0.0016334015, -0.011358483, 0.0027695508, -0.016003735, -0.010081693, 0.0054331985, -0.0075248918, 0.0031673114, 0.0005092914, 0.014302677, -0.02124365, -0.023095498, -0.0030663062, -0.017005108, -0.0004115768, 0.02755343, -0.004976375]"
"Atencion beneficiarios, septiembre inicia con el pago de los programas sociales",https://oem.com.mx/elsoldemorelia/img/23353975/1747483684/BASE_LANDSCAPE/500/image.webp,Michoacán,El pago de las pensiones que otorga el gobierno se realiza por la primera letra de tu primer apellido,https://oem.com.mx/elsoldemorelia/mexico/calendario-de-pago-de-septiembre-octubre-de-los-programas-de-bienestar-25518664,"[-0.0059461063, 0.010904415, 0.0128617855, -0.034762286, -0.027403137, 0.03881699, 0.016359631, 0.030628262, -0.017676428, -0.016059278, -0.042565618, 0.011509833, 0.0032342556, 0.01040768, 0.10325249, 0.028382396, 0.015895315, 0.0067738695, 0.0099431, -0.006227136, -0.00045392048, 0.0119554605, -0.0051246793, -0.02914691, -0.0020860618, 0.011585157, 0.007397391, -0.03625922, 0.017403215, -0.009079315, -0.04501985, 0.012770212, -0.010194705, -0.007844737, 0.034554847, 0.0076068575, 0.0076884795, -0.008587796, 0.0002770924, 0.037204433, -0.011531854, 0.0010517419, 0.010642798, -0.029671494, 0.030904211, -0.016443284, -0.00026041584, -0.0032350847, -0.006787968, 0.035519484, -0.013580829, -0.024327608, -0.019042097, -0.1733915, 0.013238157, -0.037018348, -0.022427585, 0.011313013, -0.010852765, 0.0010580093, -0.015617575, 0.03510938, -0.019374512, -0.0245732, 0.033681292, -0.012688933, -0.0047809184, 0.01901445, -0.00038760024, -0.023549072, 0.0046687997, 0.013419227, 0.0013947173, -0.007110971, -0.0042192996, 0.020000692, 0.018561134, 0.00046906353, -0.013690752, -0.0028685657, 0.00020363751, 0.007697465, -0.020879148, -0.002607915, 0.011403272, -0.004075431, -0.002679148, -0.00367392, -0.0051536295, -0.018732205, -0.0048342873, 0.003713623, 0.008724223, -0.012532814, -0.008554484, -0.0125775775, -0.009055878, 0.0039766333, -0.015407327, -0.034359742, 0.0034829911, -0.021343362, -0.010136458, -0.0059632226, 0.042510077, -0.02785479, 0.017553672, 0.0057810103, -0.006789442, -0.019405035, 0.009224227, -0.011660341, 0.0018199449, 0.0102335885, 0.026965525, -0.13637966, -0.022692675, -0.013564958, -0.038641524, -0.030120978, 0.011857491, -0.00074143807, 0.008524124, -0.00204838, -0.0025291513, -0.032811254, -0.004407845, 0.0050298474, -0.00018273, -0.0062105893, -0.009498924, 0.017661206, 0.03560177, -0.011139441, 0.029716473, 0.0048716078, 0.0004884709, -0.022041274, -0.019534439, -0.0053817453, -0.015209341, -0.004437471, -0.007237485, -0.02504233, -0.013122285, -0.0048272125, -0.02534606, 0.009367139, 0.00223122, -0.017628519, 0.01561448, -0.0033496665, -0.028103184, -0.025713654, 0.003004601, -0.046752013, -0.0016941827, -0.015298475, -0.008015402, 0.013017215, 0.022736726, -0.015595469, -0.004014764, -0.007187349, -0.0044483435, 0.015261168, -0.0027442407, -0.0054657343, -0.002713172, 0.020841895, 0.00757083, 0.026199888, -0.012697338, -0.02004454, -0.029689511, 0.006621083, -0.003817743, 0.0011960523, 0.026141353, 0.02380325, -0.0042709955, -0.0024094966, 0.015984247, 0.0135473125, 0.04329226, -0.032881718, -0.027166562, 0.029196756, -0.0025636847, 0.019616636, -0.030998958, 0.009080202, -0.018802876, -0.025383452, -0.0029546323, -0.012278143, 0.0037820002, -0.0016897513, -0.007268706, -0.011838886, 0.020963062, 0.002939129, 0.017495807, -0.0053495476, -0.01319782, -0.016913654, 0.0025246304, -0.018067865, 0.011306115, -0.008186064, -0.0011490467, -0.012872264, 0.019335575, 0.0014808679, 0.025163416, -0.021336613, -0.012501163, 0.0078080925, -0.022252044, -0.03389441, 0.0013128597, 0.011503353, 0.0021075264, 0.03652003, -0.020896897, -0.0031079173, 0.019363962, 0.013042207, -0.008901088, 0.018770829, 0.033646904, 0.003233137, -0.018332174, 0.030801974, -0.008636278, 0.026396686, -0.01815738, -0.011824233, 0.038113024, -0.0049334713, 0.021985946, 0.0022718802, 0.0015452404, 0.00464498, 0.035342865, 0.006129854, -0.014307558, 0.014667153, -0.014932574, 0.023404568, -0.0034274345, 0.023274537, 0.0019054179, -2.5454043e-05, 0.0012188429, -0.006503278, -0.020976529, 0.008467655, -0.025452837, -0.011090902, -0.014533074, 0.02843853, -0.0042576795, 0.012225841, 0.007905858, 0.0030079223, 0.011118415, -0.0006549058, -0.020352805, -0.003176358, 0.011177263, 0.0134168565, 0.022341158, -0.018506303, -0.0075643407, 0.008655209, -0.09823866, 0.025342437, 0.0025223608, -0.011995262, -0.014925117, -0.0035066467, 0.004428212, -0.0040207044, -0.015904412, -0.022923658, -0.015665269, 0.00501832, -0.0018146144, -0.0057237665, 0.0043378565, 0.012687462, 0.018476902, -0.005339587, 0.01662822, -0.011917284, 0.034509763, -0.019982649, -0.016727103, 0.022345962, 0.007043725, 0.026915058, -0.023393482, 0.035678484, 0.004492463, -0.019462334, -0.013840284, -0.0022179442, -0.010837725, 0.026730211, -0.034626383, 0.023984922, 0.035068847, 0.021401959, -0.023377173, -0.02465939, -0.01695132, -0.013169297, -0.009951208, -0.005817223, -0.0066248267, -0.00306092, 0.023823336, -0.041764665, 0.0031680122, -0.017488336, -0.018078392, 0.017833102, 0.018705575, -0.0018024212, -0.0033543978, -0.018324798, -0.0026212148, 0.015884953, 0.00940717, 0.014728019, -0.023673132, -0.014506353, -0.0064414493, 0.019747758, 0.004560792, -0.004463588, 0.011249363, -0.013819175, -0.022400936, 0.010609885, 0.011460299, -0.024029223, -0.009395129, -0.025078153, 0.007708127, 0.033909503, 0.028441489, -0.0003712852, 0.012433117, 0.031846687, -0.030098569, -0.0105077615, 0.00075451826, -0.004488927, 0.0076377518, -0.010792012, -0.005452759, 0.0072710975, -0.0028126522, -0.02272103, -0.009409948, -0.037612356, -0.047169868, 0.0016861107, -0.018505974, -0.010046446, -0.036239147, 0.014890966, 0.000587403, 0.0134839, -0.03383003, -0.0066177887, 0.016313583, 0.0077866483, -0.018606296, -0.016549744, 0.016523216, 0.011566492, -0.014228901, -0.008940089, -0.028780201, -0.002574406, 0.01764146, 0.0047352454, -0.008460531, -0.006718108, -0.026141433, 0.0034521571, -0.042226292, -0.020459393, 0.0021702563, -0.001905822, -0.013452037, -0.0023691142, 0.0151662035, 0.010305096, -0.027198384, -0.004247251, 0.010063938, -0.005342758, -0.018302318, -0.039654363, 0.022950444, -0.014246427, 0.0030915055, -0.029728932, -0.0038710574, -0.008058084, 0.009752856, 0.00075810304, 0.014044987, -0.009218302, 0.013959448, 0.0069870045, -0.009386635, 0.048322156, -0.014424572, 0.016644359, 0.023877237, -0.013040285, 0.005967563, 0.0074016093, 0.019093739, 0.003202451, -0.001617418, -0.009809386, -0.0019513826, -0.017183507, -0.006369747, -0.008258336, -0.01198893, -0.024972618, 0.008591518, 0.011479594, 0.017365146, 0.021809014, -0.023814688, 0.0078479685, 0.023484724, -0.027183555, 0.014676079, -0.033861477, -0.017057281, -0.0006277528, 0.03528439, 0.024388999, 0.00947655, -0.0068914588, 0.0037219096, 0.010383551, 0.014311036, -0.027059145, 0.0058327327, 0.0057238988, 0.0008952654, -0.00093726313, 0.004890067, -0.00388359, -0.024846354, -0.0005064166, 0.015107477, -0.02175676, 0.015229945, 0.019099776, -0.03924126, -0.0078034326, -0.017035818, 8.9636465e-05, 0.0019503456, 0.0077875676, 0.0069909985, -0.0058366014, -0.001536434, -0.00022155451, 0.0036173905, -0.013053752, -0.020251425, -0.029473534, 0.030214231, 0.030093094, 0.008402719, -0.0066555175, -0.011855728, -0.0061217244, 0.014534506, 0.010188612, 0.0026978697, 0.012478861, -0.024020202, -0.01754536, -0.00089654024, -0.029327376, 0.009912899, 0.012356985, -0.015705727, 0.024005968, 0.0056122616, 0.009022451, -0.008339848, 0.033286605, -0.009026148, -0.002487454, 0.015834855, 0.014067264, -0.026468135, 0.016582921, 0.0059860838, 0.014035365, -0.0065344805, 0.0035864755, 0.016943539, -0.011381488, -0.0026890947, 0.013571562, 0.008122836, 0.0036982298, 0.00045256637, -0.001694254, -0.0020019435, 0.0028692405, 0.001130703, -0.026519608, -0.0063728467, -0.007303876, -0.042652085, 0.023149317, -0.008894784, -0.01662757, 0.002809821, -0.0003991696, -0.022071142, 0.038212292, 0.021923201, 0.0035854084, -0.0024961361, 0.0033243126, -0.0041421247, 0.016425587, -0.0035761634, -0.103083365, -0.0046841344, -0.016847098, -0.005990256, -0.026581049, -0.011724504, 0.017181601, 0.0016321179, -0.0106611075, 0.0069540953, -0.008538285, 0.0036494427, -0.008616852, 0.018739978, -0.003482665, -0.02846473, -0.010925172, -0.0014916665, -0.0037782069, 0.010196756, -0.03000029, 0.0017504748, -0.020396186, 0.01721753, 0.010947231, 0.0053571607, -0.006399753, 0.0061563146, -0.01000725, 0.0048449426, -0.014159692, 0.0082338005, 0.02482745, 0.037600145, 0.022906918, 0.022492679, 0.0066389497, 0.0024126507, 0.0017319457, 0.0022829971, 0.0032270255, -0.0017227515, 0.037310816, -0.017421667, -0.016571438, 0.013248636, 0.014094098, -0.0056416243, -0.004916468, 0.012768232, -0.0071136616, 0.020673668, 0.014878489, -0.018929005, 0.005277531, -0.00014411255, -0.0069969604, -0.004900067, 0.014899443, 0.00826809, -0.022359494, 0.0015795173, -0.0123694185, -0.016598064, -0.011715005, 0.005992955, -0.0162252, 0.011144073, 0.023054915, -0.011890273, -0.01567069, -0.019343255, 0.014233317, 0.03137096, 0.005214593, 0.019496687, 0.019011792, -0.0124390945, 0.0045288755, 0.008543636, 0.0050787064, 0.03467152, -0.10004428, -0.011439544, -0.015983235, -0.03862326, -0.026484411, 0.03583369, -0.005162908, -0.0043903436, -0.022761988, 0.025615724, -0.013756101, 0.0030644399, 0.03934614, -0.011100001, 0.021566907, -0.0024608085, 0.0088609895, -0.0008679143, -0.012745641, -0.030959755, -0.009703394, 0.0039747967, 0.00025155183, 0.0018746121, 0.009491715, -0.008396506, 0.0059133545, 0.016112542, 0.0068024714, -0.025650447, -0.0018348708, -0.16546325, 0.018875392, 0.013895896, 0.015145049, 0.014324498, 0.026380206, 0.021141851, -0.0049798624, -0.021521132, -0.012438398, 0.0059688515, -0.01115046, -0.03754349, -0.0071442625, 0.019898644, 0.08556575, 0.014892748, -0.0080120815, 0.044784673, -0.0037798092, -0.008447283, -0.028112585, 0.0205152, -0.021607667, 0.022482302, -0.010625329, -0.031256553, -0.0068016383, -0.015704954, 0.028140185, -0.005504464, 0.025314238, 0.021832973, -0.0016794017, 0.00308839, -0.003397157, -0.013083141, -0.0153155215, 0.0135834, 0.017959746, 0.009365687, 0.032921232, 0.0069374726, -0.00456279, -0.012560667, -0.016986627, -0.00062190834, -0.017062709, 0.007227606, 0.015335907, -0.014914831, -0.048534617, 0.0200788, 0.005015403, 0.0034023998, -0.0018000521, -0.015518477, 0.012611811, -0.019226275, -0.022279976, 0.016714748, -0.007417241, 0.028045366, 0.004687365, -0.007770625, -0.0056294957, -0.012101029, -0.010279065, -0.01570276, -0.005816101, -0.002718546, 0.019864274, -0.018911172, -0.03461382, -0.004451554, -0.01353933, -0.0035103166, 0.017514018, -0.0114813205, 0.011199649, 0.02309752, 0.02126376, 0.010792357, -0.014562417, -0.011325334, -0.010246451, -0.013353755, -0.013733116, -0.019792743, 0.015428698, 0.020708079, -0.0034258359, -0.006314081, 0.010642936, 0.0134050865, 0.0015409357, -0.007982964, 0.0068476754, -0.006935128, -0.028787928, 0.0002273312, -0.027754473, 0.004857265, -0.011167113, 0.0068506794, 0.032099687, 0.015474061, -0.015422978, -0.002478153, -0.011911121, -0.015610855, -0.0064026867, -0.0008188721, -0.011545708, 0.00048004335, 0.01162979, 0.0024911119, 0.015821218, 0.010804564, -0.007994053, -0.001615851, -0.010261177, -0.015346058, 0.02008473, 0.008517688, 0.00516699, -0.0099097295, -0.0009506332, -0.010686649, -0.030558484, 0.012304531, 0.0038195634, 0.003081037, 0.012529534, -0.0071483986, 0.0099633, -0.012303249, 0.016035853, 0.008253797, -0.016942255, 0.021123461, -0.004196871, -0.0005939818, -0.0055546933, 0.0041841655, 0.007180464, 0.005754468, 0.0060367184, 0.011209964, 0.002544617, -0.0036607292, -0.02040981, -0.0009527189, 0.0106044, -0.0040733926, 0.008425973, 0.021795051, 0.01291219, 0.0005824848, -0.012730939, 0.012347029, 0.007116815, 0.017360155, 0.011484647, -0.0019571318, -0.008389546, 0.002663038, -0.011348059, 0.0045435093, 0.024097411, 0.003407779, 0.0150602115, -0.006922242, -0.005478438, -0.004520896, -0.0018278775, -0.0035922283, 0.0028275617, 0.0024047545, 0.011053945, 0.016919745, 0.015257284, 0.0041309297, 0.009500649, 0.011490188, 0.020513294, 0.0089020105, 0.00012599914, 0.0059961844, -0.007965052, 0.00082060427, -0.0035773052, 0.017408222, -0.024838367, 0.005984343, 0.01046734, -0.0054096836, -2.6962793e-05, -0.016192213, 0.010528004, 0.015619222, -0.009159789, 0.004670872, -0.0146211, -0.0021149379, 0.0012022558, 0.020447588, 0.0049530575, 0.00027925344, 0.005417221, 0.0052173976, 0.0061178803, 0.0063470523, -0.0031882313, -0.0004174137, 0.004899987, -0.009418155, 0.016812501, -0.0113454405, -0.0040917182, 0.0026652832, -0.00422007, -0.002162886, -0.011905984, 0.014615602, -0.011441193, 0.009206836, 0.0030113447, -0.0031094248, -0.0070624263, -0.00029573735, 0.01923207, 0.007581307, -0.014557958, -0.002773991, 0.0012854721, -5.5161407e-05, 0.0041763117, -0.0025471863, 0.0006603898, -0.019050702, -0.0017065059, 0.0037449647, -0.009445777, 0.016070073, 0.0019714464, -0.01076825, -0.0057802317, -0.008313164, 0.0054659285, 0.0054965327, 0.0059198644, 0.020999594, 0.0027770756, 0.012655929, 0.006903944, 0.0012441524, 0.0091774445, 0.0058800313, -0.009045916, -0.005909828, -0.0033622568, 0.012758763, -0.011763873, 1.6575766e-05, 0.0060102465, -0.0046242625, -0.01749132, 0.0071399016, 0.015043559, 0.0029826644, 0.00036789235, 0.010465271, -0.012435092, 0.0022222323, -0.005648799, -0.013016043, -0.013283451, 0.009717659, -0.016306372, 0.009097349, 0.0018600945, -0.019922134, -0.0015378632, 0.024104312, 0.006251001, 0.0092012035, 0.024171112, 0.008694535, -0.0271362, -0.02049113, 0.007739101, 0.018034328, -0.0036950444, 0.007645904, 0.009054787, -0.007904247, -0.019521385, -0.022394935, -0.0036315834, 0.012319717, -0.007119538, 0.009229463, 0.0022549033, 0.0009884267, 0.002417283, -4.2202988e-05, -0.00020113525, 0.014659626, 0.0054820357, 0.08969146, -0.0022601152, -0.008083924, 0.00031289217, -0.0061688256, -0.009639917, 0.003719584, -0.004473179, -0.013081253, 0.010997918, -0.0008039131, 0.016075343, -0.018129615, 0.00014382311, -0.00091329403, -0.008387819, 0.007840452, 0.004967944, -0.0063856672, -0.004009894, 0.022360347, 0.003924754, -0.00041747338, 0.016426925, 0.0118496595, 0.00207629, -0.00062840077, 0.015826004, 0.0184056, -0.00038635908, 0.007489833, 0.018516066, -0.004528039, 0.0033514015, -0.02348884, 0.0036951182, -0.012175916, 0.007357794, -0.0004903427, 0.013424916, 0.0020418093, -0.01255252, -0.009272777, 0.001993644, -0.0046494394, 0.011442228, -0.012257047, -0.0063382257, 0.00011213226, 0.010522016, 0.017299367, 0.007893304, -0.01535376, -0.005804124, -0.009071521, -0.0058141705, -0.004063099, -0.0020281274, 0.0027771492, -0.03370387, -0.00012381538, 0.013178677, -0.00034035833, -0.0023042485, 0.0011229924, -0.009235444, 0.009187446, 0.005774167, -0.014459629, -0.013309361, -0.0056183725, -0.0135167185, -0.0057258885, -0.0050480333, 0.04322592, -0.0035693648, 0.0013820485, -0.0011487843, -0.02434029, -0.0049329503, 0.0074544237, 0.0020760507, -0.003311605, 0.005390156, 0.0061590676, -0.0076921755, -0.02746271, -0.01080282, 0.022355037, -0.008740344, 0.006275654, -0.024529597, -0.0030349507, 0.00042675374, -0.003572685, 0.002034176, 0.06638084, 0.0075108036, 0.0043489793, -0.006400385, 0.0030680762, -0.0072571305, 0.0015241398, 0.0029208015, 0.012808686, -0.01002201, -0.0036391146, 0.0057352493, -0.0062912325, -0.005395667, -0.0036606626, 0.005390499, 0.013601338, -0.0029177144, -0.0075714462, -0.0047873883, -0.0023654692, -0.007264511, -0.0058198636, -0.004868913, 0.007381559, -0.00812694, 0.0027505558, 0.0046311426, -0.010118284, 0.019737314, -0.0070474893, 0.012975891, -0.020012582, 0.025995115, 0.00033256953, 0.0064293384, -2.771261e-05, 0.0058452026, -0.0008157401, -0.0012300988, -0.0038503087, 0.0060949805, 0.0111546, -0.006643072, -0.0051009124, -0.022658596, -0.0018051261, 0.02727582, -0.0009448362, -0.0014855383, 0.005821375, 0.0071087736, 0.014369484, -0.010294143, -0.0011744972, -0.011803323, -0.0011986902, -0.0049581914, -0.007973899, 0.0041191042, 0.013576207, 0.02595339, 0.025592336, -0.004205579, -0.00038065083, -0.002084836, 0.0029890337, 0.0021048533, -0.002154386, 0.002470108, 0.014177936, 0.022172805, -0.012291244, 0.010018586, 0.004795949, -0.0044508683, 0.007576747, -0.0004588012, -0.0077031627, -0.0022695889, -0.0094166035, -0.029163396, -0.0024070563, 0.010753933, 0.0027749725, -0.0004755343, -0.030940285, -0.027679449, -0.023298763, -0.0058072917, -0.008442797, -0.00971319, 0.011808201, -0.016027542, 0.003759303, -0.007808047, 0.0053592646, -0.016662568, 0.00895302, 0.005816998, 0.00937535, 0.013497711, 0.027024979, 0.017186387, -0.003690446, -0.0022257636, 0.004205824, -0.0075145382, -0.013246244, 9.00186e-05, 0.00038101216, 0.011990882, 0.0006151435, 0.0060492796, -3.9660834e-05, -0.025706861, 0.01873688, 0.0059787803, -0.0046499902, 0.014555613, 0.0050002723, 0.009031265, 0.018887956, -0.018672679, -0.007063113, -0.004687772, -0.008297829, 0.0045179506, -0.005119639, 0.011403995, -0.008691949, 0.013774698, -0.009664329, 0.0012249744, -0.023857296, 0.0076139364, -0.019362286, 0.002579393, 0.0015117485, 0.003072411, -0.013192081, -0.0031646076, -0.002050832, -0.010256652, -0.0028729402, 0.00073872565, 0.0008193743, -0.014751751, 0.01293465, -0.002450384, -0.016257416, -0.0014314993, -0.0076974393, 0.00072792143, 0.008718083, -0.012375472, 0.007479948, 0.00022765159, 0.0060135564, 0.018157996, -0.0066447137, -0.021941002, -0.0037987104, 0.024016589, 0.018878806, 0.025529617, 0.010756382, 0.011393652, 0.003296246, 0.0024015578, -0.007387833, 0.005245949, 0.014831064, -0.011761881, 0.0071688974, -0.010881071, -0.018705735, -0.010588552, 0.009383039, -0.0074228784, -0.012074876, -0.005446247, 0.025653357, 0.011362796, -0.013717074, 0.004800541, -0.011705068, 4.510251e-05, -0.004764625, -0.0012754658, 0.005817429, 0.0025944328, -0.014600527, 0.0045252843, 0.010370389, -0.011007711, 0.0026217222, 0.011588934, -0.02542012, 0.00334189, -0.012311113, 0.0005676339, -0.005696874, -0.010230195, 0.0049676956, 0.012883531, -0.0011665488, -0.020130234, -0.0021432422, 0.00027481868, 0.001804941, 0.010803648, -0.011217011, -0.0027040697, 0.025623124, -0.02752469, -0.005826008, -0.0024425464, -0.019889468, 0.012941422, -0.0016900012, 0.009436147, -0.003250275, -0.023896437, -0.014550768, -0.014578968, 0.008635956, 0.023738638, -0.00755375, -0.011106498, 0.0030652392, 8.508056e-05, -0.008249259, 0.004399977, -0.027910415, -0.011763726, -0.015399683, 0.011058021, 0.016160687, -0.0067093987, -0.0024607694, -0.012305544, -0.010016909, -0.0066167465, -0.010251236, -0.006167234, 0.009845848, -0.0052504307, -0.013613728, -0.020168591, 0.017546397, -0.010561957, -0.0068566473, -0.0104820905, -0.010682144, 0.0045034145, 0.0033995237, -0.012475728, 0.007440598, -0.0074195024, 0.0022936084, -0.005398441, 0.008419204, 0.017346773, 0.0009310351, -0.009277865, -0.00023416072, -0.0010715807, -0.01916693, 0.002046992, 0.008634611, 0.008372708, 0.011949276, 0.0024152894, 0.028865332, 0.026901135, 0.0027644355, -0.010717936, -0.0050823893, 0.0068207923, 0.015263676, -0.021200333, 0.022010049, -0.0054001347, -0.0098536555, 0.010116844, 0.0009605789, -0.012188151, -0.0029139284, 0.020010648, -0.0060023363, 0.0018657693, -0.013838399, 0.023106972, -0.0092687495, -0.004629263, 0.0035835824, -0.009886138, -0.00010428627, -0.005864412, 0.004846605, 0.012501457, -0.00047900496, -0.019690322, 0.000204571, 0.0015305551, -0.0073482166, 0.0020935587, 0.020224836, -0.00062989903, -0.010771358, -0.0011944801, -0.00784401, -0.007800451, 0.019410074, -0.006533362, -0.008562156, 0.025104526, 0.011539938, 0.0037268954, -0.012765822, 0.009316532, 0.013061317, -0.018518213, 0.0035997871, 0.014379238, -0.012633686, 0.00070626376, -0.002466155, 0.012892621, 0.0012506995, -0.018906392, 0.018270906, 0.0023735275, 0.019474654, 0.018804016, -0.002353215, -0.0097538205, -0.0008142219, -0.0048802793, -0.0035435937, -0.012886107, 0.008176557, 0.009329478, 0.0011287741, -0.011316924, -0.011148028, 0.015936019, -0.015126038, -0.006105612, 0.0032451241, -0.0017697839, 0.00036928992, -0.004273319, -0.0069238925, 0.014090854, -0.013566627, 0.0066608666, -0.011185384, 0.0010555608, -9.237777e-05, -0.014446572, 0.01008199, 0.010208066, 0.007644072, -0.0022198793, -0.100581616, -0.008499275, -0.006572499, 0.01216094, 0.0067421454, -0.014602944, 0.0026829455, -0.004748785, 0.009779028, 0.0016270805, -0.006470576, 0.0069650947, 0.012876786, -0.019833779, -0.0038464796, 0.0014565039, 0.0064532147, -0.004498295, -0.0009933858, -0.010391544, -0.0068744137, -0.013027358, 0.0022522295, 0.0024626232, 3.577228e-05, -0.014476103, 0.002070662, 0.002217476, 0.005451046, 0.022436993, 0.009218113, -0.005585337, 0.0055967662, -0.020827152, -0.006075852, 0.0065281386, 0.007087861, -9.0999725e-05, -0.13413301, 0.014367507, 0.0011119294, -0.0008943897, -0.012845817, -0.012359752, 0.0035256776, -0.002394859, -0.009767343, 0.00799681, 0.013167768, 0.001362645, -0.005860027, -0.007200568, -0.012664404, -0.014310082, -0.005330813, -0.026245741, -0.004304823, 0.012209843, -0.011056711, 0.0025109414, -0.0042519625, 0.0050135422, 0.010589502, -0.0048024175, -0.008049045, 0.0106893685, 0.02669776, 0.006089199, -0.0052858065, 0.0056977496, 0.009274858, 0.00051784754, 0.0035725958, -0.0010642312, 0.0062747356, -0.02086421, -0.002129815, -0.004261517, 0.0037415721, 0.01018161, 0.0022937164, 0.008583817, -0.0035011882, 0.007988376, -0.014338005, 0.00023625488, -0.019480705, 0.0027060276, -0.015768105, 0.0076977187, -0.011741068, -0.016025739, 0.017868916, 0.0063895253, 0.020271206, -0.023802154, 0.010971058, 0.008689402, -0.010584216, -0.009083397, 0.015345047, -0.0015201789, 0.022629987, 8.1212725e-05, -0.00038610093, 0.012829292, -0.003291091, 0.011958927, 0.011825802, 0.01529947, -0.01669841, -0.011003393, -0.009957826, 0.0026086862, -0.0074648634, -0.0020441443, 0.006075177, 0.01451657, -0.0046038674, -0.012299796, -0.0148053495, 0.01232931, -0.0076353056, -0.001299445, 0.038061284, -0.0010560516, 0.009173166, -0.06337465, 0.0072735385, -0.011821353, 0.0262317, -0.0069582844, 0.012554855, 0.0026495077, 0.010412084, 0.00041662296, -0.005376034, 0.0032552294, 0.0012468871, -0.01231015, 0.016530449, 0.005832334, 0.026304863, 0.0018103934, 0.0051534176, -0.021088792, 0.02762303, -0.022361482, -0.02795739, 7.8046985e-05, 0.013531229, 0.0010152474, 0.010227357, 0.006306219, 0.014013116, -0.013509575, -0.0021555396, -0.0008486736, 0.003511791, 0.00349759, 0.022574445, 0.0020567162, 0.018459737, 0.011739039, -0.015066422, 0.012424431, -0.015397427, -0.0016892324, -0.008077091, 0.009871313, 0.011609793, 0.026372109, -0.011309899, -0.016495323, -0.006770918, 0.0034060206, 0.024321252, -0.008703278, -0.0012948372, 0.011773988, 0.015341039, 0.01692311, -0.0078910375, 0.00698261, 0.010851318, 0.0040780795, -0.003347632, 0.010345355, -0.006905778, 0.006741709, -0.016856164, -0.0070742653, 0.014771875, 0.008383898, 0.009056112, -0.011447096, -0.0027178922, -0.014862649, 0.011186745, 0.0085267695, 0.009809244, -0.004367806, 0.020060252, -0.003258108, -0.008552449, -0.021091696, -0.016098145, 0.017370604, 0.013809064, 0.011851118, 0.0048655174, 0.0066469125, -0.0107812835, 0.009113829, 0.009458792, -0.004472236, -0.0037514106, 0.0024076623, -0.010929212, 0.0032242204, 0.007995754, -0.01574323, -0.014931055, 0.012187903, -0.0069743167, -0.0010678732, 0.0066957865, 0.014016005, -0.005261071, -0.014763155, 0.0051531103, -0.0145349465, -0.00176403, 0.006718637, -0.004698865, -0.021832526, -0.007962485, 0.008235196, 0.030489502, 0.01182907, 0.020777926, -0.16040942, -0.009990464, -0.006538806, -0.015386639, 0.0002623222, -0.024659066, -0.010521364, -0.007971103, 0.017917318, -0.006618195, -0.017317476, 0.007856951, 0.0051399944, -0.00091390143, 0.007272232, 0.009556127, 0.02189935, -0.004694104, 0.0056188325, -0.008007006, -0.008289496, -0.004273864, -0.007896079, 0.016349709, 0.008937326, -0.014266088, 0.028469475, -0.0019605306, -0.0062521677, -0.0070479433, 0.0002982912, -0.0018092454, 0.017342059, 0.006148603, -0.0016454633, -0.005155518, -0.005500621, -0.002382214, -0.010672716, -0.0028572166, -0.00085739983, -0.0036961343, -0.0044842404, -0.01613559, -0.0075695473, 0.016594846, -0.018621106, 0.0019263577, -0.0023457499, -0.009673114, 0.0027820447, -0.0032367024, -0.00027026035, 0.012410406, 0.010770357, -0.017404847, 0.029604906, 0.033504747, 0.013327453, -0.004649095, -0.0037588035, 0.0005632589, -0.004172543, -0.005827778, 0.025046038, -0.021423673, -0.0055665346, 0.14937559, -0.026188463, 0.00340358, 0.014906644, 0.0013331337, 0.009097649, 0.019121692, -0.004370235, -0.0020598907, 0.0023063594, 0.014398466, -0.000753916, 0.00022349767, -0.004588631, -0.019513633, -0.01858483, -0.01570176, 0.0024262005, -0.0107680885, 0.010743692, -0.03226895, -0.015465916, 0.0036400037, 0.004179669, -0.004279375, -0.0031624162, -0.010396968, 0.0036350663, 0.02004345, -0.0019766823, 0.008324158, 0.0073964554, -0.009179078, -0.0032707406, -0.0019749631, -0.017296974, -0.0019362322, -0.003243308, -0.011343556, -0.017597351, -0.004738987, 0.0081113735, 0.008366809, -0.027764622, 0.009758453, 0.01658115, 0.010767989, 0.008554691, -0.009078245, 0.003967151, -0.0268012, -0.0033282626, -0.011728623, -0.0049347086, 0.00023452136, -0.02157868, -0.038767487, 0.017901707, 0.02553107, -0.011359546, -0.0035498806, 0.006623387, -0.030916918, 0.0064096153, -0.013276783, 0.00028669002, -0.0020033787, -0.011241695, -0.015935598, -0.10698424, -0.0018688495, -0.019636959, 0.012175481, 0.0042688325, -0.00014697561, -0.013663445, 0.010095665, 0.022247748, -0.007747221, -0.012601749, 0.022800779, 0.014021952, 0.014215296, 0.006211626, 0.02442423, 0.00823128, 0.040353563, 0.02658161, -0.009432994, 0.0052699563, 0.01261908, 0.0004428817, -0.01513183, -0.013386051, 0.008131898, 0.017792929, 0.016765958, 0.0023137915, -0.009621494, 0.0050800084, 0.010941226, -0.02450871, 0.016559683, -0.0013079308, 0.0081520835, -0.011717125, 0.012263519, -0.01312856, 0.008186391, 0.015372826, -0.0076520853, -0.000112541136, -0.023497062, -0.0006040082, -0.005302729, 0.0019176172, 0.006939538, -0.0009923665, 0.0031472933, 0.019481845, 0.001148398, -0.014848939, 0.0064172857, -0.009981976, 0.032472413, -0.009118131, -0.027421454, 0.027001174, -0.013353745, 0.03476455, 0.014476659, 0.0082383165, 0.006946122, 0.016716523, 0.007911912, -0.010956687, -0.012151831, 0.024493488, 0.0091696745, -0.013933851, -0.029693106, 0.0043025743, -0.01473467, 0.014822752, -0.0058183167, -0.0025779596, -0.0041866302, -0.024181228, 0.0064358423, 0.0066334708, 0.014978735, 0.024127489, 0.0049243686, 0.01875053, -0.042096283, -0.020438477, -0.015261726, 0.0065476354, -0.0037116108, 0.009596158, 0.0066601974, 0.0027215015, -0.018343551, 0.012978188, 0.018902434, -0.0006949477, -0.0045978804, -0.00889409, -0.0059034685, 0.003169568, -0.012091391, 0.006892226, -0.013335636, 0.011028251, -0.0017549224, -0.023264393, -0.0094818855, -0.01782214, 0.012516747, -0.007590576, 0.030047942, -0.01762072, 0.0065606227, 0.008253843, 0.022147069, -0.0011076555, -0.016883105, -0.00813384, -0.020876378, 0.011410566, -0.01236098, 0.01068021, -0.005298451, 0.005250651, 0.0063860174, -0.016883988, 0.008630657, 0.012283278, 0.01806983, 0.011628086, 0.020547664, 0.0036488487, 0.0026857476, 0.016773863, -0.003927315, 0.0009268038, 0.031201113, 0.0011017784, -0.017514605, -0.008412466, 0.033427276, -0.0041692187, 0.031274185, 0.0058806576, -0.0016345916, 0.002042721, 0.0034922753, 0.029092176, -0.019760687, -0.0012386121, 0.005222236, 0.0021055911, -0.0008015792, 0.027202941, 0.006449928, 0.0091796685, 0.0019143936, 0.0053757075, 0.00034495562, -0.018220512, 0.009537532, 0.011504156, -0.015354451, 0.0065396796, -0.012384616, 0.0009213523, 0.0005458112, -0.023546865, -0.019316703, -0.01414024, 0.004882499, 0.0012278985, -6.572935e-06, 0.0023774973, 0.0002698993, 0.009241826, -0.0028981275, -0.019749183, -0.06396904, 0.022115894, -0.0051213494, 0.018898034, -0.0059406976, -0.0009932658, 0.0056812954, 0.030558351, 0.003774015, -0.009861424, 0.0020232447, -0.006390239, 0.015272876, -0.017985033, 0.005461269, -0.008113909, -0.006779105, 0.014846317, -0.0047076778, 0.0065743206, -0.0027291311, 0.011108647, 0.015036815, 0.004307296, 0.0022124662, -0.0053699594, -0.010680634, 0.02892672, 0.003340546, 0.0011835031, -0.014341631, -0.0026154318, 0.002759872, -0.027680451, -0.018408922, -0.005614681, -1.3494638e-05, -0.011614018, 0.017859824, -0.07958918, 0.0075885737, 0.0029270605, -0.0538825, -0.014933034, 0.028342457, 0.012202551, 0.002944011, 0.01190173, 0.0022953865, 0.0028232436, -0.00023177352, 0.0011220454, -0.006940118, -0.023177177, 0.008148037, 0.004514124, -0.021448463, -0.007142104, -0.02922616, -0.0067809434, -0.020384662, -0.012162581, 0.0075629675, -0.0030132022, -0.005914974, 0.039731517, -0.0035877216, 0.027446216, -0.0019491876, 0.031408176, -0.0071939332, -0.009384424, 0.010049867, -0.0107698, -0.0055712564, -0.005831384, 0.007296187, -0.001520048, 0.011070428, -0.0002524922, -0.015427256, -0.00086572947, -0.010641772, 0.052844666, 0.01679038, -0.014270318, -0.019935159, -0.08484918, 0.008522366, 0.005380976, 0.00031991518, -0.004388057, 0.004834247, 0.0008353836, 0.054007396, -0.0055859606, 0.003980946, -0.0030976045, -0.013723116, 0.00819642, 0.0050646923, -0.021354737, -0.011377332, -0.016218914, 0.00071592437, 0.015056775, -0.005049269, 0.021527031, -0.008147347, -0.0012948577, 0.021072218, -0.0045033074, -0.062211357, 0.002343281, -0.002231364, 0.007601636, 0.016271498, -0.007355887, -0.0010242541, -0.0076230825, -0.016982092, -0.0021433574, 0.005397143, -0.0076765055, -0.010013477, -0.0012662928, 0.03454307, 0.011503534, 0.015580249, 0.009567373, 0.02855813, -0.010554801, -0.010441995, 0.008824098, -0.00036696068, -0.022699552, 0.018137509, 0.005535289, -0.013255296, -0.0002506947, 0.004465454, -0.0039546387, -0.0076452144, -0.006327722, -0.035434805, 0.013370558, 0.008317994, -0.020744352, -0.014076873, -0.00036536867, 0.0039779805, -0.00851406, 0.01417482, -0.011897552, -0.003281576, 0.0002518773, 0.02368295, -0.0022463605, 0.009986092, 0.02559329, -0.016970905, -0.004593837, 0.00037659032, 0.0034228577, -0.0023774316, -0.017215282, 0.0010859153, -0.015727432, -0.0018223044, 0.011856702, 0.0015075002, -0.0014498025, -0.0027794105, -0.010361917, -0.0021038032, 0.015705153, 0.01239563, 0.0026822616, -0.005543438, -0.0038263649, 0.004092067, -0.012994933, -0.00072073593, 0.0007734752, -0.003796852, -0.0014800612, 0.0056485604, 0.008376692, -0.037625488, -0.018190563, -0.019277196, 0.015152341, -0.004469352, 0.00017038824, 5.6239696e-05, -0.0037764402, -0.008253589, 0.0076735057, -0.012214273, 0.008870417, 0.0007256068, -0.021570034, -0.0014462683, -0.009509075, 0.018223803, 0.0106073525, -0.015418122, -0.013283255, -0.008965198, -0.02605561, -0.023807475, 0.011220855, 0.010826847, -0.010238556, 0.012572631, -0.013157581, -0.0062564234, -0.0036108561, 0.023380468, 0.016394002, 0.0006823883, 0.0022364159, -0.013418464, -0.017099593, -0.0052018086, -0.0079328315, -0.015516482, 0.0059615, -0.012470168, -0.008473742, -0.00540444, 0.028801383, -0.015538538, 0.00016105892, -1.6408432e-05, -0.017520659, 0.0033681404, -0.009804899, -0.0072813723, -0.004309132, -0.028449733, -0.023870975, 0.020619866, 0.0022539988, -0.029901426, 0.014917671, -0.0038491597, 0.01346669, 0.0028959042, 0.014732389, 0.0027369556, 0.00062943884, -0.02369497, -0.0120876245, -0.020204639, 0.0018440684, -0.017933408, 0.009524188, -0.004331835, -0.011518764, 0.0014529156, 0.015053699, -0.009123239, -0.006235088, 0.027766801, 0.0071921404, -0.026154427, 0.019926827, -0.0065741953, 0.00048627716, 0.013657868, -0.012443279, -0.013676037, -0.0027480733, -0.014708329, 0.014746698, 0.01970474, -8.645525e-05, -0.007475191, 0.012287284, 0.014891039, -0.0024270331, -0.00079217367, 0.004657807, -0.0012801742, -0.008753503, 0.0074227476, -0.0104252985, -0.0035710516, -0.006634324, -0.025530517, -0.021082666, 0.007010843, -0.010667365, -0.017946895, -0.021736443, -0.018486165, -0.010760113, -0.0071022203, 0.003030253, 0.0051834295, -0.012689177, -0.019992653, 0.01772195, 0.008906384, 0.013787845, 0.018624587, 0.016932027, 0.02947135, 0.007989114, -0.005009585, -0.00094640633, -0.025551215, -0.022556268, -0.008587143, 0.007793938, 0.008506948, 0.0076068966, 0.014281409, 0.0076382803, 0.004297375, 0.003982303, 0.0040715854, -0.018173652, -0.0024713017, -0.001207294, -0.019450406, 0.0023931374, 0.018297926, 0.020098047, -0.008742983, -0.013257046, -0.024625158, -0.02628097, 0.0031852047, -0.00954199, -0.022431629, 0.00390575, 0.00834512, -0.025365148, 0.0017235234, 0.008787319, 0.014215432, -0.0041949335, 0.010033012, 0.017496774, 0.0049293768, -0.01656447, -0.0116778305, 0.0077408077, -0.012309481, -0.020581309, -0.010384878, 0.02203665, 0.021082362, 0.015047627, -0.015888702, 0.017718364, -0.013811261, 0.0051374757, 0.008326297, -0.016983677, 0.008606264, 0.005302333, -0.0050202846, -0.006271674, 0.02875606, 0.0026010938, -0.01399356, 0.025912434, 0.02491965, 0.023221545, 0.022436116, 0.028911179, 0.0073110545, -0.003277857, -0.019957634, 0.016381301, -0.016834034, -0.0012599974, -0.008389036, -0.026366739, 2.5167015e-05, 0.022173472, 0.00066619326, -0.01021362, 0.016174804, -0.0066156345, -0.008544805, 0.028528888, 0.0036550984, 0.012360855, 0.012926982, 0.012417463, -0.005209242, 0.021653019, 0.021320706, 0.0017374692, 0.0074228006, -0.008136385, 0.0185779, -0.009767172, -0.022238184, 0.0003117635, -0.00800517, -0.0066667763, 0.001980086, 0.01824102, -0.0025957061, 0.005522553, -0.019512907, -0.002768005, 0.00489912, 0.0074079446, 0.0020864669, 0.0032204087, 0.0062176017, 0.014215576, 0.00624551, -0.0054980377, -0.022089208, 0.010177013, -0.0114793405, 0.011257708, -0.011684468, -0.009382139, -0.00013338415, -0.007525669, 0.01382905, -0.00036265783, -0.012443824, 0.0040394976, -0.011655969, 0.0072675287, -0.027271094, 0.023424378, 0.011330878, -0.0052443813, 0.0145299835, -0.0046256487, 0.0055766073, -7.198516e-05, -0.0069860993, 0.011313515, -0.0004939607, -0.019899776, -0.0026349796, -0.0012084704, 0.004901723, -0.008524994, 0.013923801, -0.044017047, 0.005284917, -0.0066804173, -0.005846442, -0.0022973113, 0.021990487, 0.001478704, 0.003493036, -0.027792774, -0.004037192, 0.009644042, 0.0069479384, -0.0018515494, -0.000878853, -0.0011409308, 0.020412816, -0.027275214, 0.016155329, 0.033297278, -0.005166245, -0.004845744, 0.010369121, 0.0106599135, 0.0153312925, 0.007894083, -0.014630162, 0.0054005757, 0.026877081, 0.018653465, 0.007882387, 0.02548598, -0.008925234, -0.027578423, -0.009688974, -0.0060545043, 0.013782396, 0.025803387, 0.0021664607, 0.0021351527, 0.012577143, 0.028110616, -0.003262651, 0.012899183, 0.009683659, 0.043797802, 0.0095884865, -0.00986651, 0.0071536936, 0.020523185, -0.010873711, -0.03173613, 0.023351585, -0.006551513, 0.00042622336, 0.0025850784, -0.028566213, 0.013176408, 0.006379588, 0.015800318, 0.0051000468, 0.0031547083, 0.027104495, 0.013383247, 0.0054076724, -0.019620972, 0.016694713, 0.00076950906, -0.03087611, -0.005148182, -0.0026620987, 0.014150926, -0.007180657, -0.0022139933, -0.0017878927, 0.003068286, 0.019900668, 0.017384995, -0.0071755415, 0.0053478987, 0.0098619275, -0.014924837, -0.024149444, -0.028053435, 9.7007716e-05, 0.007468723, -0.02226229, 0.035785865, -0.001619199, -0.0032414796, -0.00062956556, -0.011308631, -0.010145106, -0.016431415, 0.0021595221, 0.012817777, -0.008508237, -0.024111036, 0.0034672727, -0.0076660714, -0.0057679317, -0.028048959, -0.013852393, -0.035964806, 0.0061998563, 0.009460539, 0.0007898324, -0.024891613, -0.0060189897, -0.053875394, -0.004400655, -0.0030109347, 0.0117878, -0.0064447564, -0.004095392, 0.009016275, -0.030580984, 0.0128427455, -0.014136195, 0.010576226, 0.020169498, 0.013114185, 0.00018907971, -0.021033768, 0.0017284799, -0.011055819, -0.012243138, 0.0041842735, -0.022453208, 0.009054624, -0.028655725, 0.012519583, -0.016497942, -0.00086503266, 0.03609788, -0.007036901, -0.024633842, 0.008212988, -0.017446151, 0.0053030117, -0.012324523, -0.000524545, -0.0054913107, -0.004268431, 0.021417473, -0.010208101, -0.013898892, -0.011310021, 0.0008057063, -0.00014251059, -0.0045646382, 0.011577832, -0.011339937, 0.0074484856, -0.0062584947, -0.007246818, -0.008765656, -0.0032302134, -0.009050018, -0.012726515, -0.028779285, -0.011929567, -0.0014684104, -0.009041585, 0.0054001515, 0.010570062, 0.017822297, 0.004561645, 0.009593398, 0.0038323612, -0.024298308, -0.0008406698, 0.026424712, -0.009256764, -0.010783694, 0.0042746593, 0.013825259, -0.0008184298, 0.017830135, 0.0013393103, -0.0057630455, 0.031920053, 0.011452189, -0.005072327, -0.0013189132, -0.0037650832, -0.002214815, -0.008657598, -0.014498842, -0.010725179, -0.0031604832, -0.032173786, 0.00025252692, 0.0016638024, 0.0051858765, 0.016488548, -0.003840166, 0.0006653165, -0.008077801, -0.00014016277, 0.016374227, -0.008336479, 0.018427106, -0.008272366, -0.011396863, 0.0034938348, -0.015133864, -0.023027841, -0.013484256, 0.027701732, -0.011231688, 0.009439782, -0.011894105, -0.008353766, -0.007665903, 0.0022784069, 0.005446356, -0.004498214, -0.009054552, -0.0032412743, 0.007560375, -0.023084093, 0.015244122, -0.016499246, 0.018019198, -0.014738511, 0.0006809155, -0.011019303, -0.0018317185, 0.004199342, 0.0037425894, 0.005039853, 0.009428486, 0.0005081639, -0.0077514886, 0.0046742903, -0.018540194, 0.02315423, -0.01042098, 0.014280272, -0.034404833, -0.0038999773, 0.004035976, 0.0074810586, 0.011279911, 0.012457426, -0.01855227, 0.003576441, 0.08116422, 0.0057806834, -0.019879667, 0.025359202, -0.00049674296, -0.007731637, -0.012136381, 0.0016966978, -0.028988268, 0.0037804067, 0.0094329445, -0.0015912402, -0.005792907, 0.013768438, -0.002016464, 0.013170014, 7.618448e-05, -0.017342022, -0.005681784, 0.0044373875, 0.018174423, -0.013062565, -0.0023974236, 0.003586805, 0.011218479, -0.004866856, 0.015001056, 0.025598967, -0.015675204, 0.00014723804, -0.0059386, -0.002902021, 0.015004923, -0.0050299587, 0.01781503, 0.014606941, 0.0041798167, -0.03409141, 0.0038834705, 0.010611187, -0.009981309, -0.022205409, -0.025975095, -0.0047378507, 0.011331539, -0.011476908, -0.007485562, 0.007784251, 0.0034754688, -0.0076022227, -0.0142874075, 0.00993987, 0.011935463, 0.0064252997, -0.022362992, -0.025571413, 0.006777379, 0.022739103, -0.013959647, 0.0030716625, -0.013782595, -0.005625492, 0.015008116, 0.011306536, 0.015327435, 0.006666592, -0.0048377183, 0.0075299805, -0.01348222, -0.031031672, -0.00020404474, -0.005023491, -0.01080153, 0.0006283719, -0.012357178, 0.16911559, 0.13502632, 0.0016105762, -0.0021495128, -0.0036737095, -0.002132949, -0.0036174424, -0.02635842, -0.0058417413, -0.027933368, -0.01675114, -0.019285683, -0.0024527689, -0.002828789, -0.006208102, -0.004196172, -0.010654929, -0.019260831, 3.0175654e-05, 0.02761905, -0.030631866, 0.006470411, -0.016265266, -0.011891819, -0.021150699, 0.006848237, -0.007808345, 0.0024237498, 0.014493845, -0.013175912, -0.026549, -0.0041771266, 0.0045738905, -0.008260856, 0.02438232, -0.0028536627, -0.0083174575, 0.018455261, -0.009160789, -0.0026981437, 0.023914723, -0.013053283, 0.009611906, 0.018708287, 0.0095873615, 0.0069762752, 0.014673625, 0.009857208, -0.012030439, 0.015116061, -0.0051361425, 0.0005262797, -0.0121242395, 0.008442191, -0.025501003, 0.021859586, 0.008782934, -0.01873622, -0.0019296211, -0.003463758, 0.010274267, 0.026476813, -0.0057797884, -0.0045861034, -0.0009494964, 0.009861191, 0.00080807623, 0.017425798, -0.009890101, -0.014995077, 0.007662188, 0.018697333, -0.0040938645, 0.011189537, -0.016172409, 0.013257515, 0.02139919, -0.021509252, 0.008460018, 0.0032558832, 0.009059568, -0.002872785, 0.025618536, 0.019827563, 0.011601666, 0.002060415, 0.018059779, 0.009101333, 0.09824188, 0.009922768, 0.0031967221, -0.0072324616, 0.010992926, -0.002780227, 0.0061527886, 0.043009747, 0.02409826, -0.012151431, 0.02382343, -0.0070083174, 0.009571084, -0.032341503, 0.005112325, 0.004272674, 0.012240769, 0.044223506, 0.013967687, 0.0017813846, -0.0044546155, 0.007323148, -0.0027537833, -0.007036476, -0.010315896, -0.014656696, -0.017359385, -0.006374582, 0.0041555273, 0.026252793, -0.09123622, -0.0063081346, 0.02517242, 0.005920609, 0.0048108613, 0.022170106, -0.012564734, -0.017822793, 0.00820799, -0.0022954757, -0.010940106, -0.0049988576, 0.008605465, -0.034862734, -0.00949672, -0.00249916, -0.0071660145, -0.006232437, 0.0025133544, -0.009866606, 0.0028122813, -0.014850123, -0.008944504, -0.0019525104, 0.016473042, 0.019790359, -0.012875451, 0.023692107, -0.006516436, 0.012099192, -0.010873097, -0.0049944436, 0.0031897638, 0.013736842, 0.017374916, 0.0068377634, 0.018535292, 0.032668613, 0.0031453636, -0.014779432, 0.004131114, -0.016020136, 0.003888815, -0.043855377, 0.00241959, -0.007984224, -0.029851088, 0.0022730744, 0.0038500412, -0.0019062434, 0.01935247, -0.003321718, 0.008499823, -0.009229808, 0.015681557, 0.012321407, -0.0038282648, -0.0025057343, 0.024599245, 0.008212705, 0.006690787, 0.014854447, -0.0020494843, -0.0015749785, -0.0130742425, -0.011721025, 0.010366385, -0.009894769, -0.022043927, -0.003930381, -0.0073164217, -0.006634167, -0.014010165, 0.024887737, 0.007868011, -0.0073173577, -0.029183917, 0.00020809186, -0.017049113, 0.004061908, 0.008358252, -0.015925491, 0.0008762754, 0.13093992, -0.009641296, 0.011576026, -0.003412116, -0.0074814977, 0.035607878, -0.0050631054, -0.018484645, 0.00407006, 0.026178766, -0.004117021, 0.0067098723, 0.0036074799, 0.0063585876, -0.00065636897, -0.014806163, -0.0025136254, -0.008376955, -0.029185662, -0.018304072, 0.008989846, -0.01602157, 0.026760254, -0.006412015, 0.0058832644, 0.039001055, 0.004152129, -0.0022369844, -0.0004408324, 0.008810697, 0.0016900093, -0.025072392, 0.0026607804, 0.0051950007, -0.00804429, 0.0016874851, -0.00802245, 0.024616914, 0.00082064985, 0.0044330317, -0.0016049896, -0.00513619, 0.009575638, 0.014058522, -0.039003313, 0.19254689, -0.0060529998, 0.00847121, 0.0043508867, -0.0017670208, -0.004578221, -0.0040059867, -0.014069144, -0.013380128, 0.0056403438, 0.012652988, -0.0064892406, 0.009759879, 0.0042748847, 0.013161689, 0.00035539045, -0.004845994, 0.0033834907, -0.034909893, 0.010768434, 0.0129208015, -0.010660319, -0.00369575, -0.00010427681, -0.0022709987, 0.03959035, 0.025913395, 0.007213616, -0.0026811997, 0.005576098, 0.010077966, -0.0055741016, 0.019782156, 0.017057123, 0.01886669, 0.0026719964, 0.0073009436, -0.0048879185, -0.0008401876, 0.0058533386, -0.0033520248, 0.020925736, 0.0064311735, 0.030073117, 0.006017995, 0.000854658, 0.012058981, -0.006728371, -0.008735863, -0.0021035634, -0.0041500777, -0.0051880097, 0.032672234, 0.0030439114, -0.009843978, 0.004009728, -0.018489713, 0.0023535227, -0.0039452524, 0.005044239, 0.010803492, 8.7149005e-05, 0.0019244762, 0.012408417, 0.0036801856, -0.011442503, -0.01304709]"
Derechos humanos del PJ supervisara el contenido de Tribuna de Campeche,https://oem.com.mx/elsoldemexico/img/25509381/1756657575/BASE_LANDSCAPE/1200/image.webp,Campeche,La medida fue aplicada tras la demanda de la gobernadora de Campeche Layda Sansores a Organizacion Editorial del Sureste por el delito de incitacion al odio,https://oem.com.mx/elsoldemexico/mexico/derechos-humanos-del-pj-supervisara-el-contenido-de-tribuna-de-campeche-25508969,"[0.017533714, -0.00043655973, -0.012231496, -0.07435457, -0.020915918, 0.028733788, -0.007064656, 0.026219329, 0.025823662, 0.010278425, -0.013483899, -0.007581612, -0.020698754, -0.00458696, 0.11693076, 0.0076319743, 0.012672963, 0.0091590835, 0.023688212, -0.014228476, 0.017381826, -0.03292799, -0.008331163, -0.0046579344, 0.014501639, -0.00074916915, 0.03195931, 0.004789167, 0.03196111, -0.016196566, 0.000466947, 0.036464952, -0.00842936, 0.0052303076, 0.0076972344, 0.01895087, -0.004114553, -0.008066459, -0.000713427, 0.031101359, 0.007135463, 0.014484955, -0.021704791, 0.00040720985, 0.043106835, -0.00624534, -0.0008817278, -0.022006957, -9.8571014e-05, 0.03047239, 0.031408545, -0.022553438, -0.004837368, -0.15532474, -0.00382164, 0.0040698647, -0.0072088838, 0.0040646303, -0.009957223, -0.016219137, -0.034515444, 0.03787585, -0.026440307, -0.036005482, 0.0006138822, 0.016498087, -0.0066487337, 0.002837457, -0.02801991, 0.004475179, 0.0124451, -0.001319353, 0.011071955, 0.019519515, -0.00888387, -0.005503513, -0.0004913464, -4.3240296e-05, -0.013173738, -0.026887808, -0.014551479, -0.00978509, 0.024947828, -0.011340385, -0.030970752, 0.022029812, -0.0023816498, -0.011548882, -5.3791333e-05, 0.02021628, -0.017028326, 0.013483472, -0.014428389, 0.003481505, 0.010604358, -0.009527378, -0.014288605, -0.0065734005, 0.013851257, -0.020915778, -0.030561687, -0.018198453, 0.0043654693, -0.006193403, 0.007819928, -0.020037396, 0.010756408, -0.038176917, -0.0028354975, 0.02376057, -0.0022793536, -0.00246834, -0.005012228, -0.01691841, 0.0074253017, -0.14111614, 0.002934754, -0.002509497, -0.015557255, 0.017881827, 0.0078007975, -0.0019576314, 0.033257283, -0.0052467952, -0.017942913, -0.02125467, 0.025904896, 0.026480103, -0.034358986, 0.020546988, 0.027962822, -0.029624792, -0.025536053, -0.0001573662, 0.01292705, -0.00910413, -0.041286938, -0.026027044, 0.008325356, -0.0026445615, -0.022186011, 0.012295197, 0.006299439, -0.01068028, -0.038480952, -0.006741899, -0.0019069347, 0.0068508903, 0.0030071824, -0.011488177, 0.022521472, -0.003183436, -0.035942934, 0.01340723, 0.01375662, -0.0032970605, 0.0015029495, 0.012814096, -0.025561253, 0.00046165218, 0.008294933, -0.005038424, -0.0009289155, 0.0181185, -0.014224193, 0.023391997, 0.0047993883, 0.029112767, -0.010431686, 0.004926964, 0.014379786, 0.0024444922, -0.0015415914, 0.0037843972, 0.02470325, -0.006199003, -0.015775604, 0.010045888, 0.004798518, 0.026551958, 0.00062996626, 0.0025743933, -0.013318861, 0.024468211, 0.006892241, -0.027133977, 0.0038792586, -0.019015808, -0.017368354, 0.02185921, -0.03620088, 0.0043776752, 0.013868469, 0.010702094, -0.005260821, -0.0026937309, 0.0049230903, -0.023044664, 0.022661816, 0.00833415, 0.024663316, 0.0106009105, -0.022008188, -0.007442403, 0.016457427, -0.0005626531, -0.023927264, -0.007910744, 0.026339037, -0.002956353, 0.014158124, 0.037067145, -0.011994773, -0.014330244, 0.017919846, -0.020206332, -0.002272625, 0.0062305685, -0.02785289, 0.017371481, 0.012709372, -0.010582965, -0.035040535, 0.017429374, -0.008006796, -0.011208399, 0.027408056, 0.016976228, 0.0051731323, 0.012641111, 0.037103232, 0.0064615947, -0.0018362469, 0.024154829, 0.014498972, -0.023186866, -0.0028019825, -7.298989e-05, 0.013915162, 0.011272293, 0.0052878996, 0.008887543, -0.014164167, 0.009468781, -0.013112274, 0.014652509, -0.015469779, 0.0019963991, -0.023220917, 0.0043975567, 0.0066923182, 0.024047697, -0.0009987819, 0.012374164, -0.007693419, 0.013561788, 0.0038377098, 0.002139127, 0.01252942, -0.014415036, 0.017712241, 0.0058642947, 0.0068512307, 0.013785662, -0.019925755, -0.0037803263, 0.019457914, -0.00844479, 0.0035401024, 0.00081630686, -0.004464397, 0.009564383, 0.021721741, -0.020617077, -0.022529196, 0.007003212, -0.0503624, 0.030865083, 0.03853398, 0.007542847, 0.004462759, -0.0032780813, 0.013441577, 0.011317433, 0.02125241, 0.0077287266, 0.007850699, -0.010345372, 0.013035511, -0.027436757, 0.026217226, 0.0065542934, 0.003131555, -0.002681348, 0.008114828, -0.0001549846, 0.021199713, -0.0058063185, -0.013726239, -0.00067225634, 0.004900436, -0.0012343326, 0.04766706, 0.051192056, -0.007940589, -0.039488662, -0.021671982, -0.026774058, -0.022868538, -0.020005722, -0.00043732484, -0.00699667, -0.0061594136, -0.0046726125, -0.024682181, -0.010307343, 0.023044905, -0.02979274, 0.008239566, 0.017809402, -0.027332751, -0.017268952, 0.014611523, -0.021311885, -0.0074982345, 0.0020636942, 0.012785728, 0.008198473, 0.025155906, -0.0021787486, -0.008303888, 0.0049242973, -0.005862348, -0.0026764732, 0.001269441, 0.01921656, 0.005359159, 0.01658569, 0.032966834, 0.00023893073, 0.008806521, -0.03669885, -0.0060025225, -0.0149591295, -0.0117021585, 0.028015634, -0.007988885, -0.020192776, -0.0014586977, 0.0018681892, 0.025622915, 0.026411295, 0.0054521775, -0.0027038385, -0.028516207, 0.01576848, -0.0032478229, -0.014991163, -0.024133861, 0.0057747797, 0.016087083, 0.031011788, -0.012725533, 0.025443627, 0.003512816, 0.00150968, 0.014366818, -0.0073048314, -0.019280843, 0.014020551, -0.01724233, 0.009906873, -0.002555757, -0.01822047, 0.016882299, -0.00852858, -0.0033818178, -0.01689795, -0.002719956, 0.014959655, 0.02006195, -0.033211377, 0.02780558, 0.01875361, 0.012514813, 7.590367e-05, -0.02112713, 0.0041790376, 0.027895307, 0.009490699, 0.0041373754, 0.028113402, 0.017095057, -0.004940383, -0.0247772, -0.0039772927, -0.03867906, -0.0025965616, 0.017211698, 0.025820723, -0.0024811574, 0.008956732, -0.015513646, -0.01716484, 0.0026983977, 0.023569062, -0.028115317, -0.033153724, 0.013852426, -0.010586423, 0.004771061, -0.011163717, 0.0032210196, -0.019902097, 0.0020198259, -0.0069292644, 0.007856184, -0.008395142, -0.013079236, 0.017693665, 2.9145704e-05, 0.012781718, -0.009881185, 0.03149897, 0.0076732496, 0.0110132275, 0.0054302122, -0.03693503, 0.006134461, 0.00032860358, -0.010046896, -0.00640647, -0.022497447, -0.012153112, 0.006952551, -0.01714387, -0.026352478, 0.008869043, -0.04092712, 0.01514149, -0.027218122, 0.030243885, -0.016447617, 0.033745848, 0.037923533, 0.014491808, 0.00074293755, 0.003655919, -0.0199601, -0.015000964, 0.046135098, 0.008853626, 0.000956584, 0.006012416, 0.0006306553, 0.01817105, -0.008423963, -0.020407591, 0.0117412545, 0.011635528, 0.011034839, -0.013823211, 0.029492706, 0.022554029, -0.0025628218, -0.002912556, -0.0054856655, -0.0014383546, 0.010920364, 0.016086806, -0.039012313, -0.023910666, -0.010781398, 0.0018222197, -0.009561812, 0.003831702, -0.011487486, 0.0017943068, -0.019020451, -0.0032805605, 0.018329944, -0.0054418975, -0.030314444, 0.0012323742, -0.008034246, 0.033903092, -7.570614e-05, 0.0040039774, 0.00276856, -0.019015083, 0.0143203065, -0.007061839, -0.018451147, -0.02854661, -0.008719932, -0.014524814, -0.005717407, -0.010100153, -0.0042695664, 0.013871907, -0.0072589805, -0.020586174, 0.010321542, -0.005079207, -0.016024107, -0.018600203, -0.0098878555, 0.009660103, 0.002234581, -0.027628116, -0.028729325, 0.014300893, 0.009576062, -0.023201128, 0.014660057, -6.5711734e-05, -0.0051710736, 0.036256004, -0.01150204, -0.015805803, -0.034134846, -0.02082604, -0.0130826915, 0.011996874, -0.005565128, 0.018769076, -0.004687015, -0.007429611, 0.016007956, -0.018171048, -0.020616878, 0.007924212, -0.0064753722, -0.010614253, 0.017753359, -0.00640704, -0.00022075708, 0.024202581, 0.008243464, -0.0029852418, -0.0011106273, 0.019598726, -0.035835654, 0.009673234, 0.03076355, -0.06528223, -0.017066354, 0.004877976, -0.016270952, -0.012161687, -0.0013540484, 0.03813975, -0.021975659, 0.009014616, 0.028450772, -0.0007084316, 0.010441036, -0.014414116, -0.016650783, -0.01908572, -0.01357424, -0.0121154245, -0.0010691817, 0.0047340714, -0.004668166, 0.018154046, 0.023278097, 0.014259891, 0.028742727, -0.0005250569, -0.0103944, -0.0050148894, -0.014975388, -0.0027695184, 0.0018854064, 0.01993552, 0.012783355, 0.028100317, 0.04458096, 0.0035647228, 0.0041876025, -0.016661232, -0.020107495, 0.013752639, 0.00046509848, -0.00091683154, 0.004200317, -0.015608207, -0.025404543, -0.02476182, 0.0007412625, -0.022351978, 0.0069065955, 0.00050078996, -0.0022767435, -0.035357166, -0.0167682, -0.022885531, 0.0027895137, 0.01662372, -0.025039079, 0.0057646628, -0.020772772, -0.02192776, -0.0006691384, 0.005638843, 0.014984427, 0.011734939, 0.023098124, 0.0068219854, -0.0023992795, -0.028365944, 0.0110871205, -0.007404698, 0.011909178, -0.021043714, 0.002684642, 0.011676107, 0.009666059, -0.013940519, 0.016528282, 0.01056905, -0.011191386, 0.025198145, 0.011010141, -0.047939844, 0.015053957, -0.10431659, 0.021682732, -0.036194947, -0.0065505817, -0.026240304, 0.017629536, -0.00080166216, -0.009732566, -0.015293017, 0.010163116, 0.011930968, 0.0071543786, 0.015507245, -0.020798013, -0.015950833, 0.03449103, -0.0069671883, -0.010936953, -0.021034865, -0.026165651, 0.0049058413, 0.0013878056, 0.041070297, 0.002894476, -0.009915387, 0.0261263, 0.0088431975, -0.008604999, 0.012446916, -0.026547138, 0.010395502, -0.13789438, -0.0057665524, 0.030642804, -0.015977643, 0.0025399127, -0.015518432, -0.010832984, 0.018720748, 0.01203244, 0.011272216, 0.0013573, -0.022630446, -0.031353574, 0.022660378, 0.03621638, 0.10951448, 0.019258246, 0.012890812, 0.017421834, 0.0030932673, 0.0022277774, 0.0035975187, 0.012089784, -0.001587554, 0.014300515, 0.0029875485, 0.017574156, -0.022017227, -0.011842795, 0.031159516, -0.015261004, 0.0036469272, 0.012769245, 0.00060888, -0.0012073673, 0.018273786, 0.015550626, 0.027300622, 0.03140257, 0.01642439, 0.0037508865, 0.0114278365, -0.017942633, 0.0047045923, 0.01471363, -0.0172218, 0.027951423, 0.006091003, -0.018969048, -0.019355906, -0.02511711, -0.07770603, 0.010993716, 0.01806154, -0.010948209, 0.017281424, 0.005516172, -0.0029039022, -0.042146035, 0.020044148, 0.0132528525, 0.015329574, 0.039919052, -0.007884167, -0.004116481, 0.002334389, 0.031606916, 0.012322872, -0.0334446, 0.00033919883, 0.025505153, 0.013533289, -0.063721, -0.03484933, -0.024381664, 0.00856721, -0.0023744316, 0.000862356, 0.012514674, 0.015980685, 0.026871983, 0.0032604984, 0.02273037, 0.03144985, -0.0020908972, -0.021237038, 0.00044268888, -0.022908356, -0.021597829, -0.007596322, -0.01184783, -0.004380051, -0.010670205, -0.019173857, 0.01460164, -0.017408501, 0.0102419965, -0.0012790491, -0.008839485, -0.028644433, -0.022541247, -0.0033178728, -0.030582296, 0.0061960937, 0.0061121797, -0.01578153, -0.017809317, 0.010414802, 0.0114142485, 0.0007629796, -0.014377422, -0.003829476, -0.018816179, -0.005562845, 0.006841563, 0.007922836, 0.005513973, 0.00831335, 0.0024418123, -0.026875196, -0.0022329756, 0.0089963265, -0.01979596, 0.012004466, -0.004753383, -0.009159823, 0.0032521198, -0.0030888857, -0.004700969, -0.04029425, 0.021296725, 0.00032328448, 0.0048829913, 0.0061923093, -0.0029621902, -0.0020634127, 0.011159685, 0.0067721223, -0.01301186, -0.013381901, 0.0070087914, -0.0074833664, 0.0067945737, 0.016763726, -0.0036615138, -0.0058262874, -0.013312642, 0.011293461, 0.009502094, -0.01312764, -0.002572439, -0.027658705, 0.0038879912, 0.011448474, -0.0010921706, 0.0023140148, 0.013703117, 0.00593738, -0.011252759, -0.007424661, 0.0071589793, -0.015030917, 0.011350818, 0.019905828, 0.016806433, -0.005123339, -0.0012559785, -0.0058214897, 0.0025943904, 0.023765516, 0.0045121633, -0.0050041676, 0.0022117791, 0.010749162, 0.0011408182, -0.008618891, 0.0018070872, 0.0034040713, -0.003455882, 0.010747396, 0.019871308, 0.014094476, 0.014600885, 0.0040295855, 0.016754083, 0.0058733565, -0.0081803575, -0.0035380558, 0.0071237483, -0.016408106, 0.0028750126, -0.02621247, 0.027689628, -0.022800084, -0.024061421, -0.01357027, 5.014749e-05, 0.008995511, -0.013739923, 0.0022466502, -0.00038467173, -0.009810497, -0.0041062655, 0.007583401, -0.002532345, -0.012416272, -0.0018979236, 0.007916012, -0.0014884658, 0.008215712, 0.01614161, 0.0070599, 0.01652909, 0.0051470795, -0.011753835, 0.0051076314, -0.005375749, -0.0055061295, 0.004413072, 0.010264221, -0.008648491, -0.0001682918, -0.0031385855, -0.009397053, 0.0021571242, -0.00071873626, -0.0040591457, 0.009479036, -0.00035100314, -0.0051583187, -0.022679305, 0.012828879, 0.022147916, -0.0015847093, -0.0003208709, 0.0045181126, 0.0032074272, 0.012301542, -0.00027761137, 0.0029985844, -0.00083213963, -0.003456313, -0.0067786747, -0.011021514, 0.0077158054, -0.01467551, 0.01265184, 0.0018741501, -0.016396591, 0.013060584, 0.011703689, 0.002982367, -0.0138222715, 0.0176548, -0.011115425, -0.0026979991, 1.6176042e-05, 0.031027965, 0.002038709, -0.020381186, -0.015715402, -0.0014316551, -0.016121008, -0.016441507, 0.010853044, -0.00912739, 0.014335756, -0.008037741, 0.010607857, 0.0016355879, -0.0146717345, 0.015347133, -0.007488569, -0.0028766969, -0.006151242, 0.009686176, -0.018644158, -0.0048487294, -0.0042814743, -0.00792113, -0.006531523, 0.004806614, -0.0110447, -0.0125512825, 0.0075118123, -0.005918606, 0.00049006747, 0.008622645, 0.0032186552, -0.016808286, -0.022832194, 0.011812992, -0.006399547, 0.00869049, 0.004656696, 0.010779809, -0.0016938333, 0.0015681256, 0.0044510346, -0.010343084, 0.0035522538, -0.0017919285, 0.0059371875, -0.012274836, 0.008065054, -0.009380414, 0.008870631, -0.012881764, 0.017843397, -0.001783993, 0.0773537, 0.0015707727, 0.015688548, 0.007885128, -0.00775113, 0.0022856668, -0.004319404, -0.02914696, -0.0023506223, 0.01298223, 0.007714137, 0.006388626, -0.0010714994, -0.010423618, 0.0033531014, 0.018136604, -0.006904574, -0.0028590353, 0.02106222, 0.014813203, 0.001711415, 0.0050583384, 0.006038431, -0.023202982, -0.003531792, -0.009783908, 0.025211614, 0.0013076985, 0.000579781, -0.016406272, 0.00730352, -0.006083106, 0.0018906916, -0.012046308, -0.025086194, 0.0006705712, -0.0076158303, -0.0013528373, -0.00564665, 0.009416044, 0.0059305895, -0.005502999, -0.0037055346, -0.019533198, 0.010288706, -0.008122614, -0.01130154, -0.010654754, 0.014629238, 0.007033148, 0.003947277, 0.010819831, 0.0008415343, -0.007441883, -0.019292185, -0.0034551304, 0.0005661742, -0.008288928, 0.0029789885, 0.0120761935, -0.0033282458, 0.01564986, -0.0037423214, 0.0119605595, -0.0043637217, -0.012537357, -0.0031303184, -0.00082943443, 0.006411258, 0.0042760978, -0.009667516, -0.004065458, 0.0025070373, 0.005303401, 0.019659657, -0.00052303635, 0.010876554, -0.021045856, 0.012757411, 0.0029826649, 0.00011828234, -0.009615045, -0.010440509, 0.007227367, -0.0039100247, -0.007279615, 0.004882927, 0.008340517, -0.0048408005, 0.011585036, 0.022337914, -0.011144768, 0.0034496328, 0.02184708, 0.0133849615, 0.0032933156, 0.048263192, -0.00087429635, -0.015660089, -0.011745547, 0.007779911, -0.017051535, -0.0025143279, 0.0011774048, 0.0007408691, -0.012619694, 0.021776758, -0.0044724112, -0.0056570466, -0.0075001856, -0.00082026346, -0.008153181, 0.0029629515, -0.017748166, -0.0121506695, 0.004059514, -0.008303502, -0.0058730436, -0.0014476451, 0.008165097, 0.008944312, -0.0027364139, 0.0016895491, -0.0049659004, -0.0022674766, 0.018965743, -0.010853963, -0.018701611, -0.0109414775, 0.00025370318, -0.012379858, -0.0148632005, -0.0045500165, -0.01480879, -0.025629438, 0.020876225, 0.023030119, -0.0038310057, 0.022849878, 0.004040624, -0.024090027, -0.015894616, -0.028862385, 0.01863426, 0.011134461, -0.0036613713, -0.00597126, 0.0063366056, -0.0020911016, 0.014447729, 0.010006555, -0.0059600556, 0.009257816, -0.022461385, -0.008013589, -0.0041171275, -0.010266073, 0.0049941493, 0.0040340256, -0.0005733855, -0.015046378, 0.0042400467, 0.009068835, -0.008508074, 0.0012673277, 0.011229018, 0.018196806, 0.0030841772, -0.008682136, 0.01847009, -0.007816728, 0.003726695, -0.0036769637, 0.0072530373, 0.000503751, -0.005964184, -0.0062131104, -0.0057649813, 0.00870072, 0.011488259, -0.012966001, 0.018048398, -0.01661611, -0.0035960483, -0.016945846, -0.015178995, -0.003991331, -0.0113695925, -0.005312243, -0.02694249, 0.021939853, 0.015657352, -0.008683397, -0.019885024, 0.005175385, 0.0055235266, 0.0042598434, 0.0020770512, 0.00491825, 0.01697007, -0.021352831, -0.0029358207, 0.03673098, -0.00780326, 0.001970439, -0.034152113, -0.0029844078, -0.005150704, 0.005475495, -0.00081714836, -0.0005048438, -0.008101453, 0.0014683666, 0.00319551, -0.006665084, 0.000713062, 0.038928393, -0.0068859244, 0.014781246, -0.014253073, 0.004964512, 0.010342198, 0.014601877, -0.0017073044, -0.0009440117, 0.001223424, -0.0126623325, -0.0014213129, 0.0024327873, -0.013987257, 0.0021307364, -0.0009795609, -0.008842917, -0.009447697, 0.0037903774, 0.019319415, 0.00043191874, -0.014425957, -0.0026886908, -0.010786788, -0.007284643, 0.0012967656, 0.006547187, -0.004327522, -0.0037468264, -0.010237303, -0.014689193, 0.0027586576, -0.005053035, 0.0028823786, -0.010250729, -0.0030273055, -0.0077186357, 0.011108067, 0.01602656, 0.0014544835, -0.008944446, -0.03287187, -0.0008169564, 0.00079862407, -0.0017061394, 0.0072752926, 0.0066265096, 0.00069020485, 0.005065593, 0.0027447196, 0.0060993424, 0.004947073, -0.001787457, -0.009489091, -0.0077651707, -0.008023757, 0.0007063417, 0.009807334, -0.016729673, -0.0013366682, -0.008419045, -0.00018438885, 0.0052024364, -0.0028763667, 0.02116254, 0.0049535893, -0.0022023635, -0.024875809, 0.009433363, 0.0006077563, 0.009586395, -0.012581559, 0.0074533136, 0.0017063409, 0.003734597, 0.0046399636, -0.00038749818, -0.0014835901, 0.00037395913, 0.0037879134, 0.002177255, 0.0012212237, 0.0062466823, -0.011799441, 0.005812459, -0.011993539, -0.019105362, 0.0042770766, 0.010155547, 0.005320959, -0.008414122, 0.003235924, 0.016727665, -0.0236298, 0.0043346635, 0.006957677, -0.005714661, 0.015984908, 0.0088301785, 0.008935651, 0.010382215, 0.0020388872, 0.015180817, -0.008515059, -0.009388302, 0.0072884187, -0.006227632, -0.005129257, 0.008671257, -0.006298188, 0.0015199246, 0.0012166323, -0.004871542, 0.013363037, -0.015571851, 0.0009229136, -0.023270696, 0.017752422, 0.017059643, -0.01557676, 0.0049071303, 0.012281593, 0.0020840436, 0.0024132084, -0.0064801765, -0.0053276448, 0.012521177, 0.008397516, -0.033782057, -0.025605911, -0.0058441386, -0.0058687525, 0.0100558335, -0.04266757, -0.01132576, -0.0054230816, -0.017860305, -0.0034496314, 0.0017571601, 0.009095603, -0.0020913077, -0.0021773744, 0.0043842574, 0.0078030922, 0.010299547, -0.019208599, 0.023565976, -0.00081335014, -0.007965376, -0.002810185, -0.0016397065, -0.021281805, -0.005598637, -0.0018212337, 0.018914273, 0.006882134, -0.00705275, -0.009437246, 0.004238099, -0.019393925, 0.01785805, -0.022985034, 0.013464292, 0.0022541673, 0.009299093, -0.011409704, 0.019089576, -0.00814615, 0.0049059587, 0.0050187116, -0.004264538, -0.005094877, -0.015652962, 0.024810344, -0.019420598, -0.018317446, 0.0136621855, 0.0012362441, -0.009708461, -0.0019285439, -0.004886108, 0.029110676, 0.0006313462, 0.014460661, -0.016693827, -0.0041506225, 0.0045690127, -0.0024521558, 0.013694771, 0.0021993325, -0.0074270074, 0.013722812, 0.0037004433, 0.012476336, 0.013491543, 0.0025167721, -0.0069738543, 0.007870697, 0.0044859606, 0.018017126, 0.015950881, 0.00847148, 0.0074002272, 0.0002695541, -0.0030940734, -0.0019311933, -0.0038064155, 0.009759336, -0.0062715304, 0.007652964, 0.002735612, -0.014134346, 0.0006485258, -0.010992425, 0.010242948, 0.01609114, -0.0064788572, -0.004697651, -0.000623008, 0.005629448, -0.0038430418, -0.015570354, -0.0010683775, 0.0025654866, -0.014744778, -0.01066689, 0.0064416886, 0.0081826085, -0.008198814, 0.022214718, 0.0047916477, 0.012001125, -0.0104955025, -0.016359683, 0.012541396, 0.011121349, 0.001117777, -0.012938481, 0.014604763, 0.010655657, 0.023467815, -0.0008442714, 0.015653376, 0.009146891, 0.006631111, -0.006488536, -0.09214863, -0.014845034, 0.010042145, -0.009679812, 0.0044173636, 0.007655329, 0.007862483, -0.0005366451, -0.0094284015, 0.017509358, -0.003613449, -0.007002733, -0.010581909, -0.004303217, 0.0066340053, -0.025341775, 0.014568419, -0.0056313537, 0.001906604, -0.0021504415, -0.018403202, 0.001105899, -0.019359855, 0.0015236094, -0.0066976943, 0.00825936, 0.011675116, -0.017670413, 0.012252947, 0.0013697091, 0.00652337, 0.0024870732, 0.008305508, -0.0018334615, 0.0139122745, 0.0016217658, 0.0034396495, 0.008696394, -0.1388557, 0.02049966, 0.0018417783, 0.001380262, 0.0007846065, -0.0060037826, 0.008222492, 0.004194786, -0.015125647, -0.0020738181, 0.017668813, 0.0042338124, -0.011064384, 0.000115651994, 0.017756494, -0.0036627604, -0.013605287, -0.00830034, -0.008599799, 0.0018201021, 0.015278193, 0.006994707, 0.015186021, 0.0065743644, -0.012701888, -0.0045925933, -0.0021494767, 0.0124126, -0.01315027, -0.029099325, -0.005624873, 0.005158717, 0.004542043, -0.0092410715, 0.005649151, -0.0071430067, -0.002182817, -0.0131820105, -0.0015755952, 0.01583972, 0.0004219689, 0.0034632501, 0.013260156, -0.0019548694, 0.0021555736, -0.011327962, -0.011337856, -0.010115346, -0.0025562586, -0.0039415983, 0.008630055, -0.013459246, -0.008116374, -0.025400031, 0.0070344, -0.0014427234, -0.0013844284, -0.01698828, 0.0014484867, 0.008022599, -0.00938639, 0.017726235, 0.034442842, -0.006303083, -0.0093093105, -0.007678612, 0.00010567645, -0.001988666, 0.020290012, -9.170893e-06, 0.0062804637, 0.0035497998, 0.0009665594, 0.02821713, -0.018242218, -0.009120743, 0.02350773, 0.00640281, 0.02844269, 0.010654998, 0.016592102, -0.0030359935, -0.0017630395, 0.027243443, 0.019465346, -0.017321223, -0.0063166544, 0.0076809507, 0.0140357325, -0.055129386, -0.0011996008, -0.016138235, -0.004738703, 0.018324547, -0.0072184536, 0.015726589, -0.0041885152, -0.0092681395, -0.016819533, 0.017247766, 0.008247816, 0.007890415, 0.0073528253, 0.010045369, -0.015091868, -0.016398782, 0.0072124363, -0.022329444, 0.024924977, -0.038729597, -0.011400323, -0.012067829, -0.0015695052, 0.0006439786, -0.0028345948, -0.0157288, -0.012759775, -0.014881573, -0.0149439005, 0.01254167, 0.022656498, -0.00794934, -0.009336111, -0.018113907, -0.0037956282, -0.008944155, -0.0036574393, -0.022263173, -0.0088079525, 0.00024717773, 0.030529076, 0.0066358782, 0.016810648, 0.018396582, 0.015913503, -0.025492035, 0.0021507088, -0.010304129, 0.024061926, -0.02008883, 0.0046970933, 0.0011545309, 0.0123404125, 0.00086109265, -0.003329813, -0.012417193, -0.0048112343, -0.01077597, -0.00021075225, -0.009742502, -0.0073513184, 0.0023973326, 0.00047589504, 0.015081575, -0.0053007035, 0.02208669, -0.0074741226, -0.017482452, -0.0029642133, 0.012497372, 0.0084890155, 0.0040820274, 0.0027272776, 0.015385351, 0.0006166014, 0.0064157527, -0.004117783, -0.0112283, -0.003347377, 0.014557845, -0.014440168, 0.011500677, 0.013056658, -0.016993068, -0.00794794, -0.007189554, -0.0077466685, 0.018461626, 0.0067262584, -0.022167804, 0.0029157943, 0.006509717, 0.02223245, -0.01058159, 0.010401625, -0.00011269562, 0.0024882455, 0.0017551025, 0.0031956362, 0.021607364, -0.019483987, 0.008692248, 0.0058490937, -0.008722966, 0.0025520313, 0.012742666, -0.016586712, -0.014918487, -0.0033489792, 0.02048775, 0.011797861, -0.019348592, 0.0069503533, -0.18195836, -0.012637013, -0.004185175, -0.0141788395, -0.012578293, 0.0071962834, -0.021772938, 0.004751801, 0.011238096, 5.0875216e-05, 0.013704883, 0.031392775, -0.020536844, -0.029287115, 0.012621872, 0.0052148565, 0.012108445, -0.014926288, -0.0003094203, -0.0029047162, -0.017750705, -0.00033653722, -0.0045577004, 0.016768647, 0.031889606, -0.015624691, -0.006934344, -0.0048798877, 0.009292623, 5.2233794e-05, 0.017857438, -0.005600886, -0.010260028, -0.0059735845, -0.009228401, -0.005638371, 0.0013864727, -0.008027923, -0.0124022, 0.010887284, -0.016431557, -0.004395803, 0.017658044, -0.0024761676, 0.0128079625, 0.0040581822, -0.015562801, -0.0075823683, -0.030827874, 0.00074662024, 0.012411611, 0.008114738, 0.00780641, -0.0004425167, 0.020625254, -0.010674796, 0.001201988, -0.0016409014, 0.009704095, 0.0011996673, 0.0018434023, 0.006132849, -0.0037094334, 0.008316323, 0.0029457884, 0.0034721857, -0.020686075, 0.1354197, -0.012522003, 0.010380622, -0.01642364, -0.0078905, 0.010757131, 0.01637323, -0.018544871, 0.0057881786, 0.00032870495, 0.0047439025, 0.013330609, 0.01251167, -0.024617754, 0.008370077, -0.0007087359, 0.004164496, -0.0041719154, -0.014486716, 0.016430369, -0.01284216, -0.014270173, -0.011818182, -0.013136305, 0.03109308, 0.0039474443, -0.0018646949, -0.00031143293, 0.009640612, 0.01832542, 0.011926066, -0.019268863, -0.017406326, -0.014127075, 0.01452713, 0.0004028791, 0.015991647, 0.0021833822, -0.0030499934, -0.0068520475, -0.0053140176, -0.0025199954, -0.017734913, -0.01882213, 0.0019868698, 0.032469492, 0.008084068, 0.0066594966, 0.0014488946, 0.006679615, -0.0233611, -0.010003924, 0.0013422372, 0.0057661594, -0.011405804, -0.014720508, -0.008606266, 0.004460302, 0.002958729, -0.0043651564, 0.005236966, -0.00043486775, 0.0035200226, 0.017567227, -6.919723e-05, -0.008705854, 0.007817903, -0.016636811, 0.004569959, -0.10290603, 0.013081078, -0.008142528, -0.0063123456, -0.023864465, -0.022380637, -0.0056561343, -0.020253971, 0.010047582, 0.0017110177, -0.0046671852, 0.025524462, 0.010253711, -0.010135211, 0.010750814, 0.012640435, 0.018107919, 0.0047538863, 0.024023522, -0.0107564395, 0.016287912, 0.013257885, 0.012429853, -0.029278833, 0.0146394465, 0.030274814, 0.011972185, 0.0029790371, -0.0042878673, 0.004189585, -0.00026138322, 0.014276489, -0.015979731, -0.0025027934, -0.014111879, 0.02431341, 0.006576108, -0.011465496, 0.019004786, -0.0054360214, 0.002537381, -0.011898913, 0.0033366939, -0.0045660925, -0.008123345, 0.016412677, 0.026116043, 0.011935524, -0.0115229925, 0.003290621, -0.012426813, 0.015587903, 0.0008234436, 0.0064592734, -0.012319258, -0.006006788, -0.012384091, -0.021542368, 0.017025687, 0.014074605, -0.004162919, -0.00011123217, -0.010490853, 0.013807361, -0.007999444, 0.019508433, 0.019692238, -0.00023783967, 0.019798324, -0.0030252843, -0.023980772, -0.0040563624, 0.018580377, -0.004744115, 0.007438509, 0.0072013517, 0.0043329597, 0.023532467, -0.0058397497, 0.008686749, -0.010806781, 0.019782998, 0.02282031, 0.018073667, 0.040473744, -0.042815637, -0.008566356, -0.022277046, -0.0008539308, 0.00162162, -0.0055872826, -0.0075493813, -0.0076842112, -0.026475115, 0.018380726, -0.0040057683, 0.013593445, -0.011881405, 0.013693713, -0.024784658, -0.006601219, 0.01281887, 0.008499166, -0.012401375, 0.009759274, -0.0096586635, -0.0067041144, 0.0049001006, 0.016673733, 0.017868027, -0.018493017, -0.019054629, -0.014817149, 0.023107704, 0.011470244, 0.0026876521, 0.0038245057, 0.013411435, -0.012761954, -0.0021043671, 0.016466428, 0.00072493294, 0.03758151, -0.0027307312, 0.0036784257, -0.004609048, -0.0038595397, -0.013191434, -0.0043936106, -0.0008687707, 0.005072861, 0.0026603548, 0.0058585466, 0.009495716, 0.005413097, -0.006547028, 0.024560684, 0.022992868, 0.0026696, -0.0013423782, 0.0012083921, 0.012247761, -0.0056799455, 0.0013788098, 0.0025133453, -0.003787335, -0.00072180136, -0.016451279, 0.003806241, -0.00023123893, 0.011207672, -0.005806714, -0.012584784, 0.008446534, 0.0016497159, -0.017744243, 0.0041782307, -0.021745699, -0.016412249, -0.016918395, -0.019297894, 0.0012791392, 0.0030733326, 0.0015203106, -0.0024827523, -0.0053965463, 0.012552847, 0.015398361, -0.036833405, -0.027059788, -0.00418043, 0.0026284864, 0.006280851, -0.009401541, 0.0014551306, 0.0023653167, -0.0036480427, 0.029708875, -0.0035824617, -0.06973689, 0.012685164, 0.003932769, 0.0017406705, -0.0177288, -0.009184843, -0.016899798, 0.012309196, 0.007921909, -0.0067495815, 0.030361876, -0.026673941, -0.015446173, 0.0061334446, -0.0023410765, 0.007759955, -0.0037417004, 0.006273509, 0.021554627, -0.002591491, 0.01667995, 0.00018640928, -0.027234912, -0.006627058, 0.024395837, -0.020733716, 0.0049992227, 0.0040094205, -0.009339636, -0.007966181, -0.010889931, -0.021679593, -0.01581549, 0.003444375, 0.028955035, 0.008331661, -0.024500774, -0.01552453, -0.005742476, -0.03802635, -0.013895154, -0.0042405585, -0.038104475, 0.006312578, -0.011876193, 0.003297929, -0.009167905, 0.011335758, 0.002482586, -0.012325072, 0.03497725, -0.0004372595, -0.012619232, 0.008286724, 0.002399888, -0.0063186544, 0.004721939, -0.0037351777, 0.003480848, -0.00951969, 0.003639491, -0.014326337, -0.009118435, 0.001139846, 0.01052006, -0.0032193863, -0.01181914, -0.003790624, -0.013036294, -0.0026846353, 0.015349261, -0.016241996, 0.021606518, -0.0022804774, 0.005877981, 0.0023370963, 0.017325005, -0.0096437335, -0.0004518781, 0.021994052, 0.01402727, -0.0005291233, 0.0021481542, 0.04988914, 0.018049859, -0.023563737, 0.027371045, -0.10940146, -0.033075232, 0.00965227, 0.014650144, -0.017890528, 0.01145234, 0.002434226, 0.052953042, -0.004151614, -0.009332163, 0.0051430976, -0.0011692573, 0.017086605, 0.006209779, 0.011472406, -0.005774619, -0.038942598, 0.0010008179, -0.0023995352, 0.015560431, 0.010272597, 0.00806184, 0.0049794535, 0.004872408, -0.0021288134, -0.04178181, -0.0093607865, -0.019521622, 0.006873099, 0.013041576, 0.006628471, -0.015836064, -0.008267247, 0.00025161778, 0.008018507, -0.007197477, -0.0141969435, 0.0032530243, -0.0035588974, -0.0015839217, 0.007777324, 0.005890165, 0.008590479, -0.00015596449, -0.0044225343, -0.0151555585, -0.011237827, 0.013012637, -0.034391638, 0.014190954, -0.013271416, -0.010556161, 0.0041979873, 0.022301296, -0.016314706, 0.0017852074, 0.0036898952, -0.016933074, -0.010775171, 0.0072256513, -0.0027761129, -0.0070261327, 0.008419862, 0.009358554, -0.007870266, 0.008757811, -0.040217943, -0.007933471, -0.008376093, 0.0041763196, 0.0031821446, 0.009419215, 0.02222805, -0.011570766, -0.029325405, -0.031600475, -0.024280714, 0.0043562325, -0.026984679, -0.004472789, 0.005498767, 1.8585499e-05, -0.0019459089, -0.010312421, 0.012063318, -0.008340995, -0.021261988, 4.9366026e-05, 0.009776729, 0.00821304, -0.00920753, -0.0077142296, -0.006811606, -0.005112182, 0.038000833, -0.0024410621, 0.002719032, -0.0102920355, -0.024081452, -0.0010081549, -0.011501793, 0.017191034, -0.03441077, -0.007056593, 0.000356438, 0.010081394, 0.01186978, 0.00627415, 0.027014464, 0.020648565, 0.034838084, -0.0348177, -0.0027065568, 0.024622338, -0.01117462, 0.008540231, 0.0060250033, 0.0034878717, 0.015891707, -0.02480273, -0.017611193, -0.010765209, -0.013113332, -0.0023265418, 0.012587785, 0.004635175, -0.0018541315, -0.000748768, -0.0071641924, -0.015358012, -0.004247457, 0.012991944, -0.015797477, -0.0054373923, 0.0089325635, -0.00930669, -0.013440851, 0.007080838, 0.017255047, -0.005632083, 0.018427303, -0.004436309, 0.009062845, 0.020003052, -0.010223949, -0.012643567, -0.001421377, 0.0030133526, -0.017427351, 0.0077441013, 0.016405769, 0.014384787, 0.01351139, -0.0084389, -0.04172741, -0.016425842, 0.0143858865, -0.01333935, 0.012453792, 0.0077138026, 0.012716989, 0.012826926, -0.017915241, -0.012535135, 0.0031653368, -0.002327339, -0.0044392166, -0.012562966, 0.007958057, -5.3430074e-05, 0.00052089774, 0.006253863, -0.032698262, 0.01911108, 0.011499253, -0.022422176, -0.010964775, -0.011622574, 0.004950871, -0.015633438, 0.0132842865, -0.007923522, 0.0023941768, 0.0042898403, -0.00020371114, 0.0006149615, 0.014304552, -0.0014062827, 0.0052395286, 0.021161687, 0.010557535, -0.040712845, -0.0005261678, 0.01106879, -0.0045365584, -0.014048779, -0.014670804, 0.0064382376, -0.021494355, 0.008433492, 0.008290341, -0.0076431613, -0.019864244, -0.02207613, 0.016123684, 0.018964741, -0.017758952, 0.0018186499, -0.009546309, -0.0058110873, -0.0016678387, -0.006379607, 0.0038310704, 0.0009010987, 0.0015642481, -0.012024836, 0.02418975, 0.014889639, 0.014398722, 0.01756808, 0.02373758, 0.01244078, 0.026944514, 0.008365345, -0.00061254826, -0.020805117, -0.01900956, 0.022204475, -0.018271819, -0.023716548, -0.010335026, -0.014555231, -0.009693069, 0.009282561, -0.010847829, -0.004416325, 0.0015333849, 0.027516728, 0.01576173, 0.003060372, 0.015438371, -0.0014547168, 0.016838817, -0.012852467, 0.00210326, -0.027272196, 0.00012668013, 0.014519461, 0.012691101, 0.002032868, -0.005454865, 0.0038958786, 0.01069009, -0.014022738, 0.045042265, 0.013652126, -0.01543292, -0.011677953, 0.010308649, -0.024506012, -0.011966035, -0.014992275, -0.012507742, 0.041950013, -0.0001476102, -0.01122507, 0.021235524, 0.0069982484, -0.0010817408, -0.019862443, -0.008383177, -0.009742941, 0.018146832, -0.0034363805, 0.003413304, 0.010919926, 0.0034223627, -0.005305967, -0.006922979, 0.020779055, -0.0050955703, -0.022748554, 0.0069210907, 0.0026468004, 0.009086223, -0.012960258, 0.01896853, -0.021495946, -0.0048249876, -0.014748616, 0.004186136, -0.023638107, -0.005460748, -0.0032991485, -0.01414831, -0.013415076, -0.0014874374, -0.0053814985, -0.021945836, 0.00794603, 0.035349187, 0.0079187695, -0.01982798, -0.006002967, 0.006104108, -0.02054264, 0.015125866, -0.005936924, -0.0034238533, 0.0038130137, 0.020830298, -0.010251189, -0.0016020917, -0.0065070973, -0.016564848, -0.03500174, -0.01669312, -0.0074231774, 0.00566947, -0.018518846, -0.01935118, -0.015220223, 0.0244328, 0.011947448, 0.011983346, -0.011356277, 0.008051537, 0.02628815, 0.0013865232, -0.018730782, -0.0035830382, -0.014957071, -0.013759803, -0.019958472, 0.0008437774, -0.012610698, 0.034356195, 0.015906379, 0.009437031, 0.0141238, -0.011337376, -0.004613111, -0.008617958, -0.02532327, -0.00072094874, -0.001666197, 0.0049805534, -0.024255393, 0.024265084, 0.0143544385, -0.004614212, 0.001364121, 0.01214598, -0.00065221, 0.019758297, 0.024816956, -0.010247879, -0.02081188, -0.015509976, -0.006621954, -0.007755981, -0.0018628333, -0.008965525, -0.012392373, -0.01564913, 0.0074688415, -0.009577831, -0.0098589845, -0.014505782, 0.013188821, 0.0011316957, 0.017726041, -0.009936573, -0.004677977, 0.0059444583, 0.006498697, -0.0032438952, 0.013584143, 0.018938607, -0.014425143, 0.007870226, 0.014340028, 0.01666912, -0.0045856554, -0.007611641, 0.002697771, 0.004000597, 0.020452501, -0.002414324, -0.0033767193, -0.0063009006, -0.0006156986, 0.022198526, -0.00033797085, 0.00832639, -0.011667706, 0.004391518, -0.02085253, -0.015247054, 0.008864047, 0.009538875, -0.01817549, 0.0042076292, 0.0025929778, 0.0016506482, -0.0026570205, 0.0027120083, -0.011418381, 0.018537859, -0.010206275, -0.026250556, -0.009138028, -0.0008381088, -0.022115087, -0.021465432, 0.025841674, -0.011215615, 0.016984528, -0.018192837, -0.031521194, -0.01173454, -0.016658206, 0.0061773513, 0.0061847554, -0.022536313, 0.010563038, -0.026363721, 0.017663172, -0.012282966, 0.015714854, -0.009157118, 0.014833325, 0.024622908, 0.0022351947, 0.03440627, -0.01812957, 0.0091097355, 0.018946065, 0.010802495, -0.0056729866, 0.0031733129, 0.023251036, 0.022508025, -0.015796607, 0.0039167306, 0.011024829, -0.009338096, -0.0038214603, 0.023502557, -0.009026361, 0.0011319793, -0.0067237653, -0.01728336, -0.014961339, -0.0022109672, -0.009965269, 0.0013004044, -0.012397344, -0.003199701, 0.03310086, -0.0029961918, 0.018325489, 0.0063181086, 0.0049167536, -0.039176077, -0.017358601, -0.012279111, -0.025319511, -0.010786602, -0.012000842, -0.013715153, 0.023546137, -0.03408912, -0.0044551496, -0.005675502, 0.0141269425, -0.0035894795, -0.008360937, 0.002443836, -0.018668534, 0.013564291, -0.008910091, -0.0037164136, 0.003295073, -0.0019455194, 0.03993289, 0.00372599, -0.013834651, -0.007585902, 0.010371789, 0.005547402, -0.022818249, 0.004606977, -0.022043884, 0.0095600635, -0.004963425, 0.00923353, 0.010812668, 0.008378783, 0.0072321678, -0.012222413, 0.017830018, 0.016451089, -0.043393396, 0.009903792, 0.0104227755, 0.014814966, 0.01375162, -0.019918926, -0.03541952, -0.0068424214, 0.0062191794, 0.011502408, 0.0059080706, -0.0006052965, -0.0013852268, 0.0029931949, 0.0065096393, -0.024594069, 0.0010363838, -0.005765637, -0.014035166, 0.016368754, -0.0035274155, 0.010426353, -0.011090449, 0.016561095, 0.019723436, 0.006281483, 0.0043595927, 0.013192837, -0.012820684, 0.008550964, -0.009007145, -0.004318644, 0.0037618165, -0.020367991, 0.0046756235, 0.009288878, -0.004991476, -0.0027172142, 0.027351916, 0.019983154, 0.008026565, 0.013673087, 0.004353894, -0.029379176, -0.0031281684, -0.029304855, 0.004833726, 0.025406854, -0.0118722, 0.005285126, -0.021827508, -0.018292403, -0.0012127097, -0.0007874391, 0.019093826, 0.0121534625, 0.00052442116, -0.017098242, 0.001051011, -0.012887184, 0.009966967, 0.010362144, 0.011610228, 0.010500063, 0.02287741, -0.0043614483, 0.00054708024, -0.024776388, 0.008629164, 0.035173316, 0.0055162786, 0.0054978146, -0.0020959324, 0.013527572, 0.021044629, 0.030186903, 0.012291845, -0.00634018, -0.018372277, -0.007206928, -0.0032541268, 0.01136039, 0.0071023223, -0.022010492, 0.00503678, 0.0038189965, -0.003989088, -0.018248694, -0.02937837, 0.026865821, -0.0060979645, 0.017430844, 0.024419744, -0.0069959546, -0.009543957, 0.0061832042, -0.018764287, 0.02887629, -0.012211788, -0.0025062975, -0.03596105, -0.01096943, -0.0032052402, -0.01109755, -0.012949692, 0.015780345, 0.0046768175, 0.0063604466, 0.049035385, -0.0047630663, -0.0037169622, -0.0097337775, -0.0027052586, 0.03265739, 0.014080516, 0.04268516, 0.00304843, 0.02308493, 0.0055625453, 0.0043527368, -0.011893286, -0.008617546, -0.01026325, -0.02606586, -0.0049149767, -0.029972078, -0.0016895802, 0.0065983706, 0.02388193, -0.010534935, 0.012697668, -0.0071521937, -0.0031866736, 0.0022413256, -0.01097981, 0.0010024372, -0.008862916, 0.0065066544, 0.002165582, 0.006313784, 0.013665544, 0.004640499, -0.0045281337, -0.0043561016, -0.007599653, 0.008046038, 0.009263047, 0.025434889, -0.004815085, -0.006040774, -0.012873818, 0.00011094721, 0.0043066693, 0.016339371, -0.0038260708, 0.023832286, 0.022451127, 0.017818067, 0.0118543105, -0.006217291, 0.0012728248, 0.0015430497, -0.009621277, 0.0127579775, -0.014481184, 0.0010227289, -0.013114312, 0.020757996, -0.0033936868, -0.012839197, 0.010879369, 0.0006107278, 0.0188512, -0.0029722953, -0.012633757, 0.012541121, -0.012336498, -0.030810215, -0.005121253, -0.012159518, 0.003618928, 0.0017901509, 0.007243032, 0.16769433, 0.121350236, -0.009458991, 0.0012305286, 0.0029240088, 0.012556741, -0.002069446, 0.007856709, -0.003637696, -0.024728699, -0.021751912, 0.0056530274, 0.0068051117, 0.0006435398, 0.020641252, 0.007776917, 0.030253178, -0.01931865, -0.012710119, 0.01780826, -0.0007364096, 0.006949261, -0.014116492, 0.0077532595, -0.021569006, 0.0004954971, -0.011147747, -0.008443879, 0.012006455, 0.011573378, -0.014822342, 0.00863611, -0.006929407, -0.014724503, 0.0023486018, -0.017112594, -0.018875789, 0.027161866, -0.011242089, -0.008243718, -0.013351942, 0.022604007, 0.011871277, 0.0029993346, -0.00942165, 0.0056834244, -0.0028694049, 0.018123697, -0.0048764795, 0.026719866, -0.0021651208, -0.008197532, 0.008145548, 0.012993382, -0.009711576, 0.010580336, 0.0018045963, 0.021471558, -0.016864749, -0.0032876118, 0.008880869, 0.0066632265, -0.008782755, 0.019585077, -0.013222799, 0.03034907, -0.020217607, 0.016079474, 0.005192918, -0.02854522, -0.004828888, 0.0044242144, 0.010484112, 6.724105e-05, -0.0067269085, 0.0026485375, 0.011291059, -0.018264933, -0.010590203, 0.0108082015, -0.021951169, 0.004233297, 0.024147492, 0.011350254, -0.014899123, -0.007692375, -0.0014706783, -0.007568743, 0.107033566, 0.0073833643, 0.0011747966, -0.0056850216, 0.015848212, -0.001538307, -0.0069388645, 0.060424548, -0.0021368111, -0.0018844234, 0.010834623, 0.017258145, 0.0075997855, -0.02478976, 0.017262993, 0.023965815, 0.0046853404, 0.03715967, -0.028865598, -0.001381144, -0.02140568, -0.008589848, -0.0029432506, -0.017202621, 0.0072999583, -0.0015799975, 0.034512773, 0.0037395223, 0.008750013, -0.0026525185, -0.09903204, -0.015570086, 0.00014785293, -0.0033207792, 0.035458993, 0.034444135, 0.0008090341, -0.005708753, 0.006850512, -0.015410529, -0.0034343677, 0.00031225823, 0.009043801, -0.0032337017, 0.0019271582, 0.015756909, 0.004623931, -0.016381634, -0.0017284284, 0.02243019, 0.007928482, 0.0056829047, -0.004957684, -0.0057769716, -0.0047805295, 0.01186742, -0.020240301, 0.0048766257, 0.01867429, 0.008565986, -0.014877874, 0.012966679, -0.022195883, 0.013211877, -0.0077810595, 0.03899582, -0.013755766, 0.020724112, 0.0009778633, -0.0069115614, 0.007093918, -0.001052561, -0.024975656, -0.015325553, 0.038978547, 0.0034265583, -0.009118666, -0.012982353, -0.009831342, 0.0055213873, 0.0051447866, 0.009562845, -0.0007980729, -0.0025276334, -0.00045459706, 0.017359167, -0.0031689883, -0.030839562, -0.013346076, -0.0029705695, 0.0097793285, 0.02360909, -0.023879733, 0.014984923, 0.0044293953, -0.0024293156, 0.013475634, 0.01763237, -0.028870642, -0.0037072618, -0.03477672, 0.012582869, 0.00618604, 0.005887171, 0.0067823986, 0.009591406, -0.013531535, -0.008019451, -0.0032638435, 0.011002012, -0.012328902, -0.009376099, 0.0038144544, 0.105615616, 0.010637048, 0.020232826, 0.016144082, 0.009043299, 0.0020618103, -0.012350701, -0.012383728, -0.0060073775, 0.0035016807, 0.0029544316, 0.014198895, -0.024178687, 0.0066995486, 0.011561962, 0.012332791, 0.022552213, 0.0022920442, -0.0018904412, -0.018722445, 0.002033469, -0.004935177, 0.034481805, -0.0052992743, 0.0057710046, 0.00916234, 0.0015250886, 0.0007210346, -0.0017051904, 0.005772852, -0.01067588, -0.022659406, -0.0007261168, -0.0049990998, 0.011201916, -0.024369547, -0.012745017, -0.003923879, 0.00030952564, 0.0059378096, -0.0105773285, 0.0073891487, 0.0031503653, -0.0031075294, -0.021899588, 0.18722294, -0.015023536, -0.020610275, -0.009803973, -0.015478398, -0.00893571, 0.00820546, -0.021444334, -0.014260811, 0.006094255, 0.034796264, -0.011359618, -0.018212434, 0.0052706213, -0.014136307, 0.0045688185, 0.0041183145, 0.0034505858, -0.0062889843, -0.00928861, -0.006151251, -0.008898447, -0.021176673, -0.0009475087, -0.007865922, -0.032502316, 0.021848066, -0.004149319, 0.012848697, -0.00010500282, -0.005262086, -0.012796819, 0.007403869, -0.006243894, -0.0032783067, -0.0016118089, 0.0038228629, -0.0079902215, -0.020339085, -0.008674614, -0.003342563, 0.017864333, -0.010688491, 0.0031421082, 0.0026500376, -0.011489505, -0.0152469, -0.009833697, -0.0080408715, -0.0042996113, -0.010091505, -0.005974107, -0.0036976675, -0.026852923, -0.010533849, 0.010202455, -0.019462666, -0.005405352, 0.018064098, 0.0044368696, -0.017917737, -0.00019269911, -0.018219735, -0.0008949228, 0.013113031, 0.014860285, -0.0033775272]"
"Ixtenco, el unico pueblo otomi de Tlaxcala ",https://oem.com.mx/elsoldetlaxcala/img/25438684/1756604305/BASE_LANDSCAPE/1200/image.webp,Tlaxcala,"Su gente preserva la identidad indigena a traves de su lengua, su arte y tradiciones ",https://oem.com.mx/elsoldetlaxcala/cultura/ixtenco-el-unico-pueblo-otomi-de-tlaxcala-25438701,"[-0.013048027, -0.011092897, -0.026646337, -0.08418892, 0.008002194, 0.0072724456, 0.010109188, 0.03394368, -0.014056593, -0.026917571, -0.012802456, 0.02845945, -0.0105667, 0.010337846, 0.12694024, 0.00308586, 0.0112073785, -0.029220635, -0.00074077875, -0.015776807, -0.0046828883, 0.006004203, -0.0075275213, -0.033410832, 0.008935841, 0.0027457038, -0.0007267593, 0.01625946, 0.0068598846, -0.023777379, -0.031502414, 0.014359939, -0.024032898, -0.0024105147, 0.0065179695, 0.0027739499, 0.034918144, -0.020371975, 0.005628552, -0.0060326215, -0.010739832, 0.008962242, -0.039253037, 0.005384755, 0.0007182761, -0.026058927, -0.0068981615, -0.040120203, -0.0048202877, 0.012418903, 0.043350782, -0.003968762, 0.023886414, -0.173815, 0.00077518733, -0.020497326, -0.011746847, 0.04222177, 0.007091052, -0.01781785, 0.024949769, 0.026615398, -0.010332214, 0.014012531, 0.01216758, 0.01677542, 0.011508248, 0.052856173, -0.01131375, -0.0018437625, 0.013559112, 0.0040731216, 0.0112355035, -0.0011695534, -0.0036416496, -0.02303876, 0.004818807, 0.0034165946, 0.04968074, 0.01520335, 0.007525616, 0.008265707, 0.01674184, -0.040316284, 0.0015137731, -0.0028024323, 0.028127667, 0.024451803, 0.010108168, 0.041885015, 0.0021690766, 0.0099961, -0.002413178, 0.021367993, -0.014640485, 0.03181774, 0.019787425, -0.0067158276, -0.010287528, -0.003188943, -0.013885364, -0.007886548, 0.008715785, -0.0093907975, 0.006315755, 0.0059662648, 0.001135221, -0.032301307, -0.015775187, 0.02127736, -0.014405207, 0.012342012, -0.022956988, -0.0153787015, 0.020560114, -0.124799766, 0.003762989, -0.02229538, -0.017341208, 0.01667994, 0.025171774, 0.010737861, -0.013913525, 0.018676829, -0.045618348, -0.023485946, -0.0034876799, 0.005631116, -0.039094355, 0.008692589, 0.019877654, -0.00091627485, 0.020121722, -0.005931548, -0.02692206, 0.018584808, -0.021426613, -0.00375862, -0.007816398, -0.018819844, 0.005516925, -0.004515386, -0.008405189, 0.0020464177, 0.010318256, -0.015446698, -0.014487386, -0.00041317753, 0.0037254891, -0.0054839603, 0.029591829, 0.007609467, -0.004793583, -0.011736272, 0.010877915, -0.033759553, -0.0040586013, -0.022260878, -0.007598989, 0.023707809, 0.001289812, -0.012631271, 0.0035746172, 0.00070365606, 0.0008408903, 0.008342722, 0.0041752984, 0.026051464, 0.02098707, -0.013058977, 0.011325669, 0.018781293, 0.0047097215, 0.00074027147, 0.010070701, 0.026234087, -0.010549742, 0.006384653, -0.01754277, 0.01606419, 0.022124577, 0.016785515, 0.00549288, 0.008494786, 0.0033439188, -0.007747056, -0.019644018, 0.014970233, -0.007849061, 0.024413345, -0.0062461277, -0.0046128565, -0.033886533, -0.014886882, -0.004509522, 0.014095361, -0.023409547, -0.009301425, -0.014417024, -0.0073636603, 0.016493337, -0.01315071, 0.0062255883, 0.0066150264, 0.018473307, 0.006534376, -0.028268414, -0.012439589, 0.033471547, 0.0009686691, 0.013698372, 0.009257128, 0.0049416544, -0.01663113, 0.019184304, -0.022259979, -0.0098113, 0.0061724847, -0.013425119, 0.0071398765, -0.003958067, 0.0054302095, 0.012234053, 0.019926114, -0.037748143, -0.011211102, 0.0038613207, 0.011270654, -0.023468168, 0.015711145, -0.00046492778, -0.0047868444, 0.00373912, 0.027305165, 0.022988971, -0.0061413296, -0.014544259, -0.012502408, 0.014221012, 0.030263003, -0.002508237, -0.006559974, -0.0016709208, 0.017330492, -0.0058281845, 0.023915177, -0.0022431903, -0.01697362, -0.02411591, 0.034193005, -0.009842856, -0.015072324, -0.0018330313, 5.1142782e-05, -0.0077270046, 0.0069160857, -0.009092603, 0.0073629026, 0.0058127255, -0.01335016, -0.0011306775, 0.001627401, -0.045240384, -0.010471569, -0.04785419, -0.0078031775, 0.0171625, 0.015824668, -0.021031618, 0.014763672, -0.0047093546, 0.048246775, -0.01951171, 0.014804269, -0.017315995, 0.013360207, -0.05126973, -0.0047572954, 0.044214427, 0.007885992, -0.01420425, -0.010529226, 0.02431931, -0.007830596, 0.0085811755, 0.021287872, 0.018958885, 0.0010009975, 0.0007244121, -0.010154496, 0.012632548, 0.016770473, -0.027101291, -0.0067108436, 0.052679952, -0.022620574, -0.007957333, -0.0018638817, -0.022000307, 9.576343e-05, 0.009346025, -0.011327279, 0.029610984, 0.03467636, 0.019800771, -0.003675212, -0.0034798745, -0.022986358, -0.021133421, 0.003606271, -0.008298054, -0.018627448, -0.0035371, 0.0005198276, -0.011310311, -0.011432747, 0.025006639, 0.03405317, 0.012905473, 0.0030365195, -0.007051533, 0.020035919, 0.0016109531, -0.0021775616, 0.019511946, 0.02809286, 0.0013417294, -0.0007901363, 0.012231227, 0.00075371406, 0.016037647, -0.017810637, 0.015255261, -0.0027100833, -0.008093174, -0.0049477303, -0.019166075, 0.007154476, 0.004622797, -0.019392963, -0.016776033, 0.0056429105, 0.015894607, 0.0041608233, -0.022394855, 0.038098715, 0.008888107, -0.04860082, 0.005528988, 0.00059856905, 0.010385304, 0.007937749, -0.015873702, 0.032698788, -0.02191442, 0.03776081, -0.010402409, 0.027301153, 0.005487626, 0.0071193893, 0.019953756, 0.02152243, -0.0068726223, -0.005338863, 0.0087986905, -0.029038522, -0.022656204, -0.0069021718, -0.012864117, -0.031983066, 0.0037128667, -0.020302344, 0.0036829812, 0.0046247984, -0.0013673949, -0.0040404266, -0.022825234, 0.011483972, -0.006722764, 0.01596833, 0.007855685, -0.026036961, 0.0056973933, 0.015423239, 0.006144082, -0.011626138, -0.011545595, -0.014441273, 0.016054476, -0.005440711, 0.0189881, 0.006131596, -0.018062685, -0.005788671, -0.019739645, 0.008788145, -0.018773697, 0.006258389, -0.007836984, -0.019785313, 0.017623762, -0.019393316, 0.011946824, -0.0003113839, 0.026187364, 0.017260859, -0.0061749388, -0.0034829415, -0.012502981, -0.025038993, 0.011423376, -0.037502635, 0.036854733, 0.019152584, 0.047177378, -0.023849508, -0.025432544, -0.019667884, -0.024525965, 0.018282598, -0.001999775, -0.0076160682, -0.032366924, 0.013792673, 0.026120747, -0.008568749, 0.0036600363, -0.0373882, -0.004295721, -0.015625456, -0.025595624, -0.0061519006, -0.016055351, -0.0053839185, -0.0023489026, 0.01629993, -0.046025597, -0.0018438137, -0.016126314, 0.0070486725, 0.011504, 0.0026671507, -0.019768776, 0.016212232, 0.015633294, -0.007883439, -0.0004112748, 0.003133046, -0.017726641, 0.018104887, 0.0062485454, 0.00490502, -0.0023932408, 0.02424825, 0.0077773877, -0.0016688239, 0.002533964, -0.015663886, 0.014663298, 0.00020175255, 0.019609792, -0.0033482867, -0.011690861, 0.019344395, -0.044679813, -0.009412577, -0.013976215, -0.03408611, -0.010413078, 0.024307141, -0.025739042, -0.000819799, -0.015795408, 0.023982508, -0.0033727584, 0.018599005, -0.032270953, -0.015231721, 0.0077034286, -0.020586306, -0.011489162, 0.013981121, -0.028727261, -0.00015208201, -0.0077509833, 0.03420679, 0.0045743575, -0.0009511432, 0.019765621, 0.014429761, -0.0050257975, -0.004326094, 0.031336937, -0.0076557924, 0.0031118612, -0.04018639, -0.0128308935, -0.0025124487, -0.03311791, 0.0038255544, -0.0150762955, 0.0075375866, 0.0073142373, 0.017987777, -0.0047470783, 0.0004735756, -0.01839843, -0.010677452, -0.02394559, -0.019098671, -0.014839201, -0.011703125, 0.013583084, -0.010279916, 0.017711945, 0.029676273, 0.024512703, 0.014801099, -0.0016751852, 0.02452158, -0.015349222, 0.014817179, 0.0063827545, 0.008932607, -0.0018154229, 0.012680991, 0.012504286, -0.016646497, -0.0040893843, 0.0012799721, -0.00425704, 0.012453343, -0.006888398, -0.023635548, -0.0013033169, -0.0051966077, 0.042030796, 0.0073931953, -0.029998958, -0.020955697, 0.009668528, 0.006513371, -0.009201193, -0.02586377, 0.046738073, -0.04788633, 0.003656256, 0.0019687726, -0.025806224, -0.017152699, -0.014852859, 0.012707034, -0.018462166, 0.018868122, -0.0071653104, 0.020238308, 0.027762169, 0.0033732487, 0.00409394, -0.009772451, -0.016710766, 0.031249626, 0.024269372, 0.018227292, -0.019510088, 0.019457506, 0.037400983, -0.009005551, 0.021160828, -0.015130812, 0.01622152, 0.022041915, -0.031750396, 0.01245054, -0.005429193, -0.028942596, 0.0023872387, 0.014310969, -0.0004037133, 0.01673881, -0.0045928685, -0.019467847, -0.016328288, -0.004009529, -0.0005126202, 0.000926202, 0.0083508715, -0.0036881499, 0.0044469917, -0.008679182, -0.0015304551, -0.006551677, -0.004840772, -0.0030685002, -0.0069224066, -0.027356768, -0.005182789, 0.0008936159, 0.017243568, 0.012242974, -0.031549376, 0.013849769, 0.00030993196, -0.01331243, 0.0034374981, -0.016156953, 0.013658075, 0.019107781, 0.013115804, -0.028943537, 0.0049175294, -0.024350556, 0.03339689, 0.024292247, 0.0060466356, 0.009709119, 0.0061142417, 0.03045144, 0.010836403, -0.0052412204, 0.02576838, 0.019195786, 0.0020287114, 0.044424158, -0.013587417, -0.014229167, -0.016787287, -0.08910773, 0.0062811915, 0.01095443, -0.02317017, -0.013800729, 0.01952643, -0.004861289, -0.021028608, 0.004206225, -0.007036065, 0.006226955, 0.023787964, -0.015676845, -0.020579014, -0.004067469, -0.00474354, -0.00091783446, -0.013259313, -0.015139933, -0.016605292, -0.018140582, 0.0007983334, 0.012144025, 0.0067683323, 0.014260229, 0.0038786607, 0.0209416, -0.0063021886, 0.0019312795, -0.028445533, -0.014358522, -0.14406632, -0.0111335525, 0.051167708, -0.03193774, -0.016624924, -0.014464609, 0.008278005, 0.013338963, 0.010507624, -0.011607444, 0.004148895, 0.002034337, -0.023558779, -0.042085696, 0.007457411, 0.10175726, -0.00573791, -0.019094, -0.0030539464, 0.00831387, 0.012635231, -0.015426821, -0.015181625, -0.01199315, 0.012463792, -0.00049771596, -0.005674824, -0.008045665, -0.006545205, 0.009872594, 0.018350253, 0.0056254044, -0.0039352356, 0.005348136, 0.00953382, 0.0019236142, 0.036297858, 0.023021443, -0.034000438, 0.01438409, -0.010723192, 0.031212933, 0.00084086554, -0.008674298, 0.009248153, -0.018626925, 0.023773529, -0.004433181, -0.018969763, -0.01989094, -0.018891342, -0.07329085, 0.017729402, 0.03208592, 0.020157553, -0.022424752, 0.014154554, 0.011481121, -0.0047478983, 0.028835697, 0.01125393, 0.016115423, -0.0065519228, -0.0034675875, -0.016374096, -0.026471538, 0.011330514, -0.0061472394, -0.023048153, 0.011416739, -0.03121168, -0.0053106826, -0.005918876, -0.03391007, 0.013390896, 0.014008222, -0.009411433, 0.002460221, -0.0076270597, 0.0040433686, 0.020277249, -0.016688498, 0.0142807765, -0.01212393, 0.004752065, -0.0192774, 0.0012324192, -0.011762345, 0.009225041, -0.009845841, 0.0017151459, 0.028914917, 0.006571345, -0.024726534, -0.0055752303, -0.0013789668, -0.005917121, -0.011467142, 0.0027322355, -0.008390756, -0.00022797799, -0.023248117, 0.011197007, 0.0044064363, 0.0070701456, 0.00086738594, -0.0025521587, 0.004366644, -0.017848268, 0.0021025725, -0.0013384069, 0.0009731871, -0.0009796869, -1.85683e-05, -0.014132093, 0.01071623, -0.00087479956, 0.007490573, 0.009236265, -0.0052786204, 0.001853093, 0.008580108, 0.011661929, -0.002663914, 0.0031704435, -0.01734942, -0.0067570037, -0.028202761, 0.02527699, -0.027957615, 0.021147218, -0.002840058, -0.017235318, -0.0033951777, -0.008572452, 0.016878398, 0.009259088, -0.01299481, 0.006425694, -0.009849101, 0.0020138586, -0.0071787057, 0.009351324, -0.005503736, 0.009396756, -0.0058918926, 0.0043176184, 0.009635448, -0.008769144, -0.014315801, -0.0016504008, -0.025794327, 0.0069669792, 0.021696432, 0.010088857, 0.005275828, 0.0036966847, 0.01931828, -0.0074315225, 0.0049023046, 0.004690897, 0.001150646, 0.007005431, -0.013748598, 0.01380679, -0.014332811, 0.0052349125, -0.020434745, 0.009341919, 0.019655889, 0.016381387, -0.0055843606, -0.014798827, -0.0023925228, 0.0009459769, 0.0055688946, -0.003909535, -0.0031068039, 0.009276697, 0.009940061, 0.003644484, 0.0091409935, -0.0008361978, -0.0063362415, 0.002955364, 0.012904111, -0.019298786, -0.014646223, -0.0018665899, -0.011344659, 0.009269519, -0.007552742, 0.014488829, -0.013377652, 0.01333326, -0.015332109, -0.000968504, 0.0041661425, 0.0025283045, -0.018477399, -0.0012117331, -0.017376287, -0.008065146, -0.0022073658, 0.012861569, 0.013126224, -0.0045585902, 0.0033463163, 0.010290718, -0.005966231, 0.007470834, 0.007860235, 0.020544013, -0.016401099, -0.005299236, -0.0021409132, 0.01005174, -0.0068400865, -0.007892698, 0.005349397, -0.017526751, -0.011271304, -0.0008042395, -0.0057734097, 0.007259893, 0.011553428, 0.005362468, 0.0018924635, -0.003262151, -0.00020790903, 0.006979008, 0.0106864385, -0.0044790143, 0.0021610325, 0.006215382, -0.008407263, 0.008185109, -0.0058873636, -0.0034364585, -0.005727941, 0.019111123, 0.010253034, -0.01116095, 0.0040999018, -0.00045297237, -0.013035969, -0.0030400348, 0.002222494, -0.016836517, 0.028857905, 0.014204392, 0.02308849, 0.010343638, 0.025339898, -0.004825648, -0.008532837, -0.023104474, 0.025323456, 0.012849943, -0.023979148, 0.005775591, -0.003564137, -0.0016835601, -0.0018230241, 0.0075115203, 0.005524478, -0.012424821, 0.0056395293, 0.0040681832, -0.008073868, -0.022205371, 0.0021512613, -0.015991798, 0.004868251, 0.0077454415, -0.021909898, -0.002828372, -0.005315672, -0.0067143952, -0.020154238, -0.008957927, -0.014564995, -0.010540199, 0.014000194, -0.0031145888, -0.014088104, 0.0036982284, 0.0055564754, 0.0067143594, -0.016928107, -0.0027384723, -3.7302558e-05, 0.0051695127, 0.004846415, 0.010730298, 0.030107107, 0.0091256015, -0.021467254, -0.0012226999, 0.005290012, -0.0003017304, -0.0050941734, -0.010236014, -0.017530479, -0.011160802, -0.011957169, 0.0038687163, 0.013721295, 0.019222865, 0.015868284, 0.08847587, 0.017212532, 0.004557323, 0.012110749, -0.009889285, -0.006839469, -0.004566332, -0.013213519, -0.021495027, 0.00359899, -0.0037499375, -0.012134138, -0.007920856, 0.00043307297, -0.009811236, 0.003561456, -0.0039216233, 0.0049155145, -0.00825717, 0.0010965544, -0.019561358, -0.020973902, -0.00045525678, -0.0028641797, 0.0048224544, 0.00026303183, -0.0031954476, -0.0132152615, 0.004326645, 0.00046370566, -0.009680799, 0.01386893, -0.0033487633, -0.005067307, -0.021355513, 0.0002681058, -0.0036257224, 0.023121828, 0.02507173, 0.008919301, -0.010050642, -0.0137267215, 0.0011438892, -0.015724631, 0.014650177, 0.008941228, -0.010950342, -0.011967028, -0.00053226756, 0.024938323, 0.0035102319, -0.008296993, 0.0015865404, 0.012142355, 0.007515664, -0.00272619, 0.0045280852, -0.020910436, 0.007054838, -0.007454915, 0.00041385868, 0.018849773, -0.019790314, 0.014960839, -0.006171274, 0.008189445, 0.0135847125, -0.0052080466, 0.017882636, -0.003802183, -0.0066488185, 0.009953606, 0.005670985, -0.016078578, 0.016992401, 0.001295965, 0.009157014, -0.020107428, 0.006007435, 0.0046451306, 0.000660469, -0.00669367, -0.0135456305, -0.00667465, -0.018696643, -0.011381283, -0.004034037, -0.0022236907, 0.0056968224, -0.009349878, 0.0052128825, -0.014743264, 0.012846528, 0.0074780374, -0.0015905424, 0.008271625, 0.06468248, 0.02073365, 0.0092539145, -0.0017947261, -0.012498194, 0.0040659155, 0.0027586361, 0.002656999, -0.0006120455, -0.026363196, 0.022812001, -0.0054157698, 0.019272758, -0.012679874, -0.0020113525, 0.018871378, 0.018509567, 0.009554578, -0.0040199724, -0.015950454, 0.015925525, -0.0044838977, -0.013173985, -0.0044418355, 0.0148509815, 0.0017654162, -0.005180881, -0.012900262, 0.0014497286, -0.0019303545, -0.0044197156, -0.015542932, -0.0026225392, -0.0028047625, -0.015409122, -0.0036530483, -0.009190904, -0.0043168687, -0.0067392327, -0.00088423747, 0.0039565735, 0.0064271227, 0.0043163607, 0.017995255, -0.0051627783, -0.006403368, -0.017643617, 0.010625091, 0.0065376274, -0.005824129, -0.005884143, 0.013402109, 0.0010102497, 0.012900225, 0.0041776053, -0.017584357, -0.001324778, 0.003710131, -0.0023647042, 0.013715868, 0.0044265776, 0.021628361, 0.0019727245, 0.016930465, 0.002611182, 0.0019579972, 0.008418816, -0.010560124, -0.0066722617, -0.0054478697, 0.012890514, -0.010838716, 0.0044801016, -0.0026635847, -0.0018719537, -0.0026499596, 0.0129376175, 0.0040082326, 0.0011988255, -0.00031068345, -0.00243547, -0.01595612, -0.00327404, 0.0015102588, 0.013721133, -0.00046715865, -0.0066172495, 0.011027456, -0.011483022, -0.0033583734, 0.0071356143, 0.0014434688, 0.003704975, -0.011839103, 0.0043824906, -0.010634813, -0.007837928, 0.0009102854, 0.00244298, 0.009838863, 0.0066308198, 0.009416153, -0.014282161, 0.008416268, -0.0056153554, -0.021623814, 0.008915126, -0.0027328194, 0.008755962, -0.014329624, 0.012815195, 0.0050469856, 0.011709275, -0.010228525, -0.009420067, 0.0019819357, -0.007284773, 0.0010925264, -0.0050200513, 0.001406668, 0.011473567, -0.005034877, -0.013783394, -0.001037703, 0.0063605183, -0.006559869, 0.0023982155, 0.018801305, 0.014342945, -0.022741597, -0.010236693, 0.007240164, -0.017312754, -0.001233777, -0.004113456, 0.008855765, -0.010236549, -0.011521431, -0.009288662, -0.007673892, 0.0010223229, 0.0011880703, 0.020714719, -0.015008734, -0.015127859, -0.01232651, 0.0019933027, 0.0006422119, 0.01684676, 0.010285866, -0.008499955, -0.019225098, -0.015016725, 0.014031464, 0.0011288192, -0.0088764215, -0.004186843, 0.0013913993, 0.01936776, -0.0066072172, 0.0029422555, -0.025158465, -0.006741138, 0.009702075, 0.015761456, -0.006496434, 0.017180324, 0.02128082, 0.002230027, -0.012200483, -0.001477296, -0.005981206, -0.010011402, -0.0026815168, 0.022766959, 0.002349133, 0.021456841, -0.0028679643, 0.008475806, 0.018438697, -0.023756115, 0.021902803, -0.0135588525, -0.00014357164, 0.015934149, -0.007672933, 0.0075208927, -0.0038426365, 0.003532664, -0.01225025, 0.0008835906, -0.029695015, -0.011973686, -0.003561783, 0.004718184, 0.0017953308, 0.0041704075, 0.0037233424, 0.014281417, 0.00038062138, -0.01329854, -0.0029184453, -0.00113869, 0.016334679, 0.020405201, -0.004660418, 0.003989111, 0.016660994, -0.002122421, 0.011010591, 0.012916399, 0.013299051, 0.0010053931, -0.004450113, 0.018929597, -0.010609941, -0.014105265, 0.019535251, 0.0034094793, 0.016532758, -0.0063162525, 0.006945629, 0.0041406113, -0.0073942915, -0.0036060777, 0.00360192, -0.020846318, 0.0070106173, 0.008064062, 0.0052248035, -0.0050657275, 0.014323504, 0.004864409, 0.012604286, -0.022904385, -0.014276927, 0.01147138, 0.009070383, 0.004906944, 0.0126441205, 0.0058637266, -0.011491576, -0.015683036, 0.023615124, 0.0066068303, -0.0057478473, 0.010129821, -0.015435143, -0.008208391, -0.01621541, 0.00784362, 0.001081737, 0.01019655, -0.0050473954, -0.009689471, 0.012569909, 0.008213066, -0.008983112, 0.006298884, 0.00968913, 0.0022255685, 0.00261468, -0.0015744697, -0.0118134525, 4.4324363e-05, -0.008308386, 0.015995853, -0.019176306, 0.005973666, 0.00041798924, -0.0034202382, -0.0012641312, -0.01002924, -0.0017647968, 0.01926588, -0.002544511, -0.0024054025, -0.0055208374, -0.011121836, 0.013745119, -0.00080894254, -0.019536676, 0.015639165, -0.011605992, -0.01979871, 0.014513421, 0.008758435, -0.002005886, -0.005633203, 0.00029126028, 0.0079048695, -0.003618708, 0.0034491115, 0.02154779, -0.0163352, -0.0002492193, 0.021938382, 0.012000233, -0.005884043, -0.021136029, -0.0016319397, 0.00987155, -0.014733292, 0.0011864234, -0.008098167, -0.0035949512, -0.009070718, 0.017946439, 0.0077454555, 0.015175, -0.010470006, -0.008509136, 0.004798251, -0.014057054, 0.010095815, 0.018387696, 0.006751443, 0.0055782096, 0.004911897, 0.0009970237, 0.010008889, -0.006281169, 0.010438245, -0.0050816913, -0.006138654, 0.0076724505, 0.007331319, -0.005061422, 0.0029576696, -7.8969344e-05, -0.0057254164, -0.00080021896, 0.020351663, 0.002542984, 0.019047469, 0.0019767284, 0.008370956, -0.0034538456, -0.002493534, 0.025486622, 0.014007313, -0.029761437, -0.002855273, 0.021630812, 0.0036455535, -0.0016553345, -0.0032841403, 0.011824078, 0.02345708, -0.0010710031, 0.011650603, 0.0149229, 0.00042978756, 0.008614778, -0.0016160058, 0.009671166, 0.01233093, -0.018262913, 0.0052559515, 0.00385834, 0.004483383, 0.0004364713, -0.002180749, 0.0032889796, 0.015294067, 0.0035063708, -0.08323488, 0.020336768, -0.009591798, 0.011146956, 0.016777404, -0.00753143, -0.016995965, -0.012062034, -0.0145521285, 0.010324338, 0.013924054, -0.018309293, -0.008272712, 0.00962878, -0.02679543, 0.0049577146, -0.0009958795, -0.006554478, 0.0016161758, -0.015623379, -0.012054896, 0.014393219, -0.005771238, -0.016406035, -0.0147093795, -0.013359709, -0.006269377, -0.012894627, 0.03042842, 0.0050240643, 0.00910714, 0.014940398, 0.006660707, 0.010175869, 0.009725572, 0.0169931, 0.016806107, -0.009004149, -0.13446018, 0.008037768, 0.007220293, -0.019331712, 0.008204675, -0.01569016, 0.016894775, -0.010819834, 0.0022159056, -0.004796962, -0.016270781, -0.006948189, -0.004363779, 0.006299545, 0.004447951, 0.0007132796, -0.016443385, 0.017360205, 0.0025968947, -0.01889261, -0.017920597, 0.0074067893, 0.022337908, 0.014834085, 0.004854389, -0.0031801965, 0.0022413908, 0.010235021, -0.00774484, -0.007625559, 0.0023199285, -0.012062821, 0.0026830006, 0.010902324, -0.0023197897, -0.03304428, 0.017497884, -0.010098107, -0.033343147, -0.006062282, 0.024105005, 0.002135896, 0.018339843, 0.008017482, 0.0052441335, -0.003988174, 0.0031767045, 0.0015893779, -0.0046352297, -0.008942123, 0.00015659678, -0.015566701, 0.009992118, -0.009607107, 0.016170911, -0.0044993344, 0.008806836, 0.0128207235, -0.0087513765, 0.00046616452, 0.006060527, -0.010394351, 0.0015840832, 0.013892369, -0.001098669, 3.1225266e-06, -0.0046256594, -0.0005992082, 0.00294153, 0.020250348, 0.008569556, 0.0014964868, 0.0032880432, 0.015309355, -0.023633948, -0.016434217, -0.018905707, 0.0065369997, -0.004236089, -0.0026967148, 0.002242901, -0.016928814, -0.014369957, 0.010292065, 0.022909269, -0.017902609, -0.00078737177, 0.016997295, -0.005030272, -0.049327858, 0.011232289, -0.0032925925, -0.0035133234, -0.0019941446, 0.011663786, -0.008291304, 0.00037379618, 0.00601466, -0.0124088, 0.008335621, -0.006643696, 0.014746462, -0.023416182, 0.02491178, -0.016823662, 0.00828592, -0.016044628, -0.008160102, 0.0045883143, -0.011664407, 0.0013936769, -0.004445198, 0.010766721, -0.007309845, -0.0005157292, -0.003981588, 0.007997847, 0.0055841138, -0.0018111162, 0.0027105804, 0.025964802, -0.025497781, 0.020280836, -0.021432636, -0.0016000797, -0.0058570695, 0.011147302, -0.020864716, -0.010926801, 0.013642082, -0.0074762166, -0.009943609, 0.0041264123, 0.0031685806, -0.015537325, -0.0043540425, 0.0066112014, 0.004348542, -0.014233344, -0.0025560977, -0.031696178, 0.008928456, -0.01111489, 0.010632475, 0.01856507, -0.0013834899, 0.019774834, -0.0048400746, -0.022360705, -0.0023007912, 0.0070827263, -0.013286895, 0.0016831829, 0.0145948, -0.009814186, -0.0041153785, 0.009457133, -8.916248e-06, 0.015203811, -0.0052700695, -0.028644666, 0.015656807, 0.031272206, -0.007549437, -0.008689269, -0.0025946295, -0.0055684666, -0.002840594, 0.012696625, -0.012263252, 0.02865218, 0.011575074, 0.0050347312, 0.00032817194, -0.022837795, 0.0035551987, 0.005298099, 0.018816154, 0.010126141, -0.003638677, -0.0064314017, 0.006167764, 0.014472083, 0.0089773685, 0.02211816, 0.016046897, -0.006979556, -0.0063617066, 0.02324617, 0.027118137, -0.002248058, -0.0063137705, -0.004049923, 0.00880977, -0.029717788, 0.0035391643, -0.022716353, 0.006955887, -0.011909861, -0.0017324289, -0.0025537515, 0.017465236, 0.0008531509, -0.16250372, -0.013001285, 0.009663472, 0.0030342205, 0.00708554, 0.011088346, -0.016860748, 0.012204548, 0.01853336, -0.008345298, 0.015421874, 0.016408114, 0.00403633, -0.0137335835, -0.022845337, -0.0016972001, -0.005099006, -0.0015429759, 0.0060001602, -0.006160759, -0.024348445, 0.02425991, 0.00033984164, 0.042473786, -0.0022162297, -0.008104451, 0.00554014, -0.0039874893, 0.0021434573, 0.0067583704, 0.040879745, 0.007728293, -0.008354356, -0.00035042578, 0.00955096, -0.0074922014, -0.00076948147, 0.008632956, 0.01146205, 0.012150416, 0.008882652, 0.0221158, -0.0077886716, -0.00043260178, -0.0024398195, -0.0043079574, -0.018506747, -0.00020945641, -0.010906584, -0.01767219, 0.0046830783, 0.0057572233, -0.00847156, 0.022872478, 0.024063963, -0.03394268, 0.033784624, 0.015754865, 0.020769788, -0.0015768097, -0.033383317, 0.0062327, 0.0016761876, 0.028016739, 0.004460943, -0.0044184374, 0.0061839055, 0.13811317, -0.018492492, 0.0031721203, -0.020691816, -0.017940994, 0.020242013, 0.005425293, 0.013266556, 0.01977866, -0.003301104, 0.018603167, 0.016548943, -0.00033024876, -0.00372337, -0.010918887, 0.0034268606, 0.0072096977, 0.0024982074, 0.008779984, -0.008411783, -0.013431429, 0.0010544774, -0.003251394, -0.0011848543, 0.050378025, -0.004998215, 0.012116096, 0.00329869, 0.002431105, 0.010133221, 0.021227855, -0.0035757807, -0.01569099, -0.008032134, 0.019404335, 0.0046333475, -0.0047735996, -0.038364645, 0.0021104557, 0.008514899, 0.033841055, -0.00044835513, 0.00466849, -0.0024171188, 0.001493191, 0.0038529278, 0.016211575, 0.0037508316, 0.023971627, 0.009925548, -0.024898816, 0.013442866, -0.025493864, -0.0017376321, 0.013278289, -0.009562552, -0.016157137, 0.009159672, 0.01459708, 0.015476591, 0.017735777, 0.0012348574, 0.00086410285, -0.007206691, -0.0017344331, -0.0076128184, 0.0065828855, -0.014764641, -0.0112844305, -0.10553949, 0.0071628927, -0.000121505065, -0.03972613, -0.010936844, 0.009716835, 0.016972633, 0.0175966, 0.010020242, -0.0024077168, -0.006213185, 0.0072917673, -0.01621731, 0.013028507, -0.00019159037, -0.01080283, -0.0061927605, 0.04289809, 0.027591076, -0.012424072, 0.0011511975, 0.005184897, 0.019706815, -0.016748317, 0.00557323, 0.0061586304, -0.0045841956, -0.018955775, 0.014337905, 0.014378033, -0.006010939, 0.01464872, -0.011941185, 0.020652382, -0.018417465, -0.012955063, -0.013613106, 0.005576923, 0.0042621926, -0.030601911, -0.015514129, -0.016582074, 0.0001647388, -0.009795917, -0.0096423905, -0.006925284, -0.0045295414, -0.0067789685, 0.010041968, -0.010558348, -0.0025032067, -0.007927269, -0.004103841, 0.002370516, -0.00691323, -0.012032705, -0.0025775777, -0.0028330057, -0.006763582, 0.004512499, -0.00676143, 0.015564423, 0.0016301746, -0.0028391753, -0.0055638724, 0.015211779, 0.0021074028, 0.0016650639, 0.017229194, 0.015965816, -0.01370298, 0.0037034869, 0.026767932, -0.0057558436, 0.017022118, -0.0028789046, -0.008966944, 0.023559622, -0.041873757, 0.030396774, 0.0035630823, 0.010386758, 0.025104875, -0.00640515, 0.01826227, 0.00081643084, 0.00669073, -0.023388555, -0.0014079204, -0.0116112, 0.01800275, 0.011650892, 0.003176606, 0.0007231028, 0.0043655043, -0.006536372, -0.012063126, -0.004592194, -0.0063402876, -0.012890829, -0.00037205924, 0.006553334, 0.0028086505, -0.0013704345, -0.008332285, -0.0077858344, 0.0067486907, 0.0034188621, -0.0027256573, -0.012375786, -0.0052613146, -0.022884347, -0.013391492, -0.0044803154, -0.0032366775, 0.011261952, 0.009096262, -0.0045078583, 0.002905068, -0.017608585, -0.0018812685, 0.0030946904, 0.01127276, -0.0033593557, -0.005183542, -0.007787631, 0.010266984, -0.016575389, 0.008648003, -0.003072641, 0.024750883, -0.008911658, -0.01198437, 0.017712561, -0.012675219, -0.015488398, 0.003633588, 0.031129755, 0.009770977, -0.0011678213, 0.0031624811, -0.0016190994, 0.003908797, -0.0021739576, 0.0030764185, -0.011934589, 0.00022797186, 0.012566337, 0.010218099, 0.009415128, -0.0060456465, 0.011417631, -0.026117247, -0.012566634, -0.0007298051, -0.00054913556, 0.004372918, 0.008438392, -0.007230234, 0.0015765689, -0.023803405, -0.00018073313, -0.006737586, -0.00018415276, 0.011916629, -0.0025897387, -0.034097537, -0.021659829, -0.01925523, -0.023713142, 0.014101567, -0.011244613, 0.0085126925, 0.01206937, 0.009676208, 0.0049465797, -0.024343163, 0.003374567, 0.0014068092, -0.0465441, -0.0039188154, -0.004247555, -0.0053882278, -0.031028718, -0.011605558, 0.008432415, 0.0055804285, -0.0024872683, -0.025749274, 0.011789752, -0.015399688, -0.0104431845, 0.009976147, 0.0083071, -0.0030810903, -0.012225821, 0.0037458984, 0.01529189, -0.004463808, 0.010228958, 0.0011079799, -0.012467198, 0.0009688922, -0.019710606, 0.009387634, -0.0019182104, 0.016309103, -0.0062711183, 0.009713961, -0.017459333, 0.0027186002, 0.010364281, -0.036385953, -0.010652645, 0.0056338664, -0.004659319, -0.016419934, 0.0007145989, -0.050028734, -0.020857703, -0.0021693597, -0.048502706, 0.020285696, -0.007860529, 0.0038548768, 0.00050166575, 0.0024052293, 0.003637941, -0.0066854893, 0.010513921, 0.004813792, -0.03154362, -0.007975886, -0.012314299, 0.0013063883, 0.0033888198, -0.0104196705, -0.009993, -0.026630905, -0.01309543, -0.028355375, 0.008138318, -0.011063922, -0.0049383645, 0.021617291, -0.0018553587, 0.0002594035, -0.017311452, 0.007415442, -0.0071283397, -0.011537959, -0.00065316795, 0.021767518, 0.018397804, -0.007830529, 0.002716541, -0.020859178, -0.0010020745, 0.01728486, 0.0072508333, -0.0044918493, -0.008626407, 0.02537321, -0.012376676, -0.026077898, 0.008011628, -0.113403425, -0.015712485, 0.0036938842, -0.011975851, -0.0013140672, 0.01790143, 0.0032474564, 0.04412052, 0.0026928345, -0.020933904, -0.030112691, 0.020674733, 0.02471901, 0.0072570243, -0.003496934, -0.009066111, -0.013268895, 0.010111426, -0.0039037887, -0.006735211, -0.001121359, -0.019989155, -0.0040104534, 0.014556883, -0.004164295, -0.032846574, -0.0067791864, -0.0071243895, -0.0005769996, -0.014634648, 0.026201965, -0.022700287, 0.013645218, -0.0027634464, -0.003849086, 0.018155012, -0.006289879, 0.026127353, 0.009070273, -0.004564908, 0.011120415, 0.019984314, 0.014419002, 0.017631207, -0.0026943046, 0.0026124099, -0.015838232, -0.0021134804, -0.020798018, -0.0031471676, -0.010747462, -0.019412426, -0.017641796, -0.0111214565, 0.007765778, 0.0011064805, -0.00032358916, -0.028709518, 0.03378549, 0.008276308, 0.009972377, 0.002504221, -0.000911443, -0.015020338, -0.011386808, -0.0023715566, -0.024130523, -0.008584099, -0.01693653, -0.0032071988, 0.0051662764, 0.0053107976, 0.011642896, -0.026513025, -0.014360531, -0.0321845, 0.007932754, -0.013591585, -0.050556894, -0.0062543005, 0.03161963, 0.012922158, 0.0016181448, -0.011864533, -0.012002294, 0.0004832301, -0.02792458, 0.015351254, 0.00036197857, 0.0039458727, 0.012719058, -0.021261355, 0.011267581, -0.0021708314, 0.03691489, 0.004713172, 0.0086787455, -0.001463473, -0.011258902, -0.018816974, 0.008092853, 0.007242804, -0.019050764, -0.00436674, 0.0007860666, -0.011122166, 0.0030665556, 0.0050640954, -0.011507007, 0.0052641635, 0.00469555, 0.0005772468, -0.016926283, 0.0017420797, -0.008165848, -0.009623694, 0.012462831, -0.00905299, 0.00087403686, 0.0018225922, 0.023553433, -0.008126138, -0.027643828, -0.036544442, 0.0037459473, 0.009324819, 0.00045382342, -0.010624093, -0.017213384, -0.00598822, -0.00960521, 0.021812301, 0.012032247, 0.01110564, -0.009994088, -0.010966503, -0.025812136, 0.00064763834, 0.0040077027, 0.02629018, 0.010626641, -0.004413943, 0.009299124, -0.0045820037, 0.01394433, 0.01802288, 0.015561013, 0.008266856, -0.013966565, -0.018490994, -0.0017427143, -0.01312596, 0.01688315, -0.029823534, -0.01065558, 0.0023409943, -0.007935888, -0.0045344355, -0.020235019, -0.022065336, -0.021308398, 0.001515682, -0.0005635383, -0.0008923766, -0.019943547, -0.020312697, -0.01329738, -0.032295503, 0.026891489, -0.013360369, -0.010090976, -0.0104481885, 0.00026906654, 0.0049687317, 0.018909158, -0.047201265, -0.010182367, 0.00097621005, -0.0035392256, -0.0031358937, 0.0115934685, -0.0006408981, 0.00757154, -0.00026407267, -0.0073968493, -0.019051537, -0.0070273243, -0.016784599, -0.013224614, 0.0063732755, 0.010392928, -0.0037705465, 0.0089709, -0.016172161, -0.0077221007, -0.0065285973, -0.015137495, 0.012410712, -0.0063739745, 0.0028038989, 0.009750794, 0.0027810421, -0.010024332, -0.031325437, 0.019097688, -0.004889357, -0.005572856, -0.00609466, -0.035790656, 0.0008786981, 0.009844458, -0.039204963, 0.00840869, 0.010841163, -0.004169624, -0.028201744, 0.028015194, -0.0021981327, 0.021485223, -0.00190087, 0.0017793466, 0.005643193, 0.038385943, -0.012449715, -0.01376452, -0.026904855, -0.01775801, 0.0032176855, -0.0011187433, 0.008049976, 0.0097312275, 0.016316507, -0.009192799, -0.0020989385, 0.005215551, -0.02267838, -0.020645117, 0.0027710057, 0.018746246, -0.0113113485, 0.0055494434, 0.03243257, 0.010554487, -0.0024524108, -0.015410471, -0.035774566, 0.00080478244, 0.0026522211, 0.006845511, -0.025350647, -0.004345782, -0.004405358, 0.0026213375, -0.014460775, 0.012876109, -0.011648908, -0.0014184163, -0.0064380746, -0.017005106, -0.0039676004, -0.0032778275, -0.0040991395, -0.008931429, 0.039573267, -0.0096515445, -0.002142494, 0.016297538, -0.008264232, -0.003792496, 0.0024279323, -0.0063864086, 0.0016846498, -0.0036659846, -0.0012014088, 0.00016891128, -0.011949123, -0.010828117, -0.010430116, -0.0139455395, 0.007364624, -0.00740056, -0.017655386, 0.001479772, 0.0079739345, -0.0020090712, -0.00707413, 0.0057861404, -0.030143026, -0.005626998, -0.0060610324, 0.024159532, -0.019502427, -0.0039748983, 0.0039853575, -0.014762122, 0.011471302, -0.0076592998, -0.001165422, -0.0069452897, 0.0008699912, 0.040600624, -0.013521429, -0.0052471966, 0.0001544728, 0.0005888107, -0.034201223, 0.016168714, -0.02251317, 0.0016807772, 0.009892792, 0.0046593538, -0.0282145, 0.0004650288, -0.008466458, -0.02809349, -0.009325615, -0.013998543, -0.018921725, -0.005327701, 0.010088201, -0.0012483624, -0.025377119, 0.013397014, 0.030342804, 0.007314776, -0.005599635, -0.018704005, 0.019905526, 0.005404926, 0.0010636324, 0.011083882, -0.0002504093, 0.005971199, -0.01969259, 0.02045502, 0.0025466748, -0.0015144497, 0.008850215, -0.0060995854, -0.0072636283, 0.007362911, -0.00649931, 0.003389272, -0.007174348, -0.019393848, 0.01283366, 0.0008744077, 0.0060447706, 0.024961423, 0.019045608, -0.022864446, -0.008032222, 0.0052213916, -0.014952226, -0.00090386445, -0.008798334, 0.007704209, -0.00919081, -0.01281598, -0.0009363546, 0.0064917314, 0.0044899513, -0.016674252, -0.0016284634, -0.0014004647, -0.020461228, -0.0053845304, -0.031436536, 0.007833676, 0.013733641, -0.0011131294, -0.007701529, -0.023813047, -0.02323509, -0.004849772, 0.005577888, -0.026630964, 0.009410339, -0.0051263752, 0.011910681, -0.006016471, 0.013247565, 0.0014145453, 0.017995251, 0.006762467, 0.0029038396, 0.0007857262, 0.005271099, -0.0015938162, 0.015725601, 0.0026135591, 0.01779162, -0.006142503, -0.009378806, 0.037410293, 0.0032437982, 0.02092056, -0.0019367486, 0.012599455, 0.012790632, 0.004930854, 0.016890185, -0.0064294613, -0.0038605882, 0.00093220855, -0.0033630505, 0.004958988, 0.011821106, -0.017511591, 0.00018156039, 0.006453889, 0.010215669, -0.0013075694, -0.009606475, -0.020325927, -0.0071502393, -0.009554396, 0.036008675, 0.009694313, 0.0029168501, -0.01052456, -0.0014515155, 0.0016458471, 0.03533569, -0.015810713, 0.002634144, -0.02347103, -0.005644751, -0.007295462, 0.0127584785, -0.023967806, 0.011604171, 0.0017486365, -0.01166514, -0.005000415, 0.021387612, 0.012243743, -0.0024138417, 0.00019082733, 0.017945116, 0.019447723, 0.013122469, 0.0008253918, 0.0019280589, 0.014854462, -0.015067424, -0.022198157, 0.009412854, 0.018119073, -0.018307023, 0.032636512, 0.01214703, -0.0034946685, 0.0061172945, -0.018917957, -0.013075137, -0.006822002, 0.0028716743, 0.0013389618, 0.020599514, -0.008556016, -0.016780986, 0.008582443, -0.0018220345, -0.044137165, -0.0027549784, -0.026415594, 0.0006620301, -0.018011952, -0.0046149646, -0.02113072, 0.0036629585, -0.03393086, -0.013990599, 0.0018746618, -0.0018646347, -0.0019300173, 0.011156248, 0.016056426, -0.014392454, -0.0011555888, -0.013887291, 0.01166071, 0.004321362, 0.011929542, -0.004804044, -0.021279033, -0.009343392, 0.017130869, 0.015260718, 0.007479184, -0.007385596, -0.012796463, -0.020863438, -0.01412204, 0.01066771, -0.00296372, -0.0053956606, -0.004630724, 0.005742844, 0.010278554, -0.010110305, -0.011330883, -0.009448451, 0.020406812, 0.013089292, 0.0067467922, 0.0039308127, -0.0021707497, -0.036734235, -0.015904915, 0.011159651, 0.008083378, -0.0031154586, 0.007994244, -0.016505169, 0.012816377, -0.02340192, -0.013146088, -0.007981162, 0.025409337, -0.008205921, 0.019263227, -0.0015405344, -0.00014613027, -0.0113916965, 0.010154312, 0.024231631, 0.008915137, 0.0011133697, -0.0070337798, 0.005644105, -0.019156825, 0.004285116, 0.0042978753, -0.0007759159, 0.0015943822, -0.008825323, 0.0023635777, -0.024407206, -0.006217899, 0.028248888, 0.011338505, -0.0105695445, 0.022029916, -0.027811043, 0.020106027, 0.011233531, -0.0016308049, 0.0021817202, 0.0030651728, 0.005559369, 0.015718196, -0.027830223, -0.0020474838, -0.0037489152, -2.2353033e-05, -0.0028950723, 0.008447395, 0.006074456, -0.01862978, -0.010370647, 0.0122821685, 0.0013437262, -0.0011374879, -0.018120736, 0.01868589, -0.022580212, 0.0038855348, -0.008643496, -0.014345318, 0.032843575, 0.020329824, -0.013204944, 0.007134698, -0.0010434138, 0.0015299572, -0.015475071, 0.0021468909, -0.02020173, -0.0011364726, -0.036363285, -0.0016819779, -0.0097880615, -0.007947363, -0.0005063493, -0.010055015, -0.006895068, -0.0055655045, -0.019403776, 0.015104949, -0.026263926, 0.02052736, 0.007002922, 0.004756589, -0.001925824, -0.033739507, 0.008150645, 0.010698785, 0.013339561, 0.04276996, -7.498826e-05, -0.022739153, -0.0015569224, -0.01923916, -0.0018711064, 0.0102422, 0.0061143795, 0.004293963, -0.0103826085, 0.035190556, 0.04863979, -0.03879399, 0.012574368, 0.0033700096, -0.0047029955, 0.004395528, 0.00040646383, 0.017637167, 0.00047451688, -0.007540436, 0.006583189, 0.0034753198, -0.009737467, -0.011642274, 0.0037709638, -0.0110275615, -0.029875675, -0.033018347, -0.004893837, 0.007177365, 0.01319991, 0.027816636, -0.018136172, 0.010131862, 0.010510625, 0.0034827208, -0.0021975513, -0.009969896, 0.010664372, 0.030720241, -0.0013827222, 0.012249847, 0.011008449, 0.026046721, 0.0035807504, -0.011270597, 0.02203404, 0.009224517, -0.011615022, 0.01820346, -0.035680678, 0.0052660396, -0.0019374244, 0.027544362, 0.016433312, 0.0056422227, 0.009256173, 0.020275889, 0.010547819, 0.009637052, -0.017429752, -0.009137882, -0.011409853, 0.00067849056, 0.009226148, 6.670391e-05, 0.0077847536, 0.02684893, 0.008926768, 0.018372273, -0.004351512, -0.031447995, 0.017861424, 0.02154003, -0.015623692, 0.005055114, -0.0033790302, 0.0011495581, -0.009908883, -0.0061089825, 0.014359413, -0.003765723, -0.018803239, -0.0149365105, -0.011267218, 0.1694049, 0.12830566, -0.014471889, 0.01384748, 0.012265855, -0.007686055, -0.014937383, 0.007261692, -0.01077699, 0.0024392202, -0.023236955, 0.0034568086, 0.0065287775, 0.015340861, 0.020548075, 0.006559382, -0.013945461, -0.000630702, 0.003134125, 0.007515781, -0.0014376437, -0.0056930394, -0.004864816, 0.0061124125, -0.011935006, 0.025127329, -0.023106951, -0.0016005932, -0.006616955, 0.0011486503, -0.007721063, 0.0073582586, -0.0006889347, 0.0037188018, -0.012170467, -0.012934222, -0.009115062, 0.011724203, 0.005575729, -0.0066977707, -0.009793539, -0.010959355, 0.009017957, -0.0012718067, -0.013679314, -0.015344743, 0.0032211887, 0.010455203, -0.020011293, 0.026666105, 0.014927136, -0.00027023727, -0.00021606224, -0.006246124, -0.0076286336, -0.00016864999, -0.0049559358, -0.0064334082, -0.0031154675, 0.01695734, 0.01808582, -0.021748804, -0.0186952, 0.009932833, -0.016413048, 0.02098505, 0.0020354379, 0.022317711, 0.018000603, -0.022771496, -0.007723512, 0.0006958497, -0.0043995436, -0.001323107, -0.011412694, 0.0052459263, -0.012744653, 0.005345223, -0.014458472, -0.0072534555, -0.017807962, 0.0026005704, 0.013682248, 0.006730912, -0.0048179044, 0.00048674742, 0.011675652, 0.019373827, 0.093919985, -0.010306212, 0.031160476, -0.006564304, 0.023093104, 0.0116923945, -0.022212, 0.057259206, 0.005388952, 0.043211594, 0.03809351, 0.012919482, 0.022416122, 0.0073370333, 0.0046233875, 0.01241887, 0.0072588744, 0.06584408, 0.017168669, -0.014761901, 0.002571347, -0.012670993, 0.011260042, -0.00031182892, 0.008875321, 0.002953347, 0.013053177, -0.0014140554, -0.005746236, 0.01180139, -0.09112473, 0.0023619602, -0.0035502727, 0.005321168, -0.013857692, 0.01682426, -0.03110285, -0.016782517, -0.007489231, 0.017112542, 0.0013847166, -0.00037688913, 0.009583631, 0.0052745626, -0.0039195586, 0.008856801, -0.014554469, -0.0070819855, -0.013400998, 0.04054447, 0.009806763, 0.011042293, -0.019771423, -0.0075148134, -0.0044959974, 0.021181561, 0.004366138, 0.020674821, -9.105263e-05, 0.016216317, -0.0022982599, 0.02067703, -0.017736869, -0.0049469434, -0.015490111, -0.009219937, 0.0016356896, 0.015228272, 0.0018769177, 0.006484739, 0.0011544105, -0.007858191, 0.000702593, 0.033862796, -0.006705839, 0.009745363, -0.0036617657, -0.00069373735, -0.009499872, 0.0060385033, 0.02820569, 0.003111813, 0.015478656, 0.011309914, -0.0031697645, 0.01776314, -0.004524327, -0.016852034, 0.00468475, 0.012047918, 0.009448695, 0.031734273, -0.015552532, 0.017658703, -0.012676456, 0.006474408, 0.010957521, -0.004112938, -0.035551306, -0.0058294064, -0.0081488285, -0.020096276, 0.004202525, 0.010984015, 0.0071092406, 0.01736544, 0.0013594286, 0.0038741294, -0.006512456, 0.0010153397, -0.009134981, -0.004385968, 0.018669132, 0.10274003, 0.0037460902, -0.0020572757, 0.008101685, 0.012929507, -0.003455619, -0.026670428, 2.0338814e-05, 0.011395509, -0.022857746, -0.00952646, 0.019387519, -0.005949741, 0.0036354917, -0.0007345838, 0.006262877, 0.028948054, -0.012696438, 0.020945845, -0.03100974, -0.0015474121, -0.011523677, 0.011719537, -0.012036462, 0.0051027914, -0.0034331954, -0.0007105795, -0.015406477, -0.018733155, 0.004699166, 0.0068425, -0.0339748, -0.00119807, -0.0071608745, -0.034073357, -0.005183268, -0.0024902504, -0.013121067, 0.008777506, -0.012208385, -0.0047024153, -0.0011773444, 0.010961116, 0.003453216, -0.018479377, 0.2096098, 0.0011232015, 0.002062255, 0.005203715, 0.003234434, -0.024792291, -0.0019703428, 0.0070183235, -0.02322629, 0.0068829185, 0.010860294, 0.007618908, -0.010521896, -0.011814747, 0.0021291496, 0.0016837226, 0.011333893, 0.010160363, -0.016791113, -0.021180319, -0.008044644, -0.010429631, -0.0013019186, -0.0005181031, 0.0013051209, 0.015858449, -0.010615471, 0.01126555, 0.00702062, -0.005091088, 0.0015570443, -0.020728186, 0.029360466, -0.008496115, 0.016511962, 0.0037824644, -0.0032075776, -3.6241872e-05, 0.0005998851, -0.019485798, -0.0034176647, 0.013517364, -0.0068746316, 0.0009167835, 0.0086719245, 0.0027440921, 0.013044061, 0.028317802, -0.020734496, 0.015356674, 0.0029493936, 9.677415e-05, -0.015788488, -0.008857122, -0.012549806, -0.006297262, -0.009566767, -0.010052907, 0.00044889504, -0.016404308, -0.025820922, 0.015528333, 0.0010639247, 0.016375596, -0.008160586, -0.011579692, -0.01602785]"
¿Tu personaje...? Alianza entre tlaxcaltecas y espanoles es retomada en un divertido juego de mesa ,https://oem.com.mx/elsoldetlaxcala/img/25454533/1756603066/BASE_LANDSCAPE/1200/image.webp,Tlaxcala,no descripcion,https://oem.com.mx/elsoldetlaxcala/cultura/tu-personaje-alianza-entre-tlaxcaltecas-y-espanoles-es-retomada-en-un-divertido-juego-de-mesa-25454711,"[0.0038909114, -0.00050583796, 0.007597822, -0.0867771, -0.013092453, -0.003268734, 0.008242846, 0.0034661482, -0.0009592706, -0.015973872, -0.01907511, 0.011520029, -0.005798394, 0.005054977, 0.117145374, -0.036270283, 0.01540289, -0.019953514, 0.028535984, 0.01242623, -0.020383172, -0.0013829541, 0.00030544406, -0.026013335, 0.005206489, -0.012498966, 0.013951452, -0.021956416, 0.00027280624, -0.002775804, -0.008946908, 0.0035909847, 0.002759614, -0.012254381, 0.03006538, -0.016547365, -0.0002735378, -0.0034093328, 0.023296755, -0.009999032, 0.014212401, 0.0043686195, -0.010313501, 0.009969622, -0.012201395, -0.016883375, -0.024321737, -0.015785081, 0.0020228515, 0.013835349, 0.012816863, 0.04278218, 0.025271345, -0.15886018, -0.016922109, -0.016500065, -0.004031095, 0.0014785192, -0.0075398604, -0.00647651, 0.0088217715, 0.020870116, -0.037025057, -0.013467442, 0.006432302, -0.005295482, 0.0129595995, 0.020421138, -0.005149436, 0.0013988431, -0.0020278166, 0.0028658996, -0.01840538, -0.0160949, 0.010817864, -0.0039699133, 0.0011939127, 0.00901571, 0.03427815, -0.002807694, 0.013935084, 0.026965689, 0.0035805625, -0.016749335, -0.0055696075, -0.017876107, 0.022164866, 0.009370239, -0.016673688, 0.0023314725, -0.010358551, 0.02240263, 0.03647715, 0.0053901053, -0.010713305, 0.0128291305, 0.0052665523, -0.02198286, -0.0143008875, 0.0071356227, 0.012094507, -0.027012652, 0.013329736, -0.017385645, 0.010290065, -0.032885306, 0.008901477, 0.012556392, -0.018732049, 0.01701724, -0.008162347, -0.002418159, -0.020461395, 0.018086394, 0.004208219, -0.1265447, -0.011609215, -0.0049877386, -0.031184858, 0.04496013, 0.0033237354, -0.0016227494, 0.00029357808, 0.028526537, -0.02772095, -0.028324485, 0.010370319, -0.013540696, -0.015458873, -0.03268901, 0.039371025, 0.007919153, 0.018124538, -0.009829266, 0.025526915, 0.034953058, -0.011520716, -0.0037349958, -0.0024087618, 0.0067995046, -0.0046245204, 0.033020027, 0.017581005, 0.02216761, -0.013289455, -0.022163123, 0.01030473, 0.009426614, 0.008545205, 0.003832939, 0.03472081, 0.0021011045, -0.026395202, 0.005359327, -0.0025950375, -0.018926302, 0.009951007, -0.02858542, 0.017518977, 0.0069809766, 0.023649534, -0.014153254, 0.014755908, 0.01389815, -0.0010581937, 0.013101365, 0.00012875831, 0.0026105074, 0.008078096, 0.011174988, 0.013017296, 0.0052509806, -0.01831847, 0.0241551, -0.019217806, 0.0141772935, 0.0005706025, 0.030325074, -0.013549461, 0.011365409, -0.0018665205, 0.0019734167, 0.0033940012, 0.04659257, 0.0053951526, 0.00741661, -0.008049428, 0.01810812, 0.027110316, -0.017919745, 0.028961757, 0.008919948, -0.016701864, -0.011431248, 0.00075459265, -0.013682759, -0.017839322, 0.006460425, -0.021183569, 0.01296264, 0.01874116, -0.0023286918, -0.00047793405, 0.003749178, 0.0022581003, 0.0031744766, 0.0040418007, -0.020236885, 0.014708081, -0.0035922257, -0.0029392114, 0.001548393, -0.008759361, -0.0005078336, -0.005784477, 0.034056, -0.010104283, -0.008659761, 0.0020372448, -0.024597067, -0.008334998, 0.004281044, 0.022365237, 0.005203579, -0.0007875699, -0.0014025414, -0.015051551, -0.003251633, -0.0032565321, 0.00073548633, 0.0038297304, 0.005427781, 0.0029513212, 0.00014842347, 0.016732663, -0.0065168934, -0.039007504, -0.0014716861, 0.02184503, 0.011001252, 0.007068044, 0.00095589104, -0.0041829455, 0.02582381, 0.0063247187, 0.039769318, 0.004486466, 0.0053679957, -0.02560138, 0.0063240696, -0.02965859, -0.0073481333, 0.0011132703, 0.03698639, 0.0045623346, -0.038784485, -0.023484036, 0.0036876933, -0.0052766753, -0.020722624, -0.0008004884, -0.027502267, -0.028707763, -0.0062368726, -0.024550324, 0.011117427, 0.0120003205, 0.0067735123, -0.045602206, 0.028375372, -0.015168217, 0.040512476, -0.0231779, -0.033010107, -0.017897675, -0.0134722255, -0.0650321, -0.0054939296, -0.020899152, -0.0012749146, 0.011925767, -0.016445188, 0.0019790707, 0.026612332, -0.0068897023, -0.00068971864, 0.019156642, -0.023679126, -0.013233292, 0.0020485735, 0.010198245, 0.0017042186, -0.02036336, 0.019935712, 0.041667175, -0.0110946745, 0.0110132, 0.012827105, -0.014087214, 0.0034708884, 0.0066665313, -0.02130462, 0.037594665, 0.040126547, 0.013782796, -0.019029522, -0.027318241, -0.029488884, -0.033940025, 0.0014748491, 0.0021379509, -0.0234142, -0.033772085, -0.012398333, 0.009622875, 0.0066714305, 0.017580908, -0.029674998, 0.0036248192, 0.0112315435, -0.001885127, -0.0034458993, -0.016177358, -0.025049608, 0.020804381, 0.013946699, -0.014306022, 0.008456618, -0.012630735, -0.0099228, 0.006672205, -0.006899192, 0.015970597, -0.0075448244, -0.0042571924, 0.009272949, -0.0064490377, -0.00311739, 0.02624074, 0.024253987, -0.03450076, -0.0021768373, 0.021193594, -0.009760056, -0.010654768, -0.004439494, 0.0032018563, -0.033541914, 0.009359499, -0.022871476, 0.011251246, 0.025960071, 0.013103673, -0.018832741, -0.015822109, 0.031212809, -0.01530563, 0.011820838, -0.0016665357, 0.005907793, 0.035703514, 0.005789914, -0.0069086854, -0.0032612754, 0.028214727, 0.0029217405, 0.009214601, 0.02491198, -0.0118262, 0.020834632, 0.022664268, -0.020517519, 0.0045807, 0.0125575205, -0.0020055359, -0.00085769914, -0.03430972, -0.0075827255, -0.014335512, 0.028685711, -0.0068639433, -0.008481187, -0.0069829365, 0.004452667, -0.025146227, 0.017398195, 0.013077539, -0.011460095, 0.020280097, -0.0064246557, 0.016222123, 0.011359397, -0.032290358, -0.01585362, -0.008939007, -0.006196765, -0.023216786, -0.02327683, -0.021626076, -0.003921511, 0.029546164, 0.012289769, 0.0017986707, 0.0026772073, -0.010378381, 0.003556321, -0.024738444, -0.009684933, -0.002528091, -0.029827964, 0.024275571, -0.012116733, 0.043266706, -0.00242505, 0.030273044, -0.013519862, -0.021118691, -0.013292977, -0.0052633104, 0.012465161, 0.00407773, 0.002153992, -0.018764159, 0.026104977, 0.01878437, -0.0041416087, -0.017298965, -0.04580727, 0.009859972, 0.017064925, -0.008703996, -0.025946435, -0.013656959, 0.0062981327, -0.051640514, -0.00960857, -0.02921444, -4.566307e-05, -0.006754541, 0.01342441, -0.0032600563, -0.0030087037, 0.0152234165, 0.012586962, 0.01625142, 0.010589138, 0.02123231, -0.003428132, 0.009460928, 0.0095910635, -0.0005308049, 0.007286388, 0.004855187, -0.015728224, 0.012121286, 0.023769164, 0.002217118, -0.010894348, 0.006139001, -0.02326002, 0.025819805, -0.021946335, 0.010500088, -0.0051498073, -0.027171751, 0.0063716117, 0.028809873, -0.019735407, 0.010408506, 0.023691887, -0.0333452, -0.001961057, -0.0026230183, 0.030454967, 0.004727031, 0.031952485, -0.021196783, -0.03305035, 0.008674599, -0.0124382945, -0.013335795, -0.0067246035, -0.013949613, 0.013124559, -0.0108473245, 0.039973475, 0.009116321, 0.008132362, -0.011030379, 0.0057125525, 0.010231391, 0.012439447, -0.012890629, -0.016610002, -0.03433127, -0.010211335, -0.031570774, -0.012009922, 0.009234151, -0.020286852, 0.0023959365, 0.01805684, -0.021145169, 0.0021537126, 0.0017974024, 0.025399989, -0.023462305, -0.025948688, 0.006952103, -0.020760847, -0.011238679, -0.01489957, 0.029010229, 0.018328533, -0.00828599, 0.022798466, -0.00886424, 0.0019789895, -0.0006703228, 0.022533854, -0.018088728, -0.010673533, -0.005563095, 0.036701795, 0.0034072234, 0.044645056, -0.015742758, -0.025899699, -0.011493465, 0.0060341265, -0.018864041, 0.009190107, 0.012846996, -0.03133174, 0.025404677, 0.006133901, 0.010852489, 0.018437145, -0.017511219, -0.009725963, -0.0068323314, -0.00013717338, -0.02272993, -0.024668323, 0.0009492654, -0.08424978, -0.005363877, 0.022856927, -0.00094522437, -0.013991261, -0.0049366057, 0.015450933, -0.007332271, -0.01682856, -0.011169046, 0.005978054, 0.0062397593, -0.008736804, 0.0074399556, -0.03127349, -0.013049566, -0.0006853294, 0.007009466, -0.011823628, 0.00065934565, -0.012202436, 0.015604521, 0.008494709, 0.005724943, -0.008419604, 0.0014259918, 0.01587451, -0.001378429, 0.007131307, 0.004735741, -0.018056009, -0.0011416675, -0.0050183414, -0.006371804, 0.021730928, 0.0015792131, -0.011429851, 0.00017766995, 0.022885825, 0.01361832, 0.00043893352, -0.016368467, -0.011807049, -0.019818343, -0.023680717, -0.008560578, -0.0051511303, -0.02020092, 0.0048192823, -0.020463303, -0.050218392, 0.043588072, 0.0034340548, -0.0043177158, 0.0043176794, -0.0013511425, 0.030529886, -0.0022230346, -0.04102492, -0.011859155, -0.0037002994, 0.0031095173, -0.024393393, 0.0057654195, -0.003240927, -0.019578274, -0.019962117, 0.01288625, -0.0055304356, 0.007970436, 0.015779698, 0.009783217, 0.02276803, 0.01927005, -0.0013454728, 0.0136724, 0.0015130456, -0.01583293, 0.015686736, 0.01920521, -0.050781712, -0.00804897, -0.10037958, -0.0013975201, 0.008805845, -0.0150964055, 0.02175604, 0.007844299, -0.018784536, -0.0151807275, -0.0026295397, 0.0012055696, -0.023013555, 0.05992066, -0.010395879, -0.037673224, -0.015657317, -0.0060369605, 0.018737275, -0.020084474, -0.0004238526, -0.037858486, 0.019160952, -0.0042941063, 0.028015537, 0.017625874, 0.013027914, 0.0050306367, 0.005395558, 0.007825978, 0.025912559, -0.018961485, 0.0024852809, -0.13787532, -0.022405215, 0.021346522, 0.0037615844, -0.00448179, 0.011044098, 0.029108493, 0.0116186, 0.00015001267, 0.008140975, 0.017518392, -0.021829348, -0.023958378, -0.007892073, -0.005924346, 0.13016823, 0.012882196, -0.008874204, 0.0028598711, 0.00103193, -0.001209495, -0.012539869, -0.00694448, -0.010374462, 0.013304194, -0.013064603, 0.005982803, 0.0020025321, -0.0036620188, -0.013985873, 0.013748033, -0.006439445, -0.002802605, 0.014173556, -0.0023787848, 0.019855283, -0.02652334, -0.007757548, -0.02184254, 0.020957854, -0.00983048, 0.023852702, -0.00020017564, -0.004491184, -0.012559107, 0.0038634252, 0.014511194, 0.012967334, 0.0014644081, 0.017330153, 0.0032931108, -0.08031275, 0.015360039, 0.008108493, 0.0072775246, 0.012844303, 0.0054744757, -0.02971429, 0.0053416207, 0.010595526, 0.008462297, -0.01674741, -0.007403677, 0.010035555, 0.0018552406, -0.047382772, 0.014943606, -0.00030119205, -0.016658224, 0.022359846, -0.0047280015, -0.014251643, -0.006724275, -0.037953466, 0.013892412, 0.013103581, -0.005964802, 0.03473514, 0.006926729, 0.014334816, 0.021435497, 0.010490632, 0.022235077, 0.03873629, -0.0013840534, -0.019833498, 0.004179345, -0.032049228, -0.0036307836, -0.003161022, 0.008428978, 0.010515587, 0.009262731, -0.029623797, 0.019332798, -0.009218727, -0.007910941, -0.0038425827, -0.002130538, -0.005294956, 0.029248767, -0.014906171, 0.009552994, 0.017082147, -0.0148903895, 0.011794005, -0.0036894658, 0.031895135, -0.0066627595, -0.0029230604, 0.008365966, 0.005491685, -0.0070774797, -0.0075830747, -0.010769182, 0.012196481, 0.006641579, 0.014395452, 0.029430086, -0.026004141, -0.012830039, -0.0032316782, -0.0022195515, 0.0074793454, 0.009368424, -0.019475093, 0.0013599998, -0.013611323, 0.0075098756, -0.03801546, 0.025270501, 0.013952167, -0.015126598, 0.003241584, -0.00017258177, 0.002962274, 0.00022155163, -0.0042103617, -0.0015134161, -0.011046417, 0.011275575, -0.01618588, 0.0027354716, -0.01448387, 0.00086749595, -0.0011703299, -0.013185273, 0.005398678, -0.010520542, -0.00756886, 0.0021495083, -0.021520456, 0.011889426, 0.007943966, 0.0077160452, 0.003535872, 0.00811736, -0.004239081, -0.014082894, -0.008401069, -0.011588553, -0.0077932337, -0.0021754196, 0.0073233205, 0.014273596, -0.019370724, 0.019650145, -0.0017290214, 0.01678646, 0.0010798838, -0.008234562, 0.0016159137, 0.0053667696, -0.0111881215, -0.0003474368, 0.0030020922, 0.0012887247, 0.0010457372, -0.009717966, 0.007174104, -0.015361047, 0.0003671139, -0.004786224, 0.004361208, 0.00047715305, 0.013747929, -0.0028026411, -0.0032055872, 0.0032434454, -0.009102376, -0.005490655, -0.019454982, 0.025252279, 0.007052219, 0.011066426, -0.009910387, -0.012704981, -0.020575816, -0.0011121851, 0.0037215438, 0.016328437, -0.007237825, -0.0016571439, 0.0027173134, 0.012999229, 0.010671427, -0.0116873775, -0.008644433, -0.0040057306, 0.004554608, 0.008274443, -0.018783571, 0.0080635715, 0.00018586093, -0.0067272126, -0.008986331, 0.0059033316, 0.015030967, -0.01793139, -0.010448436, -0.015777336, -0.019474952, 0.0032115548, -0.008317036, 0.00048581004, -0.002994183, 0.014479451, 0.0029878432, 0.012048445, 0.010287747, -0.0014981661, 0.0038514666, 0.012366994, 0.009147997, 0.007258835, -0.0021276395, 0.0019156507, -0.01215703, 0.0039262455, -0.0060006795, 0.009526952, -0.008249815, 0.0019533478, 0.019238362, 0.016193448, -0.015434261, 0.0013734825, -0.0072410805, -0.024832763, 0.023659801, -0.006177832, 0.00084512884, 0.014254417, 0.009678614, -0.0065611703, -4.2903663e-05, 0.008874202, 0.016218517, 0.0051044, -0.0035522503, -0.009525899, 0.00613979, -0.0022990394, -0.014459788, 0.008873038, -0.015616958, -0.004779459, -0.006913774, -0.008238986, 0.014512485, -0.0056624305, 0.009386334, -0.01500108, -0.0029877864, -0.0018362718, 0.0026094448, 0.003643214, -0.022913843, 0.0065063913, -0.017388878, -0.030088464, -0.0134150395, -0.011468164, 0.0013971692, -0.008914098, 0.0054946165, -0.008592069, 0.0159214, 0.006117073, -0.025260659, 0.0034989167, -0.0068735126, -0.003751302, 0.014469312, 0.0028189372, 0.010244227, 0.0069395793, -0.016724043, -0.013100359, 0.0047625406, 0.007574561, 0.0067955414, -0.0002470545, 0.0046885805, 0.0061100004, -0.015394681, -0.0040266616, 0.01897436, 0.010380913, -0.0059768916, 0.075050354, -0.0028418573, 0.007773586, 0.013021162, -0.0095695, -0.002741949, -0.0018353689, -0.029972825, -0.011916178, 0.013391834, -0.00015130792, -0.0046518627, -0.009252491, -0.008396634, -0.004701717, 0.014868043, -0.011489354, 0.002519127, 0.0010555648, 0.0016460449, 0.012196003, -0.006516902, -0.010101443, -0.0019178753, -0.013313463, -0.0031703154, 0.0054879854, -0.0045925095, -0.010413293, -0.00091206835, -0.010962418, 0.008836718, 0.013818946, -0.00082560023, -0.015820773, 9.297522e-05, 0.0092430515, 0.01372739, 0.0037909707, 0.027843086, -0.014967165, -0.010533912, -0.015151206, -0.015688952, -0.006168449, 0.0047390247, -0.021005655, -0.0040146722, -0.0073857238, 0.017954923, -0.013332916, -0.00030950853, -0.015182634, 0.008342357, -0.01756352, -0.011434212, -0.010513637, -0.007899221, 0.0023401487, 0.0034433226, 0.015368008, 0.01892253, -0.002491325, 0.013427257, -0.0018411572, -0.005335031, 0.009266266, -0.013408057, -0.0059289197, -0.01475274, -0.018911835, 0.0010081225, 0.015138571, -0.02019203, 0.03726808, 0.01005316, -0.011595739, -0.0071711214, -0.014157989, -0.0011755815, 0.014637843, -0.0021366472, -0.0021478683, -0.01059366, 0.0034664704, 0.0061230445, -0.016786253, -0.0025907925, 0.009259979, 0.0023232608, 0.0024664574, -0.010518106, -0.00611026, -0.0027995734, -0.0026989242, 0.0041301055, 0.059509415, 0.00022997713, 0.012784019, -0.010358399, -0.0062055225, -0.016457057, 0.0021989879, 0.008937668, 0.0077229496, -0.026514499, 0.0022653262, -0.0017855972, 0.008796927, 0.00075685716, -0.0031288823, -0.0060113426, 0.012075297, -0.00288444, -0.008448856, -0.00944705, 0.015050356, -0.00674902, 0.00459634, 0.0021126932, 0.0045153606, -0.000614906, -0.012872503, -0.0087332325, -0.009942697, -0.00024676992, 0.0017196022, 0.002478322, -0.01449614, 0.004562407, 0.01810556, -0.00559889, -0.01107073, 0.008281799, -0.011004337, 0.010277997, 0.0045344736, -0.0042383214, 0.017063644, 0.0107825, -0.002321145, -0.009202992, -0.009647497, -0.0016256305, -0.0010475874, -0.004678221, 0.014570032, 0.0138575155, -0.0029503647, 0.0046100887, 0.0012703144, -0.025852814, 0.0036065422, -0.0005479171, -0.0014282864, 0.020198533, 0.010474176, 0.014851057, 0.009045403, 0.015423309, -0.009702759, 0.010052492, -0.0014837323, -0.022335822, -0.0032980156, 0.009300808, 0.0007801826, -0.0007772836, -0.01462356, 0.013394548, 0.006775809, -0.00082664663, 0.0101730935, 0.006845237, 0.004729456, 0.007938648, -0.021477839, -0.0027683952, 0.012698476, -0.004270693, 0.009844688, 0.014713538, -0.00568983, -0.015605433, -0.026459007, -0.01600393, -0.0037855217, 0.0017088162, 0.0084014265, -0.006693818, 0.005122154, -0.01655416, 0.009758824, -0.0060370066, -0.0029859822, 0.010179466, 0.00173768, 0.004525694, -0.014436011, 0.0028059422, -0.00060347887, -0.010157887, 0.012647119, -0.010680825, 0.029989408, 0.0023600738, -0.01069261, 0.00049187866, 0.00775257, 1.3905154e-05, 0.0046183732, -0.021508401, 0.0049840626, -0.005852949, -0.013618436, 0.02418416, 0.0035242557, 0.010998976, -0.0011199476, -0.011287217, -0.010383496, -0.0026101698, -0.004448465, 0.0059202346, 0.0040408205, 0.0066675907, -0.013069015, -0.008218455, -0.0031593048, 0.005811105, 0.0055417996, 0.008138755, 0.0012763061, -0.018636266, -0.00094577216, -0.0006389612, -0.010098693, -0.0005928658, 0.006156635, -0.005516536, -0.009921798, -0.017775446, 0.017172834, 0.007292576, 0.024214542, 0.00088781386, -0.010776621, -0.002321917, -0.008529545, 0.013266469, 0.0044320505, 0.0017838181, -0.0020632066, 0.0065911934, 0.0079242345, 0.0024623044, -0.017269593, -0.05503482, -0.0041158963, 0.01079892, 0.022861443, 0.0020949286, -0.010967861, -0.0005318782, -0.0013757163, -0.009937126, 0.00088149245, 0.0109262485, -0.014817286, -0.009683054, -0.010284508, 0.007849423, 0.0010753686, 0.008278918, 0.0018952345, -0.0024743343, -0.008934683, 0.008003203, -0.00825622, -0.0031353002, 0.012861669, 0.0042487164, 0.0010158014, -0.007613639, 0.010759104, -0.00037963054, 0.002527168, -0.01767491, -0.0014384523, 0.003192967, -0.004140252, 0.011207542, -0.0034220002, -0.00035435462, -0.0027709075, 0.0060542487, 0.00458304, 0.008099131, 0.003105901, 0.007280584, 0.01985847, -0.008993364, -0.0042764423, 0.009944107, -0.003968036, 0.01061539, -0.0015175756, 0.01992113, 0.019913951, 0.0100914715, 0.02285412, -0.004514542, 0.0028395639, 0.0066762804, -0.0020305815, 0.0026207448, -0.006739425, 0.0057876497, -0.0006970486, -0.008270843, 0.003860159, -0.0036334444, 0.0031851362, -0.0038746493, -0.015941767, -0.014128398, 0.0014199404, 0.01760128, -0.0031503544, -0.0059236847, -0.013107361, -0.012991143, -0.002224186, 0.037868664, 0.0009872466, -0.006549483, 0.016969074, 0.0028931678, 0.0062426557, 0.010710083, 0.005074858, -0.014256225, 0.00832106, -0.001011115, -0.0121053355, -0.022786062, -0.0052569155, -0.010266779, 0.00857439, -0.008156778, -0.01807055, 0.00925726, 0.009028305, -0.016200049, 0.0023279553, 0.012582259, 0.02366039, -0.021129878, -0.011456002, 0.0066223606, 0.002032069, 0.005575957, 0.0124667715, -0.006201381, -0.002923532, 0.0002269256, -0.008775058, 0.004443743, -0.006147386, -0.009353479, 0.010517214, 0.0028476075, 0.0045175035, -0.023234917, -0.012943552, -0.007890599, 0.0100544, -0.0093604745, -0.002446992, -0.0134006, -0.01965386, 0.00017383741, 0.00014317773, -0.0029527117, -0.0016368502, -0.009174317, -0.005045633, -0.009622796, -0.00633868, 0.0054550725, 0.0037062634, -0.011599767, 0.019553334, 0.023959571, -0.013095165, -0.010941641, -0.017206036, 0.021999905, -0.0027780375, -0.006129142, 0.005469742, -0.0030974662, 0.0023840903, -0.0062416894, 0.01011131, 0.017900174, -0.011538335, 0.009076499, -0.013207966, -0.0054974747, -0.006297282, 0.008000768, 0.005134048, 0.00488698, 0.0012700689, -0.00940345, -0.0052994904, 0.007061972, 0.013897829, 0.0021081425, 0.0049783457, -0.012153771, 0.016789207, 0.006471927, 0.0005502086, 0.0027255744, 0.0018598159, -0.0026610382, 0.01345659, 0.012940055, 0.029820459, -0.005452196, -1.0822311e-05, 0.0073393113, 0.008646302, 0.014992577, 0.0024082004, 0.0013065347, 0.0041668243, 0.03479307, 0.0015588743, 0.015981484, -0.013481947, 0.011967231, 0.015505932, -0.0125131775, -0.004304746, 0.0022000652, -0.0026198793, 0.009569357, -0.010827008, 0.004721103, 0.012730516, 0.012798743, 0.006065701, -0.0018720559, -0.009267354, 0.0036420461, 0.01799598, 0.0010458147, -0.0015334507, 0.0014136713, -0.07919707, 0.009222495, 0.016608486, 0.012860496, 0.017529095, -0.008962466, -0.0056236293, 0.0074168765, -0.0032697793, 0.0004696903, 0.016052611, -0.008458277, -0.020771869, -0.0071048164, -0.0022061958, 0.010102575, -0.003960355, -0.0066538323, 0.0053563006, -0.0104378145, -0.0056513287, 0.019411363, -0.008155488, -0.00840026, -0.011885135, -0.0048289346, -0.0001665738, -0.012303532, 0.013231246, 0.031055575, 0.010792467, 0.0024299563, 0.004523016, 0.005547621, 0.012425575, 0.018862242, 0.0011305072, 0.0011034156, -0.13776326, -0.012841973, 0.008928251, -0.030762568, -0.000510337, -0.012379089, 0.0071306275, 0.013333104, 0.00531863, -0.008690895, -0.0023963442, -0.0070294733, 0.011530408, -0.015461629, 0.008758531, 0.008360256, -0.018570185, 0.0013999086, -0.017004585, -0.0029221238, 0.002898745, 0.0027680935, -0.0052497215, -0.0055182646, -0.0073461337, -0.022013674, -0.0011866217, 0.0030200614, -0.004117663, 0.0039564995, -0.00025883003, -0.0018943024, 0.0063663106, 0.00426948, 0.008079597, -0.013037416, 0.015431001, -0.012276813, -0.015446944, -0.009445184, 0.01926673, -0.015730245, 0.018535692, -0.0041734492, 0.0058914637, 0.010684094, 0.010416081, 0.010587965, 0.013481794, 0.007404107, 0.020388056, -0.0070834234, -0.004306502, 0.0064908536, 0.013724021, -0.005957171, 0.006154503, -0.0028999662, 0.004545589, 0.010510244, -0.0036617345, -0.0043902206, 0.026529402, -0.0043748394, 0.010187036, 0.001056117, -0.00068052876, 0.010340907, 0.01890587, -0.0007868535, 0.013824101, 0.007021506, -0.0048860367, 0.00848694, 0.004850652, -0.013031019, 0.0031966788, -0.021349588, -0.009183062, -0.0191924, -0.012770499, -0.026033105, -0.00044677136, 0.017451346, -0.00027266078, -0.00040015212, 0.008297843, 0.017474195, -0.017465308, -0.052582316, 0.0050858557, 0.0019098052, 0.0009449454, 0.001825053, 0.0025357727, 0.011709063, -0.022131642, 0.0015291536, -0.005411049, 0.019016733, 0.0046957606, 0.0083958125, -0.013275217, 0.001251938, 0.00346417, 0.005136327, -0.0076989313, -0.01465431, -0.0024650788, -0.015091236, -0.021892259, 0.020351555, -0.0012428027, -0.0046227276, -0.026081817, -0.014094799, -0.016489951, 0.019017244, -0.008716516, 0.027143456, 0.013131583, -0.014533834, 0.0014665474, -0.008919242, -0.00040767097, -0.0028881973, 0.0097514475, 0.0010135805, -0.018700402, -0.0060906075, -0.004214206, 0.00494432, 0.0103224935, -0.0045761294, 0.013808746, -0.02311326, -0.0061365743, -0.008748494, -0.0056483657, 0.005541362, -0.0060507613, -0.012545645, 0.0057965755, -0.0073761996, -0.017072232, -0.011855901, -0.0074871546, -0.021697652, 0.009627067, 0.0004603403, -0.0026517652, -0.010817734, -0.0036700324, 0.005632379, -0.016334647, -0.016932147, -0.010785133, 0.004663513, 0.005400646, -0.0056921, 0.011803071, 0.0025192397, -0.0069086035, -0.008880799, -0.006917772, -0.0024740542, -0.015567976, -0.010809751, -0.0047968654, 0.014139975, 0.01872747, 0.018291196, 0.0071916142, -0.0037568945, -0.022276524, -0.0026796055, -0.0043256897, 0.022067668, 0.010069011, 0.0070475144, -0.017634012, 0.0023045547, 0.008869782, 0.019289719, 0.0040570595, -0.009665019, -0.0037721344, -0.011109764, 0.016293678, 0.0016131529, -0.0019518218, -0.0069200196, -0.007447605, 0.01569272, -0.026536163, 0.025920326, -0.016622864, 0.025442129, 0.003524468, 0.014831112, 0.006239478, 0.014877552, -0.0012431577, -0.1572823, -0.03102467, -0.011027495, 0.018956807, 0.008280711, 0.012596681, -0.020004686, -0.0058766427, -0.0028896676, -0.0047537796, 0.009134395, 0.009122762, 0.021646306, -0.019694889, -0.022366308, -0.0033585157, -0.004604231, 0.011394873, -0.020959174, 0.013018878, -0.006546348, -0.0012766563, -0.0020081804, 0.020572864, -0.014588565, -0.0055115963, 0.008870236, 0.019731099, -0.003450106, -0.018983463, 0.0022723658, 0.014359625, 0.00045161814, -0.015101703, -0.013016604, -0.025415877, 0.010585132, -0.0059118574, 0.0013171771, 0.02060356, 0.010051757, 0.0031801772, -9.108511e-06, 0.0066158585, -0.013405285, -0.012662559, 0.0029131032, 0.0006164054, -0.014019616, 0.017554985, 0.0043513207, -0.019570535, 0.0041508595, -0.0066805533, 0.025155282, -0.022290343, -0.0028496457, -0.0076752654, 0.02160215, 0.011787921, -0.026994087, 0.014462046, -0.023397012, 0.001505314, 0.0016122315, -0.0061021326, 0.0066588344, 0.15047336, -0.025669914, -0.0048167077, 0.0016564364, 0.008846162, 0.0030823287, 0.016345313, -0.004066314, 0.017138029, -0.017919367, 0.024114594, -0.005317971, 0.013739657, 0.0012882738, -0.019579288, -0.0035158088, 0.030581757, -0.009110208, 0.0032107818, -0.010157859, 0.008343112, 0.0014985548, 0.008904807, -0.009215685, 0.03526472, -0.011798413, -0.0003410271, -0.0063368347, 0.015394626, -0.005610978, 0.018190676, 0.00020114753, -0.010189874, -0.033564944, 0.005945913, -0.021099003, 0.021884989, -0.009892418, -0.009512999, 0.017317407, 0.014700469, -0.0047746724, 0.0028467956, -0.000479599, -0.022036795, 0.011634331, 0.01222455, -0.0054611876, 0.015977157, 0.011076332, -0.011358223, -0.0024663608, 0.0011714688, 0.0061448594, 0.0020539367, -0.013739703, -0.0073899794, 0.0014042446, 0.014854927, 0.027422462, -0.00938658, 0.0014852803, 0.004602834, 0.015516957, -0.0082869455, -0.0143390605, 0.0058306376, 0.010970708, -0.0019710956, -0.10680769, -0.0029535631, -0.010027877, -0.035124615, -0.0068163676, 0.01836379, 0.004595055, 0.019152772, 0.003775016, 0.0013448256, 0.004610736, 0.010079395, -0.009722938, 0.016327284, 0.007813589, 0.0049486416, -0.0029449181, 0.015530281, 0.014817266, -0.014303513, -0.011002518, -0.005048498, 0.024657546, -0.012405002, -0.004642032, 0.009504614, -0.0068343463, -0.024682833, 0.0042989487, 0.014428414, -0.010773318, 0.005507296, -0.0012082563, -0.0008276842, -0.029724939, -0.026096752, 0.0057424507, 0.004776483, -0.017441338, -0.028686294, -0.0068996167, -0.0015402847, -0.008308462, -0.0074033146, 0.0010046425, -0.012314673, 0.018165953, 0.029880656, -0.014209481, -0.014537732, -0.0056739682, -0.024012245, 0.0017377321, 0.018833637, -0.04126565, -0.00745324, 0.016519751, 0.017305505, 0.010993861, -0.0039599277, 0.0070868614, 0.013756576, 0.006283582, 0.01192409, 0.012567124, 0.003929657, 0.011886099, 0.017438902, 0.00027192832, 0.009303384, -0.014208697, -0.024037953, 0.005168312, -0.01785214, 0.0053810608, 0.0020862273, 0.009359024, 0.019421902, -0.016061474, 0.01371285, -0.0078596715, 0.007506594, 0.0139935035, -0.004986753, 0.03650704, -0.0012559255, -0.00454701, 0.004141594, 0.009372868, 0.00091255084, 0.015413712, -0.006961606, -0.0072717234, -0.0059972634, -0.009590905, -0.011444456, -0.009736758, 0.010507318, 0.02198733, 0.0069478233, -0.010150456, 0.012369202, 0.0041196398, 0.02044761, 2.016119e-05, -0.010838935, -0.02527089, -0.005029363, -0.008296866, 0.014620192, 0.0012269547, -0.00802131, -0.024751654, 0.0070283455, 0.008428191, -0.01096977, -0.008594489, 0.008864298, 0.0013323948, -0.017068865, 0.0053013284, 0.013185512, 0.01829452, 0.011062965, 0.004276451, -0.0024001708, 0.0022274829, -0.0016380519, -0.005867621, -0.0071432656, 0.010740626, 0.00917985, -0.0063576917, 0.023171874, -0.007927418, -0.003770758, 0.00833149, 0.016844332, 0.0064777457, -0.015018985, 0.0024634786, 0.013091928, 0.0016752122, 0.020171568, -0.0032577298, -0.017361857, -0.0055114375, -0.019761503, 0.017358085, 0.020283189, 0.01891721, -0.002390655, -0.018059582, -0.039008334, 0.0033296652, -0.0024964346, 0.0076480703, 0.01018711, 0.008235412, 0.0014758961, -0.00025505706, 0.019677127, -0.007345517, -0.0018550879, -0.0014645351, -0.0036217382, -0.0055993022, -0.025619313, -0.028188221, -0.016733535, 0.02237923, -0.011507624, 0.006572609, 0.0044047665, 0.0038573307, 0.017463882, -0.0063162195, -0.011000476, 0.0017804634, -0.052381866, 0.014996642, 0.007096484, 0.009764389, -0.002519664, 0.013404317, 0.017794643, 0.009699857, -0.0061310045, -0.021030497, 0.012025002, -0.009811994, -0.020532547, -0.0052141366, 0.009995821, -0.005521183, -0.013391495, 0.009942778, 0.01504236, -0.0228095, 0.012443107, 0.00507997, -0.00012624417, 0.031966493, -0.012140749, -0.008319012, -0.00070245843, -0.0065760543, 0.0006379817, -0.0069168205, -0.003741314, -0.0034377358, -0.011995415, -0.018484883, -0.0015919833, -0.0049321214, 0.00093489606, -0.028211435, 0.015520033, -0.06244332, -0.009437858, 0.003040723, -0.0709311, 0.015367575, 0.028197614, -0.00057993806, 0.014656243, 0.015375508, -0.0035658441, 0.0013115796, 0.019645624, -0.009697989, -0.024630807, -0.02443513, 0.012928189, 0.025708126, -0.0071385214, 0.011728836, 0.009945324, -0.02145722, -0.013824283, -0.0284886, 0.00790308, -0.0058604456, 0.020230733, 0.005358707, 0.009528379, -0.0070128357, -0.0007829098, 0.008378632, 0.018309278, -0.012202253, 0.012302067, 0.016033098, 0.0055396724, -0.031943943, -0.008203121, -0.012954977, 0.0069801845, 0.028531514, 0.005693988, 0.0063032964, 0.017453043, 0.03443682, -0.0077243573, -0.026947208, -0.006312646, -0.10251134, 0.0019838053, 0.0058341143, 0.00028252444, 0.00060715765, 0.024854742, 0.012198271, 0.038400333, 0.0029820085, -0.0025827554, -0.025843976, 0.009060787, 0.016750958, 0.018298514, 0.005844181, 0.009685228, -0.010635098, 0.013774334, -0.00369602, -0.0015305094, 0.01414139, 0.005860631, -0.011161137, -0.008909712, -0.0029924987, -0.07207843, 0.019287229, -0.012564906, 0.0037867315, 0.001201138, 0.003237412, -0.0076976554, -0.0040647574, 0.008410527, 0.013343633, 0.0064456398, -0.0035093592, 0.011890811, 0.019267095, 0.010107491, -0.0008780721, -0.007582181, 0.015454073, -0.005200419, -0.00069801277, 0.00264494, -0.004899257, -0.008045276, -0.0018301179, -0.0051900423, -0.007953472, -0.01033487, 0.0050866944, 0.00466243, -0.0005026281, -0.005830992, -0.01478518, -0.029601384, -0.0013165359, 0.002008747, 0.0150417145, 0.0187972, 0.013506171, -0.002062934, -0.0154850995, -0.0026899313, -0.035194486, -0.012076398, -0.011435684, 0.0041746246, -0.013334188, -0.0027132798, 0.006819077, -0.011055886, -0.0042343335, -0.0010550275, -0.00733835, -0.0095423125, -0.038093444, 0.0072327494, 0.0069542984, 0.0017287676, 0.0151748145, -0.0036626153, -0.001468935, -0.011856857, -0.00726386, 0.007303393, 0.019409198, -0.005117943, 0.010902691, -0.012800208, 0.007831597, -0.008620766, 0.02451028, 0.0007678137, 0.0045971293, 0.00024003659, 0.003416442, -0.01694536, 0.0036370659, -0.010667431, -0.020027654, -0.01655953, 0.019545598, -0.0015619368, 0.0066580297, 0.017950762, -0.018576903, 0.014145107, 0.016041705, 0.0045812726, -0.013118043, -0.0032016379, -0.035314027, -0.024758179, 0.0034148803, 0.009944169, -0.01026745, 0.008898023, 0.0055877147, -0.00885111, -0.013656541, -0.023862988, -0.012017235, 0.017348895, -0.014298785, 0.005346315, -0.013884731, 0.0008578444, -0.009700987, 0.008646325, 0.00832521, 0.013915795, 0.017746234, -0.020438721, -0.01694286, -0.005704265, -0.008048661, 0.003701233, 0.013445838, -0.016986556, -0.0038123657, 0.013802175, -0.016423613, -0.020363826, 0.013413727, -0.0075635314, -0.03820588, -0.016442837, -0.0143360095, 0.017906433, -0.014603326, -0.029387766, -0.032062422, -0.007745803, 0.0119940555, -0.0029321897, -0.010143697, -0.015777802, 0.005640704, 0.015076301, -0.012885027, -0.01812965, -0.02801423, -0.004916039, -0.006535489, -0.01382483, 0.024939623, -0.010141095, 0.00028976038, -0.026098752, -0.009681053, -0.004034717, 0.03161573, -0.03889814, 0.0015294636, -0.0064320224, 0.011304109, -0.005886031, 8.9834015e-05, -0.010520268, 0.010351766, 0.018999984, -0.011088888, -0.034468535, -0.023969123, -0.0056051225, 0.010246496, 0.0068764314, -0.0045239315, -0.037704043, 0.012006624, -3.1118754e-05, -0.018037396, -0.011562961, -0.007966638, 0.013161543, -0.0072734184, -0.0022932931, -0.0009550724, -0.024130233, -0.018430747, -0.04943811, -0.020292437, -0.013181061, 0.0035925687, -0.006521821, -0.021450134, 0.010547515, 0.0025180734, -0.009390831, -0.001076403, 0.005546533, -0.0026315774, -0.0261084, 0.012501075, -0.018040024, 0.032917477, 0.016040957, 0.0061458144, -0.0070739784, 0.006683992, 0.010750923, -0.02246643, 0.011743833, -0.008912989, 0.02069601, 0.016251856, 0.0029399204, 0.014278928, 0.0126134595, -0.0013916943, -0.0038184253, -0.0092444755, 0.0016052204, 0.0056831553, -0.01654709, 0.008569832, 0.0023991012, -6.739811e-05, 0.030037604, -0.004489096, -0.0005201133, 2.6822614e-05, -0.0389713, -0.013820693, 0.017554807, -0.0054669003, -0.0030142465, 0.005747751, 0.012372094, 0.00061940297, -0.015322607, 0.012525955, 0.019901216, -0.0043640947, -0.00052541343, -0.014470351, 0.007879445, -0.0041887728, -0.009121149, -0.00991889, 0.023156447, -0.01674329, -0.012722697, 0.00711828, 0.003051581, 0.008474746, -0.010846848, 0.019747877, -0.018914046, 0.011877068, -0.02833233, 0.009822268, 0.0005934521, -0.038446356, 0.017175896, -0.0002882474, 0.03163672, -0.021855025, -0.03114543, -0.00011184335, 0.027716566, -0.024095962, 0.00036786756, -0.0035848487, -0.013709113, -0.010398041, 8.8137145e-05, 0.015884018, -0.015639065, -0.009519728, 0.0034280748, 0.0026277388, -0.00018895224, -0.011757248, 0.0069617084, -0.0065491144, -0.013654076, 0.023551572, -0.008268788, -0.0016092012, 0.009596525, -0.0072734677, -0.012248915, 0.033226825, -0.025462767, 0.0070367414, 0.012612475, 0.0033430282, -0.0244059, -0.010066867, -0.010480987, -0.014640898, -0.013584533, 0.0022353134, -0.0060580117, -0.010950057, 0.020300593, -0.024160948, -0.021369662, 0.02020517, 0.012422765, 0.00042019453, 0.00871544, -0.01419744, 0.00874801, -0.022108834, 0.00023795626, -0.0005489234, -0.004533638, 0.013642024, -0.0076914313, 0.009905249, 0.014244483, 0.006269615, -0.001892305, -0.007437306, 0.00454614, -0.012033018, 0.013479786, 0.013638391, -0.013543436, -0.024196183, -0.01051403, -0.008783362, 0.0075742234, -0.0012784492, -0.00071988493, -0.023632942, 0.014332316, 0.0133350175, 0.008348605, -0.0052555823, -0.00016335245, 0.005011314, -0.011674557, -0.009446265, -0.0023256813, -0.011887895, 0.0020393645, -0.0094599975, 0.019355943, -0.018705862, -0.024458902, 0.0063016526, -0.02405232, -0.011276709, -0.016587045, 0.011653959, 0.016197285, -0.0024781513, 0.012554262, -0.017852906, 0.016363438, -0.018658238, 0.02708651, 0.007556958, 0.00062499556, -0.032399464, -0.008984743, -0.010776438, 0.013048774, -0.0046268515, 0.013600078, 0.0150750475, 0.02040697, 0.01848637, 0.01227359, 0.022290308, 0.011005121, 0.010124146, 0.015850075, -0.01697891, 0.015513011, 0.011290099, 0.0022947479, 0.011852215, 0.0036227067, 0.008992557, -0.00018390731, 0.002339022, -0.0049377554, -0.007999772, -0.00079019263, -0.009017366, 0.011175453, 0.009646308, -0.009963885, -0.006479295, -0.0012129635, 0.019669864, 0.003009754, -0.001978554, 0.019504521, -0.025158374, 0.004320194, -0.007558716, -0.017568465, -0.0131553635, 0.013205294, -0.0028664803, 0.02785275, 0.0019364025, 0.012049071, 0.025077108, 0.021132873, -0.021699911, -0.020080427, -0.0063297474, -0.016842669, 0.004092684, 0.016685527, -0.027815428, 0.029945334, -0.0009187318, -0.00964755, 0.0021074505, 0.02031335, 0.0044768276, 0.019229924, -0.00371909, -0.013940691, 0.0018498264, -0.007960228, -0.010622504, 0.02379495, -0.009980515, -0.005527278, -0.0058106664, 0.007354588, -0.012573412, -0.016950242, 0.0017530728, -0.012960499, -0.015193159, -0.005011414, 0.018482544, 0.005465697, -0.0019906003, -0.01580281, 0.00042878167, 0.002860949, -0.035729513, 0.002239175, -0.010803304, 0.0079953, 0.016115362, 0.0035061592, -0.034728568, -0.008929241, -0.022615287, -0.002234389, 0.012086411, 0.0028067536, 0.002082244, -0.0058772396, 0.01810531, -0.011849075, 0.0021128745, 0.0035989583, -0.012758989, -0.009697952, 0.0048956196, 0.008527474, -0.0018274101, -0.017401291, 0.0017298672, -0.008774251, -0.007339934, 0.0018842471, -0.025884965, -0.023626467, 0.013710565, 0.021848414, 0.0094097145, 0.010266373, -0.00942059, -0.00437865, -0.011603026, 0.006475902, -0.011473949, -0.017078333, 0.032151908, 0.005007364, 0.020534808, 0.0061863665, 0.007971622, -0.025571987, -0.013687223, -0.006589638, 0.0044376818, 0.004551866, 0.0029101614, -0.011025798, -0.0066178525, -0.011947787, -0.031651292, 0.0078614745, -0.007924738, -0.0045564873, 0.010696162, 0.015366559, 0.009363321, -0.009445486, -0.0026284677, 0.0063369824, 0.018392207, 0.019977827, 0.012788992, -0.00051230605, -0.016424548, 0.013914977, -0.011375451, 0.012167057, -0.026994126, -0.012843195, 0.0093631, 0.0025877247, -0.0058145286, 0.014765527, -0.0136208115, 0.013707331, 0.03412101, -0.010756558, -0.00059259275, 0.02350804, -0.000592509, 0.012636009, -0.04230569, -0.007561548, 0.016192826, -0.019996883, -0.004770704, -0.00028669415, 0.010146554, 0.0075699836, 0.018438146, 0.0022704727, -0.023578469, -0.024577854, -0.024730543, 0.0085994415, -0.01189115, 0.0008011734, -0.0049907337, -0.017115366, -0.01809006, -0.0025526802, -0.01156727, 0.0068293754, 0.019389255, 0.0017252577, 0.0045317, 0.0012765634, -0.0015768808, -0.026110547, -0.0062545314, -0.007576047, -0.0032353217, -0.018873686, 0.007913012, 0.011811687, -0.014511033, -0.005011199, 0.0023905768, -0.014358222, 0.025002314, -0.012916632, -0.012894494, -0.023969917, 0.03164485, 0.0061517884, 0.009022569, 0.0035557356, -0.022929695, 0.0117395865, 0.018420072, -0.015844757, -0.0016669177, -0.02431445, -0.0039557396, -0.006657568, -0.021382794, -0.013725947, 0.002214873, 0.0016047151, 0.0071591963, -0.011485317, 0.011341411, 0.03006611, -0.022652538, -0.01152412, -0.011086519, 0.0031841951, 0.005564481, 0.0029467552, -0.004654656, 0.011800532, -0.01842874, 0.010564344, -0.0073759155, -0.007004627, 0.0063634682, -0.0121426005, 0.004980027, -0.042454515, -0.013950208, -0.010573318, 0.027323393, -0.008396174, -0.01280077, -0.009809765, 0.00839914, -0.0009907456, -0.0146739865, -0.0038271782, 0.005863781, -0.011228321, 0.011467659, -0.008650551, 0.009394777, -0.01576183, 0.0008718151, 0.012041643, -0.0052006147, 0.032914303, -0.0108996015, 0.01292532, 0.00403886, -0.023411598, -0.012677223, -0.0041210456, 0.0056763636, 0.020995963, -0.015323616, 0.0054523866, 0.03569881, 0.019162547, 0.032650188, -0.02307868, -0.0031732065, 0.0035288578, -0.014144442, 0.0018410047, -0.0018249574, 0.02099509, 0.014705851, -0.01846562, 0.00604548, -0.009479674, 0.01457146, 0.0027429834, 0.020578077, -0.018194394, 0.011698427, -0.0025062812, 0.007935596, -0.0013796057, -0.037974447, 0.010577077, 0.012465807, -0.012646471, 0.01546866, -0.007394928, 0.18126002, 0.120312326, -0.0015317731, 0.009348727, 0.019525602, 0.010827353, -0.02241222, -0.005112726, 0.0009963016, 0.018803947, -0.0045427503, 0.005790391, 0.015164094, -0.013925205, 0.030330662, 0.0023185252, -0.0047183577, -0.009701838, 0.006660274, -0.0012383708, -0.0027669917, 0.013090615, 0.007335419, -0.0016918312, -0.018145818, 0.012707432, -0.0069870916, -0.0060129953, -0.014859876, -0.001974654, -0.013300359, -0.008294657, -0.012729807, 0.0047549177, 0.0032774217, -0.008557739, -0.0008610817, 0.03001351, 0.014156065, -0.01829997, -0.029344305, -0.014404172, 0.0018820711, 0.014043473, 0.0067346115, 0.011888592, 0.022655804, 0.025906531, -0.0005831322, -0.00048592087, -0.021109253, 0.0030656601, -0.0024808645, 0.018125186, -0.024470935, 0.009995492, -0.006700598, 0.006324192, -0.0014245459, 0.014738242, 0.035892364, -0.016373344, -0.0140393125, 0.0023122726, 0.0068382355, 0.014126053, -0.012708568, 0.011949665, 0.018344916, -0.0056512775, -0.018543193, 0.025864463, -0.00934534, 0.00922436, -0.009917233, 0.0016993106, 0.011672083, 0.005725021, -0.010860222, 0.034902684, -0.01779457, 0.004669319, 0.022694277, -0.00084431353, 0.0017955136, -0.004483975, -0.00046209025, 0.03524633, 0.13223752, -0.012936218, -0.007135222, -0.03218414, 0.004768032, -0.0012696977, 0.001488254, 0.05319656, 0.020443521, 0.028696004, 0.02706907, 0.012844285, 0.009476407, -0.0034589109, 0.0049035633, 0.005426866, 0.015921926, 0.04675653, 0.004607986, -0.018936858, -0.014153623, 0.006191147, -0.018142575, 0.007571009, 0.005446386, -0.019889189, 0.012222745, -0.020383153, -0.02159263, 0.013897044, -0.0954487, -0.012513862, -0.004819222, -0.007939219, -0.008527005, -0.011062601, -0.017909389, -0.015120985, -0.0050404076, 0.0021235324, -0.001982062, 0.007514825, 0.01944285, -0.00036536125, -0.0061868145, 0.001821103, -0.0006680529, -0.00404502, -0.007439334, 0.0022482197, 0.01266487, 0.0054862774, -0.022288838, -0.004537826, 0.00809221, 0.0068307025, -0.034319043, 0.008235096, 0.0018251108, 0.0017149592, -0.027883982, 0.002539654, -0.0133125605, -0.002056534, -0.020285564, 0.0091370605, -0.0065682447, -0.0025503342, 0.015489828, 0.0043933303, 0.0046163583, -0.020079045, 0.0024513288, -4.8733364e-05, 0.009276541, 0.0049946373, 0.003180597, 0.0034351624, -0.0070366613, -0.011350895, 0.02452997, -0.013763737, 0.005917078, 0.008293379, -0.009595068, 0.007211862, 0.017916499, -0.017720513, -0.018776473, 0.007888593, 0.014772252, 0.0072300076, -0.013781415, -0.0015077143, -0.008155212, 0.0022452339, 0.02181442, -0.0029399686, -0.0054158876, 0.0041173524, -0.0014026529, -0.011503868, 0.005051231, -0.015274507, -0.0020270476, 0.018167414, -0.011559866, 0.013454898, 0.00963909, -0.0021208113, -0.014369536, -0.005692561, 0.027471988, 0.10447533, 0.0006679591, -0.0063490258, 0.012815811, 0.0040484085, 0.011184576, -0.0047187875, -0.012239389, 0.0026386224, -0.006626309, -0.028667862, 0.0045319074, -0.0069880243, 0.0050087045, -0.015563357, 0.0194892, 0.012797295, -0.009111757, -0.020181943, -0.02616083, -0.011906238, -0.0028006602, 0.021288354, -0.012289219, -0.0017677643, 0.013320997, -0.010507132, 0.022188103, -0.021514961, -0.023283273, 0.013763337, -0.0116334995, -0.0016443683, -0.004216455, -0.013272485, -0.027215617, 0.004357112, -0.009752455, 0.0016470912, -0.004727193, 0.004626055, 0.013501848, -0.0033086622, 0.009450484, -0.06547739, 0.19209573, -0.007487463, 0.010037901, -0.018476991, -0.0067166095, -0.011318648, -0.009969279, -0.00027988176, -0.020258643, 0.016302448, 0.0051468704, 0.0034339868, -0.021515135, 0.0041542957, -0.0051495153, 0.012409372, 0.00063651585, 0.021496035, -0.028458169, -0.0098751215, 0.0041153757, -0.012387968, 0.0018452349, -0.0098721795, 0.0048916503, 0.006942771, 0.018773757, -0.006095254, -0.026159994, 0.000846448, 0.008211604, -0.01767785, -0.0036011725, 0.017732838, -0.008200324, 0.021208614, 0.004388741, -0.015072488, 0.010224974, 0.00044767951, -0.0056558293, 0.008156285, -0.010344994, 0.013782344, 0.019521872, -0.013534556, -0.009257997, 0.022066116, -0.01982657, -0.014670197, 0.01330551, -0.011644341, -0.0065554692, -0.0044913236, 0.00061244797, -0.011298412, -0.019445352, 0.0009185416, 5.4575765e-05, 0.0115067, 0.0030864568, -0.009396502, -0.009674006, -0.0015778139, -0.015189783, -0.014133031, 0.00080528896]"
Avanza en Tlaxcala integracion de comites seccionales de Morena,https://oem.com.mx/elsoldetlaxcala/img/25489069/1756567176/BASE_LANDSCAPE/1200/image.webp,Tlaxcala,no descripcion,https://oem.com.mx/elsoldetlaxcala/local/avanza-en-tlaxcala-integracion-de-comites-seccionales-de-morena-25489131,"[-0.003819811, -0.011593639, 0.014477652, -0.083976, -0.0039410293, 0.011280696, 0.0019418733, 0.009496313, -0.038474523, 0.0018280812, -0.035320707, -0.00089303247, 0.019751037, -0.0016785519, 0.1165129, -0.014843083, 0.0069783553, 0.009642117, 0.029085204, 0.0008221139, 0.006194128, -0.009464919, -0.020608533, -0.00736249, 0.011829835, 0.007950735, 0.036290336, -0.012790572, 0.029877774, -0.029097289, -0.020183565, 0.017439323, 0.007709437, 0.008389134, -0.011939055, -0.0207248, 0.024565188, -0.00035475523, -0.0045860386, -0.004994628, 0.0033386524, 0.017908027, -0.021627767, -0.0013701002, -0.009176345, -0.028654275, 0.013550585, -0.037629128, 0.010578786, 0.015835883, 0.0052360618, -0.016861202, 0.0025992761, -0.16336067, 0.017622752, -0.007322063, -0.015273476, 0.033553645, -0.025044562, 0.012749985, 0.008566563, 0.027579166, -0.022387479, 0.0019729517, -0.0013627958, -0.028973281, 0.021627743, 0.016693203, 0.0049917884, 0.00017331824, 0.020636136, 0.0062628835, 0.009987738, 0.012758729, -0.0023012771, -0.0028691653, 0.004707135, 0.004649764, 0.002975217, 0.01048102, 0.002625948, -0.020708013, 0.0046720644, -0.032986175, -0.029494567, 0.017113214, 0.025276149, 0.019394197, 0.0005959394, -0.00802493, 0.021611828, 0.017718349, 0.0021196534, 0.008579064, -0.006252019, -0.011364432, 0.020870091, -0.025286373, -0.02557678, -0.03105138, -0.00048601234, 0.010237932, 0.0073044533, -0.0299428, -0.0016893098, -0.024498967, 0.010821373, -0.003404239, 0.0034660732, 0.024680613, -0.007263395, 0.012346711, -0.009079844, -0.003332332, 0.008415982, -0.12152758, 0.00052728195, -0.015034225, -0.025628194, 0.012258191, 0.0010158491, 0.012215768, 0.019294214, 0.008043772, -0.0321682, -0.016731901, 0.007222919, -0.0040919976, -0.024623582, 0.0040510865, 0.022475706, -0.0043744477, -0.012366768, 0.010425384, -0.005352592, 0.009960552, -0.0035640057, 0.0019984106, 0.00814189, -0.02296716, -0.0070537156, -0.01540883, 0.008327978, -0.0032844793, -0.020882765, -0.00063369895, -0.0049922643, 0.022345873, 0.02076714, -0.0062489994, 0.009510386, -0.006114803, -0.045354597, 0.0013799496, -0.009798978, -0.018324427, 0.0020360192, -0.0011208284, 0.0015083489, 0.0099782655, 0.0019283924, 0.0059378147, 0.016926581, 0.02087168, -0.002625633, 0.043073956, -0.0010192544, 0.034471795, 0.022525446, 0.004413718, 0.0007805172, -0.0045420127, -0.009061333, 0.018317765, -0.01995385, 0.019624114, 0.0029569655, 0.01737572, 0.008488835, 0.014356507, 0.00076440885, -0.0046845623, 0.03239436, 0.03725734, 0.037999947, -0.022634195, -0.026565433, 0.017829906, 0.0014056239, 0.0033591518, -0.025205657, -0.011528038, -0.0063297236, -0.016818672, 0.007964919, -0.0005379443, -0.00038878128, -0.024170144, -0.007512748, -0.008745108, 0.03259487, -0.027642533, 0.0021441765, -0.025749175, -0.015270843, -0.012283662, -0.021538893, 0.006014077, 0.00958074, 0.0008577451, 0.0061790626, -0.0030502668, 0.0089172805, -0.019858552, 0.024492616, -0.0040451507, -0.017338054, 0.0032138887, -0.013782852, -0.017054673, 0.0011377925, -0.0013448905, 0.008860334, 0.01547619, -0.028338112, 0.009642594, 0.022568766, -0.026635973, -0.014314203, -0.0057078623, 0.0033502767, -0.006759107, 0.00053132226, 0.024293303, 0.005791643, -0.01097987, 0.015385994, -0.008481987, 0.0045458823, 0.020557651, -0.024153685, 0.007371701, 0.014890883, 0.002556939, 0.040161043, 0.02882482, 0.005044709, -0.01315111, -0.014669565, 0.041133396, -0.008169003, 0.008753183, -0.01451931, -0.0057319435, -0.018993262, -0.0099198, 0.008925655, 0.012964044, 0.018155986, -0.030986866, -0.0035172664, -0.015145056, -0.019908465, -0.0035053985, -0.033267457, 0.008273634, 0.020319682, 0.024468618, 0.004376751, -0.0022363733, 0.032309573, 0.014366318, -0.01971065, -0.006294696, -0.0018666205, 0.0033811918, -0.04916421, 0.013284537, 0.049982853, 0.011182388, -0.010558452, -0.004920027, 0.021998556, 0.027307535, -0.0034590543, 0.0018415711, 0.003824057, -0.006809913, -0.01319765, -0.025418572, 0.016610764, 0.006485004, 0.0020662588, -0.0052022417, 0.020433275, -0.040465333, -0.005701719, -0.0080345115, -0.0068163434, 0.02003716, -0.011360242, -0.00425768, 0.01807065, 0.032348584, 0.018653868, -0.0028110559, -0.021612618, -0.023719262, -0.020561915, -0.015280927, -0.054802325, -0.016640265, -0.026301913, -0.028703535, -0.024713172, 0.025678666, 0.02444256, 0.0063566617, 0.01641297, 0.020120448, -0.0038739063, 0.019014837, 0.010869794, -0.017650846, 0.015167085, 0.012962901, 0.009929291, -0.027552368, -0.00784166, 0.012112917, 0.004942678, -0.020896686, 0.010174229, 0.0058333986, 0.02334253, 0.01104109, 0.0037356275, 0.031068051, 0.021268265, 0.006147277, -0.024981905, 0.032070253, 0.026630338, -0.0074578207, -0.0080772005, 0.030098513, 0.0024187504, -0.0406871, 0.0058879512, -4.741375e-05, 0.011675476, -0.001410389, 0.010814952, 0.003997283, -0.014155841, -0.00976103, -0.010459169, 0.022268493, -0.015192081, -0.0049401354, 0.045053992, -0.019156842, -0.024384737, 0.0091706375, -0.017992765, 0.0022280517, 0.007892771, 0.0031232606, -0.0059581813, -0.005000634, 0.008965714, -0.0060930834, 0.020836158, 0.009060845, -0.015117612, 0.011710053, -0.015924893, 0.005343664, 0.011510654, 0.005511394, -0.008625457, -0.029234977, 0.01749272, 0.02630202, -0.010344417, -0.013212587, 0.016554555, -0.007241051, 0.024152337, 0.0051209694, -0.014565368, 0.01738934, -0.008779561, -0.046970986, -0.008509603, -0.0131128905, 0.0036910526, 0.0041928906, -0.02918586, 0.007586936, 0.0059118136, 0.0008452976, 0.010414297, -0.0055521927, 0.014194815, 0.016781243, -0.020545678, -0.009444833, -0.006088779, -0.01530311, 0.040235102, -0.020983193, 0.026566997, 0.0068592797, 0.034776665, 0.0007857506, -0.021165542, 0.012829133, -0.0046818308, -0.0058115292, 0.010141382, 0.005503674, -0.030073786, 0.014206653, 0.020229958, -0.015764534, -0.0043761977, -0.017175, 0.023070544, -0.03128617, -0.0038804044, -0.020148985, -0.019151716, -0.003581504, -0.035491355, -0.019930426, -0.0369215, -0.013589151, -0.026893174, -0.0073296335, -0.004602884, 0.014805121, 0.01021042, 0.027476337, 0.024146, 0.012712352, -0.039565396, 0.027338857, 0.008047019, -0.015114389, 0.013043388, -0.0022850626, 0.00468667, -0.008344065, 0.00434046, 0.023305928, 0.02042764, -0.012670097, 0.0025033073, 0.016242912, 0.007417665, -0.019700855, 0.0014602201, -0.005348588, -0.027116539, 0.0073594293, 0.0015957139, -0.008745446, 0.008032627, 0.009854485, -0.016035581, -0.0014026641, 0.01213447, 0.024661118, 0.0006481985, 0.01605183, -0.028905215, -0.0037298168, -0.006952436, -0.010323939, -0.008612744, -0.02819476, -0.009663204, 0.011344151, -0.007279117, 0.032515448, 0.015058555, 0.026238192, -0.0011272165, 0.021715676, 0.0036811058, 0.028367039, -0.00034294144, -0.022831438, -0.025180737, -0.00956795, -0.0012816341, -0.006557606, -0.0019946904, 0.0038218007, 0.0015980983, 0.054259486, -0.0024138805, -0.005185647, -0.03810478, -0.014322053, -0.036378708, 0.011262067, -0.009370876, -0.027411334, -0.010161474, 0.00034884716, 0.029637882, -0.008987537, -0.005671256, -0.012876951, -0.007941018, 0.01899526, -0.008763948, -0.009347263, -0.03160673, -0.0043487796, -0.011896567, 0.00011178899, 0.017635755, 0.015662028, -0.0021685453, -0.004298335, -0.0005250813, 0.003343528, -0.019069832, 0.031629283, -0.022465536, -0.047500532, 0.0016356712, 0.0076929717, -0.008731823, 0.0036770813, -0.025001615, 0.0025181402, -0.020510042, -0.0057088467, -0.014098604, -0.0057047796, 0.028386196, -0.07161255, -0.015525482, -0.00012353167, -0.022171516, -0.028887229, -0.004743655, 0.017063364, -0.03146446, 0.0035282322, -0.008175318, 0.011615043, 0.0123122865, 0.02461671, 0.009150977, -0.020281063, -0.010563052, 0.008489477, -0.0025358475, 0.01145826, -0.007092804, 0.028870804, 0.024134463, 0.02555969, 0.030846165, 0.0016305844, 0.0041808845, 0.0039347657, -0.025943253, 0.004878509, -0.0016092453, 0.013860486, -0.013853798, -0.008929589, 0.023292473, 0.016720278, -0.014028408, -0.008658166, -0.016994108, 0.0060954737, 0.003157442, 0.018725075, 0.0024669073, -0.012477267, 0.004261976, 0.0002892585, 0.009088589, -0.015148117, 0.023302512, 0.025271991, -0.013484461, -0.04055897, 0.0036226206, -0.009034825, 0.0002618196, 0.017627455, -0.011968445, -0.005557152, 0.0089089535, -0.02434591, 0.026024282, -0.018471288, 0.026512293, 0.03042818, 0.001517786, -0.0010434985, -0.008597584, -0.03222546, 0.017452287, 0.026790174, -0.012602897, 0.0043971185, -0.02037916, -0.0016833949, 0.013994357, 0.006419231, 0.034212183, 0.020150835, -0.0029145852, 0.011293808, 0.0037555627, -0.02384647, -0.0015513952, -0.08047966, 0.012031243, -0.014245848, -0.006251424, 0.01012763, 0.029878682, -0.021933347, -0.015974179, -0.0066661695, 0.014571612, -0.022298396, 0.008325093, -0.028331349, 0.0050463188, 0.018074377, -0.0017493694, 0.022494584, -0.021850782, -0.02360178, -0.0027408106, -0.051350463, -0.015749836, 0.018465051, -0.004431644, 0.03120093, -0.001960525, -0.024910111, -0.008058803, 0.0151256155, -0.011365156, -0.020029582, -0.1435631, -0.017434357, 0.023277057, -0.018915832, 0.0070508523, 0.0035584073, 0.029295653, 0.010825369, 0.010681095, 0.0010534548, 0.01686716, -0.023708468, -0.0139198275, -0.008477644, 0.022459144, 0.10953022, 0.0040423856, -0.021538107, 0.0069628293, 0.007613605, -0.0040095183, -0.005126098, 0.009364159, -0.0009977666, 0.009201352, -0.015415393, 0.00090718264, -0.021237645, 0.017925657, -0.010490596, -0.0075338217, 0.015621183, -0.0056975894, -0.0143621825, 0.0105714165, 2.4120827e-05, 0.020063873, -0.016663011, -0.0010343713, 0.019457152, 0.0020200536, 0.026963739, 0.018322863, 0.012365923, -0.00026564, 0.0054744706, 0.058465865, -0.00097408885, 0.014684555, -0.010569333, -0.025317887, -0.076106906, 0.004418, 0.02415277, 0.025586173, -0.0034471068, -0.006329288, 0.004506013, -0.0046920525, 0.019714056, -0.0032494855, 0.011622069, 0.0108048245, 0.009148674, 0.0060435175, -0.02584015, 0.016698807, -0.0028643135, 0.0045970143, -0.02411455, -0.01403858, -0.0058623273, -0.035249777, -0.0151303345, 0.0032276392, -0.0018898242, -0.022180362, -0.020409511, 0.020444648, 0.012806071, 0.023708386, 0.024859574, 0.020308048, 0.024709102, 0.0023212463, -0.042747576, 0.016413294, -0.012854524, 0.018682294, -0.0051987204, 0.018021822, -0.0119383, 0.0029509624, -0.019524777, 0.00994975, -0.007907287, 0.00046039835, -0.019035345, 0.0147238625, -0.013408832, -0.0069116876, -0.024039023, 0.008110362, -0.009041684, -0.012384423, 0.022124637, 0.0068939184, 0.014772113, -0.0017580204, 0.008849348, 0.0026037304, 0.005791725, 0.0009269637, -0.022428047, 0.00092741207, 0.015814496, -0.0016360594, 0.011769899, -0.0015462491, -0.025755735, 0.009104056, 0.015394571, -0.013706445, 0.01482019, 8.15446e-05, -0.015726615, 0.006581126, -0.0007113054, -0.003880387, -0.026576824, 0.022346241, -0.0056677796, -0.004734537, 0.008912996, -0.028397905, 0.005661542, 0.017916843, -0.00011230981, 0.0049439464, -0.006035135, 0.010601283, -0.008158024, 0.0016049215, -0.011576375, -0.0024973522, -0.004733983, 0.0033382396, 0.0034292554, 0.0001519935, -0.012714182, -0.016478542, -0.012826709, 0.005610731, 0.010429171, -0.0002681939, -0.011363498, 0.008725464, 0.014063104, 0.0047497223, 0.007781029, -0.010704436, -0.013455883, 0.006994731, 0.001275118, -0.0004909454, -0.017549513, 0.00066926004, -0.014101256, -0.0009454263, 0.020851469, -0.0008558093, -0.017599499, -0.004973657, 0.0013494313, -0.013592265, -0.0026903993, 0.0030424043, -0.001960947, 0.008575661, -0.006846678, -0.010340523, 0.0027577626, 0.023328567, 0.0298867, 0.0032947732, 0.013565518, -0.015035788, -0.017766474, -0.010175956, -0.019649148, 0.015990034, -0.009983702, 0.029687654, -0.010259261, 0.008881774, -0.006297481, 0.0006876594, -0.0071155345, 0.008349159, 0.0021623522, -0.0045283316, -0.016138138, -0.0058382545, 0.0029870344, 0.0011082651, -0.0032073336, -0.014608289, -0.0029377993, 0.014108743, 0.013872226, -0.00026451176, 0.008978052, -0.0032415662, -0.0065793646, -0.0017115385, 0.007908969, -0.008611374, 0.0018263693, -0.016677378, -0.01063812, -0.0029429009, -0.015210403, -0.010488623, -0.0050853444, 0.009832412, -0.009196675, -0.0069602407, 0.010262512, 0.0018258984, 0.0032060936, -0.011380885, 0.013225678, 0.016680421, 0.008515811, 0.008755742, -0.007188055, -0.0010188586, -0.0027588154, 0.013275095, -0.013301648, -0.0046283207, 0.0069523123, -0.0076315803, 0.011890321, -0.006346956, -0.0130909225, -0.001666053, 0.020565787, -0.018927164, 0.010059375, 0.0028961238, 0.024334438, 0.006533501, 0.024586895, 0.0016209296, -0.02735467, -0.02249055, 0.016449703, -0.0073367897, -0.021517977, 0.002673761, -0.008056771, 0.00050586916, -0.0101575265, -0.00011853686, 0.004432271, -0.002102275, -0.007156016, 0.0016519651, 0.012791695, -0.003402438, 0.018910173, 0.0057973852, -0.015371653, -0.012898595, -0.01372816, -0.0054264497, -0.0005046135, -0.011145215, -0.024128217, 0.009554262, -0.004676017, -0.008468779, 0.020916602, 0.011407757, -0.020838963, -0.0063307555, 0.0062377937, 0.0077309655, -0.023234036, -0.02144371, 0.013290783, -0.0043580234, 0.013590129, 0.00448472, 0.003454817, 0.0014065031, -0.008925462, 0.010763756, 0.00262666, 0.014863578, 0.0061425706, 0.0006008417, -0.0054798997, 0.009655451, -0.019930046, 0.0022845701, 0.0012095409, 0.012602033, 0.006973864, 0.084634185, 0.0124988025, -0.0091162175, 0.027225325, 0.0065922295, -0.011727232, -0.0029401896, -0.014966749, -0.002608881, 0.016756121, -0.007481567, 0.0029709495, -0.010450661, -0.010589962, -0.0022246544, 0.016821172, 0.0011108482, -0.010653922, -0.0017923628, 0.022562051, -0.005957061, -0.011282113, 0.003962731, -0.006283925, 0.0031619498, -0.014256807, 0.013560149, 0.010768491, 0.007991682, -0.011278717, 0.019030103, -0.012851347, 0.012086755, -0.006828802, -0.019986752, -0.005024724, -0.00864121, 0.010946808, 0.008442648, 0.012730778, -0.0056424052, -0.02576029, 0.0050019156, -0.022289185, 0.01313271, 0.014071416, -0.0137211075, -0.03397261, -0.0022799007, 0.028865943, -0.009498291, -0.0007514847, -0.00097067334, -0.0068449387, -0.012907904, 0.0017000069, -0.015095001, -0.017668543, 0.024452567, -0.024984792, 0.00394434, 0.015011129, -0.027084403, 0.010082818, -0.0116709005, 0.0056850915, 0.010874251, -0.016557354, -0.00048979546, -0.00079235446, 0.0035667245, -0.0028222583, 0.005078367, -0.01309813, 0.028457832, 0.019176165, 0.005955506, -0.009469222, 0.013470046, -0.010580712, 0.018348271, 0.0013525712, 0.0039194073, -0.010555864, -0.0046537654, -0.0011236841, -0.0023385664, 0.012190538, 0.0027628029, 0.012335744, 0.010197131, 0.0017339833, 0.0017960131, 0.01111764, -0.009074459, 0.018069794, 0.05953161, -0.0006915831, 0.0024146088, -0.0016607547, -0.007649965, -0.026313365, 0.004924255, 0.013778469, 0.003968386, -0.017590575, 0.011016932, -0.0066266605, 0.025916811, -0.01052549, -0.0017501572, -0.0014463357, 0.025607532, 0.012954156, -0.0018927277, 0.009157338, 0.014522477, -0.00094225, 0.00027046562, 0.006776211, 0.0061631235, 0.015454906, -0.021919645, -0.014113793, -0.020444615, 0.0059884815, -0.0036931771, -0.011119041, -0.01717366, 0.004157273, -0.007986812, 0.0057054786, -0.008880821, 0.005929018, -0.006819903, 0.01255522, -0.0033037742, 0.020133497, 0.03330443, 0.008167202, 0.0031929163, -0.007202023, -0.026849953, 0.018601846, 0.00479826, 0.015290887, 0.0064837635, 0.005217087, -0.010117085, 0.0068997485, 0.009033715, -0.021652631, 0.00063842745, 0.0018866049, -0.0024339003, 0.0053124335, 0.009606408, 0.010522843, 0.0039524576, -0.0006950321, -0.019514652, -0.0031632588, 0.003968526, -0.0164759, 0.00021958994, 0.00038033107, 0.00861746, 0.013402126, -0.01334893, -0.0071773315, 0.020539666, 0.011756566, -0.004340126, 0.0066882703, -0.01290472, -0.004003888, -0.022135977, -0.004613681, 0.003933401, 0.016202144, 0.0057328213, 0.0091249505, -0.02972445, -0.0014328067, 0.0021885238, -0.011865013, 0.0038589018, 0.0029558123, 0.010000607, -0.015603799, -0.004636197, -0.016895926, -0.0019199051, 0.0010765304, 0.011248473, -0.00484214, -0.0017085467, 0.0047560623, -0.01890823, -0.013295329, -0.027891845, -0.0015279407, 0.00446731, -0.0104450565, 0.016712036, -0.009458303, -8.6014115e-05, 0.0044330377, -0.010269685, -0.00061747554, 0.0057130787, -0.019628344, 0.0026548016, 0.011665635, 0.006906132, -0.0036603794, 0.005115141, 0.011547726, 0.00010366612, -0.009208909, -0.007577996, 0.0150541905, -0.010174854, 0.012341159, 0.0015661739, -0.0035644562, -0.0036681043, -0.0121246185, -0.013943952, -0.0219253, 0.0132511975, 0.0049606254, -0.0026242635, -0.006612345, 0.0032507665, -0.005646313, -0.005114516, 0.0022581085, 0.017704777, 0.014207108, -0.014764602, -0.013813626, 0.006145301, -0.0079799155, 0.0012140453, -0.0022039728, -0.007837767, -0.02020889, 0.003661317, 0.014242069, -0.0032259808, 0.01011532, 0.0010099917, 0.009969875, 0.003001136, -0.00011173703, 0.004579576, -0.04042161, 0.014047577, 0.018492484, 0.017356116, -0.006502045, 0.0016158642, 0.016733417, -0.004873999, -0.006254563, -0.006970124, 0.01644795, -0.0063811094, -0.01270909, 0.014489115, 0.014573269, 0.0006462743, 0.005717849, -0.006777933, 0.016422302, -0.012403326, -0.009011134, 0.00033983414, -0.0141864605, 0.010469089, 0.017796462, -0.0120931445, -0.020720804, -0.0066183526, -0.007816941, 0.008553373, -0.01640102, -0.0059653814, 0.00919573, 0.0025328493, 0.003659151, 0.0083325235, 0.0050221863, 0.014370582, 0.0005557073, -0.010540966, -0.00856975, -0.0073025925, -0.006969676, -0.005580375, -0.009887886, 0.0020560303, 0.015405476, 0.0063762884, 0.0046623535, 0.0011604372, 0.01914722, 0.01417514, -0.017796358, 0.0015553068, -0.004652883, -0.005386192, 0.014715128, -0.01731872, 0.011187777, -0.012933278, 0.00730049, -0.00151172, -0.012897782, -0.009948011, -0.004321725, -0.005087127, 0.0076490645, -0.00049040257, -0.014333355, -0.00880103, -0.0014799683, -0.0006442994, 0.0051556667, -0.009926639, -0.030212795, -0.008931145, 0.008273657, 0.02802101, -0.007664295, 0.010824835, -0.011807819, -0.004229379, -0.009486573, 0.020213176, -0.008610852, 0.021546846, -0.01660222, -0.0002450906, -0.035164777, -0.007516467, -0.011867271, 0.001607698, -0.012690298, -0.015974935, 0.0045922976, 0.014186521, -0.0024845484, 0.009960573, -0.0018362554, 0.004420591, -0.0060818163, -0.027770977, -0.01784712, 0.016820403, -0.0017688762, 0.014456061, 0.004841051, -0.0010645542, 0.005340371, 0.0065329657, -0.013832965, 0.011197982, -0.00711409, 0.02130781, 0.012475043, 0.0071453634, -0.003330388, -0.0069976114, -0.0065699974, 0.0038928504, -0.0090331165, 0.0059254654, -0.004199375, -0.011932912, 0.006849331, -0.0018685426, -0.014937359, 0.00036548806, 0.00011337375, -0.010449396, 0.0034550852, 0.021220757, 0.021575043, 0.01264681, 0.010710164, 0.013675593, 0.014124198, -0.004405311, -0.019356612, -0.0011683353, 0.006741697, 2.6454229e-05, 0.003949778, 0.012760036, -0.003453994, 0.0009110462, 0.0016413752, -0.0014453656, 0.02227641, -0.0001406934, -0.0051719607, -0.00035628246, -0.0057584317, -0.0050550005, 0.005114274, 0.0059488453, 0.011548984, 0.012822096, -0.0021872611, -0.0023763138, 0.0063717207, 0.010021595, -0.0066795107, -0.0034651828, 0.0058065243, 0.002654694, 0.007122303, 0.01281144, 0.0012058232, 0.024956632, 0.0077027325, 0.01871266, 0.0048102704, 0.014298595, 0.008794532, -0.0073835445, 0.0015896194, -0.0029453328, 0.03048405, 0.008072555, -0.015180719, 0.0018790934, 0.024349594, 0.012938885, -0.005636232, -0.0023228168, 0.013561001, 0.018260788, -0.014539071, -0.011986663, 0.017472675, 0.0062815477, 0.011857907, 0.017769162, 0.012273821, 0.0050062127, -0.00083932624, 0.0032738543, 0.013131876, 0.0038205918, 0.005877112, 0.017316407, -0.0005938268, 0.0038079692, -0.011796941, -0.09295315, -0.0029329096, -0.01007189, 0.0007246711, 0.0136924395, 0.011174599, 0.0021109716, -0.014222466, -0.014864717, -0.011826388, 0.0060286266, -0.010338871, 0.004870695, 0.0047520963, -0.010739111, -0.00659809, -0.0045045856, -0.012331252, -0.0009396945, -0.020995842, -0.017242953, 0.0067379703, -0.003887959, -0.0115343025, -0.011928834, -0.009083709, -0.012249757, 0.00024832494, 0.009104621, 0.012940093, 0.004235152, 0.00614213, 0.0016572942, 0.0123321675, 0.0045456495, -0.0010329861, 0.012840897, 0.013741369, -0.13208024, 0.0019852158, -0.0044159624, -0.010587232, -0.0005963381, -0.016468206, 0.023656147, 0.0049791187, 0.012580955, -0.010510585, 7.080267e-05, 0.0012948104, -0.019193003, -0.0075249826, -0.0036583487, -0.0082386825, -0.014190282, 0.016673012, -0.01694903, -0.0023829879, 0.00920513, 0.0076003377, 0.010123894, 0.02109925, -0.010375387, -0.005722401, -0.0087573165, -0.0014717532, 0.007961657, -0.012400038, -0.0027608946, -0.015514566, -0.003460725, 0.017591687, -0.022448653, -0.012819385, 0.01892759, 0.011625718, -0.003470692, -0.004884664, 0.019441986, 0.003603416, 0.022707513, 0.01109212, 0.013047918, 0.005297051, 0.00071648456, 0.009248726, -0.007817926, -0.0065560136, 0.0053320895, -0.015263417, -0.0027204093, 0.019665971, 0.009513316, 0.0112276105, 0.010593739, -0.007414555, 0.013017235, 0.0038208598, -0.009419192, -0.0036416857, 0.014829703, -0.008374032, -0.0042246436, 0.014903853, 0.017905315, 0.019779604, 0.014168237, 0.011000905, 0.00040663057, 0.018527174, -0.004476718, 0.0060471464, -0.019407472, -0.009056741, 0.034895826, 0.007939655, 0.007170395, -0.012425321, -0.006251601, -0.012910656, -0.008839132, 0.016849503, 0.0069939992, -0.0031178629, 0.0015483503, 0.0046003456, -0.005949295, -0.048334897, -0.002508259, -0.0050346437, 0.0039211856, 0.0097100325, 0.006735069, 0.0015374663, -0.0041677416, 0.015417338, 0.020167707, -0.015515324, 0.01603089, -0.0006135004, -0.0052066427, 0.020342715, -0.016194368, 0.0028826986, 0.0008724267, 0.003971275, 0.00444709, -0.025539845, -0.022910254, -0.007435304, 0.019087251, -0.014335674, 0.015760554, 0.006624809, -6.721772e-05, 0.02675636, -0.0187235, 0.007872735, 0.029534029, -0.011411061, 0.004776899, -0.0064346725, -0.008909344, -5.144465e-05, 0.011664175, -0.011910488, -0.0054501314, -0.002447835, 0.000895262, -0.012834182, 0.007920816, 0.0002927404, -0.00031282858, -0.010480684, -0.00068767346, -0.010532845, 0.011567803, -0.018128337, -0.023888165, -0.01929736, -0.0016084276, 0.013975682, 0.0023866806, 0.020890152, 0.007589066, -0.021215864, -0.010567508, -0.0051831594, -0.023946967, -0.020727139, 0.0005799155, 0.006008116, 0.0012442957, 0.0095088165, -0.006547455, -0.0072481357, 0.0017555596, -0.00083678117, -0.032557033, 0.0026546419, 0.009323701, -0.014256397, -0.019063959, 0.0089769885, -0.0003093965, -0.010578429, -0.0072580064, -0.008087195, 0.012349421, -0.010891384, 0.00939576, -0.02868123, -0.016127953, 0.009717712, 0.0052853134, -0.00613275, -0.002801324, 0.003750398, -0.015555505, -0.0007176859, -0.0007823838, -0.0043183905, 0.0026508125, -0.0017439661, -0.0027018948, -0.0137191005, 0.000495507, -0.00054175506, -0.0007361335, -0.00036517275, -0.01637618, 0.006028542, -0.025163343, 0.0013731174, -0.039837763, 0.016753213, -0.013459721, 0.012947193, 0.01324676, 0.005731244, 0.00736172, -0.15754452, -0.022686057, 0.000868688, -0.0146212345, -0.004622951, -0.004538567, -0.048425388, 0.010179104, 0.009359699, -0.009809009, 0.010370199, 0.0019076854, 0.00069760944, -0.0027882378, -0.008817301, 0.021511666, 0.0014416091, 0.00073182693, -0.029272398, 0.0052407146, -0.026584042, 0.027831187, 0.01113567, 0.030702882, 0.014519898, 0.0049783415, 0.0058610262, 0.0016199918, 0.010833107, -0.01907904, 0.012842571, 0.013398769, -0.011813892, 0.013720261, 0.0010177473, 0.018300405, -0.009143117, -0.0061513437, 0.0043598446, 0.006242181, 0.012370429, 0.035362136, -0.006502208, 0.023590976, -0.01691147, 0.007294114, -0.024311192, -0.0037879182, 0.01795069, 0.0075073573, 0.0005886938, -0.0068394123, 0.009730229, 0.011001961, -0.00022340301, -0.03406968, 0.0032136904, 0.0046474775, 0.031788997, 0.007309076, -0.022139903, -0.002638822, -0.008838061, 0.012171334, 0.0017248117, -0.015352573, -0.0076112873, 0.14740323, -0.024086354, 0.01945999, -0.00881293, -0.0064701987, 0.016534377, 0.012277975, 0.0038218251, 0.030967275, -0.02449726, 0.012942434, 0.00015767918, 0.020884234, -0.009382821, -0.015672809, -0.010066192, -0.005393108, 0.003168645, -0.0037351719, -0.011003854, -0.030176003, -0.0009693032, -0.00026129556, 0.002367993, 0.04245266, -0.0018915011, -0.0021323997, 0.0072702044, 0.015363642, -0.009203783, 0.004495709, -0.006136352, -0.02441843, -0.031881623, 0.0024017221, -0.0032202753, 0.0028155118, -0.021667058, 0.006189096, -0.0079237595, 0.02462298, -0.020622842, 0.019502776, 0.010895523, 0.0034364557, 0.0029751665, 0.0053640585, 0.008598831, 0.003972004, -0.007489594, -0.018381182, -0.0036946016, -0.0024554597, 0.01833259, 0.020640763, -0.015333657, -0.014454146, 0.0024879992, 0.02234068, 0.01985848, 0.0134788025, -0.014960952, 0.014191588, 0.010489562, -0.004952568, -0.012029499, 0.0104406, -0.017901042, 0.0008381761, -0.11145685, 0.014429884, -0.029374884, -0.015202068, -0.030005392, -0.023753265, 0.021331903, 0.0089123305, 0.020767601, 0.0051243203, -0.0006624157, -0.0050756983, 0.004662747, -0.0023156656, -0.02237361, 0.00250345, 0.0005109423, 0.046211295, 0.014987289, 0.0071202414, 0.010447423, -0.007967259, 0.03440303, -0.010171576, 0.0072623263, -0.0024524967, -0.023141481, -0.016216133, -0.0045615155, 0.00019509216, 0.0013351175, -0.002096327, -0.013806626, 0.017802633, -0.027013946, -0.024770947, 0.00017302818, 0.006219001, 0.0007065793, -0.012225727, 0.021531241, -0.002713133, 0.030592911, -0.018995158, -0.010194739, 0.018564418, 0.018301196, 0.0027929682, 0.0003700254, -0.010625245, -0.00017787289, 0.0077198846, 0.006917698, 0.014965713, -0.015575066, -1.7010525e-05, 0.013535929, -0.008823688, 0.006633501, 0.00081575365, 0.0133449305, 0.010455009, 0.01254566, -0.0031954646, 0.01584742, -0.0028066372, 0.015526319, -0.005733101, 0.016635733, -0.0013383278, -0.0056274817, 0.001776533, -0.00533652, -0.010957807, 0.0071607595, 0.016430262, -0.00039732837, 0.014431872, -0.026396127, 0.0152254095, -0.02683576, -0.00025108398, 0.007948405, 0.0007935946, 0.03795461, -0.02420704, 0.0104727885, -0.017612614, 0.0019243285, 0.0015145583, 0.019561976, -0.010925371, 0.00058068597, -0.0010401431, 0.0012544158, -0.00017715977, 0.013825453, 0.018654486, 0.022659875, -0.0057381005, -0.008366294, -0.007993179, -0.015096854, 0.019430367, -0.00795885, -0.0138717275, -0.009919388, 0.0043889186, -0.0026182935, 0.012021951, -0.015564476, -0.01815092, -0.01008199, 0.02395417, -0.013715706, 0.010241646, -0.0049166423, 0.012148392, -0.00046159147, -0.018507713, 0.009595028, 0.005194522, 0.019566158, -0.006880577, -0.0068494235, 0.007726955, -0.013227355, 0.004155538, -0.008938819, 0.003395785, 0.0245084, 0.0050256136, -0.0049572075, 0.012330109, 0.0053318357, -0.032354925, 0.02297927, 0.03150377, 0.0079366565, 0.009504784, -0.022711635, 0.03039045, -0.009610047, 0.0044523636, 0.008463125, -0.015137042, -0.005112576, -0.0119225215, 0.024775386, 0.004141393, -0.007922796, -0.0077511817, -0.03060971, -0.022765668, 0.015544631, -0.0037712536, -0.011535794, 0.008306738, 0.020443419, -0.017958071, -0.016654935, 0.015618221, -0.014401476, -0.0036991932, 0.0020085822, -0.019166876, 0.0058593163, 0.00072206, -0.021493597, -0.02357201, 0.008285331, -0.022185348, 0.002403817, -0.011522368, -0.016658762, 0.0039362675, -0.0034301565, 0.012154794, -0.003948081, -0.067489944, 0.017016659, 0.004956858, -0.0023004734, -0.011454836, 0.001010628, -0.022277914, 0.0016168035, -0.0012639988, -0.022084044, 0.051977634, -0.011117582, -0.0044130767, 0.009790497, 0.008387672, 0.017162153, -0.03424292, -0.007772005, 0.02724379, 0.018553697, 0.027140373, 0.00016333081, -0.013272551, 0.016978534, -0.01186551, -0.0036131225, -0.023920633, 0.021972023, -0.0021287634, 0.012572395, -0.0154846925, -0.003805633, -0.01060138, 0.004380198, 0.001330206, 0.017607015, -0.0097587425, -0.02155507, -0.017754512, -0.037145, -0.02246511, -0.00038206263, -0.047144476, 0.0017220359, 0.029625725, 0.0053816647, 0.019943161, 0.0118616875, 0.013145989, -0.0020531642, -0.012546359, 0.0067406152, -0.0052878624, 0.0045740493, -0.00358646, -0.0182442, 0.006310588, -0.0036444813, 0.0012075861, -0.018654108, -0.0067431848, -0.015902612, 0.021954654, -0.004251731, -0.036352307, 0.02673447, -0.012885001, 0.0021933427, 0.0032911706, 0.0091735115, -0.0019756588, -0.010431996, -0.00039377454, 0.004156415, 0.009438322, 0.020497596, -0.013241045, -0.014367526, -0.013919187, 0.033133548, 0.005176471, -0.011436845, -0.01731905, 0.058478456, 0.0035421287, -0.01252507, -0.0072346004, -0.09411302, -0.019430855, -0.015819317, -0.0027776815, -0.002949673, 0.0220148, -0.005864798, 0.055812713, -0.010307543, -0.012592189, -0.028079296, 0.0041044303, 0.0044149994, -0.012960176, 0.011106004, -0.013639635, -0.021017917, 0.0035922416, 0.015565865, 0.00014376538, 0.019699221, 0.0004811255, -0.009822601, 0.020616315, 0.005732448, -0.023526736, -0.0028471393, -0.02002248, -0.0023616385, -0.015431667, 0.023840625, -0.021875788, -0.018534416, -0.0050870036, 0.014152684, 0.0032841421, -0.001852227, 0.0001493445, 0.0040181675, -0.0058650845, 0.015622292, 0.017913654, 0.013299964, 0.014356629, 0.011736582, -0.016253322, -0.001930982, -0.01030348, -0.011740221, 0.001860609, -0.006306276, -0.011390876, -0.013418449, -0.014975697, 0.017211076, -0.0012098494, 0.0007942152, -0.030052118, 0.017491976, 0.014961158, 0.006255664, -0.0021411497, -0.01229314, 0.01779913, 0.00035079478, -0.0058705793, -0.03128769, -0.013917507, 0.0014679637, 0.00024811292, 0.012281686, -0.012416461, -0.019514378, -0.018778423, 0.006302833, -0.009530687, -0.0077358615, -0.0063289576, -0.01736108, -0.0065976772, 0.01781307, 0.004262058, 0.00079484115, 0.0028496408, -0.00844572, -0.0011449087, 0.0054294537, 0.0022575485, 0.0127789015, 0.008560334, 0.0059803044, -0.030832022, 0.013611007, 0.004288827, 0.012171612, 0.008143025, -0.0009301984, 0.023758883, -0.021582901, -0.030077139, 0.0058538863, 0.016712409, -0.022981223, -0.022734176, 5.676365e-05, -0.013112981, 0.024971683, -0.01013036, -0.01327331, 0.0041705724, 0.025215928, -0.019953188, -0.0022263706, 0.0031358644, -0.0020831034, -0.011473215, -0.0019201969, -0.009868955, 0.009129489, -0.0141723575, 0.0071794395, 6.1774685e-05, -0.03537749, -0.036538072, 0.009218079, 0.008341865, 0.0003648065, -0.007522685, -0.026857028, -0.013164346, -0.0058099283, 0.0047956374, 0.015529426, 0.02225674, 0.00766997, -0.0239612, -0.029410418, 0.011454869, -0.020418888, 0.0046271496, 0.015412257, -0.0002709195, 0.005069764, -0.0006512529, 0.040680707, -0.011514105, -0.008044849, 6.144557e-05, -0.02340676, -0.015129353, -0.008176219, -0.0011736256, -0.0006851749, -0.01908763, -0.036487643, -0.018712612, -0.030594233, -0.009737714, -0.018579204, -0.005570213, 0.00570278, 0.011149405, -0.004758108, -0.004736454, -0.0073204814, -0.007665836, -0.007817034, 0.0008666693, 0.037567608, -0.0067996504, -0.009517093, -0.015203051, -0.016828263, 0.007559754, 0.0072825192, -0.028339947, -0.019212214, 0.0015929292, -0.020947786, -0.010999273, 0.0041682217, -0.0041732173, -0.0023182654, 0.024667071, 0.018333346, -0.029082889, -0.00020557427, -0.022216862, 0.009164191, 0.02347028, 0.017823474, -0.026998086, 0.007994009, -0.00818356, -0.015320795, -0.012474762, -0.0063666753, 0.003509871, 0.011527351, -0.002361328, 0.01854572, -0.008305818, -0.019381516, -0.047054283, 0.0025772944, 0.006272846, -0.0167297, -0.00038300033, -0.010670022, 0.009232445, 0.011840333, -0.007392529, -0.0040908125, 0.031326916, -0.0050255214, -0.0046323864, 0.024290664, -0.009043072, 0.004707099, 0.0058937524, 0.010129049, 0.006099059, 0.03258061, 0.0023990502, 0.012424152, -0.010598958, -0.020480549, 0.0012754994, 0.007346138, 0.010160101, 0.0037472763, -0.004884257, 0.0040583084, -0.0034974508, -0.022477709, 0.0028890157, -0.021889668, -0.008928128, 0.0044718236, 0.0035133122, -6.870201e-05, 0.012979649, 0.01598198, -0.0042784316, -0.012192531, -0.04166455, 0.0026616666, 0.0056763715, -0.004090165, -0.0026086573, 0.0035061317, 0.006761674, 0.0019031175, 0.0010039862, 0.003982244, 0.017889038, -0.018897673, -0.014027481, -0.0114169335, -0.011122526, 0.002083883, 0.010006028, 0.0016294088, 0.032894906, -0.024855891, 0.0017167159, 0.0027748428, 0.005217033, 0.020542184, -0.016951052, 0.009491965, -0.021327816, -0.00283987, -0.011417035, -0.007886285, -0.0010210393, -0.0069282167, 0.013762654, -0.015476169, 0.022357902, -0.0031891952, 0.0020964567, 0.009279925, 0.029878216, -0.009926373, -0.021548012, 0.024058716, -0.025633158, 0.009729875, -0.0030971114, 0.020520458, -0.01273147, -0.0023843606, 0.006412951, -0.0156159075, 0.0006100338, 0.003362805, 0.016707018, -0.0015336912, -0.007962933, 0.011123229, -0.009682776, -0.0076492033, -0.0019523726, 0.005032018, -0.005422058, 0.02475567, -0.0012790714, -0.0047737067, 0.012305694, -0.0016133415, 0.0050343936, -0.0057559772, -0.0062715234, -0.03138981, -0.03528863, -0.019746393, -8.990938e-05, -0.0077864835, 0.0064122817, -0.015892943, -0.019082192, 0.00718164, -0.007490427, 0.0025157647, -0.010230913, -0.01325934, -0.0004503851, -0.00094716693, 0.0016056092, 0.010653517, -0.00858615, -0.001922421, -0.043516576, 0.032274622, -0.008049329, 0.0011172893, 0.008767758, -0.008276297, -0.0067043873, 0.001830497, 0.011287004, -0.005189794, -0.017516358, -0.0008349355, 0.003968775, -0.01695046, -0.011722311, -0.008223201, 0.011960855, -0.0050743455, 0.00990105, -0.002975315, 0.009174589, 0.023985492, 0.008685511, -0.003085666, -0.0037675148, -0.0028816569, -0.0042497595, -0.017986897, -0.009041325, -0.011808418, 0.01062731, -0.000632628, 0.0077408953, -0.010949768, -0.03819076, -0.009167635, 0.006077657, 7.984387e-05, 0.016172288, -0.015118744, 0.020641213, -0.011555068, 0.0075386227, 0.004482648, 0.008893745, -0.0074024242, -0.0017748612, -0.0070353076, 0.018038271, 0.00017459826, 0.0027564552, -0.012201389, 0.022228472, 0.0029851792, 0.0023027183, -0.0047504595, 0.013716882, -0.003286304, 0.021767072, 0.029492814, 0.019241454, 0.021580204, -0.0055460026, 0.0035443846, -0.009609594, -0.0034352806, 0.0050324677, 0.014046295, 0.018692728, -0.0009869373, 0.025759235, -0.017937932, -0.0018508747, -0.006504386, 0.0023132002, 0.0028935338, 0.008883657, -0.0039625526, 0.008028225, 0.016513305, 0.0019127644, -0.0054749865, 0.017038152, -0.015769377, 0.018425763, 0.009410299, -0.024481416, -0.015673615, 0.012701081, -0.012178659, 0.039435286, -0.017253468, 0.009341169, 0.012978878, -0.0019386715, -0.007688359, 0.006639976, -0.014280226, -0.015417009, 0.01715424, 5.6485478e-05, -0.014249098, 0.020337228, 0.0038130458, 0.008562304, 0.012132182, 0.005046155, 0.021934265, 0.0044455775, -0.0017479896, -0.007898488, 0.008361113, 0.0011813985, -0.001044406, 0.029807813, -0.0038009977, -0.024520306, 0.033814672, -0.008866036, -0.00901538, 0.004687027, -0.017533572, -0.0071641016, -0.0019116185, -0.0137800025, -0.0014540381, 0.011144684, -0.039996613, -0.006812699, 0.01847766, -0.017060189, -0.008236457, -0.0063673784, 0.0077553177, 0.0068745986, -0.011400857, -0.020124195, -0.02338045, 0.00830641, -0.03501161, -0.012157571, 0.009946108, -0.0037304617, 0.00049241964, -0.0077405116, 0.0141730625, -0.03282842, 0.023268044, -0.011718753, -0.015570852, 0.00033993647, -0.006442821, 0.008478904, -0.0158903, -0.02615752, 0.0033377763, -0.006306142, 0.004263472, 0.0051330477, -0.0025063225, -0.00014890588, 0.013927877, 0.028234232, 0.0020887798, -0.010317429, -0.0064966236, -0.0033137912, -0.030079085, -0.012456265, 0.00720974, -0.022611612, 0.019150259, 0.0032526664, -0.006108306, 0.005600661, 0.008906109, -0.038571455, -0.011112977, 0.01767425, 0.008804691, -0.02972339, -0.005136106, 0.00055912754, -0.0009993743, -0.010865892, -0.01877661, 0.014966766, -0.0052312394, -0.02162883, 0.012776882, -0.01282397, -0.0024486766, 0.005937015, 0.004395264, 0.015174965, 0.010731844, 0.0047242185, 0.013601354, -0.0068500577, -0.015013016, 0.025377316, -0.017330643, -0.01221096, -0.012046571, -0.020489257, 0.018135171, -0.016647102, -0.005650472, 0.0013282249, 0.011391047, 0.02723771, 0.008744459, 0.0037892952, -0.015932119, 0.019486157, -0.011123217, -0.007852091, 0.0028174792, -0.005675953, 0.0078613935, -0.0245798, -0.0037628883, -0.016203418, 0.02550018, -0.0055014654, 0.013422852, -0.0057878247, -0.019446805, -0.019934867, -0.023637947, 0.016696908, -0.022659237, 0.007301845, -0.0014450267, -0.00043680362, -0.02840229, -0.008024633, -0.022786727, 0.021683278, 0.0129266875, 0.0024511446, -0.021567257, -0.0036253796, 5.7114336e-05, 0.0026874098, 0.008322816, -0.004450387, -0.0044394922, -0.038529944, -0.01604737, -0.011940366, -0.0209732, 0.0011263901, -0.0018301604, 0.014239857, 0.009477934, -0.014431911, 0.002414386, -0.011695641, 0.0028712703, 0.0028112952, -0.0056770295, -0.00554582, -0.008294123, 0.0027148519, -0.0037884314, 0.022320643, 0.026911844, -0.012438401, -0.018540967, 0.018071616, -0.008830216, -0.0023057428, -0.0010091284, -0.014589203, 0.0140317315, -0.0136600705, 0.0021980782, 0.053489428, -0.00048771306, 0.009326213, 0.0039074346, -0.0013127974, 0.0046145297, -0.0010873699, 0.014958437, 0.0018339239, -0.014159357, 0.0021103446, -0.00092630374, -0.0011047673, -0.016491149, 0.01608798, -0.019124068, -0.0146028, -0.02510291, -0.023645679, -0.0009903344, -0.010272428, 0.007735339, 0.00544238, 0.0019642345, -0.010764593, 0.009367419, 0.0015025364, 0.0009250431, 0.0019210854, 0.019150363, -0.0065387734, 0.009306788, -0.004372073, 0.007547988, -0.01406243, -0.01545939, 0.031258952, 0.024427526, 0.0011080599, 0.019989697, -0.01884888, -0.0025108976, 0.00070013397, 0.0155977085, 0.021378882, -0.0049366103, -0.0044132345, 0.027288, 0.0022238563, -0.005132241, -0.0087927235, -0.0037293222, 0.0074915034, 0.0052030506, -0.00017071092, -0.017019525, 0.025796488, 0.028851151, 0.002655228, 0.014971867, -0.0026742916, -0.013908692, -0.0041396273, 0.013501341, -0.0003583716, 0.009521317, -0.0051448913, 0.0067749894, 0.00032534433, -0.024087528, 0.010721101, 0.022320595, -0.0012296425, 0.0025943895, -0.010391914, 0.17234443, 0.12345708, -0.01777176, -0.007789589, 0.0034750942, 0.0131447865, -0.013169065, 0.009746556, -0.000226515, 0.015141869, -0.028221661, 0.008055045, -0.00040139744, -0.0042096656, 0.012162467, 0.0154203465, 0.0031896543, -0.020760795, 0.0048146187, 0.009859324, 0.015336679, 0.019626893, -0.003173987, -0.007269473, -0.010465202, 0.010149527, -0.020057192, -0.017057318, 0.017245673, 0.0010357123, -0.020326564, -0.009840162, -0.0038429277, -0.013918809, 0.009710402, 0.0079968, 2.7452414e-05, 0.019873494, -0.0065187598, 0.003994437, -0.002878265, 0.008899444, -0.003824956, -0.0030681833, 0.00873246, 0.022211561, -0.007552366, 0.016020395, -0.0077139377, 0.021596316, 0.0051791547, -0.011464967, 0.013949219, -0.009503448, -0.0058048507, -0.018753825, -0.012427685, -0.00028301793, -0.0029596125, 0.004772892, 0.021158041, -0.0072140954, -0.01958832, -0.0013524456, -0.0057490794, 0.04007712, 0.028646842, 0.011504155, -0.01624945, -0.023138063, 6.546767e-06, 0.031150604, -0.004445856, 0.01285825, -0.024382273, -0.0054555004, -0.012914369, -0.010226169, -0.013658497, -0.00032111158, -0.021008385, -0.0032424836, 0.0072768386, 0.010423671, -0.003927733, -0.012408292, 0.006096229, 0.023165526, 0.10198106, 0.005633678, 0.0063421307, -0.02122093, 0.016972534, 0.003600805, 0.0012492542, 0.06418683, 0.008689527, 0.022748107, 0.018794902, 0.007414176, 0.011409324, -0.00841287, 0.01466506, 0.02198615, 0.024077484, 0.050188314, 0.0061569456, -0.0021649962, -0.00066288793, 0.0040588994, -0.005615769, -0.007462755, 0.016329907, 0.0060218605, -0.0010290242, 0.010475029, -0.003836796, -0.0066914754, -0.0933055, 0.004699419, -0.00855123, 0.006976071, -0.0011631183, 0.014443143, -0.016115671, -0.021305125, -0.013594875, -0.014845899, -0.0019326665, 0.018294342, 0.002984006, 0.007279299, 0.020474404, 0.021063395, -0.008623688, -0.027035968, 0.018409183, 0.012822094, 0.011151308, 0.006748733, -0.006175213, 0.018933794, -0.011977599, 0.021369647, -0.0077379504, 0.0022686075, 0.0086697, 0.0025977055, -0.021101844, 0.0012893348, -0.015492872, 0.0055486765, -0.017376017, 0.0059405, -0.014480271, 0.015139074, 0.0070803245, -0.018933916, -0.0115698, -0.015086452, 0.007328486, -0.0069893855, 0.018667743, -0.0024380176, -0.0005185264, -0.012691726, 0.006332222, -0.0029557007, 0.006429475, 0.02022187, 0.0075626196, -0.003586657, 0.0013169654, 0.026375193, 0.029481536, -0.033511247, -0.0045558056, 0.017791944, 0.01158449, 0.00037667478, 0.0013377091, 0.010848693, -0.0012675958, -0.0020648376, -8.325487e-05, -0.022724297, -0.013756103, -0.0028378898, -0.012634413, 0.01981638, 0.012963993, 0.01898424, 0.011294845, 0.010701847, -0.015508404, 0.0047223354, -0.0055662803, -0.0033771, -0.015798878, 0.007888451, 0.0086221965, 0.10043185, -0.012252671, -0.004658888, -0.0027363652, 0.001695826, -0.0034398881, -0.022629214, -0.025788706, 0.009235763, 0.013322094, -0.014726691, 0.034684923, 0.004658731, 0.0037333977, 0.012359009, 0.0053634513, 0.01870818, -0.0010236936, 0.007102139, -0.016767742, 0.0046750177, -7.780787e-05, 0.014554922, -0.011534258, -0.00018245896, 0.003919536, 0.009047395, -0.015870532, -0.0023277716, 0.010974305, 0.009653404, -0.00807883, 0.01525844, -0.005463588, 0.0022470108, -0.0038248678, 0.009541833, -0.009495815, 0.006347058, 0.020867756, 0.0013321246, 0.021003969, 0.018721573, 0.024242776, -0.030563738, 0.19503736, 0.011041868, -0.020272946, -0.0059965313, -0.014985851, 0.00051583926, -0.008532207, -0.008098928, -0.016487692, 0.0063477685, 0.009354848, -0.008555111, -0.013197016, -0.004919046, -0.0105130235, -0.007319504, -0.0030636997, 0.00965282, -0.014981382, -0.010412545, -0.010779, -0.013518974, 0.0012478846, 0.016629139, 0.01539661, -0.012262164, -0.011410022, 0.02107053, -0.012710116, 0.016211942, -0.001060987, 0.0022110331, 0.007923252, 0.0060007395, -0.008189466, -0.008020336, 0.010879225, -0.00584655, 0.0052625807, -0.0036789228, -0.004303062, 0.017264606, -0.0022953262, -0.018337723, -0.020680828, -0.0135383215, 0.004248846, -0.001813653, 0.0068499236, -0.005800028, 0.01628785, -0.010335645, -0.016646905, -0.0044484953, -0.005134336, 0.016761823, -0.008316612, -0.0035572504, -0.022429569, -0.0032602646, -0.012184607, 0.025191713, -0.00091460004, 0.0018207475, 0.002208469, -0.019731486, -0.010680191]"
Aguascalientes da un paso historico: 65 magistrados y jueces toman protesta tras eleccion ciudadana inedita ,https://oem.com.mx/elsoldelcentro/img/25474689/1756486943/BASE_LANDSCAPE/1200/image.webp,Aguscalientes,no descripcion,https://oem.com.mx/elsoldelcentro/mexico/aguascalientes-da-un-paso-historico-65-magistrados-y-jueces-toman-protesta-tras-eleccion-ciudadana-inedita-25474040,"[-0.019956695, -0.018310072, 0.017161924, -0.06251038, 0.0022633923, 0.00774889, 0.034393173, 0.009561158, -0.004718887, 0.027857916, -0.03325828, 0.007749844, -0.005959449, -0.004405378, 0.12857442, 0.010457792, 0.021859817, -0.014474419, 0.008445772, -0.022269176, -0.02090527, -0.015556357, -0.010203451, 0.009298133, -0.013307109, 0.0025795149, 0.014402562, 0.015170318, 0.044433247, -0.016572034, -0.012884382, 0.030024929, 0.016798565, 0.0021320004, 0.01026231, 0.0031062118, 0.002387346, -0.010405939, 0.034965858, 0.0019150266, 0.013189235, 0.011673297, -0.01354554, -0.01624698, -0.004487552, -0.0067030354, -0.011240102, -0.026453635, -0.023153232, -0.017178265, -0.0020871798, 0.0071657645, -0.0027410935, -0.16114186, -0.026286634, 0.025527159, -0.00010566235, 0.03992972, 0.005692307, 0.012706011, 0.007437415, 0.002276375, -0.038980804, -0.012042611, 0.01955631, -0.017458657, -0.004355672, 0.005871575, -0.019598367, 0.015831275, 0.0055619087, 0.0144863, 0.030175662, 0.009753194, 0.003411936, -0.0032611229, -0.013044107, 0.008458569, -0.006160134, 0.015789077, -0.0025430245, -0.0033960468, 0.0016498778, -0.0015586073, -0.023728447, 0.010044795, 0.04709236, -0.005893539, -0.009333499, 0.0028013424, -0.02821561, -0.022551639, -0.014245618, 0.00031806296, -0.04168636, 0.007867186, -0.0037998804, -0.0042103273, -0.033221837, -0.036850404, -0.028253915, -0.023989685, 0.0060109296, -0.0011720236, 0.023790637, -0.010859891, 0.013331175, -0.0037436546, -0.009423229, 0.027013168, -0.016091857, -0.033511505, -0.031164516, -0.0055134213, 0.01790738, -0.12190973, -0.0236746, 0.004228579, 0.003109608, -0.0075668674, 0.0008309075, 0.014423449, 0.0076918206, 0.029898508, -0.008044928, -0.018431984, 0.007826765, 0.0018673011, -0.0054770038, 0.0045238547, 0.00068565336, -0.019702697, -0.00778991, -0.0146196615, -0.029496644, 0.0156232575, 0.0046037626, -0.022031082, 0.010827414, -0.013828009, -0.0056153955, -0.014454999, 0.016707052, 0.014408247, -0.01671843, 0.011431617, -0.0076136785, -0.011641901, 0.018966326, 0.0067371996, 0.016060337, -0.0076260194, -0.03245486, -0.009951376, -0.009536999, -0.027623767, 0.01535857, 0.0003125151, -0.007742496, 0.0031877002, 0.029310727, -0.011739697, -0.0010558728, -0.0016948639, 0.011120333, 0.029513704, 0.0037376531, 0.0065961694, 0.003183794, -0.0018995189, 0.009527185, 0.006468677, -0.021519601, 0.01573601, -0.015730605, 0.009414735, -0.0006373433, 0.014050777, 0.015588999, 0.009105291, -0.013152518, -0.030674137, 0.011427139, 0.011405273, -0.013147257, -0.018046975, 0.032058265, 0.0112134805, -0.0076702447, 0.0073871063, -0.03933236, 0.033125874, 0.015597046, -0.0005781983, -0.018997246, -0.0077968794, 0.00051080494, -0.02531221, -0.008267014, 0.024355197, 0.025707508, 0.005857117, 0.005463286, -0.030175913, 0.006015916, 0.010737245, -0.030013822, -6.4112995e-05, 0.016691433, 0.021530503, 0.020423504, 0.014052701, -0.0068567437, -0.004513496, 0.027692275, 0.0063954717, 0.0084086405, -0.011285809, -0.011865279, -0.014633404, -0.011024887, -0.0074156662, -0.0056498093, 0.034210525, -0.021986254, -0.006690646, 0.024887351, -0.021574091, 0.027750999, -0.0035155197, 0.02931999, 0.003360441, -0.00497187, 0.03680209, 0.031139439, -0.009809792, -0.010686184, -0.014347007, 0.0034465925, 0.03125682, 0.0070684096, 0.014642197, -0.0037129943, 0.010096893, 0.01285785, 0.01955133, -0.01915881, 0.00032053058, -0.0076610255, 0.00018425654, 0.018735228, 0.014301955, 0.014242126, 0.0048056156, -0.025960706, 0.008663756, 0.024362408, 0.01764175, -0.014099929, -0.026772158, -0.008540214, 0.0031678535, -0.010499996, -0.01692236, -0.017112093, 0.0014236604, 0.0032164715, 0.00029613002, -0.02838099, 0.023927944, 0.017533207, 0.026312007, 0.0061261957, -0.0020214743, -0.01848647, -0.020419646, -0.06981298, 0.01123351, 0.027361907, -0.03912931, -0.00026851954, -0.0036828856, 0.00076118234, 0.007988298, 0.0060254643, 0.014978689, 0.0034253646, 0.007479983, -0.0081214085, -0.03196987, 0.0007818126, -0.00801926, -0.0003592736, -0.012091383, 0.023078058, -0.02037227, -0.0011091041, 0.014681558, 0.02174797, 0.013666707, 0.003336051, -0.015948666, 0.031151446, 0.034918576, 0.018763911, -0.019312024, -0.011099183, -0.04207624, -0.02459135, 0.006374622, -0.010079599, -0.012994873, 0.010063095, 0.0078168325, -0.016496057, -0.015913606, 0.033988204, 0.020734213, 0.009148499, 0.0030599625, 0.004525799, -0.019728139, 0.011330499, -0.009816187, 0.00802426, -0.0062801116, 0.027499182, 0.0018643937, 0.017423736, -0.023538008, -0.005428023, 0.015011371, -0.0032718775, -0.0006870676, -0.0017341481, -0.00698467, -0.005809365, 0.009536326, 0.020149266, 0.0095028225, 0.006003437, 0.013582698, 0.021035459, -0.008667367, -0.029216262, 0.03290142, 0.012950957, -0.020609617, 0.009001706, -0.011244422, 0.0006571998, 0.013804086, 0.012354874, -0.0031215053, -0.016770773, 0.020294257, -0.014229828, 0.017415272, -0.00926149, 0.028391665, 0.02612289, 0.007428613, 0.0058706347, -0.0072186035, -0.0035429455, -0.00035422854, 0.02108043, -0.034116354, -0.026304428, -0.02985595, 0.0012385666, 0.008065192, -0.021815242, 0.018054944, -0.001029346, 0.017292177, -0.017398724, -0.010285886, 0.007720329, 0.0059936787, -0.008386775, -0.0068525807, -0.0012206465, 0.0060820985, -0.025784925, -0.028699845, -0.018071188, -0.037268873, 0.006943538, -0.00753693, 0.019620521, 0.035099693, -0.0035736798, 0.0018805715, 0.007069842, 0.0032259473, -0.0079547195, -0.020169772, -0.022703415, 0.03347475, -0.026787061, 0.00031518046, -0.0012424323, -0.017966298, 0.006231261, -0.00030991447, -0.04207685, 0.0017360196, -0.012421271, -0.03359421, 0.0068140617, -0.015937578, 0.004673734, -0.006777527, 0.020609053, -0.0031602655, 0.0061329557, 0.03151836, -0.009932103, 0.011665742, 0.006832213, 0.03494462, -0.012907112, 0.01673184, -0.006296206, 0.009016649, 0.013632672, -0.00030004443, 0.026834397, -0.03183251, -0.019248288, -0.013795377, -0.014176987, 0.03648416, -0.017356578, -0.0034380807, -0.020530218, -0.010615101, -0.019737652, 0.013253677, 0.01883089, 0.0032030784, -0.0065484345, 0.017800452, 0.055785883, 0.038810108, -0.006703715, -0.021450281, -0.003303056, -0.03004045, 0.014945775, 0.0092405975, 0.007556638, 0.014053424, 0.002471037, 0.0023200146, -0.0062582553, 0.0014102497, -0.0004348521, 0.0006412645, 0.0011054412, -0.03564619, -0.011732457, 0.008129612, -0.01376968, 0.011401655, -0.0029473305, -0.029335223, -0.008550981, 0.012153946, -0.040823918, -0.019702744, 0.00041149065, 0.006125591, 0.011399454, -0.006577125, 0.001537134, 0.021102218, 0.027161092, -0.019644037, 0.01579899, -0.018008318, -0.015761523, -0.012838209, -0.010969694, 0.02366614, -0.003094434, 0.04375229, 0.0018364182, 0.0072783614, 0.011342475, -0.016691752, 0.001601844, -0.018109636, -0.0037841694, -0.012414403, 0.0012755009, -0.0013429554, 0.012637651, -0.006098707, -0.014403175, 0.019804463, 0.025572935, 0.014041387, -0.024044337, -0.0091346465, 0.017226849, 0.004569677, 0.019153617, -0.013180606, 0.035241064, 0.0025653306, 0.023104504, 0.005498987, -0.0073444904, 0.032868367, -0.013703191, 0.022640815, -0.017276328, 0.006306904, -0.0267601, -0.0032637857, -0.02633114, 0.006302831, -0.035003956, -0.009335192, 0.0349098, 0.024773622, 0.01352065, -0.023931788, -0.00614235, 0.020720575, 0.0056554633, -0.013849198, 0.0020851768, 0.013534091, -0.002022017, 0.018255685, -0.001525632, -0.041368484, -0.039387964, 0.004699507, -0.062430445, 0.02033057, 0.016059628, -0.065067366, -0.001899027, 0.0012934647, -0.0018387088, -0.018877134, -0.026232095, 0.024225984, -0.011279806, -0.0021658186, 0.006417456, -0.0038661878, 0.021205908, -0.0067474335, 0.0013638339, -0.006805062, -0.020211572, 0.0034388558, -0.014893992, 0.008554053, -0.00030839365, 0.01940081, 0.019739846, 0.010800709, 0.008978474, -0.004660311, 0.014393249, 0.029584419, -0.041567624, -0.018778985, 0.013226258, 0.0038603223, 0.006736762, 0.0039888825, 0.016985059, 0.0065129725, 0.006837229, -0.016433984, -0.0024906395, 0.0053511676, 0.038034193, 0.02673062, 0.011723564, -0.009020659, -0.022176564, -0.032793485, 0.007365385, -0.015074933, 0.015484736, 0.014353993, -0.0015348985, -0.012289425, 0.01837811, -0.003174378, 0.02616491, -0.01952019, 0.009961348, -0.035368077, 0.006118604, 0.0017982003, -0.005377543, -0.0019194615, -0.027156416, 0.018504305, 0.0106596835, -0.024193913, -0.020486072, -0.044564307, 0.007371306, 0.019403735, 0.015553154, -0.016592897, -0.02115266, 0.011123072, 0.025258163, 0.02768138, -0.009697421, 0.019454138, -0.0036332582, 0.020008607, -0.008311124, -0.030241473, 0.03597382, -0.12120567, 0.025763279, -0.016257808, -0.0056242016, -0.01425888, 0.013782738, -0.009988171, 0.00015775846, -0.018274346, 0.0031681047, -0.005336477, 0.01783879, 0.009704121, -0.022195935, 0.00615763, 0.013086769, 0.015555271, 0.014505164, -0.003909862, -0.039219823, -0.013123983, -0.01640556, 0.0032958959, 0.01188894, -0.006406876, 0.0074743177, 0.0041543026, -0.007602078, 0.009253401, -0.034359407, -0.01877495, -0.13957608, -0.023107007, 0.00052971055, -0.020438794, 0.0023550289, 0.004972012, 0.009215111, -0.0035972616, 0.023883168, -0.019848695, 0.017289214, -0.013970847, -0.019131726, 0.0041026934, 0.01907324, 0.10016616, 0.013614316, 0.0007823875, 0.006543798, -0.012204959, -0.006432108, -0.02422983, -0.00896607, -0.003205387, 0.02230965, 0.008736536, 0.009248782, -0.010182449, 0.0018852423, 0.025026415, 0.0100866165, 0.016879456, -0.0037856293, 0.011379549, 0.029168487, -0.0074221054, 0.0082733575, -0.021869265, 0.019339528, 0.017250646, -0.033991266, 0.014333741, -0.013605776, 0.0051370347, -0.059093602, -0.020117464, 0.014659983, 0.025439521, -0.031580698, 0.0073392037, -0.0048305644, -0.07528009, -0.002033784, 0.042774282, 0.0011803607, 0.007986914, -0.0044003245, 0.013466397, -0.0001432308, 0.0032063567, 0.030120734, -0.009999154, 0.013864574, -0.0013808041, -0.026122475, -0.033108898, 0.02438063, 0.0019665097, -0.0074640126, 0.00442636, -0.017537287, 0.021237295, -0.026433477, -0.04750718, -0.0099908635, 0.0058048074, -0.02306566, 0.012601346, -0.001747507, 0.0280151, -0.0016020171, 0.011672047, 0.0011671786, 0.0014279876, 0.012568219, -0.008700409, 0.01796139, -0.008458312, 0.015179936, -0.002101015, 0.009701901, -0.011415741, -0.012199434, -0.0045023714, 0.02940507, 0.01707837, 0.006615225, 0.0012830339, 0.001760505, -0.027952658, 0.019637218, -0.034326993, 0.019554906, 0.0037892167, -0.019629592, 0.025085641, 0.028600348, 0.0028871503, -0.0076567945, 0.0083903195, 0.0151334945, 0.013302511, 0.012009396, -0.0015107552, 0.0013127452, 0.0071475096, -0.0011354464, 0.0004260717, 0.002137971, -0.020833457, 0.0017626245, -0.013015505, -0.014708185, 0.0053786146, -0.01535775, 0.010905239, -0.0055096713, -0.00055545534, -0.011541916, -0.037840277, 0.0100892335, -0.0037010734, 0.0045765513, -0.007471276, -0.0278187, 0.0049779266, -0.0013689426, -0.0020705566, 0.0010406886, -0.017303212, 0.0049450123, 0.005816534, 0.005159637, -0.011794518, 0.010878136, 0.006803032, -0.008426931, 0.0009102594, 0.0037412362, -0.011597922, 0.0009272132, -0.018136244, 0.0019408981, 0.013222981, -0.0077408636, 0.0010264275, 0.007228528, 0.0057611936, 0.0142267905, -0.008730546, -0.017850246, -0.0024623103, 0.011861942, 0.0035089, 0.009613504, -0.00030517767, 0.006436033, -0.023568433, 0.0034221716, 0.0105098225, 0.010934556, -0.009396094, -0.014895258, -0.012074384, -0.006717696, -0.011424915, 0.006525827, -0.001875762, -0.008735518, 0.023278074, 0.0026418464, 0.017600667, 0.013998116, 0.0050838944, 0.01147457, 0.01578202, -0.03065393, -0.0050273957, -0.011353492, -0.000323847, -0.004646027, -0.00966752, 0.028519098, -0.016784068, 0.0024436058, -0.0031341228, -0.009171394, -0.0055746497, -0.003154105, -0.009846612, -0.003149439, -0.01241902, 0.005319861, -0.00398562, -0.008593269, -0.00989928, -0.015698565, 0.011736731, 0.005143852, 0.008013818, 0.020345787, 0.013050727, 0.013241863, 0.0016896793, 0.0047742957, 0.013292756, -0.0008521216, 0.017626613, 0.0063768993, -0.0070359567, -0.0074323174, -0.010422179, -0.0003584034, -0.0027626331, 0.017397469, 0.015333476, -0.0022231285, -0.0015296787, -0.0044829505, 0.0090184845, 0.004907557, 0.0014550228, 0.02809437, 0.0075145396, -0.015146617, -0.0022893865, 0.00038490797, -0.010947593, 0.005395456, -0.008173515, -0.00014028752, 0.003800386, -0.011732298, -0.006007455, 0.011408908, -0.002817339, 0.0006374501, -0.0064301454, 0.0011334969, 0.008717349, 0.0028481835, 0.01000683, 0.012903474, -0.0006147766, -0.020841029, -0.011131393, -0.00690325, 0.020976214, 0.0026233466, -0.015406189, -0.003621349, 0.0008758146, 0.0021508136, -0.0005318945, 0.012606408, -0.009541027, -0.0013467979, 0.005498256, 0.011474472, -0.01868188, -0.013065939, -0.0039651175, 0.000979091, -0.0055821445, -0.0014758048, 0.018546777, -0.008966891, -0.0009309591, 0.0038296564, -0.010163037, -0.0021834802, 0.014824434, 0.0025086852, 0.003125956, 0.0027626597, 0.014366754, -0.0073726457, -0.0017857108, -0.0014695786, -0.026283227, -0.01087476, 0.0060847607, -0.008892529, 0.005210248, -0.006145005, 0.02123015, 0.0044217636, -0.01964498, -0.023026165, -0.005804899, 0.0148348175, 0.0040990547, 0.002968549, 2.6131604e-05, 0.029515697, 0.008684166, -0.0036068964, -0.006135873, 0.017628841, 0.015279907, 0.07846931, 0.01002073, 0.013187343, 0.005778328, 0.0021255638, 0.0068541327, -0.0058220914, -0.011753154, -0.0043641515, -0.0048820055, 0.004668942, 0.029051855, 0.0026093887, -0.0011195164, -0.0130729545, 0.020052398, 0.0057980944, 0.011096877, -0.009365031, -0.001546561, 0.008956042, -0.008772758, 0.0047448752, 0.0015348025, -0.0026762243, -0.018345984, 0.007829765, 0.0045536268, -1.4204903e-05, -0.029989485, 0.005395626, 0.005798622, 0.009113331, -0.014500039, -0.024805464, -0.008345805, 0.004442557, 0.005316257, 0.011345846, 0.015081354, -0.009482138, -0.009937802, -0.0035928134, -0.013815114, 0.009763326, 0.006387285, -0.005335732, -0.013870846, -0.0075140493, 0.00851849, 0.019958457, 0.005867659, 0.0017601523, 0.0013582746, -0.0001707239, -0.0051588328, 0.0022317062, -0.0111142425, 0.015836488, -0.011202919, 0.0042223805, 0.02096031, 0.0006456565, 0.0050825616, -0.006596863, 0.0030959072, 0.0041416935, -0.0030356303, -0.01600249, 7.0855e-05, -0.0013212007, -0.018930746, -0.0014127665, -0.0052704928, 0.027003793, -0.010985092, 0.0040511834, 0.0036235051, -0.008462407, 0.003373689, 0.0013684045, 0.00047315835, -0.013777908, -0.009655824, -0.0055310535, 0.0031081764, -0.00015986986, -0.0050729886, 0.01587476, 0.015894994, 0.016572786, -0.013038819, -0.0034364203, 0.012012467, 0.0042073783, 0.0044233995, 0.059649333, -0.0077317916, 0.00794493, -0.00089642126, 0.003634625, -0.0018231622, 0.006589468, -0.0005243073, 0.006446835, -0.01241174, 0.020127572, -0.009477283, 0.0030936277, 0.0037953747, -0.0008367482, 0.009697932, 0.0056647793, -0.018808609, 0.0038875171, -0.0026697991, 0.006199865, 0.010734546, 0.0005717021, -0.003901736, -0.00990651, 0.0012178712, -0.0155255925, -0.011632858, -0.015436809, -0.0046122503, 0.013351504, 0.0035493814, -0.0072546317, 0.006159255, -0.006187086, -0.010945563, 0.0010432946, -0.017456397, -0.018599594, 0.015211271, 0.012332029, 0.021876572, 0.012000451, 0.015520973, -0.01206144, -0.0049651507, -0.014669713, 0.0027579009, 0.0056859767, -0.011517262, 0.007404968, 0.0035029773, -0.005793167, 0.007402151, 0.0007818723, -0.018349418, 0.008119098, 0.0032836033, -0.020189866, 0.010077124, 0.0045076595, 0.02944023, 0.0062779384, 0.018284483, -0.0062973346, -0.005262459, 0.012402881, -0.012863183, -0.004412304, -0.005801839, 0.0106985755, 0.013064202, -0.003133813, -0.00093879167, 0.0038267756, 0.0010599517, -0.0016818468, 0.0055812737, -0.015919926, 0.01170697, -0.0050399555, -0.020887345, -0.006001045, -0.0026999281, 0.0025896044, 0.0132202, -0.005733688, -0.02167559, -0.010246619, -0.01854812, -0.008160672, -0.008043717, -8.959459e-05, -0.013380861, -0.0007964585, -0.00138613, 0.0009817962, 0.0038874971, 0.0013639191, 0.0017093397, -0.0045791883, 0.014419666, -0.016954815, 0.021524407, -0.021227209, -0.021963635, 0.010997292, 0.011777452, 0.005397081, 0.0034006522, 0.0020352441, 0.0070701735, -0.0004377589, -0.0033148285, -0.011923169, -0.02418391, 0.0059903427, 0.0053733517, 0.00059085595, 0.00882634, -0.0018262643, 0.0045391754, 0.004625376, -0.013776275, -0.008172639, -0.01695047, -0.030663421, 0.008596021, 0.009678477, -0.0027912243, 0.023511898, 0.004349946, 0.004245401, -0.006325995, -0.016148321, 0.008205436, -0.02512742, -0.012795689, 0.0033063008, -0.0041882717, -0.010991739, -0.013957061, 0.0002168783, 0.018085927, -0.0012517608, 0.015862152, -0.020330269, -0.02046218, -0.0038044865, 0.0030791974, -0.010676229, -3.3550463e-05, -0.0061821677, 0.0013383429, 0.009484897, -0.0045605293, -0.006915666, -0.0013716118, -0.0034870398, -0.009470038, 0.002518122, -0.032144494, 0.0057784957, 0.0067965235, 0.01338032, 0.025109114, -0.008698427, -0.0029378647, 0.001291503, 0.00062264653, 0.001996302, 0.02025059, 0.0011923932, -0.009202329, 0.006086221, -0.03254019, -0.0023145971, -0.00017650529, -0.0037803005, 0.0027893372, -0.008681547, 0.011643515, -0.00450136, 0.0013146794, 0.003666869, 0.0075780894, 0.0007863648, 0.0060952753, 0.009511032, 0.004036738, 0.0012835979, -0.021380642, -0.010658583, -0.010065254, 0.0093974555, -0.0075815297, 0.007806439, 0.005319256, -0.0021616104, -0.0035073566, 0.0014899252, 0.0072342404, -0.004944451, -0.0058359005, 0.007177803, 0.0027990337, -0.007120686, 0.0046932856, 0.0018274289, -0.0037496292, -0.00792747, 0.014720169, 0.009638942, -0.014107137, -0.007467789, -0.009740639, 0.0077656475, 0.024893906, 0.008563291, -0.011121952, -0.0019552144, 0.008065921, -0.012304765, 0.0014468774, -0.009734071, -0.0021883128, -0.0052605, 0.00060855766, 0.0054445397, -0.008132503, -0.0029038256, 0.01431341, -0.018661123, 0.008041998, -0.022360794, -0.0030602354, -0.02176966, 0.013112634, 0.009820916, -0.01731549, 0.03076052, -0.0005599372, 0.005012305, -0.013276585, -0.008861134, 0.0071330336, 0.002161678, -0.008933306, -0.009141663, -0.01838528, 0.0037604396, 0.00468325, -0.002824544, 0.00015704962, -0.012834156, -0.00061555754, 0.008550012, 0.025988104, -0.0058308598, 0.0015568195, 0.018372381, -0.0014232781, 0.0051716487, -0.0026243944, 0.0068419324, -0.009332903, 0.0123375775, 0.008339037, 0.01227907, 0.004585548, -0.0029427481, -0.028166363, 0.003996625, -0.010330094, 0.020571662, -0.008992203, 0.012616425, -0.001010694, -0.01910717, -0.006377114, 0.017225469, -0.022716405, 0.020798815, -0.009340125, 0.00028894673, 0.014502375, -0.007950871, -0.01564684, -0.00065679895, 0.008054493, 0.0018329603, -0.004404915, -0.0019772558, 0.037879832, -0.003571497, -0.015604019, 0.004971621, 0.014322975, -0.02092543, 0.0017221908, -0.0009410306, 0.034752652, 0.004470459, -0.0075213546, 0.018045155, 0.019536618, 0.0064482703, 0.0006538353, 0.015967099, 0.008597492, -0.0031420176, -0.008341496, 0.0012580301, 0.0041628266, 0.0014671215, 0.008583955, 0.0049398732, 0.008132992, 0.014350636, -0.0050173597, -0.015905846, 0.010039142, 0.0033292708, -0.005437215, 0.014111793, 0.018790046, 0.0057178503, 5.8505416e-06, -0.006019576, 0.01846212, -0.012016135, -0.0021666354, 0.017651835, 0.0044284356, 0.0125424415, 0.008164022, -0.0077338098, -0.0053159203, 0.016800683, 0.0047582774, 0.013323725, -0.01455054, 0.0011384946, 0.021771373, 0.010059837, -0.005275764, -0.022661604, -0.0023580687, -5.298531e-05, -0.0018168362, 0.00032488385, 0.008425775, 0.00093184394, -0.001719389, -0.0022294398, 0.010363407, -0.02025367, -0.014764755, -0.002201648, 0.012162741, 0.0106911, -0.011854417, 0.010969248, 0.0009183082, -0.0047490722, 0.013163989, -0.08770164, 0.012755247, -0.0022487112, 0.012767114, -0.0014791535, 0.0033427745, 0.0010702405, -0.013992884, -0.021150405, -0.0010798447, -0.019318396, 0.009014859, 0.0061658956, 0.020694239, -0.011279872, -0.0030282424, 0.0022014105, 0.0061717797, -0.0011002879, -0.006796361, -0.011168397, 0.0077291685, -0.01868424, -0.0021651764, -0.013116836, 0.0025115001, -0.0037713505, -0.016150277, 0.002297106, 0.01789384, -0.002145023, -0.0009268357, 0.0021060111, -0.00061083375, 0.0008802663, 0.002592071, 0.00062496477, 0.00066191924, -0.13796401, 0.011157206, -0.007148812, -0.0059110327, -0.0076088356, 0.0054468103, 0.012989732, 0.006234513, 0.01119523, -0.007491612, -0.018988851, -0.008419199, -0.020844467, 0.005251014, 0.015907196, 0.00045197434, -0.010969768, -0.01012939, 2.2459124e-05, 0.017657477, 0.010913731, 0.012806272, 0.024907583, 0.008261039, -0.013408774, -0.017527075, 0.0036004558, 0.0050143814, 0.016331838, -0.0014300423, 0.005606767, 0.00091893936, 0.006030843, 0.0038532545, -0.009814884, 0.013848943, 0.008206557, 0.0027711291, -0.0035174128, 0.005903252, -0.0008622163, 0.0056154146, 0.013577986, -0.0018957267, -0.008131484, -0.0057844287, -0.006305989, 0.009202597, 0.025630958, 0.0024030597, -0.005470294, 0.0132455835, 0.001842952, -0.019129205, -0.005375828, -0.0041702813, -0.008151421, -0.0149943, 0.009863075, 0.0024710014, -0.005119055, -0.00048806422, 0.01806242, 0.006831189, 0.009241913, 0.0013372173, 0.0036196285, 0.009863242, 0.010659389, 0.009403427, 0.015234432, 0.0026048962, 0.007683107, 0.0064741415, -0.010321778, -0.019420449, 0.029985268, 0.009146001, 0.013790837, 0.009874067, -0.00593552, -0.00334986, -0.017251968, 0.0021336854, -0.0032442075, -0.02430136, 0.011141501, 0.010193968, -0.0053145103, -0.047932576, 0.0062174103, -0.018543405, 0.019255511, 0.01461428, -0.013515979, -0.009703555, -0.0009329295, 0.012594922, -0.019708065, 0.017481834, 0.0032802552, 0.022493253, -0.011064571, -0.0036084529, 0.0068010334, -0.015018434, 0.01001531, -0.015972476, -0.013853999, -0.012985353, -0.015489034, 0.008317493, 0.0051281443, -0.012074892, -0.014909135, 0.010296718, -0.011688045, 0.006873002, 0.0004410219, -0.0045652706, 0.011813166, 0.009016318, -0.012193458, -0.023523975, -0.0058733206, 0.025672045, 0.019454598, 0.005359484, 0.014777836, 0.0072994665, 0.006923012, -0.008468046, -0.00033812277, -0.0148485005, -0.006888706, -0.025159294, 0.0022755624, -0.023651524, -0.010785251, -0.01172552, -0.0013498099, -0.012286665, -0.008630449, 0.02156095, 0.013614281, 0.016484091, 0.019387672, 0.00022095027, -0.013684917, -0.00597128, -0.017073162, 0.008109234, -0.02884888, -0.0016699487, -0.0015418972, -0.0066856584, -0.007908029, 0.0012940753, -0.011301287, 0.00487546, 0.016205803, 0.02511852, -0.0013558085, 0.003739525, 0.006156676, -0.004403801, -0.009019743, -0.020432495, -0.014797424, 0.018948374, -0.013457114, 0.0039633177, 0.022543835, -0.005951157, -0.0055423626, -0.011318859, 0.012499731, 0.01260587, -0.016493088, -0.00898399, 0.0017399266, -0.0001918413, 0.002593509, 0.00401142, 0.0022927294, 0.012884947, 0.022233773, -0.002891992, -0.008249615, 0.012373843, -0.015468252, -0.004235625, -0.022970768, 0.004990694, -0.014329813, 0.014410428, -0.009796115, -0.0023297, -0.011173568, 0.019695938, 0.0056940927, -0.0037103572, 0.0011488942, -0.17061615, 0.0042582154, 0.010411694, -0.004705365, 0.0013010673, 0.00980425, -0.012176141, -0.008402659, 0.027976047, -0.01462097, -0.0064594527, 0.02553006, 0.013387053, -0.010873229, 0.00089748995, 0.028078211, 0.012424924, 0.018086728, -0.00048608283, 0.009540693, -0.037281845, -0.00868775, -0.0030275977, 0.050781246, 0.017872158, -0.0011330053, 0.0032977418, -0.011604613, -0.018315354, -0.016293846, -0.00079027814, -0.00804073, -0.019046742, 0.0141319055, 0.013763336, -0.0139832385, 0.010541289, 0.019380832, 0.007989865, -0.0004451642, 0.0087327715, -0.029281754, 0.008357041, 0.0033049425, -0.021264901, 0.0036584123, -0.021062111, -0.019695235, -0.016494183, -0.004030451, -0.02454664, -0.0051633324, -0.022775376, 0.015870174, 0.008641293, -0.035908815, 0.01592652, 0.019837728, -0.0025265745, 0.015227346, -0.005788881, 0.012454245, 0.0189939, 0.0030390006, 0.025130745, -0.018264443, 0.00046001578, 0.1472901, -0.01676658, 0.011089298, 0.0042470284, -0.01440346, 0.018894479, 0.0023300797, 0.015692422, -0.006600836, -0.009381166, 0.018397357, 0.020766743, 0.0016612557, -0.0066825408, -0.012257817, 0.004372598, 0.0022959462, -0.019823117, 0.0011432148, -0.007985418, -0.02006206, -0.014131554, -0.020129412, -0.013727074, 0.0167156, -0.010098704, 0.0010612134, 0.012429591, 0.021353576, 0.017029785, 0.008034697, -0.026304567, -0.014015905, 0.02195542, 0.026992176, -0.016773304, 0.0088314, -0.023871645, -0.004758095, 0.009065318, -0.0021298185, 0.00359472, -0.01356279, -0.019053632, 0.008213198, 0.013239208, 0.0007353901, -0.008933101, 0.003269178, 0.019527197, -0.03827217, 0.005308485, -0.0114859445, -0.010286176, 0.007842557, -0.01719036, -0.014744703, -0.004032748, 0.013928051, 0.0051352815, 0.0018373389, 0.010141453, -0.018098839, 0.005429967, 0.015535044, -0.013109869, -0.0058601596, -0.017698374, 0.00064260553, -0.10729085, 0.011349138, -0.03167653, -0.0077215633, -0.0044966666, -0.00315472, -0.004247468, 0.005132922, -0.0013514037, -0.009394386, -0.008091449, 0.0018609656, -0.014524813, 0.00015081753, 0.0031293752, 0.018064199, 0.005952428, 0.010805444, 0.006359879, -0.017758964, 0.0010726111, 0.008941442, 0.008067153, -0.0036353946, 0.0139329545, 0.009453543, 0.023497418, -0.010519281, -0.0044167796, 0.011965109, 0.015936812, 0.010797021, -0.00881505, 0.018930295, -0.025878577, -0.010705128, -0.0032836853, -0.022653932, -0.010171175, -0.026005613, 0.0066623446, -0.0102168415, 0.011859117, -0.011928722, 0.014624239, 0.007302728, 0.011084456, 0.024437333, 0.0026350087, -0.011373309, -0.009435642, -0.008190687, 0.0018429032, -0.0026314221, -0.0047007776, 0.015283675, 0.011979566, 0.005264395, -0.002650882, 0.0033331867, -0.0055028615, 0.0012042706, 0.0118778385, -0.017347852, -0.017890984, 0.0026351847, 0.0017614472, -0.025436027, 0.044109046, -0.018515958, 0.015722884, -0.019507825, 0.0040066754, 0.0165708, 0.013903961, -0.016520794, -0.004078159, 0.004032736, -0.02502223, 0.024464175, 0.0022874202, 0.00976623, 0.000859789, 0.0120892, 0.014204305, -0.03095121, 0.019043438, -0.007309288, -0.019276937, 0.022924034, 0.0146568585, -0.024044354, 0.007405013, -0.00489648, -0.006021833, 0.026634686, -0.0033675868, 0.023000937, -0.0003805093, 0.0015249983, 0.00036372623, -0.0051197964, -0.003346906, 0.01197038, 0.015855297, -0.013221124, -0.025565078, 0.012929543, -0.008613664, -0.010328319, -0.019415695, -0.011942084, -0.017701013, 0.0013144641, -0.0004342419, 0.018908398, 0.024648914, 0.010858726, 0.0059828334, -0.018486844, 0.018042205, 2.982354e-06, 0.0040127803, -0.009485081, 0.006174495, -0.012905839, -0.012902482, -0.0013117676, -0.008775612, -0.0063311122, 0.005902891, -0.0062415972, -0.008287445, 0.0061267084, 0.0023375126, -0.0046859076, 0.02262755, 0.0055746753, 0.016979983, 0.006976756, -0.00820427, 0.008145581, 0.015768468, 1.576915e-05, 0.0013285128, -0.030430192, -0.01747002, -0.017962351, 0.013441439, -0.008582567, -0.005321929, 0.023224333, -0.016034508, -0.023527313, 0.008717403, -0.009194794, -0.011912666, -0.0018732215, -0.015147606, 0.00012364863, -0.0029043758, 0.012880249, 0.0037876116, -0.002714718, 0.009459092, -0.0032149623, 0.0019574808, 0.006397119, 0.0021236753, -0.0100602675, 0.00908195, 0.013881761, 0.01086657, -0.007637004, 0.014135987, 0.010430036, -0.0027084814, 0.01707184, 0.020720996, -0.056930292, 0.0038623333, -0.010761707, -0.0055792644, -0.014455572, 0.005818454, -0.008910514, -0.015928473, -0.0077715297, -0.010348642, 0.0073251985, -0.0024305754, -0.02183371, 0.012313744, -0.0015349985, -6.9223793e-06, -0.0018301039, 0.00089661794, 0.017560985, 0.0011440435, 0.013990474, 0.00294647, -0.01935224, 0.0048018447, -0.0027473175, 0.001191638, -0.009027687, 0.0015757555, -0.007347945, -0.005753636, 0.0090894075, 0.0048020654, -0.022530539, 0.01929211, 0.005237391, 0.008010999, 0.004299467, -0.023236685, -0.002197602, -0.051885594, 0.0008995743, -0.0020300173, -0.047513604, -0.0056962185, 0.021582326, 0.005850627, 0.0018510545, 0.009302447, 0.037535608, -0.010825615, 0.021997629, -0.01566007, -0.009592108, -0.00042150955, 0.015426543, -0.0036385234, 0.00054886925, 0.014876893, -0.0028488103, -0.0020432142, -0.015860775, -0.020086162, 0.00727967, -0.022369444, 0.034676295, 0.0058709714, -0.019565405, 0.017954987, 0.00083006884, 0.03700242, 0.023578042, -0.01422909, 0.01040135, -0.002001694, 0.0036353627, -0.007689946, 0.020181553, 0.0054080016, 0.0046991883, 0.010721962, 0.018717095, 0.012910404, -0.012309772, 0.04809261, 0.03085796, -0.01478848, -0.00199558, -0.10032886, 0.002740922, 0.00055305223, -0.006861998, 0.00015628229, 0.018467152, -0.0038773688, 0.037885956, -0.0048355944, -0.022269346, -0.024990108, 0.005659172, -0.006744855, 0.002191959, 0.008834526, 0.018023102, -0.021626625, 0.014395817, 0.0065053366, 0.009733834, 0.014876513, -0.022865327, -0.012128741, 0.014195118, 0.021631429, -0.04484296, 0.0055137947, -0.0009173531, -0.017011456, -0.005377648, 0.016090892, -0.014140856, -0.0053799218, -0.010378677, 0.0062023858, -0.0011630134, -0.03848274, 0.013480917, -0.0026956745, -0.0028278127, 0.0067540263, 0.009008132, 0.0067017446, 0.0045751394, 0.008121901, -0.010445568, -0.006202191, 0.02715248, -0.012192101, -0.0138586005, -0.005126972, -0.024343478, -0.01774637, -0.0023738022, 0.019439505, -0.012530629, -0.016806025, -0.019748464, 0.011556891, 0.0183739, 0.0070216632, -0.010923644, -0.03227927, -0.0024142948, -0.0021136706, -9.785831e-05, -0.042270694, -0.023236306, -0.000112853784, 0.015373497, -0.006735814, -0.0048972154, 0.01317448, -0.010305167, -0.02478682, -0.005238763, -0.00434307, 0.0217981, -0.025577854, -0.013988772, 0.013499154, -0.0024217505, 0.019559529, 0.008995402, -0.00066072104, -0.003006313, -0.010788545, -0.00843338, -0.00409394, 0.0072811483, 0.007982429, -0.015228227, 0.005590133, 0.028167743, 0.014038293, -0.011619694, 0.014802023, -0.025002174, 0.0075126593, -0.012552436, -0.010795403, -0.010671575, -0.033930838, 0.009666969, -0.0020064663, 0.01369462, 0.016509201, 0.002745355, -0.007115018, 0.014104971, 0.032614134, -0.0044557536, 0.00411396, -0.0030982264, -0.02279027, -0.0054756654, -0.006179864, -0.002792585, 0.014067181, -0.010085237, -0.018085225, -0.011173122, -0.037849586, -0.02295771, -0.0047852644, 0.024670899, 0.01089236, -0.0032855296, -0.013849992, -0.017217511, -0.029553682, 0.012335249, 0.00427243, 0.025426578, 0.007587861, -0.0034935647, -0.020789197, 0.017060189, -0.007601699, 0.008305564, 0.006088124, 0.005435102, 0.0068812612, 0.019573554, -0.011218976, -0.011302713, -0.010606924, 0.008299787, -0.031800006, -0.010150155, -0.020363769, 0.009240925, 0.0068089115, -0.013975475, -0.04838149, 0.013786387, -0.0154794585, -0.00056807214, 0.016578816, 0.0014416019, 0.022660786, -0.014376269, -0.023510182, 0.0069703967, -0.0029316659, 0.003408451, 0.0034212677, -0.017007323, 0.019121157, 0.008230939, 0.009011277, -0.008122834, -0.008564334, -0.0015526045, 0.030171223, -0.046968468, 0.0017957557, -0.0149330115, -0.0003396026, -0.019775167, 0.008131753, -0.011422117, -0.040740736, 0.017269608, -0.010653171, -0.016661683, 0.00087590807, -0.0015586176, 0.016296694, -0.002260104, 0.0056702183, -0.037964657, -0.01379377, -0.01235173, -0.014420872, 0.023453342, -0.035278745, 0.01025916, -0.016111078, -0.00413927, 0.0029298028, 0.0096812565, 0.0051284977, -0.02313332, 0.0031739126, 0.023038797, 0.010701758, 0.00654984, -0.027141191, 0.02232455, -0.005279814, -0.010900955, -0.004562224, 0.0029099563, -0.0025783966, -0.017006189, 0.03231048, 0.019244434, 0.024172524, 0.011997997, 0.023403319, -0.021461125, 0.004805891, 0.016478747, 0.0039932164, -0.017396595, -0.0128755355, 0.015194552, 0.00078211667, 0.011456937, -0.0057369964, 0.004412015, 0.010454053, -0.007258028, -0.03600855, 0.013677345, -0.02310747, -0.0065538036, 0.0054028076, 0.012903252, -0.0028488643, 0.0067897337, 0.0019984087, 0.01754131, -0.016371535, -0.013105033, -0.017759277, -0.003152363, 0.013038512, 0.00069895125, -0.008621002, 0.014082031, -0.003567311, -0.017847927, 0.037260193, -0.01170922, -0.004966191, -0.00014619461, 0.0105351955, -0.0022361015, 0.009816953, -0.014756119, -0.0073209703, 0.008029732, -0.025350379, -0.020001847, 0.009275669, 0.00822229, -0.0107854605, -0.00568529, 0.017146813, -0.030283192, -0.027095057, -0.002727033, -0.011454459, 0.011595848, -0.006936218, 0.024351861, -0.012461137, 0.03664303, 0.010716203, 0.007020321, 0.0067733503, 0.002485915, -0.002809531, -0.010678885, 0.011440894, -0.014757684, -0.0011035852, -0.01304029, 0.022938835, 0.013448974, -0.012382232, -0.007886782, -0.004376779, -0.015994601, 0.0023268822, 0.016436798, -0.011864218, 0.0026403342, 0.03641839, -0.02253166, -0.01837215, -0.0005028724, 0.0068629812, 0.016716361, 0.019439824, 0.0063208034, 0.017355578, 0.0038411464, -4.2839725e-05, -0.0054485803, 0.0016210189, -0.0054635247, -0.01652859, -0.024124263, 0.0052764122, -0.0046752905, -0.0040808576, -0.021045003, 0.0023935158, 0.01376378, 0.019783592, 0.0025251068, 0.012219669, -0.0016533586, -0.006947876, -0.0042129993, 0.011466375, 0.01670044, 0.002837816, 0.0037286296, -0.0009029633, -0.018531768, 0.0028468503, -0.021384116, 0.0015797871, 0.0056942566, 0.0105040055, 0.018825416, 0.024887038, 0.03541063, 0.015471799, -0.0125607075, 0.021087585, 0.0007364959, -0.019420238, -0.0136465, 0.029171875, 0.019183652, -0.005767018, 0.014621016, -0.0073527223, -0.01130714, 0.025090598, 0.019949848, -0.0012700825, -0.0035313219, -0.01865574, 0.007388101, -0.0005837517, 0.0035602022, 0.004801359, 0.015679013, -0.008681703, 0.013513736, -0.01657233, -0.0259141, -0.010396657, 0.012231836, -0.010262405, -0.0032119586, -0.0040919515, 0.004614252, 0.003766228, 0.0057982057, -0.0031756125, 0.0022486907, 0.0033393009, -0.006090762, -0.02835543, 0.016437437, 0.018299242, -0.0021204911, 0.006775835, -0.017834403, 0.008923929, 0.012564778, -0.0016724649, 0.014955095, -0.008447722, 0.0034470567, 0.012332682, 0.014385323, 0.0024960844, 4.792232e-05, 0.014477685, -0.0016821405, -0.008266695, 0.012039955, 0.03472998, -0.002035323, -0.005228902, -0.018705998, 0.0047376365, -0.011112882, 0.00455605, 0.0073103094, 0.02596462, -0.020556325, -0.011290518, -0.0019305698, 0.012735648, 0.014630599, 0.009025471, -0.008144126, 0.0014383594, 0.008098108, 0.012680253, -0.023811795, -0.007695719, 0.018177243, 0.0012197888, 0.006676619, -0.026854854, -0.0075086947, -0.004203134, 0.01894427, -0.0011834716, 0.008866497, -0.005087557, -0.023712013, -0.009254393, -0.0044016354, 0.00895291, 0.0013472785, -0.014093974, 0.0110426275, 0.006527956, 0.027648645, 0.000116985495, 0.009894054, 0.0032597668, 0.0014037511, 0.023456672, -0.0016789492, -0.010807263, 0.008067429, 0.019276017, -0.013769817, 0.019767541, -0.0022712979, -0.003536519, -0.006364517, 0.00034153648, -0.00059458625, -0.000628619, 0.003176006, 0.019535728, -0.0039882883, -0.000542386, -0.024312912, 0.011538495, -0.005511294, -0.015789825, -0.013763588, -0.0023182135, -0.024352986, -0.0001822308, -0.01274475, -0.019821564, -0.0026943157, -0.022470403, -0.011888344, -0.030701654, 0.013174405, 0.0012960881, -0.015867773, 0.02891536, 0.00064767286, 0.023401733, -0.0064994977, -0.00040123437, 0.01902316, -0.012136505, -0.012017392, -0.010086609, -0.024815118, -0.0056865495, 0.0005624953, 0.0042302487, -0.014591883, 0.0014086782, -0.02855338, 0.019117048, 0.0037730501, 0.017818296, 0.009172503, -0.0099745905, 0.010026947, -0.0006922607, 0.009451563, 0.0036876663, -0.017385507, 0.0039276984, 0.0027475904, -0.003960271, 0.005223884, -0.029062903, -0.035914946, -0.0117485495, 0.015345062, 0.007194863, -0.016489526, 0.00077795534, -0.020053457, 0.015780104, 0.0074441684, -0.011518899, -0.002086807, -0.011206571, -0.0035190901, -0.009737748, -0.0070123863, 0.016898528, 0.0048277085, -0.010525128, 0.028793704, 0.0003561175, 0.014176308, 0.0073647713, 0.016388828, -0.0021325084, -0.00047174687, -0.0017096021, -0.0014608168, -0.013788913, -0.0072499486, 0.01456769, -0.018883249, -0.0010249182, -0.002595252, -0.012081783, -0.00352999, 0.01863977, 0.026226811, -0.013112472, 0.02324906, -0.013903699, 0.009118169, 0.009683843, 0.0068311146, 0.016300706, -0.021885972, -0.0044596912, -0.013824767, 0.007439209, -0.011296973, 0.0028545917, -0.011478612, 0.006756345, -0.013032676, -0.009694052, 0.033350933, -0.0131635405, 0.023218827, 0.027326768, -0.014385135, 0.0019409847, 0.0041407575, -0.013477465, 0.0037478767, 0.017294075, -0.0028971387, -0.0015067619, -0.030359644, 0.010408243, 0.01944597, 0.011826336, 0.00863576, 0.001751278, -0.024495872, 0.0021243796, -0.006770071, -0.01718551, -0.0011701462, -0.020570084, 0.012503629, 0.008048749, 0.008733237, -0.014151242, 0.00050501816, 0.012882582, -0.017938169, -0.011916808, 0.0039065704, -0.01733441, 0.0072174687, 0.004012768, -0.008514044, 0.03744308, -0.009788437, 0.002425968, -0.010198596, -0.020912942, 0.0033562041, 0.014809931, -0.0010970304, 0.009415246, -0.017378336, 0.009718664, 0.051901147, -0.03296223, -0.007334066, 0.006453028, -0.0045756726, 0.01702927, -0.014053179, 0.012117201, 0.0066834483, 0.008385425, 0.018372027, -0.009857223, -0.026005162, 0.0040281205, -0.0047322414, -0.008657236, 0.0038634827, -0.012866719, -0.009951138, -0.0052961335, -0.0015029749, 0.0071869064, -0.011594964, -0.0035152528, -0.00962598, 0.0008235004, -0.024555463, 0.021532493, 0.0034926122, 0.012251844, -0.0054928567, 0.01132027, -0.0042771334, 0.0077258865, -0.010131245, -0.009886273, 0.010960299, 0.011606593, 0.01781354, -0.003049479, -0.024285521, 0.004035341, -0.008042082, 0.023302834, 0.030367266, -0.0053277956, -0.013123676, 0.045456324, 0.031798456, 0.009205171, -0.008197798, -0.0023627738, 0.0052240673, 0.010017321, -0.0008682434, -0.011318558, 0.008030231, 0.020261627, -0.00064055476, 0.028451914, -0.023268884, -0.0140130585, 0.017210362, 0.0012475364, -0.013510824, -0.010363313, -0.0077067586, 0.0148075605, 0.016010517, -0.0131650055, 0.011580633, -0.007814755, -0.01771868, -0.006027432, -0.007959421, 0.16772088, 0.121153064, -0.023049131, 0.0039865477, 0.013568607, -0.005549959, -0.0044665732, -0.00453626, -0.009045559, 0.001715339, -0.004235248, 0.00845603, 0.019838223, -0.004221322, 0.0037407812, 0.0141443815, -0.0034328431, -0.0029555645, 0.0012331378, 0.0025534525, -0.0063753435, 0.015094631, -0.020802103, 0.0067014364, 0.008649133, 0.00088669476, -0.007982955, 0.01937712, 0.0031055054, -0.004338393, -0.016934318, 0.0011846281, -0.018957455, -0.014748921, 0.017384652, 0.0074811294, -0.019323803, 0.002163141, 0.0037295995, -0.0007141434, -0.0073362305, -0.0159992, -0.00183551, -0.007838731, -0.0018301115, 0.0026671414, 0.014126391, 0.0012311224, -0.018427717, 0.03520707, -0.005351322, -0.0004910413, 0.0008916371, 0.010973479, -0.005454182, -0.0057622734, 0.0070631965, 0.0060032597, 0.00027602407, 0.0039777835, 0.0030552354, -0.008436921, -0.021427782, -0.00106377, -0.018011488, 0.017181339, 0.00392917, -0.0061476827, -0.009880488, -0.020656444, -0.002948778, 0.010779575, 0.004553386, -0.0026343046, -0.013967825, 0.0053476347, -0.0034874803, -0.008724841, -0.012261275, -0.017307425, 0.013119485, 0.016942393, 0.008096879, -0.010379109, -0.005116247, 0.0021950076, 0.0021182806, -0.0054469486, 0.101658925, 0.010193784, -0.004185188, -0.010066706, 0.013462351, 0.022679945, 0.0091729695, 0.06632635, 0.009888197, -0.012668575, -0.013933188, -0.0010616601, -0.001802269, -0.013898326, 0.0002406397, -0.003386584, 0.010503337, 0.0621307, 0.013673858, -0.0035214175, -0.016785322, -0.013051882, 0.0140132215, 0.002979598, 0.008903055, 0.01077977, 0.00026968413, 0.011872367, 0.004289091, -0.013249582, -0.091305025, 0.0050998954, -0.014153291, -0.010130874, 0.0025767363, 0.033601485, -0.025313584, -0.01161384, -0.0068850834, -0.021345222, -0.0046748556, 0.029347295, -0.003325418, -0.002889152, -0.0011689166, 0.02119476, 0.0024272613, -0.027790392, 0.00222674, 0.002432251, 0.007256109, 0.005410824, -0.011840775, 0.024346009, 0.012547493, 0.012474385, -0.020550033, 0.01465671, -0.015076347, 0.014928751, -0.0060734064, 0.018958818, -0.014417392, 0.0064797243, -0.008824067, 0.00040493612, 0.013279093, 0.017198648, -0.0005863952, -0.01379726, -0.0069746496, -0.003461433, -0.019150957, -0.032334287, 0.025386326, -0.0018047206, -0.009652897, -0.020868639, 0.0009547798, -0.002325392, 0.008287068, -0.00061315054, 0.018463487, -0.0071967067, 0.014173718, -0.0013857535, 0.013948919, -0.025704289, 0.008564745, 0.02404426, 0.0043769064, 0.013719764, -0.0054308437, -0.014943019, 0.00071340107, -0.010892679, 0.016010264, -0.0010594582, -0.01083912, 0.0027203278, -0.032463178, 0.016263435, 0.011323908, -0.007266612, 0.008975826, -0.0051809545, -0.009697468, 0.013317738, -0.022903422, 0.024461452, 0.026456978, -0.014967569, 0.00072761445, 0.108589344, 0.01259424, -0.0025617986, -0.0070893196, 0.009354785, -0.0083312, -0.007825544, -0.03350793, 0.0008513477, 0.005995274, -0.008252593, 0.0045599462, 0.008289104, -0.005289342, 0.007600517, 0.001384208, -0.012098056, 0.005514009, 6.4605854e-05, -0.00789546, 0.03055575, 0.0007048805, 0.02291377, -0.007813896, -0.011687329, -0.0053884196, -0.0076546376, -0.005954223, -0.010482334, -0.011674783, -0.010165364, -0.012439938, 0.00036378836, 0.0029546332, 0.024772152, -0.0032275908, 0.01836948, -0.0074968752, 0.0122447, 0.017469492, -0.0067380043, -0.00659623, 0.015717756, 0.01805511, -0.036735, 0.1908824, 0.008007725, -0.0097065875, -0.006570802, -0.017384304, 0.0008109952, 0.007247011, 0.024038665, -0.026849559, -0.00080443657, 0.034282945, 0.007996781, -0.011589703, 0.004011549, 0.002709538, 0.007849367, -0.011398368, 0.018641988, -0.035852466, 0.0010121152, -0.0073518595, 0.01399468, -0.010171202, 0.008491028, 0.017478058, -0.009610275, 0.029196396, -0.006128047, 0.002679704, 0.0053072115, -0.0027377459, -0.010925109, 0.020973127, -0.02415081, -0.013544944, 0.009350188, 0.007655992, -0.0016880435, 0.0029286298, -0.00871578, 0.0008633172, 0.01026725, -0.02533295, -0.0029335758, -0.0159423, -0.035727445, -0.021328399, 0.00894735, 0.0014987476, -0.013487156, -0.012565442, -0.014336269, -0.010447883, -0.010197316, 0.009836893, 0.00820855, -0.0015256689, -0.0060242163, -0.0035224054, -0.0043168887, -0.003220055, 0.0033438844, -0.012729579, -0.008842743, 0.0038700856, -0.01306583, -0.0018641409]"
Denuncia Oaxaca nuevo plagio cultural; SHEIN replica bordados del Istmo de Tehuantepec,https://oem.com.mx/elsoldemexico/img/25459098/1756404749/BASE_LANDSCAPE/1200/image.webp,Oaxaca,no descripcion,https://oem.com.mx/elsoldemexico/mexico/denuncia-oaxaca-nuevo-plagio-cultural-shein-replica-bordados-del-istmo-de-tehuantepec-25458802,"[-0.025514768, 0.007378537, -0.010719735, -0.088616215, -0.035345376, 0.012545509, 0.0050909407, 0.006290251, -0.02218531, 0.011429492, 0.01150152, 0.019316657, -0.0018524118, -0.0060424767, 0.14778523, 0.028353393, -0.0026595697, -0.010874918, -0.022871708, -0.00017620502, -0.0013786999, -0.018650983, -0.023754276, -0.024370998, 0.022649135, -0.002347428, -0.023092588, -0.016446779, 0.016369035, -0.0032648635, -0.0003202175, 0.012105497, 0.018911798, -0.028529247, 0.0054481686, -0.012182378, -0.0010256388, -0.0021265429, -0.009322252, 0.01934336, -0.0044214735, -0.01576742, -0.026110616, 0.010657637, -0.0056179455, -0.0030788172, 0.010603344, -0.049795236, 0.0031049466, -0.004267916, 0.006886582, -0.010674107, -0.030905928, -0.1754058, -0.011512069, 0.017375795, -0.013948448, -0.002932652, 0.003874506, -0.03490264, -0.030687243, -0.0016199738, 0.0020308914, -0.03262242, -0.002106641, -0.022838315, 0.009184548, 0.02072668, -0.008815666, 0.010111927, -0.020475337, -0.013529222, 0.004916534, 0.018919941, -0.0032521393, 0.011000839, -0.025550155, 0.028421544, -0.0033350515, 0.0068515567, 0.0017948671, -0.0058208485, -0.0028187062, -0.010944287, -0.004397986, -0.0066976384, -0.0027671242, -0.0111194365, 0.0093603395, 0.039532535, -0.033487637, 0.008943714, 0.006018687, 0.028405348, 0.0023033912, 0.0072590727, -0.018030979, -0.024268067, 0.03796079, -0.014953198, -0.009947046, -0.0029614628, 0.02361172, -0.0012858969, 0.0148004405, -0.019983502, -2.1756516e-05, -0.025543027, -0.0028079276, 0.023975868, 0.0038950206, 0.001230721, -0.013115355, 0.0011675322, 0.005635244, -0.10901825, -0.031174812, -0.00415823, -0.011551957, -0.0055347104, 0.007941668, -0.003039247, 0.005249668, -0.01120239, -0.0009483455, -0.031136358, -0.0061928118, -0.0017394061, -0.0022608996, -0.017725851, 0.011212391, -0.0127463415, 0.029276913, 0.0040181032, 0.00685838, 0.0053533334, 0.014296296, 0.0005764441, -0.016639462, -0.0026235036, -0.0041088797, 0.029958524, 0.00722209, -0.011993944, -0.0066322926, 0.012541792, 0.01083665, 0.018800538, -0.015955579, -0.011611767, 0.010898953, -0.01375167, -0.013836503, 0.023855578, -0.0085423505, -0.038126726, 0.0053025475, -0.00069402426, 0.006001923, 0.023273015, 0.012825602, 0.0032623964, 0.0013330864, -0.017301008, -0.028804075, 0.029767347, 0.01764299, -0.0017317341, 0.006777667, 0.014133117, 0.007136209, -0.0010299048, -0.0062393234, -0.00046548768, -0.01138725, 0.02059452, -0.029176883, 0.033297807, -0.029849093, 0.016860737, -0.005320133, 0.0057841484, -0.008353726, -0.0016357523, 0.017914634, -0.04896335, 0.01403244, -0.0047843386, 0.0020634853, 0.015178257, -0.027733076, -0.007912942, 0.028419435, -0.020879135, 0.001191653, 0.020969478, -0.012730867, -0.005113894, 0.018910252, 0.005145053, 0.035468686, 0.009044851, 0.001651091, 0.0001482151, 0.019421624, -0.011005292, -0.058975372, -0.015830839, 0.014651574, 0.022081075, -0.0031605426, 0.010093612, 0.007905546, -0.013997932, 0.003851962, -0.014149809, 0.02822181, -0.0056653875, -0.019802613, 0.0010678439, -0.0018276264, -0.014185999, 0.012618171, 0.003978551, -0.0073865643, 0.020856496, -0.032380298, 0.009668813, -0.014884348, 0.008472509, -0.0075361403, 0.02739327, 0.010162715, -0.0010839513, 0.006596492, 0.0087842345, -0.01091486, -0.018200492, -0.011552887, 0.02886046, -0.005795444, -0.010618097, 0.010208494, 0.006117865, 0.0205688, 0.031057453, -0.009007988, -0.008877436, -0.0005262699, 0.012334287, 0.00094801676, 0.0185771, 0.0007338238, 0.027000533, -0.036542445, -0.014011215, -0.0005764514, 0.024873044, 0.010057153, -0.033907607, -0.010761347, 0.007882644, -0.010999577, -0.0010566458, -0.0015312487, -0.008518643, 0.010862392, 0.014830012, -0.019982442, 0.018752933, -0.003820796, 0.008133675, 0.0046880958, -0.010689544, 0.00534768, 0.015766377, -0.056043994, 0.022800606, 0.0055232686, -0.02565881, 0.023521043, 0.0007310806, -0.008513427, -0.014909626, 0.010417182, 0.0031822394, 0.0007948714, -0.021372344, 0.0034361512, -0.022764457, -0.0018311589, 0.01407044, -0.0014341436, 0.0013387646, 0.02654003, 0.002605622, 0.010124122, 0.004027091, -0.01402509, -0.0045992783, 0.019724684, -0.016773839, 0.019648481, 0.03632235, -0.0006862859, 0.014196171, -0.010498993, -0.02143605, -0.024078583, 0.014505311, -0.00081286643, -0.013885055, -0.0057623046, -0.021955699, -0.006101455, 0.0016237916, 0.008994651, -0.012093488, 0.009413612, 0.038417395, -0.025462737, -0.00715999, 0.010069509, -0.015271474, 0.012655567, 0.032667197, -0.023837563, -0.028415851, 0.0051250206, 0.008866323, -0.0021260907, 0.018679593, 0.0029279902, -0.009000684, -0.029959895, 0.029673425, -0.02338844, 0.024054656, 0.004455736, 0.0020628837, -0.018011935, 0.007374734, -0.015304389, -0.018964024, -0.047073055, 0.041842863, -0.009302256, -0.043279152, 0.0020382071, -0.013484663, 0.01217483, -0.015330322, 0.010732444, 0.004924414, -0.02728575, -0.005347813, -0.032415234, -0.003560775, 0.010651421, 0.023670278, 0.019886347, 0.0031515055, -0.0042583104, 0.006459667, 0.0069144988, -0.015490164, -0.01800627, 0.0076442985, -0.027359933, 0.0036317222, 0.0040937318, 0.0023220363, -0.008756016, 0.0127939945, -0.009183417, 0.002349814, -0.02223965, -0.006473557, -0.020895356, -0.009492225, 0.004344866, -0.050377253, 0.034155466, 0.02303541, 0.019903323, -0.011583558, -0.020061698, -0.001572438, 0.018985579, -0.0019510806, 0.013791588, 0.02802457, -0.008135853, 0.013087455, -0.028050289, 0.015020043, -0.03163642, -0.02611081, 0.015600211, -0.020244123, -0.017845448, -0.01470654, -0.0044064517, -0.018031418, 0.020214414, 0.022336401, -0.042940084, -0.024543175, -0.006216524, 0.01923128, 0.015912239, -0.0018317453, 0.020810185, 0.024333537, 0.03403021, -0.0038334362, -0.023584034, 0.012353717, -0.006560204, 0.016966604, -0.003327825, 0.009096788, -0.0020777558, -0.013073164, 0.006261432, 0.0023427003, 0.0028401837, -0.013304233, 0.0017262796, -0.0042633833, -0.027469212, 0.016597321, -0.0054161525, 0.0086117275, -0.024228266, 0.0044910307, -0.035633937, 0.011765748, -0.021645669, 0.0062325923, 0.021446545, 0.014086512, 0.036818076, 0.01346075, 0.02413965, 0.017028823, -0.026463905, -0.01762691, -0.0040297047, 0.0060951635, 0.020295134, 0.0034315402, 0.020191072, -0.015509742, 0.0027851902, -0.001082753, 0.016846694, -0.008232241, -0.008026195, -0.009709149, 0.0107170725, -0.0029383579, 0.010917196, 0.01523399, -0.028766727, -0.0027169927, 0.013506925, -0.010582599, -0.04517592, 0.031293888, -0.015783763, -0.0054194615, -0.0068957265, 0.026514025, -0.015575237, 0.026891174, -0.008045118, 0.015756942, -0.009924683, -0.0049996795, 0.014232034, -0.019579332, -0.012438916, 0.025026513, -0.007998936, 0.030416446, -0.003421093, -0.00072556565, 0.010340729, 0.0001617146, 0.0077708927, 0.01954886, 0.0039022663, -0.023863882, 0.0049064355, -0.035093896, 0.014578893, -0.030402225, -0.032026984, -0.02616437, -0.013676403, 0.0021905527, 0.002941243, -0.0049471892, 0.01775005, 0.0093450695, -0.013333792, 0.013102446, 0.009344955, -0.013089194, -0.04003872, -0.015465587, 0.009417338, 0.009527288, 0.0012934693, 0.0016807246, 0.004560944, 0.0017314914, -0.0030038995, 0.019596767, -0.023290332, -0.024312265, -0.0030766875, -0.012552473, 0.025560606, 0.018062899, 0.0058081592, -0.028592225, 0.029123968, 0.0066020777, -0.008070273, -0.021758033, -0.008059071, -0.0041389493, 0.0061544557, 0.011445794, 0.0054451646, 0.027795168, 0.030056609, -0.026958257, -0.010484499, 0.0038985647, -0.03992335, -0.015300781, 0.011655087, -0.07209193, -0.011449044, -0.008386802, -0.025880426, -0.013248618, -0.0092896605, 0.010263287, -0.021888554, 0.03229828, 0.028607005, 0.011807448, 0.007769158, 0.002202191, 0.005102597, -0.0038778181, -0.0003792953, 0.011686347, 0.017405923, 0.0037414704, -0.0008964133, 0.0076848343, 0.021760825, 0.034040894, -0.018550796, 0.003971595, 0.013983575, -0.014446893, -0.012340072, -0.013836806, 0.038569506, -0.011385538, 0.004700901, 0.03818917, 0.020233568, -0.0047000656, -0.0029611436, -0.014448074, -0.037266932, -0.0034854782, 0.04478808, 0.01612077, 0.007253499, 0.009819981, 0.0020817062, -0.045177247, 0.013722853, -0.036772568, 0.015339123, 0.0032637573, -0.032232724, -0.012292957, -0.00328686, -0.0048734825, -0.004535386, -0.020705367, -0.023774713, -0.011377294, 0.017224418, -0.004988756, 0.02249327, -0.016252648, 0.02770678, 0.013608719, 0.030068789, 0.011052444, -0.011408155, -0.002914056, 0.02654004, 0.030401792, 0.027002092, -0.012043253, -0.02644759, 0.027010756, 0.024706185, 0.0079209525, 0.03889057, 0.015161797, 0.022050114, 0.015939444, -0.024363648, -0.028337771, 0.000968399, -0.093539335, 0.008259537, -0.021191986, 0.01033304, -0.02706799, 0.029118551, 0.03245693, -0.019516392, 0.013128017, 0.0072613605, -0.008438169, 0.019536613, 0.014080012, -0.0147622805, -0.0073271687, 0.035452545, 0.020205297, 0.0058701276, -0.018244617, 0.014095889, -0.00983673, -0.012075784, 0.0272643, 0.0018349945, 0.0049384306, 0.0037299143, 0.014091082, 0.0013201608, 0.003963192, -0.023316488, 0.0077522052, -0.11450829, -0.01674787, 0.042716995, 0.002730368, 0.015197506, -0.0054283165, 0.03693477, -0.012989807, -0.008225954, -0.0015507687, -0.0016420943, -0.016111024, -0.019482484, -0.010254412, 0.026948456, 0.11869357, -0.005797891, 0.015399792, 0.016506432, 0.00455641, 0.025409024, -0.010156279, 0.029749455, -0.010082732, 0.028471984, 0.009125298, 0.0011715709, -0.010817759, -0.010646537, -0.007059178, 0.009705838, 0.00474537, -0.0065234965, 0.0073540187, 0.009957633, -0.0036947215, 0.02286888, 0.020475218, 0.0042203874, 0.0068937833, -0.0015269925, -0.0014941633, -0.008225983, 0.0032567692, 0.024723686, -0.009578431, 0.020022685, -0.010646529, -0.012294001, -0.0012732177, -0.004142205, -0.076515086, 0.01707381, 0.014171302, 0.02609, -0.0083655855, 0.006990107, 0.021471811, -0.006248632, 0.029273732, 0.028223036, -0.00272344, -0.017878218, 0.005830106, -0.01702286, -0.025640847, 0.03728103, -0.01713177, -0.0029984496, 0.007335739, 0.01709755, 0.0060159294, -0.04376861, -0.03034131, -0.0030832072, 0.003947393, -0.017521825, 0.011477178, 0.008906332, -0.006487176, 0.0092792325, 0.008431154, 0.0026833136, 0.038934097, -0.018636573, -0.032893147, 0.00094934506, -0.025599824, -0.0064273174, 0.003616106, -0.006161657, 0.010104986, 0.017236631, -0.023723308, -0.0008855285, -0.008677671, 0.023276677, 0.005666572, -0.027199369, -0.0009431204, -0.0050405893, -0.015182061, -0.020653538, -0.01511682, 0.0050818822, -0.020310454, -0.0013324391, 0.0048639784, 0.00052004866, 0.010490298, -0.007928865, -0.0015674728, 0.018911708, 0.009698784, 0.004763699, 0.023604454, -0.00621828, 0.014796365, -0.003709019, -0.012753434, 0.015003854, -0.00048058055, -0.0128775565, 0.021231167, 0.001290725, -0.002943226, 0.015572842, 0.0016354189, 0.005900468, -0.0421836, 0.020601757, -0.01954408, -0.008414789, -0.0046284306, -0.013340328, 0.011033936, 0.013296945, 0.005359585, -0.0127581535, -0.0074604093, 0.03252067, -0.00077997573, -0.027123632, -0.0022510097, 0.00033224604, -0.0037504083, -0.00447119, -0.0036872085, 0.0040789507, -0.003337262, -0.005007818, -0.008502958, 0.017035266, 0.012152457, 0.008453216, 0.0059286966, -0.005146417, -0.0021094976, -0.0035283458, 0.020994576, -0.002133904, 0.00088348816, -0.008238269, 0.0037232968, 0.009441617, 0.003325406, -0.0024378076, -0.0010698596, 0.011012272, 0.012720877, 0.01309784, -0.0025580798, -0.012275436, -0.0030734236, -0.0037190898, -0.009233276, -0.013696631, -0.017745322, -0.0021140769, 0.0027260412, -0.00063463976, 0.019801514, -0.0017862696, -0.0074102157, 0.012319203, 0.017469734, 0.0027521066, 0.016532805, -0.001141932, -0.014000476, -0.0075502917, -0.03835074, 0.029972265, -0.012431512, 0.004662184, 0.0047362708, -0.009351997, 0.010519188, -0.019685399, -0.00265472, -0.005455477, -0.020172158, -0.016840782, -5.4013275e-05, -0.000893585, -0.0021507817, -0.0026497487, -0.0018861635, 0.017587934, 0.0023708914, 0.0037712473, -0.002090221, 0.012617234, 0.0060926974, -0.014843024, 0.005194841, -0.0026969488, 0.012452474, 0.02435736, 0.0072944784, -0.0004525229, -0.006509359, 0.0019485306, -0.0011339863, 0.0012804262, -0.007522097, -0.000835731, 0.0010844646, -0.008456551, -0.002941409, -0.0011139164, 0.004620558, 0.031887498, 0.011720773, 0.0073379595, 0.0022089302, 0.006003809, -0.00253024, 0.002407623, -0.0001385807, 0.002896894, 0.005088809, -0.0056574647, 0.00561345, 0.010955284, 0.0064180987, 0.0013191674, 0.009959694, -0.01716165, 0.0095377825, -0.016679203, 0.0012220806, 0.006650445, 0.021205634, -0.00070130057, -0.0016159937, -0.012812673, 0.004930572, 0.02338524, -0.0063622314, -0.003931302, -0.010692114, 0.016452886, -0.009774089, 0.0091093695, -0.009778737, -0.009140254, -0.0041489527, 0.0072049173, 0.0027804018, -0.0074047423, -0.004045819, 0.008072036, 0.00075379835, -0.0064704996, -0.026505029, -0.009673555, 0.0005834181, -0.004490167, 0.0046281484, -0.009563783, -0.00069554284, -0.0075015337, 0.011861978, -0.0024363284, -0.006586249, 0.0067307767, -0.0023878277, -0.0036680982, -0.023478067, 0.0103338985, 0.0035297682, 0.01790399, -0.0032714852, -0.007661035, 0.010490394, 0.0038583004, -0.009905883, 0.009056899, 0.008435044, -0.014596558, -0.00021704909, -0.0009683346, -0.025924264, 0.019640265, 0.00026955822, 0.0014879265, -0.0025332274, 0.004318309, 0.010132061, 0.081397764, -0.00034756673, 0.018939462, 0.016498556, 0.0034593984, 0.017062368, 0.0063142073, -0.0121462215, -0.009115617, 0.022588048, 0.0041937353, -0.01812898, -0.002921414, -0.014106072, 0.0033320475, -0.004546688, -0.010727769, 0.0073035858, -0.004167137, 0.019139081, -0.002955057, -0.004098514, 0.004479995, 0.0028266464, 0.010488299, -0.006109164, -0.004477865, -0.017442545, 0.00032061883, -0.011680075, -0.011994083, 0.034532383, 0.0054004444, 0.017211065, -0.018962117, -0.010528044, -0.0135870855, 0.008623404, 0.014963613, 0.01589078, -0.011983212, -0.01471086, -0.006756272, -0.0048172297, -0.0020616972, 0.0041736234, 0.0031100882, -0.00969398, 0.0014418134, 0.010522405, 0.014564637, 0.009253592, 0.0028030379, -0.01384095, 0.008769777, 0.0033074394, 0.014221774, -0.010973621, 0.016238874, 0.004134825, 0.004406548, -0.00093207695, 0.0070145447, -0.001582429, 0.009033248, -0.0050186682, 0.0013770201, -0.032695968, -0.0025255864, 0.008489674, -0.004887074, 0.008460203, 0.01933428, -0.02030678, 0.009983224, -0.0043105944, -0.0058708275, -0.01550141, 0.0076615075, 0.00094780384, 0.0054775593, -0.030223502, -0.01931499, -0.009063076, -0.003235136, -0.003344894, -0.009021803, 0.007423758, 0.031834006, -0.004173939, -0.013222776, -0.020164087, 0.0069982344, 0.00011559543, 0.016217753, -0.006823078, 0.06123327, 0.022120781, -0.010930569, 0.00018770125, 0.012900869, -0.0017782596, -0.008496099, -0.018049322, 0.0045607416, -0.0120616965, 0.0004884949, -0.014041232, -0.0016086089, -0.0057406374, 0.013382758, 0.0012618793, -0.009961649, 0.0026109654, -0.0039056258, -0.010687448, -0.0124930665, 0.01038708, -0.0027222221, 0.018175716, 0.014102228, 0.005708253, -0.0005140929, -0.0065574325, -0.016525935, 0.0056880014, 0.000735468, -0.01363678, 0.0047937036, -0.002806106, -0.009725524, -0.015419768, -0.017977465, 0.005289364, -0.011760806, 0.0026795594, 0.0120624, 0.010239957, 0.0038997883, 0.002062856, 0.0055866847, 0.00054221565, -0.011785691, 0.025972288, 0.021590114, 0.009166572, 0.0025749386, -0.0013349782, 0.00056873274, 0.011614091, 0.0138039645, -0.015852703, -0.00046222957, 0.0017431809, -0.013874104, 0.007137264, 0.017735492, 0.019634528, -0.015134756, -0.0015697969, -0.007093125, 0.01282517, -0.014028288, -0.014239346, -0.006194557, 0.0064939316, -0.009100599, 0.0026463426, -0.002686631, 0.003394026, 0.014838458, 0.0022748655, 0.0018815995, 0.0028484296, -0.0007476934, 0.0022594035, 0.0058917915, 0.007927091, 0.011312128, 0.016955102, 0.00849653, -0.0052876887, 0.0011282068, -0.00992275, -0.0030914643, -0.009512612, 0.015182137, -0.016664106, 0.0024182387, -0.02050802, 0.008697265, -0.009639589, 0.0021258944, -0.0019659516, -0.011299253, 0.002452976, 0.006243073, 0.012833875, -0.01467375, 0.007718513, -0.012319698, -0.026721286, 0.009762337, -0.010083316, -0.01611127, -0.008490099, -0.0023692437, -0.011209058, 0.003991626, 0.0010211046, 0.008279549, -0.018080225, 0.00994334, -0.0031759674, -0.011934293, -0.013762599, -0.001699213, -0.0014326609, -0.01682169, -0.030227538, -0.0031105997, 0.011935442, -0.009623568, 0.00037967105, 0.00289263, 0.0024754824, -0.0045493534, 0.0010137261, 0.0012540411, -0.0145199215, 0.0027785955, 0.018963175, -0.01515519, -0.003981482, 0.0087880865, 0.010821059, -0.0143946465, 8.297971e-05, 0.0076593505, 0.0038456507, -0.015047932, -0.012324948, 0.0028807896, 0.0039396184, 0.008283852, -0.007780602, -0.018616304, -0.01854743, -0.0057543768, 0.00032513536, -0.00926451, 0.008651836, -0.009692469, 0.008216347, 0.006789253, 0.0036535335, -0.013349335, -0.034354195, -0.010626374, -0.008416047, 0.017345423, -0.0033572058, -0.0023423037, -0.010319907, 0.003539928, -0.0068672244, 0.023096757, -0.008732942, 0.003977576, 0.010202881, -0.0060720714, 0.0055182767, 0.0022343812, -0.0035217681, 0.0023267914, 0.0040255706, 0.0039475495, 0.0014368383, 0.017252268, 0.015393486, 0.007520048, 0.021356896, 0.0014906568, -0.0044141137, -0.008293017, 0.0022436315, -0.0021720966, -0.0010266085, 0.009108732, 0.012310639, 0.011603852, -0.0025319401, 0.006160238, 0.008235769, -0.016038079, -0.0028843884, 0.007729394, -0.004590128, -0.009646028, -0.005835475, -0.0005065135, 0.0010390945, -0.016427118, -0.0070263343, 0.008373776, 0.00038043497, -0.018511064, 0.0039338055, -0.0070324605, -0.01932498, 0.020066861, 0.0024714395, -0.02127254, 0.0077811205, -0.0061337226, -0.0050916113, -0.01835262, 0.00042462556, 0.016918732, 0.003981787, -0.0033470474, 0.0034532824, -0.016937148, -0.0034367556, -0.0015045335, -0.00011002051, -0.013109881, -0.0034073014, 0.015879463, -0.0043930113, -0.009360746, -0.00031254094, -0.0153154945, 0.011295995, 0.012353141, 0.00046730918, -0.0066504227, 0.00409834, -0.014748574, -0.017115515, -0.015798343, -0.0046847295, -0.005907804, -0.004426739, -0.016698664, -0.012250255, -0.004115074, -0.0006232912, 0.00018805866, -0.0063021737, -0.010983026, 0.0027516389, 0.0116382735, -0.0067005428, 0.012585862, 0.018897776, 0.0034360788, 0.006049632, -0.0028091308, -0.0048477435, 0.008999838, -0.020127792, 0.01825671, 0.020401906, -0.00048174875, 0.015955199, -0.006818638, -0.0064242054, -0.004821407, 0.009880698, 0.01100468, -0.00871857, -0.018609714, -0.0018923691, -0.0006187652, -0.013438329, -0.0044797775, -0.028277641, 0.01079126, 0.0047956854, 0.013825352, -0.007981546, 0.0035756105, -0.003711913, -0.0069368803, -0.0019081794, -0.0034530899, -0.001158046, -0.015492646, 0.02404718, 0.00013356307, -0.00040403075, 0.009490412, -0.002303181, -0.013677148, -0.0041215536, -0.004506385, 0.02351636, -0.007338364, 0.0030214442, -0.002993922, -0.001409168, 0.005588863, 0.0026661311, 0.008418186, 0.0017541038, -0.0012333697, -0.01566521, 0.013356602, 0.020612702, 0.01708348, 0.015397318, 0.0006045232, -0.0016449005, 0.013870073, -0.00037709624, -0.0062335576, -0.016042825, -0.0030529152, -0.0021788145, -0.010945509, 0.010300698, -0.0009275679, -0.006882736, -0.010733849, -0.0032654384, 0.00024254453, -0.008296953, 0.008722991, -0.007101605, 0.021162378, -0.008881815, 0.014721791, -0.009965804, -0.013239768, 0.00035288016, -0.006036982, -0.011103687, 0.0053163026, 0.008525607, -0.002098618, 0.008733942, -0.0019933493, 0.006772362, -0.0015133056, 0.014041231, 0.012609535, 0.010154779, 0.0070257536, 0.0046402644, 0.004250413, -0.00661621, 0.0008922978, -0.008061091, 0.0021465595, 0.0040059737, 0.0051941946, -0.0025096312, 0.0070162215, -0.0047590835, 0.0015629719, -0.010975309, -0.07564311, 0.0054205735, 0.016958289, 0.010217212, 0.015606227, -0.020095252, -0.0063982224, -0.030273737, -0.022108985, -0.002372508, -0.005943604, 0.008964056, 0.0005037238, -0.00036150948, -0.0092767, -0.017927835, -0.0012532254, -0.00094128423, 0.0066871704, -0.015727485, -0.010805716, -0.003063897, -0.007460523, -0.0033726636, 3.3332646e-05, 0.005306058, 0.013593721, 0.013080877, 0.012163317, 0.001939025, -0.0005011563, 0.02968343, 0.007561301, 0.008686964, 0.018982869, -0.002823913, -0.00022177977, 0.006180066, -0.14048232, 0.013615043, -0.00670964, -0.01512159, -0.02108843, 0.0019889898, 0.014914065, 0.0029251357, -0.009804287, 0.008205965, 0.0076138093, 0.007757445, -0.0067499676, -5.1053255e-05, 0.0041581173, -0.012129915, -0.02042777, 0.016349513, -0.0063118413, -0.002201673, 0.0056826435, -0.007276317, 0.014899814, 0.010483593, -0.008527238, 0.0031367978, -0.004973661, -0.0072143325, 6.195071e-05, 0.0028985087, 0.002973799, -0.027928153, -0.008378546, 0.021700904, -0.00020325542, -0.0018924561, -0.010544553, 0.0024399278, -0.01732331, -0.009321128, 0.003319311, -0.0034734823, 0.010449693, -0.0030104143, 0.003965315, -0.0028903012, -0.0070730397, -0.0046062036, 0.016889034, 0.026980694, 0.00717548, -0.009063422, -0.0022255764, -0.009029479, 0.008861115, -0.008793119, 0.002205233, -0.0019010459, -0.022065459, 0.01726959, -0.009873, 0.020257298, 0.023213604, -0.016785862, 0.00999505, -0.0065811593, -0.0021102866, 0.0040455214, 0.0012127357, 0.016844584, 0.010591401, 0.002775494, -0.012866285, -0.023017986, 0.0054101334, 0.0030040913, 0.014806977, 0.018184455, 0.013758659, -0.002195746, 0.0151360845, 0.00068971765, -0.03488218, 0.005003468, 0.008737208, -0.019700749, 0.013773738, -0.0028405061, -0.0007206145, -0.044890087, -0.01669849, 0.0018675433, -0.013250796, -0.018527683, -0.013505235, -0.0070255892, -0.0029910654, 0.02196056, 0.0059636035, 0.0030105524, -0.01086612, 0.009073428, 0.017459774, 0.00240923, 0.0031247025, 0.004512195, -0.019358851, -0.03195381, 0.012847682, -0.011169463, -0.014533808, -0.010113318, 0.018285073, -0.026397686, -0.014083612, -0.011817445, 0.0035618069, 0.007458544, 0.0004900343, 0.013677379, 0.015555902, -0.011512031, 0.0038468614, -0.009861425, 0.006460316, -0.0022351798, 0.029850349, 0.015190894, 0.009602981, 0.0076190084, 0.0021556392, -0.022820393, 0.0039910376, 0.017544268, 0.015165696, -0.0017180841, 0.012773233, 0.00033951976, 0.0046541546, 0.0035534243, 0.0011563583, -0.000876529, -0.005651721, 0.016339876, -0.007542383, 0.01195675, -0.0042987955, -0.013931306, -0.012603364, 0.007266193, 0.008046534, 0.007492082, 0.0020988423, -0.005777346, -0.0065336344, 0.003964614, 0.00087661936, 0.009947445, 0.010739515, 0.0081063, -0.0028320686, -0.0052655535, 0.022182822, 0.014975208, -0.0037421882, -0.00639844, -0.007958112, 0.004745016, 0.004825092, -0.006157243, 0.0056551765, 0.007689463, 0.014219733, -0.011809207, -0.020220103, -0.013233982, -0.00443456, -0.007845548, 0.04124182, 0.00885666, -0.015129341, 0.0012965817, -0.0009257625, -0.006375035, 0.004995131, -0.0067480193, -0.005167287, -0.004099597, 0.007497317, 0.033139065, -0.00921853, 0.0021193195, -0.026118293, -0.0017499335, -0.0062873345, 0.002747752, -0.010906811, -0.01746378, 0.0013579555, 0.0078023677, 0.0009752913, 0.0057202377, 0.0010248176, -0.1808539, -0.028827228, -0.00040328404, 0.0113904225, 0.005765374, 0.012367827, -0.017149556, 0.020852903, 0.015495555, -0.0111429915, 0.016889771, 0.014830452, -0.012147565, -0.024205625, -0.00051962154, 0.0043331645, 0.003817902, 0.002021687, -0.00076888956, -0.0014099465, -0.018134926, 0.016366687, 0.008436896, 0.030729761, 0.014858822, -0.0055842493, 0.006266641, 0.012140583, 0.0006615637, 0.013450294, 0.011648946, 0.008145305, -0.0013041768, -0.013407542, -0.0031217774, 0.015857793, 0.0023949232, -0.0066265278, 0.008430615, -0.006125234, -0.013578356, -0.004097556, -0.0016079812, -0.003231664, 0.0011920203, -0.012921924, -0.012330068, 0.001217577, -0.010984599, 0.009324699, -0.0045796945, -0.010613874, 0.013467401, -0.006001622, 0.0361685, -0.022311071, 0.011030982, 0.0066052387, 0.01929919, -0.007816005, 0.0088809775, 0.0052846815, 0.002733773, 0.021475349, -0.0005942135, -0.0015983982, 0.005104762, 0.12872718, -0.012312918, 0.017778367, -0.0022631418, -0.01888607, 0.03578925, 0.0078093247, -0.010604715, -0.002044585, 0.0049055004, 0.012942489, -0.008989303, -0.0003374781, 0.0014335616, 0.0021514695, 0.028989628, -0.011691749, 0.018719826, -0.005673618, -0.0052036117, -0.017971313, -0.02219074, -0.0011547188, -0.0050995415, 0.026049532, -0.004531918, 0.006717985, 0.015774276, 0.007130856, 0.0052632964, 0.012341906, -0.022720618, 0.004251677, -0.017610667, 0.009700234, -0.0133321285, 0.0020725215, 0.0035991257, -0.00758952, 0.005226761, 0.021034895, 0.004790025, -0.017583732, -0.015549412, 0.0033014521, 0.00957086, 0.018825967, 0.0073163346, 0.0007538777, -0.0017887463, -0.03006185, -0.008369991, -0.020523706, -0.024793835, 0.01497574, -0.023038888, -0.008994166, -0.008658751, 0.008892048, 0.012389345, 0.023666378, -0.029709786, 0.007323896, 0.030826913, -0.0064822943, -0.019061957, -0.017812127, -0.014976378, -0.025323883, -0.10959085, 0.0074089654, -0.017312076, -0.011148739, 0.0013274557, -0.006212931, -0.0011158038, 0.0035026975, 0.009473745, -0.0017493056, -0.010541325, 0.013742744, 0.0022696739, -0.0023943326, -0.0016389749, 0.0024503332, 0.005854349, 0.032878377, 0.037545823, 0.0069305906, -0.00831453, 0.005315922, 0.03893045, -0.02617913, -0.00061400206, 0.0137216635, -0.017977336, 0.002228272, -0.00039225363, 0.01882521, 0.021028295, 0.0056958133, 0.024791488, 0.028309299, -0.014999778, 0.029210305, -0.00088917767, -0.012189964, -0.018885365, -0.023126643, -0.0021492364, -0.008420779, 0.010405816, -0.018459946, 0.00324214, 0.0030202144, -0.007919217, 0.014543077, -0.02322605, -0.015567988, -0.010545034, 0.016083624, 0.02534052, 0.00880047, -0.028849188, 0.03528988, 0.00018992304, -0.007690378, -0.01215899, 0.0067895716, -0.01866358, 0.011646016, -0.019985998, -0.0058598015, -0.02939039, -0.0033125824, 0.002152589, -0.011581439, 0.021580627, -0.0029979416, 0.006341435, -0.0025761854, 0.029595612, 0.023744758, -0.029867694, -0.020219123, 0.015584941, 0.011418988, -0.020329885, 0.011812269, -0.016440136, 0.0033004584, -0.0033194546, 0.0008677214, -0.0011573469, -0.014531699, -0.004761808, 0.0007600552, -0.007233645, -0.0077135577, -0.0057418095, 0.009332664, 0.0012837421, -0.001406967, 0.010309262, 0.009997654, 0.01563596, -0.025616527, 0.012962764, -0.005955198, 0.0023425322, -0.0021641054, -0.019950848, 0.018545838, 0.009728647, -0.01601887, -0.009535815, -0.01262845, -0.025227178, 0.012697764, 0.005609222, -0.0035664265, -0.029371206, -0.023323298, -0.0008840508, -0.0031005314, 0.0027571071, 0.013798149, -0.00047236987, -0.002009456, -0.0058290404, -0.015386187, 0.01169897, -0.015596331, 0.0049912203, 0.001911886, 0.016139837, -0.009646399, 0.0040973597, 0.0046504345, 0.012663054, 0.012029287, 0.0018236424, 0.0011197325, -0.000384983, -0.0056269895, 0.03010764, 0.011274517, 0.0033368927, 0.028540425, -0.008070485, -0.0097107785, -0.008612674, -0.025844116, -0.011132098, 0.008734833, -0.005255673, -0.009164235, 0.006597626, 0.0016633744, 0.0039988384, 0.015065483, -0.006000426, 0.0018785425, 0.003880643, 0.00903295, -0.0016526212, -0.004881888, -0.0048550246, 0.0016351335, -0.029847378, 0.0017311195, 0.0057665836, -0.016275184, 0.009921736, -0.007487871, -0.016057119, -0.00942103, 0.0039291265, -0.027646901, -0.012583038, -0.025053576, 0.008004533, -0.0037305392, 0.009323275, 0.010172316, -0.0029767298, 0.006552607, -0.027251951, -0.06299806, 0.03713032, 0.016973251, -0.021356272, -0.011497073, -0.005745615, 0.028801944, -0.00059399754, 0.0001332185, -0.015801165, 0.002675999, -0.016114779, -0.009629763, 0.0070968126, -0.013153779, -0.01855435, -0.007975323, 0.011676838, 0.010544584, -0.0008824316, 0.0078119077, 0.00017494027, -0.00542272, -0.0023505192, 0.013062211, 0.010210188, -0.005016671, 0.014817289, -0.014051085, -0.017122846, -0.010299634, -0.011833167, -0.0036411074, -0.011313346, -0.01538802, 0.024398306, -0.017416146, -0.016726004, 0.0070623932, -0.061688963, -0.029447457, -0.007911283, -0.057590246, 0.0059604165, -0.00034336088, 0.016923783, 0.0009855968, 0.022278933, 0.012320819, -0.014953166, 0.013088796, 0.016535647, -0.01362012, -0.0008194636, 0.0021418054, 0.007084624, -0.013728373, 0.0029811522, 0.0005301898, -0.024937736, 0.0033793743, -0.034727328, -0.007613764, 0.010702826, 0.013951585, 0.0028520864, -0.023593824, 0.0010157729, 0.009866118, 1.2544735e-05, 0.01121044, 0.0028081655, 0.018794283, -0.0047852173, -0.0034723475, 0.016785914, 0.029500099, -0.004052542, 0.0029934747, 0.027866282, 0.008060847, -0.01719092, -0.009917097, 0.03731325, 0.007755478, 0.0073839403, 0.012563415, -0.10369386, -0.007285982, 0.0022350808, -0.01474622, -0.011582968, 0.014067608, -0.0003642987, 0.049852364, 0.02531041, -0.00042697947, -0.0051851706, -0.0042899684, 0.018380428, -0.008582635, 0.024143094, -0.02249782, -0.01154829, 0.009788097, 0.033362236, -0.009945589, 0.016926471, -0.006709317, 0.0030297083, 0.011164601, -0.011759504, -0.018957091, 0.024247892, -0.019777868, 0.02284433, 0.017314624, 0.0009981666, -0.0035306467, 0.014618795, 0.0090943, 0.012177341, 0.010852931, -0.010561451, -0.008143783, -0.004723248, 0.007900708, 0.007510468, -0.0007469298, 0.0075997408, 0.019963186, 0.03259704, 0.0019490421, -0.005461997, 0.0039027727, -0.019319754, -0.007822043, -0.0043819854, -0.030812796, -0.0032524567, 0.00024120016, -0.00762618, 0.00022109164, 0.005429613, -0.03969602, 0.014819894, 0.007896674, 0.008745077, -0.021078764, 0.0080338875, 0.011117502, -0.011954867, -0.0060503203, -0.026790792, -0.011500698, -0.03913836, 0.0022674154, 0.021211307, 0.010525077, 0.026456371, -0.011660003, 0.0013260349, -0.0124205025, 0.0041803303, 0.016409647, -0.02676163, -0.017471189, 0.03079081, 0.0056397817, 0.016870705, -0.02447708, -0.009010562, -0.025612514, -0.015024761, -0.007830714, 0.019075338, -0.0015927017, 0.007130481, -0.021327088, -0.0033916393, 0.017459776, 0.012304297, -0.02053676, 0.02209729, 0.0062094554, -0.003176732, -0.021738434, -0.030570427, -0.017866192, -0.04284431, -0.008547335, 0.00948443, -0.010056602, -0.00039029834, -0.006876719, -0.027953045, -0.0011537633, 0.028001163, 0.010543676, -0.0072805365, -0.0075363745, -0.014952133, 0.023378879, -0.008333233, -0.0021718517, 0.0052413107, 0.0017694763, -0.012456631, -0.010929552, -0.038087163, 0.012925456, -0.021128714, 0.0050446643, 0.0025156594, -0.0052005397, -0.0011962696, 0.0012227845, -0.021935506, -3.631017e-05, 0.011885897, -0.010568788, 0.010908319, -0.005086134, -0.026894275, -0.0002883883, -0.003944146, 0.009532243, -0.007676595, -0.009097833, -0.019193716, -0.0063069477, -0.0062924284, -0.012998939, 0.028070416, -0.009947249, -0.014720363, -0.013301863, 0.012010962, 0.006205006, 0.0051316386, -0.015863452, -0.047822196, -0.018343043, -0.01571809, -0.03051855, 0.010745082, 0.0014835807, 0.004180669, 0.0066015623, -0.009968537, 0.025629504, -0.022364447, 0.0052669197, -0.025317391, -0.027263295, 0.030515665, 0.0034364027, -0.024299258, 0.02625079, -0.010115333, 0.010898805, 0.007813549, -0.01927935, -0.0012439492, -0.012119556, 0.0034130956, -0.012739714, 0.03376103, -0.023056392, 0.0027795373, -0.014879392, 0.01108064, -0.002611757, -0.017438108, -0.0176437, -0.0010896955, 0.0057437066, -0.014137864, -0.029081574, 0.013227016, -0.015812432, -0.0024290185, 0.005919918, -0.017260913, 0.013240022, -0.006777093, 0.001445283, 0.0003622813, -0.01405839, -0.009536287, -0.026368678, -0.00017003767, -0.0005378517, -0.016269872, -0.0043518078, -0.027171338, -0.00866902, -0.0062729567, -0.019062553, -0.0042966628, -0.0010738368, -0.007113067, 0.0040525985, 0.0335717, 0.0017645865, 0.008488427, 0.0029912824, 0.03642184, 0.01106935, 0.030127252, -0.0025024454, -0.012413237, -0.031589877, -0.0010021593, 0.011109531, -0.002731458, 0.015373906, 0.0036108275, -0.0002562456, 0.007100176, 0.0070787617, -0.019389713, 0.00062158785, -0.0036773938, 0.004738366, 0.010341809, -0.008301565, 0.01665271, -0.0056223944, -0.007835821, -0.010659863, -0.018463237, -0.017569322, -0.016340962, -0.009071636, 0.00037974672, -0.01471437, 0.0061003175, -0.03102492, 0.0057336977, -0.02078956, 0.031970274, -0.0033784816, -0.006293623, 0.0010848121, -0.006848071, -0.00021862383, -0.013365696, 0.0040956098, -0.013224446, 0.01702165, -0.007647612, 0.0023898473, 0.005078056, 0.007891561, -0.001597183, 0.0037114974, 0.0144853275, -0.009787766, -0.0011499908, 0.0021469065, -0.008448654, 0.014530166, -0.0027796126, -0.0055204523, -0.020640502, 0.03860492, 0.01766197, 0.00082553807, 0.011352934, 0.008514624, -0.0019370525, -0.0054826657, 0.0189208, -0.014062895, -0.01140538, 0.0047216406, 0.019848643, 0.006384114, 0.011025687, 0.004850133, -0.012620754, -0.006638162, -0.02198378, 0.010390639, -0.0090055885, -0.014791242, 0.032001242, 0.015230167, -0.0018650909, -0.0034205865, -0.005618936, 0.0023274648, 0.009038073, -0.015501739, -0.001066385, 0.0076747625, -0.010030225, -0.013107311, 0.0048341593, 0.007137486, -0.015722647, -0.03404608, -0.0033982839, 0.0032565957, 0.010822099, 0.018757284, 0.0005845941, -0.017267536, 0.0074400813, -0.0019898496, -0.010679011, -0.0005302892, 0.0031755948, 0.02433169, 0.004721472, -0.016872022, 0.0118661765, 0.004751635, -0.016330192, -0.03018027, -0.023887912, -0.020462478, 0.002424178, 0.022527255, 0.00019968138, -0.007961726, 0.010318726, 0.028752383, -0.0045053842, -0.018772235, 0.006677076, 0.0069038086, 0.007593839, 0.005994943, 0.0034133699, 0.028705357, 0.0078853, 0.017067453, -0.0050237617, 0.0036576067, 0.0071825963, -0.002200925, 0.020239927, -0.021802146, -0.005367673, -0.0018315985, -0.00027577652, -0.0048631993, -0.01078297, -0.016604993, -0.0019084123, -0.0063656187, -0.0058730138, -0.011663394, -0.0036139984, -0.010081654, 0.010246393, -0.0056119803, -0.0036758564, 0.013721727, -0.0026145393, 0.013621717, -0.0073221163, 0.017539527, 0.016895333, 0.008677649, -0.0021580548, -0.012179137, -0.0023497755, -0.009952555, -0.0015949582, 0.0015390699, 0.007838785, 0.011936325, -0.012458119, -0.016545804, -0.0021593242, -0.00064342475, 0.011310832, -0.0002280479, 0.011061527, -0.0023666366, 0.017709631, 0.031094698, -0.016042054, -0.0033052003, -0.0066826106, 0.006772288, 0.0056474647, -0.009597375, 0.006735762, -0.015365791, 0.016445328, -0.009320928, -0.019630373, 0.01315022, -0.00049185235, 0.00067555526, -0.00045948746, -0.012315896, -0.014604683, 0.00019172023, 3.5571084e-05, 0.030546514, 0.0075839013, 0.010960851, -0.016094452, 0.022596667, 0.008250633, 0.0017439099, -0.010767425, 0.014345047, -0.014335299, 0.008392419, -0.0036879696, 0.016450016, -0.016942874, -0.0034559325, 0.008544078, 0.016217694, 0.0016944822, -0.011259096, -0.004424177, 0.013168485, 0.011533072, 0.0047769253, 0.010848003, 0.008109299, -0.0019904377, -0.018337566, 0.009546368, 0.0055885282, 0.0100628, -0.021980265, 0.011851044, -0.0005315076, -0.0091430675, 0.002088555, -5.272933e-05, -0.017919187, 0.014441269, 0.004650241, 0.013452495, -0.0035184033, -0.01374782, -0.0011308194, 0.023184974, 0.0001345287, -0.00040771914, -0.013265144, -0.052344274, -0.02330822, -0.014056311, 0.0010521511, -0.0018921805, -0.027733607, -0.020683523, 0.006761424, -0.04121802, -0.020600481, -0.002829464, -0.009356646, -0.01851054, -0.0034721668, 0.0053223153, 0.024660932, 0.019385152, -0.007859294, -0.0016584416, 0.0016110521, -0.011401767, 0.013215986, 0.021952163, -0.01788872, 0.010445074, -0.018416647, -0.013727648, -0.007928175, -0.0016580505, -0.012384383, 0.01820417, 0.016399395, 0.0023840207, -0.0142379915, -0.005447515, -0.0054922076, -0.021712381, 0.011151117, -0.0027139387, 0.0049013235, 0.010390394, -0.0070300293, 0.006583797, 0.020558266, -0.01166353, -0.031279497, -0.021775048, -0.009660737, 0.0078086373, 0.008198499, 0.007478721, -0.016262535, 0.003929056, -0.005129114, -0.009476821, 0.0120582655, -0.01149107, 0.009197699, 0.019298054, -0.0024268588, 0.0040157367, -0.008128611, 0.013665705, 0.013116205, 0.019394258, -0.0065157968, -0.002707114, -0.0116353575, 0.007514505, 0.007250838, -0.0077229906, -0.00501578, -0.0030775073, 0.0032959704, 0.009610085, -0.007019221, -0.0023580997, 0.024750408, -0.005208408, -0.0029642044, 0.0052831126, -0.01763591, -0.013424522, -0.028701017, -0.010819511, 0.0034866713, 0.0046318728, -0.0151366675, 0.016304942, -0.03254634, -0.008573646, -0.0025220676, -0.009991363, 0.011674599, 0.010617664, -0.022343751, -0.019999314, 0.013350535, -0.0026445733, 0.010214085, 0.0036323494, -0.010012652, 0.018231478, -0.009034679, 0.008302218, 0.013675189, -0.018267354, -0.0061606397, 0.0064300364, 0.0049169604, 0.00017713947, -0.0055768047, -0.0033756087, 0.002619257, 0.018145952, -0.0017773417, 0.002105373, -0.007988248, -0.024269467, 0.0068562585, -0.0075964383, 0.0049717086, -0.021497868, -0.005184978, -0.001204368, -0.007032057, 0.0056247367, -0.020278372, 0.017525092, 0.009073046, -0.010646061, 0.010688616, 0.0031277766, -0.027074331, 0.009755401, -0.015947489, 0.029997934, -0.028081853, 0.0034191094, -0.0020802175, -0.02537195, -0.011763813, 0.020682856, 0.010358267, 0.0065881754, -0.0015120109, 0.0123681715, 0.05180473, -0.009046686, -0.0034273765, -0.021294026, -0.003029228, 0.02023959, 0.0101825725, 0.030554114, -0.010402856, 0.0065313475, -0.015664587, 0.00042950502, -0.015059151, 0.00048092328, -0.012320786, -0.023262052, -0.021030787, -0.011581114, -0.024127433, 0.01874258, 0.025208406, -0.01801217, -0.01190137, 0.0040055057, 0.0026741475, -0.0032689192, -0.008162051, -0.01973825, -0.010665249, -0.004824117, -0.012703654, -0.002656306, 0.014916544, -0.018979512, -0.0157328, -0.0055142124, 0.024068017, -0.0014335947, -0.014773772, 0.011540444, -0.0053650145, 0.0013493676, -0.014032843, 0.011997814, 0.013824107, 0.002456994, 0.0031541127, 0.011392927, 0.020083953, 0.03966675, 0.023818009, 0.009408637, -0.012523819, 0.0063076816, 0.0005702671, 0.00047657685, -0.00466781, 0.01176728, 0.00370693, 0.026298026, -0.009309333, -0.0050612222, 0.0012861375, -0.005556996, 0.0010783399, -0.01298228, 0.020046012, 0.01814691, 0.0112733785, -0.02085154, 0.016861059, 0.001177885, -0.0082094, -0.019118948, -0.013094422, 0.1784425, 0.11138907, 0.0010762742, -0.005762741, 0.013814336, 0.0011731469, -0.00021030499, 0.018776344, -0.0024601368, -0.012062459, -0.022620143, 0.006394915, -0.012574998, 0.020671636, 0.016662251, 0.00033219863, 0.014059963, 0.0019461414, -0.0220334, 0.014895198, -0.015003887, 0.025360122, -0.003186375, -0.017899716, -0.03823995, 0.006613519, -0.025858508, 0.0021098787, 0.024607072, -0.009378976, -0.009878613, -0.0013018533, 0.0032771728, 0.0018275761, 0.004519053, 0.013022666, 0.021992736, -0.00520506, 0.026237385, -0.0013839048, -0.011228431, 0.009284979, -0.004786276, 0.025353197, -9.973651e-05, -0.0026045248, 0.006689945, 0.00048560344, -0.015333914, 0.008595829, 0.003757561, -0.009980998, 0.011991853, -0.0030929076, 0.0039023159, -0.02265288, 0.00569594, 0.0101867765, -0.0010855402, -0.0012169697, 0.0159453, 0.013948602, -0.008164721, -0.00010816827, -0.021666003, 0.011642898, 0.0017826448, -0.002989911, 0.00033581041, -0.020393446, 0.0033067453, 0.009830962, -0.001983453, -0.0031232138, -0.0136174485, -0.0015138934, 0.0028839542, -0.006764719, 0.013735845, 0.0071014166, -0.031565968, -0.0006728304, 0.007357965, 0.009375285, 0.0062867217, -0.0024371555, -0.012221456, 0.010389139, 0.11098922, 0.016523283, 0.01905963, -0.0070978287, 0.018037023, 0.0049294066, -0.011219994, 0.044040415, -0.008264064, 0.021133788, 0.023297979, 0.00780469, 0.031112345, -0.016046684, -0.0027261383, 0.0064582303, 0.03633864, 0.0393305, 0.01633415, -0.0045056655, -0.031589426, 0.009179458, -0.015210633, -0.020939564, 0.011340588, 0.0023442951, -0.0037775377, 0.0012639462, -0.026897533, -0.014869014, -0.0907776, 0.008507928, 0.013597226, -0.0010632575, -0.009681626, 0.027235795, -0.0027201667, -0.010382617, 0.0004504095, 0.0059989467, 0.027156234, -0.01622474, 0.027847946, -3.327844e-05, 0.004982113, 0.014125076, -0.0035682041, 0.0059087565, 0.004945495, 0.0069487556, 0.008596605, -0.006163487, -0.008639804, -0.0093613425, -0.001723935, 0.018280635, -0.014625803, 0.018446501, 0.0020532536, -0.0073675, 0.0025131262, 0.020394258, -0.026939644, 0.024755975, 0.011362996, 0.04074168, -0.0061265347, 0.0018952676, -0.021182342, -0.0038570706, -0.0014338003, -0.017984893, -0.009873762, 0.0014173371, 0.014046508, 0.009511725, 0.014229762, -0.0051432364, -0.020861356, -0.0098977415, -0.009036798, -0.007690242, 0.008337206, 0.0076910844, 1.1743538e-05, 0.027452553, 0.023165908, 0.0023464856, 0.008679838, 0.0074060354, 0.030572498, 0.0051321792, -0.015387131, 0.009425246, -0.008298515, 0.024551896, 0.00524395, 0.002804574, 0.0012194823, -0.009375628, -0.020660479, -0.013488642, 0.0038482689, 0.013970689, 0.0039564515, 0.009910182, -0.018893657, -0.018814702, -2.6363536e-05, -0.010389181, 0.0030793333, 0.0003912994, 0.009901014, 0.1090665, 0.0050924364, -0.0021856087, -0.0057172575, 0.01681132, -0.024930608, -0.009502228, -0.0071950993, -0.017862832, -0.011578478, -0.0039038088, 0.015358233, -0.03150881, 0.006903296, -0.03038696, 0.010081207, 0.016289504, -0.012535193, 0.016065005, -0.01758018, -0.025015514, -0.0021052966, 0.034602173, -0.0064787045, 0.010384814, 0.00068343454, -0.011954417, 0.008028118, -0.012530519, -0.006143876, -0.0096288165, -0.020885255, 0.015860345, -0.008725292, -0.012140513, -0.02032612, -0.00012244625, 0.0025330023, 0.0037198705, -0.0076030507, -0.0075356597, 0.012979982, 0.0017232908, 0.0070043663, -0.04056908, 0.19120543, 0.027674679, -0.012380897, 0.004831906, 0.004599218, 0.007998459, 0.0035916045, -0.009144536, -0.021068633, -0.0058742086, 0.013058876, -0.0064597614, 0.002916272, 0.016962916, -0.0024754358, -0.008729096, -0.015970388, -0.0016170811, -0.014694158, -0.009292644, 0.01830433, -0.020798035, -0.022710074, -0.004349034, 0.0032676093, 0.0028329194, 0.020421948, 0.002895185, -0.010350139, -0.011412364, -0.011427695, 0.0030110127, 0.00019981801, -0.01326253, -0.0070040873, 0.00632541, 0.013724353, -0.0051058866, 0.00023476547, 0.010469684, 0.0054974835, 0.010204643, 0.011780562, 0.0030291318, -0.013560627, -0.016966566, -0.017870128, 0.02847253, -0.010288284, -0.019031767, -0.01195853, 0.001459962, -0.013644272, -0.01833192, -0.015325235, 0.00235032, -0.038518544, 0.0014894992, 0.01917027, 0.022731178, -0.014629288, 0.006531826, -0.013838804, -0.0110007115, 0.0042878943, 0.014691568, 0.0021917846]"
Detienen en CDMX a expolicia de Oaxaca acusado por homicidio de civiles durante desalojo en Nochixtlan en 2016,https://oem.com.mx/elsoldemexico/img/25458843/1756403732/BASE_LANDSCAPE/1200/image.webp,Oaxaca,no descripcion,https://oem.com.mx/elsoldemexico/mexico/detienen-en-cdmx-a-expolicia-de-oaxaca-acusado-por-homicidio-de-civiles-durante-desalojo-de-nochixtlan-en-2016-25458453,"[-0.008764011, 0.0006915949, 0.009848205, -0.05249008, 0.014507992, 0.012751122, 0.013494296, 0.012419483, -0.010000288, -0.0150676705, 0.012113897, 0.012927137, -0.017030586, -0.007997417, 0.13569419, -0.015021713, -0.0018201648, 0.009381999, 0.016023299, 0.012129085, -0.001762205, -0.020255432, -0.004018157, -0.027847817, -0.0057365303, 0.00579362, -0.015608247, 0.021966014, 0.0381154, -0.003378557, 0.00783114, 0.030710496, -0.0071292487, -0.023245623, 0.0009780895, -0.03096285, -0.0074109714, -0.000357474, -0.0066592195, 0.024268191, 0.008792212, 0.013690925, -0.027018707, -0.0149577875, 0.014235354, 0.004669004, 0.01276574, -0.017926093, 0.004608182, 0.025053313, 0.007591668, -0.054725584, -0.0049675335, -0.17477623, -0.0077060405, 0.013699438, -0.019047508, 0.019685416, -0.017213736, -0.02843092, -0.0052751694, 0.0331873, -0.02451546, -0.011960193, -0.012478339, -0.008380495, 0.031015616, 0.03283631, -0.037502877, -0.0067217504, -0.016956579, 0.0039815083, 0.009912801, 0.020037288, 0.0030778414, 0.017031655, 0.016795117, 0.017549833, -0.004010141, -0.021342617, 0.027099801, 0.0008263205, -0.023016255, -0.0010348066, -0.011182781, 0.008500571, 0.020638635, -0.01055133, 0.004144176, 0.020182401, -0.018847017, 0.022396438, 0.02456014, -0.0025993653, -0.001055897, -0.00184555, -0.0029536805, -0.034027852, 0.005348478, 0.0007935911, -0.004598416, 0.0069050826, -0.0003156168, 0.00045173554, 0.026208866, 0.0038350788, 0.018665038, 0.0012370445, 0.0010732985, 0.038288184, -0.0024699534, 0.0011711773, 0.00045370532, 0.017225485, 0.009410473, -0.12028885, -0.013987417, -0.009685841, -0.020638723, -0.0200664, -0.013214329, -0.005399616, -0.0021739278, -0.01777141, -0.011382236, -0.010497696, -0.025125016, 0.011137704, -0.009729419, -0.00847499, -0.015203805, 0.006383976, 0.004426847, 0.011868937, 0.020252224, 0.018478038, 0.0038134686, -0.035261467, -0.012255379, -0.02445264, -0.022609694, 0.014073055, 0.015948368, 0.0068847085, -0.0050506783, -0.004617269, -0.007250851, -0.014532077, 0.015388136, 0.012928746, 0.0072436095, -0.035618883, 0.004245749, 0.02725202, -0.008057839, -0.008934098, -0.00027713316, 0.0059721484, 0.03770433, 0.004037773, 0.02294088, -0.019965652, 0.015766736, -0.024437094, -0.029735077, 0.0022337046, -0.022806408, -0.008518878, 0.019799603, 0.0020595004, 0.0024276713, 0.013634922, 0.009899014, -0.005755008, -0.0026991165, -0.01694007, 0.00011217278, 0.02314771, -0.0034921824, 0.03425154, 0.014506781, -0.0025259815, -0.010858396, 0.02855698, 0.013409393, -0.037743904, -0.017901817, -0.01221464, -0.009555286, 0.015970847, -0.018029304, -0.0023212472, -0.018288948, 0.0029657145, 0.028802468, -0.031540766, -0.018145153, -0.002811569, 0.018820267, -0.0057928995, 0.038134973, -0.01874263, -0.0073640924, -0.017505225, 0.00864653, 0.01470573, -0.02924295, -0.016601982, 0.010553967, -0.003041987, 0.013320144, 0.0009806291, -0.015933987, -0.0051233596, -0.01310626, -0.006084342, 0.010628288, -0.012518568, -0.0024380437, 0.010176912, 0.021855583, -0.023667948, 0.020091549, 0.020143526, -0.017975861, 0.00401805, 0.013018272, 0.031159423, -0.012491567, 0.006559037, 0.032635346, -0.0021288844, -0.0049998676, 0.0074984226, 0.022010537, -0.012593686, -0.002272917, 0.0044831843, -0.008018162, 0.045603022, -0.0067268037, -0.00030755598, -0.031224037, -0.020682672, 0.0071188267, 0.018500466, -0.0045623193, 0.0078996485, -0.0142837735, 0.012653638, -0.015409284, 0.021771418, 0.0032718026, 0.015703676, -0.028404145, -0.010909108, 0.016437786, 0.0059584766, -0.003579559, -0.0038487085, -0.0028539537, 0.005508643, -0.017596317, -0.020794459, -0.0230173, 0.02019682, 0.014590242, -0.01492435, -0.03282676, -0.011071897, -0.006810448, 0.0151378345, 0.0014099296, -0.004336079, -0.01743508, 0.035503622, -0.02920244, 0.005819451, 0.013553636, -0.029406711, -0.010166808, -0.020832272, 0.022751052, 0.005097002, 0.021368477, 0.015802644, -0.00070356746, -0.019757872, -0.003630469, -0.0058801, -0.020668086, 0.009495197, 0.014422552, -0.011691982, 0.033465043, 0.0074171997, 0.006752601, 0.0013903895, 0.010426744, -0.021951938, 0.018984728, 0.015895091, 0.009247126, 0.040136155, 0.042995825, -0.0073086824, -0.0102562, -0.020373816, 0.014212384, -0.0007968333, -0.028779509, -0.000572131, -0.01124722, -0.0049371007, 0.005143197, 0.0043407683, 0.009736597, -0.0037363686, -0.009105933, 0.030916309, -0.0007783635, -0.047826193, 0.027386889, -0.0052487105, -0.0077644736, 0.023590801, -0.010776984, 0.020445459, 0.012158958, 0.018911395, 0.0054342817, -0.006218386, -0.007986422, -0.0024804573, -0.016790401, 0.008220255, -0.006096919, -4.1417974e-05, 0.02191471, 0.019433165, -0.02130647, -0.004662156, 0.009382307, 0.00813542, -0.034574777, 0.038508706, 0.0007874087, -0.04920721, 0.015863406, -0.019317184, 0.0259996, 0.008435092, 0.0074929763, -0.004724774, -0.0147997765, 0.015151827, -0.04239446, 0.0123048285, -0.0005156755, 0.0039205267, 0.030171327, 0.019156784, 0.0022394112, 0.020213228, 0.0015673274, -0.007737413, -0.009618024, -0.0055800783, -0.02544955, -0.0028015068, -0.0008530947, 0.03749766, 0.028657377, 0.00077293004, -0.009277234, 0.027168704, -0.018671285, 0.001987372, -0.0027117806, 0.002460647, -0.00012524058, -0.01890145, 0.0321319, 0.020975985, -0.004600033, -0.011133494, -0.0031475928, -0.019257415, -0.001757468, 0.0005774807, 0.017282968, 0.024631362, -0.011723636, 0.017991673, -0.010402315, -0.0050291987, -0.017096484, 0.0066682124, 0.016859785, 0.0076650307, 0.0036817126, -0.023760207, -0.009416087, -0.008289406, 0.014245159, 0.009528219, -0.027835721, -0.03561607, 0.005507305, -0.007540863, 0.0015885265, -0.025505442, 0.001601539, -0.013414352, 0.0050460272, 0.021861618, -0.011202199, -0.020746911, -0.007931944, 0.012891998, -0.0013215821, 0.002077425, -0.026378311, 0.046411455, 0.0058044386, 0.027419863, -0.0061644064, 0.0038524475, 0.01621626, -0.009582426, -0.016844263, 0.0039281407, -0.0069365236, -0.001117231, -0.005017352, -0.0030938976, -0.026371257, 0.0028117788, -0.013098736, -0.040897842, 0.013886274, 0.015260237, 0.01610463, 0.013026339, 0.036422238, 0.00043912238, -0.0075889835, -0.029726217, 0.01200845, 0.022037148, 0.02807683, -0.0152099235, -0.0013227387, 0.008149408, 0.010314416, 0.028445039, 0.030872261, 0.006764958, 0.0081266025, -0.004947086, 0.0036776853, 0.00032309745, 0.005860157, -0.008612741, -0.040111177, 0.0061245733, -0.023241913, -0.034393333, -0.012936259, 4.0752298e-06, -0.02421473, -0.007010414, 0.012190083, 0.019925639, 0.025730891, 0.036547687, -0.008737722, 0.029271103, -0.0048459927, -0.0018870143, 0.01331083, -0.023612723, -0.025345528, 0.016378174, -0.016701221, 0.03626502, 0.023149341, 0.022673646, 0.015746389, -0.002157855, 0.0065153074, -0.008662578, 0.019543795, -0.0098558385, -0.017953414, -0.026011704, 0.006635735, 0.010662097, -0.005593416, -0.0005523536, 0.0017159721, 0.02047774, 0.0064066285, 0.019916154, -0.029140359, -0.02392512, 0.015419034, 0.027784575, 0.010264884, -0.032353923, -0.031832054, 0.0023522533, 0.010864794, -0.018667426, 0.007759452, 0.02820516, 0.0023359295, 0.011228179, -0.013323135, 0.011896169, -0.017977856, -0.040854596, -0.008376677, 0.004304461, -0.012748674, 0.025874464, -0.0012410239, 0.005603077, 0.033062946, -0.0071573197, -0.016766882, 0.01711779, 0.010108723, -0.0090749, 0.031530563, 0.0036897964, -0.0026255196, 0.002178212, -0.009265315, -0.012406938, -0.0068762633, 0.019744886, -0.03932476, 0.009088601, 0.009387486, -0.06671729, 0.0030896512, -0.004018451, 0.0029346945, -0.04606395, -0.011380579, 0.0015438148, -0.017922414, -0.003029394, 0.0015100832, -0.014948974, 0.017954623, -0.0036937178, -0.00060780224, -0.0091745425, 0.008173285, 0.0020913435, 0.00744192, 0.028093101, -0.007974605, 0.02182602, -0.005463402, 0.024417581, 0.01644792, 0.012920871, -0.014168383, 0.033603877, -0.02348941, 0.007446166, 0.017012337, -0.018110536, -0.005858204, -0.013623139, 0.027078431, 0.0070453775, -0.015390164, -0.02035646, -0.011193606, 0.003100969, 0.022404052, 0.020829432, -0.006164896, 0.01686688, 0.0025051336, -0.06058928, 0.018211761, -0.021957237, 0.012174491, -0.012229487, -0.030852392, -0.0011313056, 0.0015352617, -0.008025971, -0.008677065, -0.006219091, -0.019535799, -0.015435863, 0.01388973, 0.0018888386, 0.0033647404, -0.012599495, 0.03070114, 0.012268239, 0.012069607, 0.015122376, 0.00427448, -0.0047182655, 0.022494998, 0.022562956, 0.012373461, -0.004450181, -0.018568594, -0.003489872, 0.03690193, -0.0031777665, 0.028416898, 0.020661702, 0.007636022, -0.00029599437, -0.004443661, -0.008254747, 0.019950904, -0.11003398, -0.00018512324, -0.0011060418, -0.02640169, -0.02085656, 0.023663558, -0.01797532, -0.0063300948, 0.0022693204, 0.0026434406, 0.021736514, 0.0064305235, 0.0086461725, 0.008438698, 0.0018806959, 0.03211879, 0.008818025, 0.017643318, -0.0073128655, -0.014634656, -0.00044902187, -0.0033881138, -0.0064769704, -0.026765687, -0.009436032, 0.004789203, 0.018234093, -0.0019974518, 0.005065853, -0.002231007, 0.022348503, -0.10805266, -0.00042151051, 0.020047324, -0.006741635, -0.0050194366, -0.030123817, 0.02384399, 0.0035770722, 0.03168508, -0.018899577, 0.006821357, 0.0038402812, 0.0017081399, -0.010119103, 0.009142459, 0.10681266, -0.009814761, 0.034222923, 0.028444026, -0.0010851196, 0.0038059237, 0.003460055, -0.010862272, -0.026135681, 0.034313004, 0.02293198, -0.009259587, -0.003985522, 0.006923862, 0.007034068, -0.0038823627, -0.007549734, -0.019636247, 0.026930498, -0.00537322, 0.0067086522, 0.02230745, -0.0033414164, 0.001054874, 0.018623479, -0.0063952007, 0.008079922, -0.0045581483, -0.015336472, 0.00707772, -0.0017759819, 0.016991878, -0.01214808, 0.0039979415, 0.0054618786, -0.03965476, -0.06726055, 0.019788543, -0.0027623647, 0.0060555334, -0.026571974, -0.0043683653, 0.013173816, 0.0073394696, -0.010493804, 0.012550701, 0.028840361, 0.020369947, -0.036170464, -0.012599289, -0.020306697, 0.00018110707, 0.03924172, -0.010701878, 0.01624039, 0.021158408, 0.00022350917, -0.028683793, -0.034120247, 0.020427678, 0.015433747, -0.020653643, 0.054945104, 0.021053271, 7.492428e-05, -0.006797878, 0.011535053, 0.02602289, 0.022924576, -0.01325258, -0.012499802, -0.012349066, -0.02448723, -0.030478975, 0.027704844, 0.031457737, 0.004832512, -0.0042424463, -0.03473315, 0.0020990393, -0.0007841047, 0.0012152204, 0.0018075706, -0.018146288, 0.005452309, 0.00055471994, -0.0037767245, -0.0013951712, 0.008320546, 0.0070079006, -0.005871396, 0.006327735, 5.267759e-05, 0.0062303734, 0.025758805, -0.0066406066, 0.024398698, -0.0034569975, -0.0051330277, 0.004330669, 0.018716585, 0.027906701, 0.004999271, 0.0018948407, -0.035757877, 0.007382762, 0.016577138, -0.0060778875, 0.0034836822, -0.0011739333, -0.018866437, 0.01697214, 0.010066706, -0.02689111, -0.04290861, 0.018314388, -0.009143653, -0.004071364, -0.010174759, 0.0008041913, 0.0009827791, 0.0168748, 0.0063352925, -0.003480503, -0.0065250834, 0.005402089, -0.00751901, 0.0074860435, 0.003443947, 0.0039903605, -0.01748143, 0.0033952112, -0.013355105, -0.0054831435, -0.00018436213, 0.0021038915, -0.003367752, 0.0040794928, -0.0013512068, 0.0047811195, -0.0009869323, -0.0019346331, 0.009893371, 0.00555748, -0.010831677, -0.00331651, 0.0060442807, 0.0076845735, -0.0016759137, 0.011722834, -0.004893355, -0.0044618994, -0.008257036, -0.012453552, 0.0042839865, -0.0010771997, -0.005216875, -0.0063701356, -0.010695984, 0.012457276, -0.0033686259, 0.003518858, -0.012855787, -0.010448364, 0.016870217, 0.0023593123, 0.0012437942, 0.020459967, -0.008837852, -0.0017104126, 0.00095088384, 0.013759806, -0.012507664, -0.0059060096, -0.01922923, -0.008860298, -0.025013365, 0.03643569, -0.009779866, -0.014572489, 0.009419174, 0.0031705874, 0.009837695, -0.003683699, 0.0035567558, -0.00077653344, -0.022775449, 0.011848375, 0.0052047763, -0.0016902193, 0.00836154, 0.002715011, 0.023577608, -0.009341145, 0.01864698, 0.004378798, -0.0026309013, 0.005445965, 0.01017312, -0.0037150602, -0.011397324, -0.004877796, -0.0064043486, 0.02165975, 0.0017358939, 0.020068662, -0.007006198, 0.011092529, -0.015997777, 0.0061303955, -0.0042512296, -0.0093357805, -0.0057393895, 0.004050782, -0.0020645503, -0.011225247, 0.004819856, 0.013358731, 0.015488704, 0.008301138, -0.010161951, -0.0063992906, -0.0005679177, 0.021929242, 0.0040123975, -4.951637e-05, 0.0030234107, -0.015654871, -0.010918533, 0.008886544, -0.0058969143, -0.0013388854, 0.0010855622, -0.005670025, 0.015449596, 0.0027182186, 0.0032435744, -0.005045986, 0.0030666757, -0.015959803, -0.010365348, -0.02633519, 0.018359972, 0.020839643, -0.033525053, 0.011085107, -0.0008253913, 0.009734225, -0.014673095, 0.0084258905, 0.010384895, -0.008877226, 0.002858333, 0.0024175022, 0.0032379823, -0.0013690444, 0.00012216171, 0.0026305404, -0.007494561, -0.016113913, -0.008954973, 0.0029331704, -0.013823315, -0.0075184903, -0.0025692645, -0.018880855, -5.805987e-05, -0.0037122378, 0.00992188, 0.008212954, 0.0021606898, -0.0035690034, -0.0009547375, -0.00029234338, -0.027631253, -0.01021378, -4.058455e-05, 0.044232387, 0.014945123, 0.0020682055, 0.0074626766, -0.011689667, -0.005769888, 0.00043735225, 0.0128772035, 0.02167383, 0.0023834964, 0.00028422382, -0.00850501, 0.013746408, 0.008079192, 0.0046664434, 0.011533485, 0.015496738, -0.004364192, 0.0812257, 0.009499127, 0.0031846324, 0.014030908, 4.6717054e-05, 0.004031432, 0.007242409, -0.012313086, -0.014114557, 0.021630088, -0.006847323, 0.013371659, -0.0077371723, -0.0126299355, 0.0012254122, 0.018569138, -0.0058117607, 0.014126875, -0.009558832, 0.038819045, -0.013985704, 0.020879695, -0.00019395583, 0.016794324, 0.010846112, 0.0024860154, 0.008235448, 0.0030365537, -0.0002415765, -0.0069000246, 0.0034662134, 0.014070032, 0.015935373, 0.008978913, -0.027883757, -0.013031707, -0.010835965, 0.0057492554, 0.019603284, 0.013538877, -0.020840999, -0.0186101, 0.007898255, 0.009599541, -0.025303494, 0.014490838, 0.015973026, -0.024836026, 0.00872276, 0.0092373, -0.013059776, 0.0016390835, -0.009214773, -0.012438118, -0.013633719, 0.003094796, -0.007704312, -0.025425054, 0.036554735, 0.0015559735, 0.011808262, 0.010838893, -0.007255525, 0.0101187425, -0.007027126, -0.017799845, -0.0040231803, -0.010346894, -0.000646683, -0.016701745, -0.0006372584, -0.009091874, 0.0014380042, -0.008005432, 0.018833084, 0.0028680896, 0.019450538, -0.020585245, 0.003140722, -0.0072251013, 0.01856379, -0.002602707, -0.009505248, 0.004009005, -0.0029369225, -0.0061793057, -0.009235109, 0.007543086, -0.0014178836, -0.00633165, 0.0027578028, -0.0041898326, 0.0152968895, 0.0033817892, 0.00079317996, 0.014536364, 0.04105206, 0.018809877, -0.016433164, -0.012944733, 0.02174311, -0.017330505, 0.0053524654, -0.0134967705, 0.015457966, -0.010481612, -0.0066019422, -0.0033460923, 0.00012417603, -0.013595958, 0.01299658, -0.008075047, -0.015498912, 0.001446823, -0.013787293, 0.018766016, -0.0090408595, -0.0010217422, 0.0059799333, 0.010032275, -0.017996663, 0.019671597, -0.0014249034, 0.0028000763, -0.0035736265, 0.007759561, -0.0023030401, -0.00842236, -0.009392663, -0.003632625, 0.0056705475, 0.009557462, -0.027233165, -0.011405232, -0.0047994144, 0.0009992407, -0.0044900067, 0.0028670651, 0.023515146, 0.0048156497, -0.0031565255, -0.011453926, -0.007114425, -0.000568813, 0.0075963936, -0.0023818933, -0.0066883317, 0.019689662, 0.0031141108, 0.005175974, -0.0012754691, 0.0024014444, 0.013674184, -0.0009150126, -0.00031069736, -0.006101888, -0.020967022, 0.013461797, 0.0009285972, 0.009400904, -0.0027579553, 0.013573003, -0.015448967, -0.0169078, 0.0039321124, 0.012747386, 0.034972236, -0.014777125, -0.0055808937, 0.0042684237, 0.011979611, -0.00065756537, -0.010200896, -0.0010298016, -0.0078102234, 0.016856626, 0.0059930873, 0.0024444854, 0.012731819, 0.009022637, -0.0014230949, -0.0076426496, -0.014088941, -0.009059172, 0.0045597404, -0.011762179, 0.007205122, 0.002698698, 0.014788426, -0.0104000615, 0.004157784, 0.016261835, 0.007713817, 0.004134326, 0.011876039, 0.01271665, 0.02249806, -0.011774709, -0.023433028, 0.023109362, -0.019922318, -0.018708682, 0.015682263, -0.00943575, 0.00052586495, 0.0014241588, -0.010672674, -0.0005030814, -0.0057153865, -0.008918605, -0.01827808, -0.009149693, 0.007935927, 0.008165878, -0.014491919, -0.0033045937, 0.010958959, -0.0010240596, 0.019603679, -0.011029794, 0.00916291, -0.0077159004, -0.012977977, 0.0017246836, -0.0038995144, -0.015386744, -0.0021216818, -0.0021219826, 0.0026322, -0.020279003, -0.0043697017, -0.00053464284, -0.0050743497, -0.0015912675, 0.012757554, 0.020688077, -0.01441972, -0.010285146, -0.0035204862, -0.00023215308, -0.001425688, -0.023731502, -0.0045632813, 0.007145308, 0.0006790374, -0.0125055695, -0.022553554, -0.02190483, -0.023457706, -0.0066131824, -0.007564302, 0.018272053, 0.0063798283, 0.0033676708, 0.0005940013, 0.021795964, -0.00022957746, -0.026076922, -0.005822703, -0.014086857, 0.016370263, 0.0136389155, -0.009139484, 0.011779035, -0.002122148, -0.0022733547, 0.0058272113, -0.002741428, 0.0065198126, -0.0021789498, 0.0025058156, 0.014948528, -0.013309782, -0.014668597, 0.0017874112, 0.0052624964, 0.0038502263, 0.011175874, 0.013560593, 0.016671674, 0.007680609, 0.01814207, -0.0023933807, 0.0008074254, -0.009397707, 0.018476505, -0.0069934274, -0.007878028, 0.017134238, 0.0060945563, 0.0054669343, 0.010837028, -0.007909995, 0.0025751975, 0.0014570944, 0.004482773, -0.0019112055, -0.0020479045, -0.0031406337, 0.0015142614, -0.0026492362, -0.006921398, 0.0023933244, 0.016351385, -0.0003737252, -0.0047713886, 0.002424167, 0.013292626, -0.0020224508, -0.008419443, 0.013656194, -0.009913081, -0.005749379, 0.009825096, -0.0110961655, -0.00031769747, 0.0074726916, 0.0009781014, 0.0023430479, 0.0010904605, -0.01957653, 0.006372373, -0.0076078107, -0.00030653903, 0.0054359427, -0.013188225, -0.0044153603, 0.011866472, 0.010146378, 0.0150996875, -0.0024583254, -0.0014469319, -0.0033172225, 0.010358749, 0.013503182, -0.01106986, -0.022826837, -0.0037503464, -0.013476818, -0.011029502, 0.0007130956, -0.019400809, 0.0071795564, -0.0006681986, -0.013976498, -0.013259592, 0.013190511, -0.0064790426, 0.0019794828, -0.016583456, -0.0046567637, -0.010597462, 0.014456958, -0.02234115, 0.005234125, -0.0063212225, -0.00029728192, -5.9951173e-05, 8.28756e-05, -0.007913074, -0.0039200066, -0.0113463765, 0.026400246, -4.7978625e-05, 0.0033823845, 0.007956381, -0.011598648, -0.008835607, 0.013655364, 0.0127249425, 0.017362641, -0.0011437536, -0.012669849, -0.0053519006, -0.0069847135, -0.011603986, 0.011854553, -0.008562818, 0.01665925, -0.0029262276, 0.013199044, -0.004103286, -0.006224364, 0.0037633467, 0.00042105824, 0.016417203, -0.010617193, -0.01621639, -0.008154235, 0.026444767, 0.0047942693, 0.0052805147, 0.010290171, -0.009194713, -0.00064442976, 0.0049960925, 0.012491472, 0.020885147, 0.015762314, -0.005340414, -0.003721086, 0.0044437503, -0.02318367, 0.0077058296, 0.005028149, 0.027646612, -0.0002862081, -0.014589543, -0.008262092, -0.0014555786, 0.017835293, 0.018288668, 0.004156026, 0.003040421, -0.001279637, 0.0042358437, 0.0009074835, 0.003481034, 0.023570897, 0.007133107, 0.0038032862, -0.0053342083, 0.01642607, -0.006009092, -0.022557113, -0.006953388, -0.002504061, 0.004501511, 0.01896323, 0.0075207497, 0.01531293, 0.0059143356, 0.0028446696, -0.0201046, -0.0033870998, 0.014076186, -0.0011315185, -0.019904003, -0.0115728965, 0.006639662, -0.011821438, 0.009604044, -0.018247955, -0.005365515, 0.002893593, -0.020031473, 0.0063669966, -0.0030833092, -0.0011658245, 9.407996e-05, 0.0070445957, 0.0094987545, 0.014485741, -0.0040122983, 0.008170537, -0.00043527, 0.006013503, 0.009714202, 0.016141523, 0.0019792663, -0.011616876, -0.016526768, -0.09886012, 0.0006187072, 0.02081497, -0.0090135215, 0.00010605976, 0.0058010574, -0.010517312, 0.00604102, 0.0034054096, -0.007815585, -0.0008819295, 0.01033613, -0.000121369885, 0.024672134, -0.00553582, -0.0053589437, -0.009606313, -0.0049999678, -0.005615577, -0.010579611, -0.007763128, -0.0029103053, -0.02540463, -0.006511527, -0.0006120891, 0.014362789, -0.016286995, 0.0022839967, 0.012641608, 0.02134816, -0.010812746, -0.0028725239, 0.016887536, 0.026536308, -0.008123967, 0.014630585, 0.020578653, 0.012861819, -0.13427746, 0.019649973, -0.0005337805, -0.011934713, -0.013089378, -0.0022039732, 0.013772818, 0.012798681, -0.011552873, 0.020791246, -0.01030614, -0.0006393797, -0.031177402, 0.0028870914, 0.00692463, 0.0073948037, -0.040102556, 0.003944367, -0.0046081515, 0.035247535, 0.006532054, 0.0012012826, 0.010441572, 0.014209486, -0.004639727, -0.003581059, 0.007893008, 0.0022776725, -0.0043966305, 0.014850332, -0.003572806, -0.011770079, 0.0052031535, 0.0020795718, 0.015696017, -0.012000603, -0.022315482, 0.0023531262, -0.0089702895, 0.0037352755, 0.0127733, -0.0038446588, 0.006108877, -0.012528964, -0.0066481656, -0.019481925, 0.0064061936, -0.0014244808, 0.0076974276, 0.0042218585, 0.0053111603, -0.010481295, -0.008377522, -0.0027128758, -0.009606608, -0.008174131, 0.0028597629, 0.0040251575, -0.007046012, 0.009976691, -0.01694562, 0.008736106, 0.0105452165, 0.0018176228, -0.0057130535, -0.015525095, -0.0027794358, -0.0106884455, -6.307915e-05, 9.935439e-06, 0.017189063, -0.008310703, -0.006430276, -0.0128629925, -0.005945306, -0.02203962, 0.011789736, -0.005238878, 0.020874139, 0.03187958, -0.009593461, -0.016031647, 0.004128855, 0.0017101406, 0.0056798914, -0.0055627064, 0.02767751, 0.015082551, -0.0030979386, -0.038375713, -0.011857521, 0.0100839725, 0.008616916, 0.013745718, 0.0078024203, 0.0043594707, -0.006455931, -0.006361904, -0.024765514, 0.005753241, 0.0034151904, -0.021000694, 0.019781757, 0.012039701, 0.007312566, 0.01706553, -0.0011790599, -0.01688276, 0.0111295385, -0.032545667, -0.019950496, 0.0032728664, 0.01865472, -0.020214489, 0.0029131155, -0.024486048, -0.005662553, 0.011245905, 0.025004897, 0.022172265, 0.025366759, -0.007844703, 0.00057553017, -0.012037274, 0.0003536222, -0.018653354, 0.008572808, 0.0054750275, -0.01721642, -0.013702874, 0.010653299, -0.029981764, 0.015193628, 0.0051117437, 0.0037204945, -0.016191883, 0.026661972, -0.013360838, 0.014827238, 0.0068864026, -0.012795062, 0.0034438667, 0.0019696583, 0.019703174, 0.020176446, -0.0038866084, 0.0120471725, -0.0028185004, -0.01595765, -0.0027032166, -0.024599385, -0.006663537, 0.00067175744, 0.016521819, 0.016922692, -0.004905483, -0.009995014, -0.012736413, 0.0036891988, 0.007443045, -0.0053356993, 0.015724432, 0.017484246, -0.012731949, -0.016230974, -0.020485368, 0.004219836, -0.022235267, 0.012371751, 0.010737102, 0.008954919, 0.0054414654, 0.020175017, -0.0034289046, -0.024808224, 0.0065890118, -0.0064095324, 0.017623443, 0.016099734, 0.005444145, 0.004949165, -0.010948987, 0.012984523, -0.005829038, 0.016853727, -0.0021808916, 0.0003904466, 0.0016724978, 0.0075564943, 0.040497888, 0.008054421, -0.0053463914, -0.007181481, -0.009382273, -0.0018665632, 0.02570731, -0.018727615, 0.017255738, 0.016695617, 0.018651893, 0.02520738, 0.0153773865, -0.008353004, -0.18071121, -0.011478212, -0.009102576, 0.0012163476, 0.0028109257, -0.0045007206, -0.015653426, 0.008961443, -0.0035453632, -0.016469171, 0.027463924, 0.023035998, -0.011834988, -0.016532617, 0.026639363, 0.013718449, 0.008494699, 0.0129877925, 0.0149284955, 0.00057569286, -0.043163568, 0.007571047, -0.0044053583, 0.0119891465, 0.024988156, 0.0090431515, 0.010387915, 0.0045554535, 0.0007645335, -0.0067799077, 0.013120142, -0.003247766, -0.0052064518, -0.0014894705, -0.004429437, 0.007930067, -0.005271843, -0.0022431011, 0.0024154955, -0.015199475, 0.012125206, 0.016955037, 0.013630514, 0.00083890767, -0.013177395, -0.0023066644, 0.0075564804, -0.014001651, -0.0013616796, -0.01025556, 0.007912126, -0.008560563, -0.0068801576, 0.0018996438, 0.014973702, -0.010333129, -0.006810788, -0.015199848, 0.009758543, 0.0075304373, -0.017205192, -0.02219226, 0.012155943, -0.0015125856, 0.006537274, 0.005809648, -0.0035311154, 0.13157189, -0.031663906, 0.011981487, 0.0053185746, -9.882044e-05, 0.0129464725, -0.02146168, -0.02894877, -0.0013775775, -0.02007568, -0.015009633, 0.018771516, 0.010537727, -0.02994837, -0.011666454, 0.0011226306, 0.008706311, -0.022466388, -0.014659971, -0.017887019, -0.030432576, -0.026173923, 0.021563616, -0.0043643774, 0.011453665, 0.0071316897, -0.011131629, 0.026964074, 0.01814408, -0.0024057918, 0.015707009, -0.012127332, -0.00985885, 0.0056698318, 0.0070229606, -0.0055575753, 0.016934896, -0.004863286, 0.0075297016, 0.0048781764, 0.0052744905, 0.0036707963, -0.027595924, -0.0026549436, 0.00622581, 0.00046265638, -0.0075866333, -0.0034073591, -0.027855648, 0.010290126, -0.024056155, 0.01622548, -0.0017679085, 0.0047923317, 0.008308233, -0.011351096, -0.006135313, 0.012678829, 0.015195354, -0.008200048, -0.002740648, 0.0019005577, -0.010952172, 0.021756966, 0.011719528, 0.0019642725, 0.024755547, -0.019172639, 0.0050880625, -0.099419855, -0.0067686155, -0.024188258, -0.012019014, -0.0011306868, -0.024877176, 0.0021118897, 0.0026888882, 0.03464206, 0.0009358974, -0.0094727175, -0.00079214835, 0.00698249, -0.005509526, 0.008233346, 0.01699211, 0.01943922, 0.04069224, 0.015345807, -0.00943794, 0.018839581, 0.001856508, 0.018112443, 0.00024335069, 0.019925455, 0.014880571, 0.018559096, -0.001364774, 0.006912808, 0.021826012, 0.0044482434, 0.013585206, -0.0021815237, 0.016236337, -0.008649559, 0.008680339, -0.0037378038, 0.006179861, -0.0151049085, -0.0362348, 0.007730478, -0.035104703, 0.011736711, -0.033008482, 0.026828159, 0.0077011795, 0.01288417, 0.014491718, 0.0071970425, -0.016479729, -0.011706564, 0.005403646, 0.02230493, 0.001596662, 0.007878618, 0.02223221, 0.016556518, -0.01535141, -0.0005912468, -0.0005033756, -0.009915573, -0.0024571773, -0.020407852, -0.016255999, -0.0044954163, 0.011725475, -0.0032167144, -0.0080229305, 0.040144116, -0.0017013724, -0.015043824, -0.03194143, 0.020753913, 0.006861365, 0.017363507, 0.0042783646, -0.017473696, -0.0017359027, -0.017091002, -0.010690662, -0.018423896, 0.00012342707, 0.02244425, -0.0030044892, 0.020351376, -0.012358486, 0.024599226, -0.00047073796, 0.009809937, 0.015233547, 0.0038566336, -0.0090276655, 0.0045823553, -0.011169892, 0.028040817, -0.008141149, -0.0063277916, -0.013339668, 0.029065032, -0.001196033, -0.0064498726, 0.0024881882, 0.0007603272, -0.0065448014, -0.010844481, -0.015276238, -0.0148561075, -0.0022709062, -0.0067333635, 0.011216612, 0.001338606, -0.0043198317, -0.026981032, -0.0054049483, -0.01140394, -0.010116654, -0.011794645, -0.009136603, 0.0029799372, 0.009584197, 0.011204637, 0.0035445131, 0.015819712, -0.013376039, -0.006073008, -0.014147767, 0.02555299, 0.008975974, -0.013050654, 0.0012247901, 0.00392511, 0.003928373, 0.0064237597, -0.000983511, 0.012277839, -0.021474348, -0.0051813526, 0.019372366, 0.008526238, -0.0026981903, 0.002744746, 0.0027927966, 0.0011816733, 0.0143728675, -0.005468986, 0.0013159468, -0.011880251, 0.0017682011, 0.00090391695, -0.009028414, 0.021896549, 0.018102031, 0.005509003, 0.009984777, 0.008654153, -0.010858215, -0.03361123, -0.006263981, -0.00993936, -0.015167572, -0.03280412, 0.013319918, 0.0029120063, -0.0020683806, -0.0034795664, 0.009903571, -0.009610858, -0.0139820445, -0.022192653, -0.023829527, 0.010031058, -0.0021775526, 0.026823979, 0.022063171, -0.008683245, 0.014644839, -0.023902126, 0.011879971, -0.014890804, -0.055202816, -0.0013544305, 0.037387956, 0.0043807193, -0.027685825, -0.010282935, -0.0016310097, 0.001680667, 0.017236855, -0.00650976, 0.010423433, -0.0065109446, -0.023556855, 0.009767321, 0.0021444047, 0.00014535684, -0.0044651395, 0.013975954, 0.022942206, 0.009402743, 0.029010857, -0.011073107, 0.0013332914, 0.0027229802, -0.0029982289, -0.010430456, 0.011527008, 0.0051186527, -0.03698221, 0.009626994, -0.006200315, -0.00020573058, 0.0075875446, -0.011272711, -0.012934367, -0.0020175218, -0.0012799649, -0.006725903, -0.0016169393, -0.052278258, -0.0015170199, 0.00894701, -0.027102089, 0.007388959, 0.0025449793, 0.005586093, 0.0028162703, 0.005310914, 0.0003326122, -0.02454529, -0.013058084, -0.009834775, 0.005109592, 0.009517697, 0.0007569633, -0.0025158403, -0.004366589, 0.002897194, -0.014119764, -0.018659638, -0.024703406, -0.027518991, -0.0031484347, -0.008112804, 0.003243016, 0.0018265862, 0.008197794, -0.0003709141, 0.006394807, 0.022315485, -0.0063147605, -0.0031524226, 0.016581468, 0.0015633393, 0.015490139, -0.028018368, 0.0038586445, -0.0051992373, -0.0036151255, 0.023800427, 0.0062791877, -0.008023223, -0.010748509, 0.017657273, 0.010492413, -0.011942864, 0.013892788, -0.09159071, 0.0031281603, -0.009947486, -0.015762374, -0.03079153, 0.01242077, -0.008232592, 0.030849777, 0.0036079756, -0.02659671, -0.01072976, -0.00029092058, 0.0017933627, -0.034226682, 0.010299604, -0.0130560575, -0.006805251, 0.017356649, 0.011149226, -0.0015423107, 0.0050179656, -0.014139907, -0.010863701, 0.0135015175, -0.001017776, -0.019106561, 0.005475783, 0.0052374317, 0.003978755, 0.028936293, 0.0055293553, -0.004495135, -0.0084784385, -0.0012380712, 0.011625478, 0.010540114, -0.04087423, 0.01205944, 0.004963815, 0.009427899, 0.016762137, 0.0037742327, 0.015426076, 0.013597206, -0.015839586, -0.018497199, -0.03250207, -0.008568037, 0.010390807, -0.011656339, -0.004650811, -0.03524037, 0.002397987, 0.0007889029, -0.013209641, -0.0052474304, 0.0051153363, -0.028270397, 0.017168973, 0.019251278, 0.020237021, -0.0014229511, 0.008527009, 0.022966756, -0.011658192, -0.006932933, -0.013538823, -0.029731877, -0.039467108, -0.0017983533, 0.011582015, 0.0020424454, 0.009229619, -0.018286224, -0.023404371, -0.00022068378, -0.0017999521, 0.011152981, -0.019382888, -0.010838959, 0.030280953, 0.009850997, 0.010122338, -0.0057104127, -0.011923118, -0.007479233, -0.015298227, -0.0040878765, 0.02034158, 0.013727975, -0.0011348756, -0.016931439, -0.026950516, 0.020834135, 0.018554255, 0.0024026432, 0.010082383, 0.0093005905, -0.023366038, -0.014403483, 0.006418125, -0.0038202568, -0.014857598, 0.006108807, -0.010845935, -0.00018945058, -0.019831683, -0.012120158, -0.01523891, -0.0010541594, 0.022870127, 0.011841264, -0.011572278, -0.010218091, -0.023755327, 0.001598564, -0.0024092658, -0.012709115, 0.002715546, -0.0139691755, 0.0015779875, -0.007865646, -0.022637978, -0.021516787, -0.010481806, 0.014346397, -0.007083298, 0.012656124, 0.007807985, 0.015260361, -0.0103555275, 0.00083398743, -0.007486511, -0.007621692, -0.0025290577, 0.0028645631, -0.020713793, 0.005144232, 0.013027663, 0.00740171, -0.002980137, 0.020768903, 0.0056970576, -0.019142868, -0.0025680417, -0.01757488, 0.016468028, -0.012535865, -0.0067313695, -0.025620036, 0.009591318, 0.017838772, 0.011241346, -0.0045347046, -0.048139647, -0.012369711, 0.010559049, -0.0077068363, 0.0048430557, 0.019503068, 0.017918844, -0.013717875, -0.001218197, 0.0019084868, -0.0046351016, 0.0069899275, -0.025727354, -0.025725264, -0.001724966, -0.008747767, 0.0006710861, -0.0028733124, -0.010684893, 0.033558674, 0.009994419, -0.035720676, 0.0031169688, -0.014988229, -0.0018028541, -0.0023064, 0.024305763, -0.01534845, -0.015238729, 0.0047490727, 0.0074031055, 0.0023468253, -0.017413309, 0.0040826905, -0.029890766, 0.014550016, 0.0031974886, -0.022205431, 0.016325139, 0.0049653715, -0.0017060827, -0.011518914, -0.008195516, 0.023144, -0.016744766, 0.038911585, 0.019755246, -0.013722011, -0.006834238, -0.025616188, -0.017002342, 0.00014023765, -0.03925434, -0.00027067168, -0.020776346, 0.006304897, 0.016086232, -0.019102002, 0.00027354938, -0.004275446, -0.005792476, -0.032462586, 0.03538948, 0.009142636, 0.027937094, 0.018441904, 1.2008326e-05, 0.0073291394, 0.026461048, -0.01777322, 0.00013323342, -0.016862549, -0.0072159204, 0.023668222, -0.003228717, -0.005320901, -0.0045222105, -0.011601703, 0.0067029367, 0.0061602164, -0.003466797, -0.0036692026, 0.008849309, 0.020313235, -0.011495724, 0.00072508847, 0.029094769, 0.00735862, 0.008109798, 0.002363464, -0.023832953, -0.003156285, -0.012274263, 0.013330377, 0.010291654, 0.00353981, 0.016647618, 0.010940074, -0.0014474615, -0.00057686813, 0.025264459, -0.0071757166, -0.0029714108, -0.00908929, -0.017710645, -0.030301694, 0.010260202, 0.012808626, 0.011876162, 0.020189606, 0.0026217427, -0.017310577, -0.008900156, 0.0030136923, 0.013084382, 0.010896034, -0.014551576, -0.02873355, 0.012723343, -0.016129509, -0.01449689, 0.0058677373, 0.0025635024, 0.016798193, -0.014197154, 0.04252303, 0.014768247, -0.024613729, 0.0340236, 0.013033734, 0.01601642, -0.004261457, 0.016839424, -0.01779226, -0.015525951, -0.0016175151, 0.013890447, -0.022808645, -0.0025146168, 0.015129178, -0.043655917, -0.037896257, 0.0037166933, -0.0065284073, 0.0038892846, -0.039680578, 0.012618314, 0.004456337, -0.018489286, 0.0026764742, 0.0025917934, 0.016422002, 0.010663081, 0.0038030867, -0.0004231809, 0.011290367, -0.018516103, 0.009360618, -0.00926216, 0.002816087, -0.016980233, -0.027010864, -0.007096539, 0.0070103225, -0.00095447863, -0.011789358, -0.009124132, -0.015326156, 0.017172229, 0.0035656923, 0.00243052, -0.002192667, 0.0055206683, 0.014704514, -0.008127586, -0.002910086, 0.01969883, 0.017177032, 0.015806632, -0.019049235, 0.0046380176, 0.0026952298, 0.0024155923, -0.007968495, 0.0010302551, -0.010067269, 0.014799032, 0.016150255, -0.0059504802, -0.022148868, 0.0092175165, 0.008309282, -0.0019095803, -0.0045104767, 0.02152779, -0.0018924159, -0.016003776, 0.005013666, -0.0015496998, -0.007041611, 0.0013885243, -0.00043175495, 0.012901431, -0.008594583, -0.013523877, 0.008728986, -0.009852995, -0.0003524132, -0.0059867697, -0.01772732, 0.0019055496, -0.008430376, -0.004344796, -0.011032482, -0.006074872, 0.026524276, 0.00015688183, 0.005324084, 0.008641846, 0.016645838, -0.012360212, 0.028373867, -0.013131685, 0.0062190564, -0.006436562, 0.004949782, -0.0035896057, 5.7184512e-05, -0.0036636847, -0.0029302046, -0.006104715, -0.0007453438, 0.0061631445, 0.015310856, -0.0022831752, -0.0043268683, 0.024282726, 0.020449553, 0.009039193, 0.019012382, -0.002737375, -0.0015925631, 0.0066690315, -0.005056168, -0.007912238, 0.00033932482, 0.017119573, -0.0046135206, -0.01409474, 0.0031069533, 0.008741576, -0.011005546, -0.00617567, 0.004249316, 0.0042418432, -0.0017574275, -0.021613387, 0.019065546, -0.002576414, -0.02125042, 0.015856503, 7.387223e-05, -0.028511822, 0.041233122, 0.0049876957, -0.0139557645, 0.00397232, 0.017139377, 0.011971477, 0.019986058, -0.00092086085, 0.005381102, -0.020290025, 0.003600078, 0.010523818, 0.009295549, -0.021575501, 0.00083554594, -0.007934541, 0.016473824, 0.012391262, -0.01974836, 0.012377612, 0.011716741, 0.008393548, -0.02436048, 0.00575064, 0.008754723, 0.003502494, -0.00043268822, 0.0036928535, -0.0072206575, -0.01839071, 0.0023773406, -0.006985727, -0.011012768, -0.0050523174, 0.009753205, -0.0025013282, -0.019525142, -0.018744938, 0.011568579, -0.008787441, 0.011865619, 0.00041495112, -0.010348327, -0.00911431, 0.007155416, -0.00917025, -0.009351345, -0.02001799, -0.03447972, -0.010149138, -0.012127809, -0.014024825, -0.024833048, 0.0031326083, 0.012796591, -0.04620883, -0.013021084, -0.011717439, -0.008778003, -0.025024626, -0.015028207, 0.027034694, 2.664999e-05, -0.0004029813, 0.006632176, 0.014921022, 0.018175595, 0.015487916, 0.009798819, 0.003921484, -0.024264457, -0.0009794234, -0.010130453, -0.016951473, -0.03124528, 0.018859366, -0.041527096, 0.013451327, 0.030089233, 0.00015769694, -0.015911287, 0.014294497, -0.000727602, -0.025359768, 0.00074092345, -0.013440719, -0.017978242, 0.0008669722, -0.008104015, 0.009946985, 0.007764556, -0.0048092087, -0.03146486, -0.016697995, -0.018005183, 0.025096701, -0.0091988705, -0.0060012364, 0.0014553271, 0.0035222676, 0.00065078086, -0.008080253, 0.017560482, 0.0061983615, 0.0049422625, -0.0065876273, -0.013187482, 0.02598317, -0.023774588, -0.0018793549, 0.00827836, 0.02238281, 0.010095551, 0.01243192, -0.01367734, -0.0005302777, 0.010969284, -0.013632027, 0.002957665, -0.002695967, 0.0011886592, 0.01938655, 9.4352e-05, -0.012301191, 0.011197513, -0.00499977, -0.0016547053, 0.034113716, -0.0054189367, -0.006174549, -0.011211898, -0.01706, -0.001166566, 0.011886642, -0.010004032, 0.012221318, -0.0042481194, 0.01908519, 0.004449022, 0.00013707677, -0.018843886, 0.017140798, 0.0064305877, -0.016975634, -0.017615888, -0.020717166, 0.012404115, 0.0035577903, 0.014288732, 0.0109576415, 0.0072674328, -0.01171328, 0.0038840382, 0.0011744263, 0.0031438419, 0.012012334, -0.014693565, 0.0020492657, -0.008103529, 0.009811944, 0.022011312, -0.013981001, 0.013748822, -0.005494105, -0.033484112, -0.022341976, 0.02263652, 0.00912343, -0.010985025, -0.03468132, 0.0016530614, 0.015522422, -0.01612937, 0.0037648939, -0.014236734, -0.010374412, 0.0027703196, -0.0010900398, 0.007543915, 0.0048117307, -0.019571505, 0.00036310518, -0.0028469556, 0.03302254, -0.013163491, -0.009043832, -0.004129533, -0.027939597, -0.010655526, 0.0006536211, 0.0143589955, 0.002234002, -0.010326893, -0.008107732, 0.03973384, 0.0033266693, -0.00903436, -0.011025031, -0.0053933337, 0.013867778, 0.004530962, 0.02775982, -0.01856869, -0.007124183, -0.0144976545, 0.01732532, -0.002275055, -0.010832134, -0.0054947375, -0.0008133222, -0.023541076, -0.0011291829, -0.044653524, 0.017139591, -0.004788843, 0.011042509, -0.008562514, 0.018177433, 0.013863533, -0.010486798, 0.0043745115, 0.0015455435, 0.023204193, 0.0025182448, -0.025066601, 0.016390791, 0.015286458, -0.008583804, -0.04000108, -0.0046556853, -0.0054184464, 0.018470846, 0.0032236977, 0.0066324216, -0.0248951, -0.014996197, -0.0038756595, 0.003896962, 0.016222665, -0.0070244647, 0.007824007, 0.026000215, 0.037751652, 0.020191498, -0.0028258758, 0.01659786, -0.017743489, -0.0012742549, -0.016855981, -0.006330214, 0.015317315, 0.0052171587, 0.023662917, 0.010890812, -0.0072858045, -0.041004885, 0.018998768, -0.004118313, -0.010925661, -0.006708735, -0.0055673127, 0.026671162, 0.0024066456, -0.034984857, -0.0085492125, -0.015426977, 0.0015784387, 0.0024275405, 0.004511799, 0.16331077, 0.11994555, -0.020057548, -0.00630224, 0.008610715, 3.9973213e-05, -0.0078612445, 0.017899033, -0.010015803, -0.007660749, -0.021879544, -0.009823035, -0.009141678, 0.001022135, 0.010346056, -0.004099399, 0.016059874, -0.011056511, -0.0040723546, 0.0032615697, -0.014891819, 0.00858506, -0.03520786, 0.0025592844, -0.025520412, -0.0022065667, -0.014883783, -0.0037883993, 0.007879111, 0.005057806, 0.0021506695, 0.006992816, 0.014622916, 0.0118077565, 0.00061477104, 0.008230969, -0.010198728, 0.017000338, 0.003920401, -0.0015210307, -0.009431464, 0.012017287, -0.0048609236, 0.019143647, -0.028413171, -0.010313685, 0.02226177, -0.0011503648, 0.0028229349, 0.022302657, 0.0037891867, -0.005196259, -0.004118588, 0.002989922, 0.011941806, -0.014919769, -0.010461314, -0.001426482, -0.022569314, -0.01649041, -0.00510854, 0.0047457577, 0.003008532, 0.0022269003, -0.0047303378, 0.026168937, 0.005643471, 0.0006874484, -0.012327118, -0.010582044, 0.022447582, 0.022610765, -0.008737689, 0.0068954905, 0.025710037, -0.018737603, 0.005454893, -0.0011145655, -0.0009146869, -0.00096166175, -0.02441348, -0.002398904, -0.009361716, -0.009130832, -0.01025898, -0.006518499, -0.011947132, 0.0042273067, 0.1026197, 0.023341993, -0.0033496511, 0.0029703935, 0.0077820863, 0.013063265, 0.0010830532, 0.053723164, -0.012361899, 0.012620381, 0.004029308, 0.01638604, -0.005461226, -0.02109248, 0.0026682015, 0.0064061084, 0.0050850753, 0.0434496, 0.010179963, -0.033280853, -0.01665706, 0.0050412393, -0.009619293, -0.0034433564, -0.0024131343, -0.0010508479, -0.007420115, -0.011722102, -0.008495556, -0.0020634346, -0.09834807, -0.020135477, 0.0032434298, -0.012788686, 0.0029502509, 0.033707, -0.031742185, -0.02428709, -0.006445451, -0.0007414353, -0.0050733965, 0.004950128, 0.031919204, -0.0071501657, 0.0066564856, 0.0061221034, 0.008818962, -0.008742369, 0.011417685, -0.015585274, 0.0057012904, 0.0039920667, -0.022203404, 0.00083254057, 0.018625967, -0.0019139833, -0.009960303, -0.0045707803, 0.008629493, -0.006469731, 0.004205896, 0.022805903, -0.024377188, 0.019195756, -0.015062235, 0.009483474, -0.011350833, 0.020947505, 0.0016509696, -0.008582404, 0.009699909, -0.008406657, -0.021239802, -0.008930449, 0.027016452, -0.010379048, 0.0051590814, 0.0039208024, -0.021887677, -0.00797937, -0.015454554, -0.009573927, -0.016084785, 0.0075255744, -0.024082124, 0.031889927, 0.0049861753, 0.009712725, -0.0009767112, -0.01645266, 0.022145947, 0.005937319, -0.006704569, 0.021267679, -0.009989291, 0.022300432, -2.6172736e-05, 0.011403955, -0.0059823124, -0.003269989, -0.007265139, 0.008791337, -0.010983511, -0.0024594956, -0.017173616, 0.008189421, -0.012938466, -0.0104461815, -0.010638022, 0.0136626, -0.010173947, 0.006782385, 0.009942409, 0.10165793, -0.009265988, -0.016999196, -0.015339592, 0.004636369, -0.0010102466, -0.010712905, -0.0068748477, 0.007807643, 0.004991041, -0.0073944055, 0.006843607, 0.0010131003, -0.005208207, -0.00030771867, 0.009269654, 0.023967102, 0.0019546226, -0.005525564, -0.017062547, -0.004330774, 0.011091233, 0.024434546, -0.026885826, 0.0056727333, 0.0043681175, 0.0064059095, 0.024861896, -0.019170573, -0.01487663, -0.0027424737, -0.012825524, 0.0061254096, -0.0073585883, 0.00036127135, -0.03083037, 0.0007705738, 0.013857957, 0.008965982, -0.002515973, -0.01142299, 0.041087814, -0.0035420875, 0.004575147, -0.034692254, 0.1965724, -0.01776946, -0.014343548, 0.010390552, 0.0008914454, 0.003030153, 0.010041645, -0.007584816, -0.0057377345, 0.004873837, 0.024870906, 0.0031742516, -0.017887495, 0.0030066953, 0.018584961, 0.00020151662, -0.019177435, 0.016938295, -0.04047189, 0.0033308337, -0.0016739736, -0.021430522, -0.0021396778, 0.01856493, -0.0162289, -0.022083178, 0.011122701, -0.011614441, 0.0032772117, -0.0065231, 0.004137443, -0.0011707159, 0.008285991, -0.0017022073, 0.005318107, 0.006004496, 0.028621718, 0.0051471023, -0.00955405, 0.020369397, -0.0024224427, 0.03382182, -0.008084065, 0.0073972014, 0.0038508505, 0.020515773, -0.024831183, 0.021003848, 0.007151762, -0.012538296, 0.0014404432, -0.0018894492, -0.007697988, -0.013733539, -0.025608238, -0.013910643, -0.0113421725, -0.0013875987, 0.006252344, -0.0029599455, 0.007004819, 0.010922172, 0.0074865622, -0.012128224, -0.0020733068, 0.00831782, -0.00660447]"
¿SpaceX escucho protestas? Activistas confian en que restos de Starship no contaminen aguas mexicanas,https://oem.com.mx/elsoldetampico/img/25424134/1756238631/BASE_LANDSCAPE/1200/image.webp,Tamaulipas,no descripcion,https://oem.com.mx/elsoldetampico/mexico/spacex-escucho-protestas-activistas-confian-en-que-restos-de-starship-no-contaminen-aguas-mexicanas-25423566,"[-0.006230168, 0.011098501, 0.02297376, -0.09968292, -0.009245858, 0.03153219, -0.0050545014, 0.022027208, 0.0060097296, -0.0052522565, -0.0126242805, 0.022305705, 0.040445942, -0.0018225872, 0.12070604, 0.013366894, 0.0068339696, 0.018982006, -0.01330889, 0.012577503, 0.013910496, -0.0105648115, -0.013285927, 0.005119198, 0.0031451057, 0.00032771446, 0.020869892, 0.008109462, -0.005417072, 0.0013021696, -0.022053203, 0.00577971, 0.008990216, 0.008693777, 0.020522729, 0.03670782, 0.017448561, 0.0014056277, -5.341492e-05, -0.010985094, -0.020964582, 0.017061964, 0.0016999624, -0.004405258, -0.0177271, -0.008199641, 0.019478513, -0.031025697, 0.026388066, 0.017018015, 0.005742748, -0.0025026517, 0.0025403881, -0.15881866, -0.03009218, -0.01264332, 0.004346539, 0.010467079, -0.005848601, -0.018948533, 0.0025487945, 0.024969088, -0.027526157, -0.012210169, 0.014466828, 0.005519711, 0.018454077, -0.0033044317, -0.0133076385, 0.025452454, -0.012034207, 0.005584902, 0.0068231383, -0.0064579416, -0.013598386, -0.006219149, 0.0021065397, 0.02431323, -0.004797534, -0.015890986, 0.0039707758, -0.02723937, -0.01757722, -0.022712348, -0.029842243, -0.0006724067, 0.016135573, -0.029906662, 0.0035109683, 0.0032859517, -0.027524412, 0.02372558, 0.0022779284, 0.002749918, -0.007156157, 0.02597882, -0.016078645, -0.02945939, 0.01944072, -0.010345842, -0.00902111, -0.019242413, 0.0020694097, -0.009570597, 0.0075539323, -0.012697964, -0.00028853133, -0.029427618, -0.0196519, 0.0046153567, -0.014563803, 0.013972522, -0.029196056, 0.007868677, -0.0096441675, -0.11309219, -0.004078389, -0.010089411, -4.427598e-06, 0.005450078, -0.007024842, 0.016901366, -0.0007896662, 0.029881438, -0.012587117, 0.0030036743, 0.008945558, -0.0012246096, 0.0031493239, -0.015117874, -0.0049092937, 0.013056196, 0.024430761, 0.0014185201, -0.016073443, 0.024435021, -0.011198918, 0.01624734, -0.012646874, 0.007972572, -0.017137231, 0.02250057, 0.019151602, -0.03467238, 0.013137243, -0.026574083, -0.020661252, 0.014033216, 0.0014994281, -0.022420332, 0.012733085, -0.017834663, 0.007964408, 0.010478639, -0.016683476, -0.046905734, 0.0033179715, -0.020638485, -0.021051325, 0.013156181, 0.014599759, 0.021882309, -0.0033504337, -0.0023737506, 0.0055286027, -0.02090782, 0.0072223847, 0.04813401, 0.024266351, 0.003933954, -0.010640279, 0.0007640135, 0.015120935, 0.02462204, -0.016849417, 0.006812201, 0.015740776, 0.012372832, -0.020693077, -0.012446717, -0.020460837, -0.03216996, -0.021006277, 0.029068865, -0.0038018331, -0.010382559, -0.020412568, -0.026876641, 0.0042465106, 0.012646873, 0.0020782666, 0.0022290954, 0.009140056, -0.0404296, 0.010970118, -0.019280994, 0.008572012, -0.0032062717, 0.033264183, 0.00075217354, 0.04662013, 0.0021587654, 0.0029238525, 0.011228568, -0.01944399, -0.010782191, -0.0020282366, 0.0015696702, 0.022943862, -0.0010712886, -0.022582836, 0.015318906, -0.018609803, -0.003562196, 0.02712513, -0.012042407, 0.005767945, -0.012740886, 0.008332468, 0.0055691684, 0.013062177, -0.007276923, -0.013117549, 0.01615259, -0.0053905556, -0.019700639, 0.028167535, -0.02840981, 0.008814027, 0.020664837, -0.009462515, 0.0028523065, -0.0029744643, 0.01014327, 0.023962686, 0.0015564032, 0.0041867457, -0.00054841355, 0.0005826785, 0.037744686, -0.01159112, 0.0037858305, -0.021680707, -0.04436482, 0.014218418, 0.023752606, -0.005476028, 0.009027596, -0.0137760965, 0.017509056, 0.006677637, -0.0010555113, -0.0031900012, -0.002384234, -0.0107574, 0.0015184436, 0.0017672939, 0.02226465, -0.010668807, -0.03136971, 0.008867603, -0.00491285, -0.019872898, -0.012116372, 0.005071251, -0.01225052, -0.0057934085, -3.5616038e-05, -0.0371236, 0.016027505, 4.5727535e-05, 0.029631594, -0.0068353703, -0.016409734, -0.011731475, 0.006873015, -0.055006254, 0.018694019, 0.011467175, -0.016576035, 0.018597191, 0.0032427823, 0.0024293393, 0.00095327705, 0.029912956, 0.027597392, -0.016727041, 0.008739343, -0.011099058, -0.022916513, 0.0017515558, 0.026403032, -0.016066099, 0.021371637, -0.015278613, -0.027775865, 0.032602653, 0.012414628, -0.0058338637, -0.006582962, 0.025838636, 0.022596424, 0.0087956125, 0.019830026, -0.016805075, -0.0030118427, 0.016935207, -0.0061172177, -0.041776113, 0.0011622569, -0.0049840226, 0.003963405, 0.020055303, -0.020046066, -0.010810542, -0.020313272, 0.028641291, 0.028893918, -0.0056354855, 0.015649809, -0.018830279, -0.013050859, -0.0041216384, -0.021326013, 0.014913873, -0.008293617, -0.0053245733, -0.012178602, 0.008133738, 0.009981266, 0.0012721628, 0.03926633, 0.029976245, 0.0016427091, -0.010879081, -0.015701959, 0.012628377, 0.021520523, 0.048557624, -0.039256953, -0.018590437, 0.009505655, -0.008474834, -0.016595015, -0.016780814, 0.01886683, 0.013286245, -0.02249277, -0.012024863, -0.061948523, -0.0049623535, 0.0026330827, 0.010938215, -0.0033402748, -0.0048161675, 0.010469851, -0.014365288, -0.010906267, -0.007285887, -0.01722189, 0.0192627, 0.031444136, -0.0045840945, -0.021071566, 0.009287152, -0.026171666, -0.006099929, -0.009718298, -0.02393887, 0.0069717853, 0.015464521, 0.007048431, -0.009559568, 0.033523522, -0.0016468891, -0.0006808049, -0.0014250205, -0.008449336, -0.006280674, -0.002217571, 0.014375703, -0.013639239, -0.012324487, 0.00930384, 0.0037894426, -0.025741186, 0.014936835, -0.0106680915, 0.020102402, 0.022467058, -0.015766328, 0.018512223, 0.00052434916, 0.011242896, -0.012367872, 0.0092065865, -0.000595026, 0.003260482, 0.0035107657, 0.00870466, -0.007871792, 0.011120088, -0.005874107, 0.0022284247, 0.00042030393, -0.03095578, -0.029355034, 0.0043977783, -0.017708281, -0.013101514, 0.024805907, 0.01488272, 0.038227495, 0.022994481, 0.008221033, 0.011082224, -0.03620784, 0.030722467, 0.0007303777, 0.004342174, -0.00013904521, 0.029427385, -0.016350912, 0.0012849733, 0.012825381, 0.032885097, 0.0031810012, 0.0039655636, 0.005995628, -0.012287525, -0.022315895, 0.0051313196, -0.0026835322, 0.023022233, -0.008216024, -0.0042910012, -0.01963094, 0.013555471, -0.003959756, 0.0054071303, 0.0030987281, 0.019016413, -0.033673324, -0.0010698148, 0.039489303, 0.012237367, 0.008440778, -0.0013135371, 0.010451315, 0.010170444, 0.011721715, -0.010738322, 0.045067247, 0.0024792335, 0.021117289, 0.0006458033, -0.012846138, -0.028822372, -0.017252434, -0.008623726, 0.007341032, 0.0096790865, 0.034989722, 0.0058787013, -0.011028804, 0.0060486966, 0.013488365, -0.04293689, 0.0098958425, 0.00901729, 0.0065513845, -0.0079371715, 0.0067412006, 0.021359716, -0.026065275, 0.034526955, -0.0135854995, 0.00757592, 0.029264132, 0.02501549, 0.012581348, -0.03717046, -0.026179783, 0.0015841258, 0.019720132, 0.007535485, 0.004597688, 0.0016210001, 0.026714476, 0.017473247, 0.04974454, 0.0322872, -0.0056785587, -0.03350704, -0.022217974, -0.014622267, -0.007868445, -0.00020131133, 0.0046555814, -0.00579797, -0.016475622, 0.007925281, -0.006823103, 0.02075687, -0.036448285, -0.002096822, -0.008805701, 0.0046460847, 0.020496257, -0.016668815, 0.0021062284, 0.024182416, 0.008785878, -0.0025444399, -0.018941615, 0.013003471, 0.023647603, 0.008576745, 0.0017997992, 0.004556438, -0.04227751, -0.0023015891, 0.0037972932, 0.014376562, -0.0050353906, -0.005248641, -0.007355654, -0.022562617, 0.03937872, 0.023983337, -0.0033143123, -0.016961357, -0.03057063, 0.004912815, 0.01238042, -0.02934164, 0.016240176, 0.0045880075, -0.03421225, 0.0032622174, -0.03546123, -0.013867143, -0.015902674, -0.029470375, 0.032065563, -0.076552056, -0.017688345, -0.014254453, -0.017121717, -0.022358859, -0.015083184, 0.020865347, -0.0065478585, 0.016609157, 0.015320825, -0.0037627476, 0.015671033, -0.015195798, 0.0050916066, -0.02363451, 0.03115391, 0.0066380347, 0.008303651, -0.017295623, 0.006171482, 0.018819232, 0.01648898, 0.0019730516, 0.009375396, -0.015511005, 0.02600962, 0.017090183, -0.028613694, -0.042433377, -0.0075559304, 0.02212854, -0.024365693, 0.0316178, 0.027565531, -0.0061675813, 0.0069704354, -0.004528144, -0.019815791, -0.0332463, 0.026055953, 0.005513306, 0.01414127, -0.021640131, -0.014862788, -0.028944653, 0.024522115, -0.02559895, -0.007625329, 0.026204385, -0.018002585, 0.0074000424, -0.0069704587, -0.0055586635, -0.027197676, -0.0064944862, -0.0097255185, -0.01057773, -0.010225379, 0.020618629, 0.020441795, 0.009896988, 0.009943859, -0.0058187363, 0.0054518925, -0.019175544, -0.00487947, -0.03730389, -0.004174342, 0.008218787, 0.016408224, -0.016923122, 0.0012700767, 0.034155715, 0.005587959, -0.0063876067, 0.0016233535, 0.012326977, -0.022256523, 0.016036917, 0.013739766, -0.0038547497, -0.013901501, -0.10113994, -0.0075200875, -0.004143592, -0.026636967, -0.032555822, -0.0022408343, 0.0046224934, -0.017762445, 0.00210501, 0.006921653, -0.0020694903, -0.009859854, 0.036543995, 0.014938476, 0.0017587565, 0.0028171183, -0.0069066263, -0.04013964, 0.00097106164, -0.004086475, -0.007998655, 0.011414038, 0.005984292, 0.003807544, -0.035955302, -0.0045110346, 0.008053497, 0.027602714, -0.0031229835, -0.016505454, 0.006877098, -0.12192255, 0.021107923, 0.017074585, -0.018495282, 0.0083714165, -0.013083453, -0.009190416, -0.008694268, -0.038373917, -0.016755162, -0.0036521761, 0.0029208653, -0.051342297, 0.003964728, 0.028214637, 0.1191891, -0.024944596, -0.00067278935, 0.008687162, -0.00408091, 0.007818257, -0.006292084, -0.0020870932, -0.03918057, 0.002395255, -0.03279072, 0.024063863, 0.012696658, 0.011988935, 0.0051530837, -0.0037572498, 0.0009048893, -0.0021466021, 0.0045209206, 0.0008439158, 0.009233094, -0.013868342, -0.029208256, -0.005410847, 0.023044426, -0.0016834629, 0.02273345, -0.014076946, -0.019159455, -0.012946867, -0.009235229, 0.028578445, -0.00066670123, -0.028911427, 0.015355238, -0.024998926, -0.07285151, 0.019588022, 0.004825804, 0.014183376, -0.0036675795, -0.016763948, 0.02539639, -0.006340269, 0.02050393, 0.017554052, 0.0053480756, -0.03189629, -0.01141931, -0.0038860615, -0.024322819, 0.0044863964, 0.0035502757, -0.008626112, 0.007952731, -0.0056712977, -0.0017064001, -0.038739264, -0.004868056, -0.012391505, -0.020452425, -0.014533202, 0.021677122, 0.023051428, 0.009838729, 0.018932443, 0.010524803, 0.020663602, 0.030182851, -0.016129026, -0.002002809, 0.026126012, 0.036842987, 0.01545871, -0.015681326, 0.023337118, 0.0028030695, 0.011324188, 0.006420634, 0.009954779, -0.018643104, -0.013524046, 0.0009815891, -0.042812154, -0.00027206496, 0.01030014, -0.01449208, -0.0032693078, 0.014209344, 0.014281058, 0.010223277, 0.0094197225, -0.0027231292, 0.016931567, 0.013564435, -0.016909415, -0.009313668, 0.005714576, 0.0044604414, -0.008872684, -0.0008637531, -0.004860672, -0.0049949647, -0.008672645, -0.038971018, -0.002331469, -0.0053734393, -0.012223158, 0.009734661, 0.008667359, -0.016290188, 0.020182658, -0.008524415, -0.0039559244, -0.044603903, 0.02018666, -0.011509088, -0.009411506, -0.006705681, 0.016141009, 0.0077544865, 0.030687341, -0.012020657, -0.0137888845, -0.011184761, 0.010837356, 0.0067331945, 0.0019038412, 0.016831225, -0.005938474, 0.012893243, 0.0053967875, -0.004251158, 0.009784837, -0.012250269, 0.0042800396, 0.0061289226, 0.0059173875, 0.005304214, -0.018292323, 0.014188092, 0.0039633047, 0.01309542, -0.02235572, -0.0021161058, -0.0026742588, -0.014854628, 0.008317905, 0.0062687104, 0.009293837, -0.0067497264, 0.0020149776, -0.01159903, 0.006149213, 0.01686384, 0.008987724, -0.0094320085, -0.02523655, -0.017153813, 0.0053516985, 0.014785845, 0.005418415, 0.0029612598, -0.00433797, 0.0002616893, 0.014792763, 0.027725812, 0.0043793684, 0.018735036, 0.015303622, 0.01907273, 0.0029681737, -0.0012095928, -0.0017529513, 0.0048435703, -0.012732848, -0.029214421, 0.031556524, -0.0067345104, 0.011742305, 0.0025062428, -0.011572501, -0.013263297, 0.008284814, 0.0027349368, -0.002923812, -0.004437066, -0.0066213845, 0.006228725, -0.0027532969, 0.0022955996, 0.002663163, 0.0041683353, 0.0066239205, 0.0015901906, 0.015083375, -0.0042911065, 0.008939246, 0.0027723606, -0.009672454, 0.017498039, -0.0066403765, -0.010025887, 0.03568883, 0.005120853, -0.0028809677, -0.0014719681, 0.008937624, -0.013643921, -0.0024876557, 0.007674758, 0.0031300779, 0.007211928, 0.0056039793, -0.0036028018, -0.016252331, 0.006131351, 0.021091752, -0.013792824, -0.0037188586, 0.0065824804, -0.0071095615, 0.0135835055, 0.0061345976, 0.010557575, 0.0015451993, 0.006557758, 0.004329991, -0.0021442724, -0.027485406, -0.023818236, 0.0096818805, -0.0036826567, -0.007903594, 0.011711393, -0.00997083, 0.0067496044, -0.004552749, 0.01940841, 0.0006562643, 0.013301246, -0.021672575, 0.010857911, 0.017004356, -0.02069041, -0.0004508113, 0.007869354, 0.0033035278, 0.0024595312, 0.0022686943, 0.01806968, -0.006294134, -0.020395143, 0.001500701, -0.004481137, -0.016925877, 0.0035209344, 0.010629469, 0.0058990554, -0.0067748204, -0.021110928, -0.009605997, -0.00297757, 0.0096567, -0.012008611, -0.007310419, -0.015449644, -0.0035313931, 0.0070616184, 0.0139311915, -0.002167166, -0.008561812, -0.002564414, -0.00480346, -0.019526776, -0.0027942907, 0.00074499426, 0.0011496859, 0.007707089, 0.008622999, -0.019401057, -0.0031572594, -0.005425873, 0.017516218, 0.00272124, 0.01103492, 0.0140956165, 0.0097397035, -0.020659631, 0.01821454, -0.012383909, 0.007084364, 0.006219115, 0.015065947, -0.014092885, 0.07171586, -0.001664654, 0.013372109, 0.0023583618, 0.010971911, -0.0048154304, -0.0017104147, -0.008533888, 0.0015430253, 0.032907456, 0.0029374054, -0.002737983, 0.011703554, -0.0008989858, -0.02590436, 0.0076475916, 0.022677584, 0.013452432, 0.0057444447, 0.012565368, -0.004807394, -0.0014147637, 0.010631378, -0.014496129, -0.0020123746, -0.0006302447, 0.0034176453, -0.005762261, -0.00035742723, -0.0037661812, 0.0060716234, 0.00595959, -0.0016708844, -0.0062894956, -0.018921785, -0.0056443824, 0.0070054107, 0.027810065, -0.0045768786, 0.019199885, -0.008421655, 0.0077127814, 0.013537289, -0.0076379464, 0.0118905585, 0.004652518, -0.0068916306, -0.010946097, 0.008024408, 0.0067583444, 0.0023937894, -0.010537098, 0.0060253516, -0.010135521, -0.015894428, 0.004797829, 0.011912206, -0.0071125235, 0.020203149, 0.008693246, 0.0061990316, 0.0007920067, 0.012422298, 0.008328844, 0.0055203317, 0.015261683, -0.015658386, -0.0050304784, -0.0054904064, 0.012008081, -0.00726765, 0.0025973006, -0.003567093, 0.0073264176, 0.014698961, 0.015259066, 0.0055257613, -0.0013298084, -0.020698912, 0.004762575, 0.014577361, -0.017593605, -0.0140710585, -0.018491296, 0.012080678, 0.0016714691, 0.00249571, 0.011337695, 0.028964506, -0.00025207977, 0.0095886765, -0.018708136, 0.0024087876, 0.010670089, -0.007107911, 0.0026066743, 0.055567387, -0.0068152375, -0.0027691831, 0.0061778384, -0.007626559, -0.006967377, 0.00096864096, -0.001516623, 0.012285342, -0.015014911, 0.0015796523, -0.006592439, -0.0050636386, -0.006326558, -0.009066747, 0.0025029932, 0.0073923096, 0.0067194137, -0.0040176553, -0.009291486, 0.008631105, 0.0010792825, 0.0041986806, 0.002353059, 0.0232708, 0.007577863, -0.015531152, 0.01911957, -0.0038941128, -0.008839232, -0.016232343, 0.002873345, -0.015597356, 0.0077888914, 0.0011310244, 0.003384605, -0.026771542, 0.0073351455, -0.002549787, 0.007806908, 0.00443838, 0.0047791037, 0.0121142985, -0.0022969435, -0.010008979, 0.0028220217, -0.040123004, 0.0012603275, 0.027809883, 0.012984239, 0.009525807, 0.0054533533, -0.017447634, 0.0011078903, 0.007725852, -0.0084688505, 0.0025577927, 0.006958051, -0.0120384665, -0.002557075, -0.009181843, 0.01143722, -0.017950784, -0.00023254674, -0.0014992893, -0.008561228, -0.0010716252, 0.0018618613, -0.007816512, -0.0011029419, 0.008311392, 0.002602791, -0.0014892623, 0.010409257, 0.02342611, -0.012437099, 0.002441394, 0.01269627, -0.0075803176, 0.010891911, -0.004486278, -0.03516452, 0.015086209, 0.0070252316, -0.016703222, -0.016644709, -0.016462484, -0.0036316412, 0.008136785, -0.0022461705, 0.0047684526, -0.011390772, 0.00569195, 0.003055669, 0.013809127, 0.01041573, -0.007877877, -0.012983355, -0.00790957, -0.0014316597, 0.015762722, 0.0067265388, 2.3345334e-05, 0.012672219, -0.015795719, -0.00024697607, 0.021199247, -0.000294181, 0.016798494, 0.0013058252, 0.011320445, -0.007869914, -0.010705933, 0.0003956378, 0.008220414, -0.0070200027, 0.012319132, 0.015365959, 0.0016325976, 0.01342437, 0.005357161, 0.008086207, 0.017788623, -0.011904041, -0.004136755, 0.0041738534, -0.005752158, -0.0015379038, 0.0007109814, 0.004001979, 0.0020098193, 0.0026550456, 0.0028102512, -0.010587132, 0.0176772, -0.0025571221, -0.024437616, -0.0007044541, -0.0032766405, 0.0056517166, -0.0021770776, -0.015802803, -0.0017052961, -0.0067645465, -0.0012567607, -0.008670287, 0.0011227282, -0.0031737818, 0.019135827, 0.015237074, -0.013310596, -0.0059396825, -0.0138086695, -0.0030061586, -0.015738055, 0.0057847975, -7.675169e-05, -0.0057934183, 0.012574724, -0.010035136, -0.018782021, -0.05050937, -0.011847391, 0.0012620608, 0.009846214, 0.0061077485, -0.0127719855, -0.0011661586, 0.0017313629, 0.00070259173, 0.0070870444, -0.0071681393, 0.0025717309, -0.0021376645, -0.0005165704, -0.020341342, 0.004461558, -0.011828277, -0.0015002977, -0.0074461517, 0.012013299, -0.007115966, 0.015171525, 0.0033970193, 0.014171019, 0.0034799613, -0.0067087393, 0.0035782596, 0.0051862313, 0.01537987, -0.0022044769, -0.0015838835, -0.0073137744, 0.012661798, 0.02000459, 0.017466258, -0.010715679, 0.023926014, -0.0061629075, 0.01629667, -0.0070525315, -0.0069894167, -0.012842929, 0.0023393263, -0.005478267, -0.0018546871, -0.0037114394, -0.0012116287, -0.010610345, 0.0047962624, -0.006106763, 0.012976583, 0.007735699, -0.012574132, 0.008563828, 0.017314872, -0.018721111, 0.01729809, 0.001889158, -0.0134579195, -0.0065043936, -0.014738584, -0.0019599725, -0.017898062, 0.0022348731, -0.008643058, 0.0019666292, -0.009871285, -0.006006227, 0.008737138, -0.013573834, 0.008766491, -0.015812507, -0.013591736, -0.01646795, -0.021441512, -0.010971105, 0.019829493, -0.0073617822, -0.013952707, 0.006960482, -0.02312372, -0.027344013, -0.018724505, -0.0009994851, 0.004063136, 0.0018268337, -0.008233036, -0.00913832, -0.023793353, -0.0037685211, 0.01658984, 0.004919528, 0.0015378917, 0.011854759, 0.006310835, 0.004760959, -0.0052210353, 0.0061958916, 0.0040294314, -0.000994844, 0.0055201435, 0.0077619296, -0.00047826848, 0.004264263, 0.0010512595, -0.0016506774, -0.002252737, -0.007662268, 0.0028310318, -0.008455646, 0.017432299, 0.0035815646, 0.0015392968, 0.0014418837, -0.004904717, -0.012202667, -0.017817434, -0.001839465, 0.0020723036, -0.009027105, -0.0062411968, 0.024082022, 0.002373821, 0.00024047219, -0.0046517244, 0.0004727503, -0.026559712, -0.0033774022, 0.012179449, -0.0040664356, 0.0012533461, 0.008544084, 0.009217, -0.00764464, -0.012243742, 0.014160658, -0.0066546286, -0.0069122813, -0.014957781, -0.0015122548, 0.002052245, -0.00014040714, 0.017212981, -0.0040310235, 0.009193679, 0.000689701, -0.004219548, 0.022244774, 0.019141683, -0.0014613545, -0.018661609, 0.00038603868, -0.0012693953, 0.0005884185, 0.0030598936, 0.0036514665, 0.0092157675, 0.0010714972, 0.012808066, -0.008986964, -0.008334471, 0.003963907, 0.0030995917, -0.015281065, 0.012004474, 0.0050684926, 0.009530497, 0.004436383, 0.011156247, 0.009888545, -0.0022681952, 0.022200828, -0.012148975, 0.018824548, 0.006327621, -0.005431177, 0.007011223, 9.436631e-05, 0.009681301, -0.004709075, -0.0073346565, 0.008516362, 0.024838211, 0.010246828, 0.008845659, -0.0155529035, 0.0026333798, -0.0017854605, -0.0042559737, 0.011655896, 0.024690272, 0.004721109, 0.0075621097, 0.01017224, 0.0056929365, -0.00065593875, 0.016655158, 0.011152641, 0.018556938, 0.012289809, -0.01867698, 0.005680324, -0.00018530912, -0.00029605773, 0.01664035, -0.099176034, -0.0010438163, 0.0047512553, -0.0024791195, 0.0037020715, 0.012341752, 0.004129758, -0.016127158, -0.012778887, 0.006422114, 6.441248e-05, -0.004702002, 0.0025613322, 0.010245729, -0.014869531, 0.008932052, -0.015693031, -0.02815972, 0.003469706, -0.024205545, -0.004849542, 0.0054336144, -0.0044734287, 0.009984476, -0.007155884, 0.0117217675, -0.004990801, -0.012782823, -0.0057401187, 0.017266609, -0.007944703, 0.005080903, 0.012438256, 0.0057981918, 0.01173515, -0.0025256379, -0.018871028, 0.017708873, -0.13230145, 0.019134706, -0.013647963, 0.0017495621, -0.0065115695, 0.00018239302, 0.009968799, -0.005589097, -0.0051087975, -0.003313384, 0.008647854, -0.005165638, -0.013378178, 0.008402907, 0.0006529009, -0.0034746092, 0.00849563, 0.0045347367, -0.012278294, -0.0053076744, -0.009329418, -0.0006963356, 0.0063441694, 0.022114268, 0.012093359, -0.00092005916, 0.0015977304, 0.0010422317, 0.0157534, -0.0038886697, -0.009725163, 0.0029306442, 0.011019379, 0.009950801, -0.0019277671, -0.0051960372, 0.013752125, -0.010545038, 0.008763424, 0.00046077027, 0.014304942, -0.007194864, 0.012435986, -0.0050672246, -0.0005855631, -0.0064631514, -0.009169998, 0.0038972904, 0.015598773, 0.021321526, 0.008991287, 0.00078329374, -0.00747087, -0.0033569774, 0.008436061, -0.018609632, -0.006649697, -0.0065122363, -0.012887797, 0.008645419, -0.016423728, 0.01592918, 0.011612266, 0.0035666735, -0.0024590557, 0.017711671, -0.017159011, 0.008344845, 0.015731059, 0.002695771, -0.008258734, 0.0005562739, -0.022727106, 0.011641405, 0.018289577, -0.007805587, 0.008945265, -0.00057722826, 0.0086497255, -0.006257009, -0.0046875686, -0.0058366614, -0.024745906, 0.024030972, 0.0036582504, -0.012047494, 0.005674801, 0.004871313, -0.014854881, -0.05569114, 0.009349201, -0.0064756307, 0.0018200112, 0.0023705424, 0.006987295, -0.021600248, 0.005485885, 0.027071266, -0.02465166, -0.005807923, 0.0019194294, 0.01659651, -0.0120794345, -0.006641273, -0.0073101097, 0.014487667, -0.013014935, -0.0031994497, 0.0045324196, -0.003209486, -0.0015152533, 0.0037527818, 0.021106886, -0.006247078, -0.0027716905, -0.003408934, -0.006077563, 0.008166157, -0.016107218, -0.0033832432, 0.011428854, -0.0069560534, 0.009883135, -0.0017312435, -0.012410414, -0.026255414, 0.027074851, -0.02554667, 0.00480785, 0.0074972324, -0.013628655, -0.0016583268, 0.010226538, -0.0064261565, -0.004693841, -0.022379912, -0.008167655, -0.011468512, 0.012187527, 0.005564364, 0.020024, 0.012769953, -0.012518167, 0.003266228, 0.0040444285, -0.009234924, -0.00056329963, -0.009702876, 0.004437804, -0.0076186266, 0.0083125, -0.010313977, 0.004878504, 0.006506903, 0.015838055, -0.004777454, -0.0027492815, -0.0068608215, -0.0076412777, 0.011093577, 0.015968012, 0.0100118, -0.00067844125, -0.008491641, 0.008186913, -0.008699581, 0.0005402814, -0.014119822, -0.0031708498, 0.0054512997, 0.005224671, 2.6621394e-05, 0.012248171, -0.009728751, -0.01370942, -0.00813158, 0.0026941546, 0.014708827, 0.02004531, -0.01886961, 0.020355713, -0.0016494202, -0.0060401475, -9.542664e-05, -0.0066049946, -0.019056326, 0.0101369675, -0.01470209, 0.018548364, 0.02629705, -0.006133589, -0.011285045, -0.039930016, 0.020836834, 0.011631035, 0.00227744, -0.009659346, -0.0052709943, -0.0046245633, -0.009211006, 0.023805331, 0.005757302, 0.023220371, -0.16480705, -0.019283582, 0.016918853, -0.02049389, -0.0056321626, -0.01514619, -0.015481888, 0.005674729, 0.014463208, -0.004090052, 0.022123938, 0.033063475, -0.005380465, 0.006294222, 0.002607971, 0.0032893578, -0.00054216856, 0.019128134, -0.008011219, -0.01243403, -0.012490934, -0.01195615, 0.006362402, 0.028342623, 0.00096255215, -0.01627344, 0.013468016, 0.011947882, 0.0043825554, -0.0028113648, 0.01617845, 0.034006417, -0.010142052, -0.010374058, 0.0017666528, 0.0138706, -0.005569227, 0.015516987, -0.01200723, 0.0067754006, 0.001794811, 0.007374442, -0.00013707911, 0.017180022, -0.0042614746, -0.0068751117, -0.028528724, -0.011572328, -0.003906688, -0.011473208, -0.014185785, -0.0033408606, -0.006151926, -0.017075699, 0.014704108, -0.010752356, 0.015243072, 0.012889424, 0.016240627, -0.014740499, -0.009152699, 0.012776234, 0.013120386, 0.019331355, -0.01156121, 0.009284072, -0.0073961425, 0.13852336, -0.027048351, 0.008621457, -0.0018842695, -0.033763, 0.049189482, 0.02535333, 0.0039285184, -0.013294407, 0.009433639, 0.010654177, -0.016713737, -0.005225119, -0.013320231, -0.008871237, -0.010045185, -0.03250506, 0.00027870474, -0.008008721, -0.0007037964, 0.0064973324, 0.0038863453, -0.005307125, -0.00014043567, 0.0066540735, 0.01713502, -0.0025616838, 0.013337103, 0.017860377, 0.018660136, 0.0014133636, -0.015435791, -0.0045797923, 0.017323764, 0.023974398, 0.024871275, 0.00086102413, -0.014120034, 0.002872698, 0.0048153186, -0.010012317, 0.032506593, -0.016131958, -0.013051818, 0.008399602, -0.0031317135, -0.014577163, -0.0018844305, -0.006015408, -0.011862943, -0.009803509, 0.018362112, -0.008103739, -0.007026104, -0.0053919144, -0.028000949, -0.017740315, 0.014659871, 0.005294712, -0.004620738, 0.018011132, -0.013016292, -0.023641866, 0.009438022, 0.015612914, -0.008508944, 0.0022890086, -0.003208709, -0.015582413, -0.101722755, -0.01239708, -0.010478297, -0.000341428, 0.0056903064, -0.0026157869, 0.01717173, 0.0025618158, 0.002370463, 0.008832427, -0.023343375, -0.010283268, -0.010278887, -0.001065953, 0.0041614934, -0.0015574375, -0.020199541, 0.0026295152, 0.03342733, 0.01945947, 0.0033017122, 0.01755595, 0.015507761, -0.02243399, -0.0065026237, -0.010465447, 0.00903662, -0.025415283, -0.003041362, 0.016835509, 0.00987389, 0.010627843, -0.00081551727, 0.007142153, -0.0005677366, 0.004595761, -0.0070779338, 0.01228939, 0.005275041, -0.0071613844, -0.01090912, -0.0046707387, -0.008332755, -0.001457585, 0.00054859224, -0.010669937, -0.012271576, -0.017224964, -0.01372325, 0.010824793, -0.0016579481, -0.0021360584, 0.011220316, -0.005572677, -0.02354618, 0.009512704, 0.015065565, -0.011623102, 0.025300983, 0.013975965, -0.021539558, 0.02968346, 0.00020662085, 0.0062399404, -0.02111004, 0.00030782944, 0.006626168, 0.001260442, 0.01174442, -0.011090304, -0.009061932, 0.00740558, -0.015265209, 0.0021946891, 0.009625991, -0.010956529, 0.0045595905, 0.02637699, -0.015041026, 0.011978877, -0.027228327, 0.0034233357, 0.009314808, -0.012974177, 0.02351172, -0.014205881, 0.00049321196, 0.0024192557, 0.0025163726, 0.0048324754, 0.0070687686, -0.005204687, -0.0015235624, -0.004640011, 0.015434403, -0.0008469976, 0.009966628, -0.0054828175, 0.008729065, -0.0060845194, 0.014957372, -0.0065768715, -0.014006184, -0.0015486353, -0.0044933376, -0.0043550087, -0.028570497, 0.0073209046, -0.01364167, 0.005925826, -0.014972024, 0.008287264, -0.024020875, 0.008371725, -0.023797948, -0.0014971436, -0.0025089667, 0.019128077, -0.0073601785, -0.026649304, 0.01094179, 0.0020191346, -0.008019559, -0.0102537805, 0.012347632, -0.009058049, -0.011456877, -0.01387179, 0.011224746, -0.0042376844, 0.02315606, 0.014500005, -0.0047020977, -0.00072981673, -0.0033412508, -0.00743935, -0.0053709135, 0.024875704, 0.031403147, 0.0026010917, -0.0022306535, 0.0009037937, -0.023103265, 0.0034158533, 0.008194108, 0.013296562, -0.008713628, -0.017149022, -0.011471529, -0.001940466, 0.020627486, 0.01682752, 0.00052861986, -0.008351631, 0.022606304, 0.016466074, 0.013784737, -0.0014128415, -0.010517604, -0.008800964, 4.2773612e-05, 0.007841888, 0.00341841, 0.0019885453, -0.0065134033, -0.010363394, 0.014766484, -0.019541921, -0.008542897, -0.03170065, 0.007246476, -0.0015670827, 0.014918928, 0.00820017, 0.009066251, 0.0036175016, -0.016307771, 0.02299755, -0.0009627154, -0.063975334, -0.00074770383, 0.007910018, -0.022418225, -0.011745217, 0.021440288, -0.0051036323, -0.00053064636, -0.017489072, -0.020338524, 0.00884335, -0.008306366, -0.01226947, 0.0035409103, -0.025651617, 0.0028915706, -0.0066586225, -0.0029316233, 0.02464596, -0.01633367, -0.008013965, -0.006316015, 0.0027537656, 0.022177525, -0.019522943, -0.01712571, 0.0411249, -0.0025330689, 0.01812265, 0.0006262511, 0.00071125483, -0.013816153, -0.017722411, 0.009078763, -0.0033362282, 0.018379766, 0.0051314295, 0.015248441, 0.0064818286, -0.03640947, -0.02279085, 0.015222224, -0.06337263, 0.021686563, 0.006730451, -0.010508818, -0.008054028, 0.012964093, 0.014372941, 0.0047730417, 0.017466757, -0.0077055036, -0.021990482, -0.0030220768, 0.020018186, 0.0061699417, 0.023211878, 0.0011529039, -0.004039826, -0.012406466, 0.004971302, -0.021786384, -0.014446347, 0.012645871, 0.0054273154, -0.00062907056, -0.03485142, -0.018545106, -0.0014086186, -0.011506936, -0.005279276, -0.015519473, 0.017289752, 0.006661111, -0.01894275, 0.001030156, 0.014466208, -0.018250361, 0.0044945166, 0.045243308, 0.0035186866, -0.011535259, 2.3699873e-05, 0.046207454, 0.016214263, -0.013297675, -0.004534042, -0.08994526, -0.016652029, 0.0012852385, -0.00820976, 0.0017122516, 0.003932169, -0.021354355, 0.052242294, 0.012644357, -0.008963413, -0.035018306, 0.0009517233, 0.0136886155, -0.0016175432, 0.013420405, -0.025120968, -0.022405105, 0.011189224, -0.007152832, -0.003033123, 0.006626484, -0.030397568, -0.012110188, 0.011697411, 0.02550232, -0.04363888, -0.0011415047, -0.008621047, 0.009691471, 0.0006702859, 0.005504177, -0.010290257, 0.022212943, -0.012870694, 0.010833841, 0.001493751, -0.027072998, 0.0036894563, -0.014176765, -0.0051935893, 0.018416218, -0.016908873, 0.011856723, 0.008879671, -0.0061283186, 0.0028787954, -0.004405235, -0.007173695, 0.0009711212, -4.196234e-07, 0.0052887807, -0.020074347, 0.009925971, 0.0061411983, 0.0098387245, 0.032959267, 0.005571593, -0.018615056, -0.0070180306, -0.002957193, 0.00087792124, 0.009316847, 0.0046599596, 0.01130164, -0.008898563, -0.0033927036, -0.032198038, -0.012628395, -0.024424817, 0.011362362, 0.006243966, 0.008335673, -0.0025847484, -0.019394694, 0.00537656, -0.016562086, -0.008281643, 0.0318246, -0.014613907, -0.01732746, 0.00027863053, -0.009214608, -0.0005297206, -0.0022117218, -0.012892939, -0.009571252, -0.007907264, -0.020375533, 0.0019831657, 0.0073482944, 0.0063465456, -0.002448805, -0.0033282673, 0.020947486, 0.012657073, -0.0102249365, -0.0011130788, -4.8290378e-05, 0.013923601, -0.004302767, -0.007725641, 0.008163498, -0.0052694334, 0.010533861, 0.010007225, -0.014043349, 0.009160753, 0.0055193417, -0.023792092, -0.010465337, 0.009623827, -0.014841241, 0.005926075, 0.008235457, 0.008984836, -0.00626094, 0.0023557923, 0.0010440795, 0.0034590506, 0.018320097, -0.018860333, -0.00070782535, -0.04471241, -0.0101140505, -0.0069274036, 0.025600206, 0.006011179, 0.0007761072, -0.040592283, -0.0025725553, 0.0027238275, 0.028455991, 0.002346875, -0.015038524, 0.0058482992, -0.01757043, -0.01276955, 0.0041431994, -0.0062312605, 0.0019997368, 0.011759136, 0.019603677, -0.003432185, -0.0075195157, 0.023159482, 0.0032715718, 0.0044938223, -0.00022219346, -0.03938283, 0.02333647, 0.023873743, 0.015589299, 0.015132527, 0.012380696, -0.0258561, 0.014997822, 0.00526176, -0.0018701268, 0.019977963, 0.01197243, -0.007019095, -0.012188514, -0.019444752, 0.014236557, -0.03932998, 0.018596724, -0.009299017, 0.009182504, -0.005115393, -0.021460658, -0.00758423, -0.009712609, -0.02772998, 0.0011064972, 0.011893239, -0.023055423, -0.0036360158, -0.015551996, 0.016882097, 0.0106394505, 0.012443708, -0.0026632005, -0.0089474125, 0.013232897, 0.0008710089, -0.025284009, -0.016857361, -0.016949473, -0.0061677797, 0.009472896, -0.0055844854, -0.0012657343, 0.014825876, -0.0013083435, 0.005769254, 0.012694175, -0.012427485, 0.013709388, -0.021271383, 0.014880065, -0.019107552, -0.01508201, -0.014967462, -0.008543028, -0.015669927, 0.014480981, -0.03150293, -0.022614095, -0.011569144, -0.017770812, -0.0092261, -0.0074573313, 0.005230639, 0.0048984704, -0.013752559, 0.018474123, 0.0063078585, -0.0024543481, 0.0047995555, -0.00091460434, 0.0050777053, -0.0073917285, 0.0235796, 0.008530547, 0.02143846, 0.0025112594, -0.010311722, -0.0056651924, 0.0053397035, -0.0006610858, 0.020351732, -0.00025627972, 0.0010390896, -0.0019208167, -0.005899357, -0.0011399232, 0.0076259216, 0.02769388, 0.012291868, -0.004736548, 0.023350801, 0.005723629, 0.00062155136, 0.0036462399, -0.016295042, -0.024617847, 0.0014879012, -0.007939626, -0.0015994612, -0.010304599, 0.005991431, -0.021744996, 0.008472196, 0.0058632437, 0.048288055, 0.010734304, 0.003044696, -0.019567272, -0.018762654, -0.00089384883, -2.5507965e-05, 0.014020453, -0.017566575, 0.007376859, -0.0074448865, -0.013891524, 0.017403767, -0.012899746, -0.002476636, -0.00012415658, 0.0065455977, -0.02415721, -0.027286775, -0.00199855, 0.010176536, 0.02298384, -0.002104437, -0.002764664, 0.0060105645, 0.008091421, 0.008934571, 0.00752984, 0.0062852525, -0.010277445, 0.007746795, 0.007819197, 0.029329186, 4.0307827e-05, -0.01149817, 0.0028298947, 0.04208085, -0.011354538, 0.02117233, -0.008608309, -0.018673742, 0.0020260913, -0.012265971, -0.00021307735, -0.003957571, -0.003399805, 0.0029536167, -0.018254794, 0.0068238326, 0.005940117, -0.0022720667, -0.003639805, 0.0036662503, -0.016053433, -0.007285424, 0.025898622, -0.004662937, 0.007463487, -0.0059497175, 0.012100778, -0.0035006881, -0.0146570075, 0.008509014, 0.0029328396, -0.0043027075, 0.010308894, 0.0024254732, 0.009810284, 0.013305531, 0.033543512, -0.01050251, -0.021168323, 0.006062999, 0.007842957, -0.0035944884, -0.0055859867, -0.01861095, 0.0067633255, -0.008798703, 0.013501925, 0.017041173, 0.0028597119, 0.0098152, -0.007996833, 0.0043983613, 0.0042924117, 0.0017023879, 0.025850553, 0.020639418, -0.012431015, 0.005288942, 0.007006318, -0.0068093655, -0.0023022424, 0.013007567, 0.027881054, 0.003693307, -0.00846863, -0.00731418, -0.013466983, 0.01402818, -0.0065542343, 0.010425181, -0.015367018, 0.008185583, -0.002202476, -0.0033567483, -0.020056296, -0.02313817, -0.010395512, 0.0069036996, -0.0056330967, 2.8463599e-05, -0.008440351, 0.01377044, 0.02279365, -0.0014091976, 0.010373512, -0.00981597, 0.020369017, -0.010751318, 0.021245427, -0.0057709706, 0.00674906, -0.007637734, -0.025831537, -0.01028882, 0.0010182776, 0.0032169924, 0.0026735717, 0.008953827, 0.0037070068, -0.0040609105, -0.0025225386, -0.013728411, 0.010315526, -0.0086397445, 0.015693657, -0.006258037, 0.003443029, 0.0015860235, 0.0071147727, 0.013750238, -0.021308536, 0.024276575, 0.0055912402, 0.016368022, 0.007395284, 0.0020958611, -0.021533463, 0.022898486, -0.0030077393, 0.004237046, 0.017595487, 0.01833697, -0.008304807, -0.019933768, -0.00040294637, 0.019471636, 0.004443069, -0.008054698, 0.006646313, -0.009663738, 0.019194188, -0.013304253, 0.00022038164, -0.009652902, 0.015992109, 0.0045431764, 0.010323635, -0.0069595515, 0.035173703, -0.0045412555, -0.00044189827, 0.00068100396, 0.0013381983, -0.0013921798, -0.016216207, -0.004802013, 0.015103495, 0.021410858, 0.026746674, -0.032004867, 0.0018255214, 0.0038961861, 0.017820349, -0.0033596475, -0.009667488, -0.015846055, 0.0045689475, 0.022035055, 0.0153489085, 0.0036441502, 0.0033058051, 0.005554679, -0.0034148896, -0.0017562519, 0.002111503, 0.00017911011, -0.0048014927, -0.014662056, -0.018641353, 0.00016762556, 0.0060075615, -0.003235196, -0.0032718647, -0.020422874, -0.0070234127, 0.010848824, -0.0020526275, -0.034016088, -0.02116047, 0.013242612, -0.0051506646, -0.0036513985, -0.0090041775, -0.027057368, -0.015901877, -0.07816837, -0.0132924365, -0.017008785, -0.0025921525, -0.02670381, -0.009628396, 0.020851322, 0.003985438, 0.01934581, -0.0072025573, -0.023854893, 0.03032511, -0.0071836067, 0.010560565, 0.014785172, -0.011112714, -0.0110100275, 0.0034677587, 0.004004048, -0.014851435, 0.0014887598, -0.023658149, 0.027373306, 0.012338681, 0.022545371, -0.010355506, -0.004276888, 0.033330053, 0.00018485924, -0.010914952, -0.015795846, -0.0090007465, 0.011694789, 0.0020888727, -0.0058910395, 0.011764724, 0.0027235341, -0.048429135, 0.0013432916, -0.002063378, -0.019490303, 0.012117304, 0.022877365, -0.025538765, 0.008005408, 0.010282967, -0.01322169, 0.009440609, -0.0034319377, 0.0041721156, 0.0027169622, -0.013317327, 0.0132343, -0.008532441, 0.021854978, 0.023929032, 0.015920725, 0.010169573, 0.0025866993, -0.018919034, -0.007051709, -0.0034688949, -0.010335308, 0.013464323, 0.0077201654, 0.017104581, 0.01908481, -0.01970272, -0.027472604, -0.0092010535, -0.029213337, -0.00029571404, 0.013159394, -0.0019449439, 0.011142411, 0.011425275, -0.024029868, 0.0035552236, -0.0014954682, -0.010874074, 0.0016738522, -0.00832992, -0.011848475, -0.0099069765, 0.0025716636, 0.008173569, 0.0031203055, -0.028290173, 0.0028790075, -0.009788368, -0.0026453899, 0.0066168765, 0.008802612, 0.014783485, -0.005576009, -0.003408725, -0.010097463, 0.006900254, 0.0113986675, 0.0069307624, 0.0073011643, -0.011813657, -0.0025278274, -0.0013468864, -0.009944343, 0.008971456, 0.004056276, 0.01726676, -0.0063451263, -0.022673855, -0.014850741, -0.007620795, 0.009573372, -0.018131124, 0.0075341756, 0.0032116403, -0.010635662, 0.019662226, -0.001841617, -0.019897321, 0.013797745, -0.020903245, -0.00856975, -0.020548822, -0.015381555, -0.0058009233, -0.012433436, 0.0028582772, 0.02047624, -0.00060559966, 0.002449934, -0.016107777, -0.0025524413, 0.0030946764, 0.008252063, 0.012451728, 0.029377786, -0.023957249, 0.0038622096, 0.02732046, -0.0074119424, -0.016464991, -0.0065632625, -0.00287741, -0.004091529, 0.014272935, -0.0006200601, 0.00055665674, 0.0042000962, -0.009277148, 0.0028059874, 0.0071618524, 0.015125214, -0.017144077, 0.007998413, -0.010561404, -0.00081980455, -0.02711767, 0.019597067, 0.02035788, 0.0092663225, -0.0024655827, -0.0038659829, 0.020458749, -0.01671144, -0.0005138123, -0.005149412, 0.023054171, 0.012730205, 0.006005162, 0.010807639, -0.018489879, 0.0025397926, -0.016673833, -0.030869186, 0.007849879, -0.023492694, -0.00865324, 0.00011941683, -0.015200025, 0.019751292, -0.01908016, 0.008300934, 0.0061482284, 0.02673696, 0.00013323357, 0.034017872, 0.025157642, 0.011889563, 0.01666869, 0.010967579, 0.0154342605, 0.0062095276, -0.030843675, -0.023893725, 0.015257629, 0.02557473, 0.0060275984, 0.03222961, 0.0016671261, -0.013499407, 0.03825963, -0.0030687135, 0.0020186764, 0.015150412, -0.00665779, -0.02599015, -0.01030894, -0.010609425, 0.019046506, 0.011669367, -0.01522381, 0.0012911541, -0.009897697, 0.1691505, 0.12657979, -0.023279576, 0.01059986, 0.0073951175, 0.007811047, -0.00094600784, 0.009874767, 0.013179997, 0.007905088, -0.010146909, -0.0015514371, -0.008692225, -0.0051468387, 0.012219066, 0.0017131232, 0.019597026, 0.008938215, -0.011673845, -0.0061793504, -0.013567499, 0.011836417, 0.0070800665, 0.0021257682, -0.0044324975, 0.012773454, 0.006380686, 0.0023576375, 0.009108385, 0.0061955443, -0.020525744, 0.013252993, -0.0016193679, -0.01130163, 0.012635599, 0.0047433265, -0.020012494, 0.0086275125, -0.0020517935, -0.023006879, 0.019385185, 0.017067777, -0.012404616, 0.020773003, 0.025970679, 0.0034328883, 0.0018243733, -0.021228403, -0.0020944152, 0.019607056, -0.008736992, -0.015560279, -0.031072238, 0.019109024, 0.004608149, 0.008236493, 0.0048635914, 0.013593113, 0.014687464, -0.009840442, 0.033788994, 0.0111688515, -0.012107137, 0.008257135, -0.037076958, 0.014941273, 0.01875672, 0.0059675747, 0.002190627, 0.006716019, -0.007292595, 0.0125250835, -0.005165513, 0.0023565453, -0.0017108361, 0.007979841, 0.013073922, -0.012549233, 0.0040749577, 0.021078654, 0.0001257059, 0.0029306654, 0.009708839, 0.020294284, 0.016337043, -0.0022718231, -0.012325791, 0.0043963133, 0.10179036, -0.0004980713, -0.004995942, -0.027489569, 0.03311251, -0.028297465, 0.002127119, 0.06126607, 0.00023287644, 0.028804868, 0.026772426, -0.0005300563, 0.0130985575, -0.016241197, 0.009099459, -0.017418748, -0.009431281, 0.04460327, 0.010959734, 0.007190553, -0.013701638, 0.021109028, -0.01154425, -0.0012006114, 0.019135054, 0.0026711707, -0.0025215708, 0.001972495, -0.0035331137, -0.02012155, -0.08707936, -0.027498774, -0.0005949701, 0.0087080905, 0.0045724395, 0.007540887, 0.00066062406, -0.006961222, -0.014900884, -0.020799935, -0.010228886, 0.0059530493, 0.009027665, -0.004764727, -0.0011244811, 0.034642506, 0.0075648637, -0.017357847, 0.0114630265, 0.009849188, 0.007809233, 0.014567808, -0.010080496, -0.003655771, -0.0036738503, 0.012767114, -0.032025836, -0.0024050071, 0.012789528, 0.0040077535, -0.015363948, 0.013640623, -0.04374022, -0.005060211, -0.011020431, 0.02046223, -0.0076986034, -0.020689638, 0.007020819, -0.011467419, -0.0005117012, -0.012256306, -0.019577485, -0.02848645, -0.0066841966, 0.0061141606, -0.0016899994, 0.0023400222, -0.002791403, -0.0008254001, 0.018580018, 0.010605254, 0.020770265, 0.0064012655, 0.011728644, -0.0281358, 0.008272404, -0.031224547, 0.010796047, 0.015468203, 0.019743191, 0.0043180767, 0.017625686, -0.0053902743, -0.0041367332, 0.010445937, -0.023309214, 0.0026999854, -0.016795505, 0.0014917804, -0.02622924, -0.026671637, 0.0041827494, -0.0017288832, -0.008518458, -0.0035082977, -0.003359985, -0.024284665, 0.021014659, 0.04610343, -0.0094317375, -0.009705595, -0.0030748372, 0.10714181, 0.012642442, -0.0068446537, 0.010910279, 0.0020865104, -0.0006471215, 0.0032342323, -0.008074539, -0.00576547, -0.0013093761, -0.012019737, 0.029029645, -0.004622131, -0.014190618, 0.0004135386, 0.024728676, 0.0037563636, -0.016077429, 0.0013661225, -0.0029781696, 0.0048082704, -0.03437831, 0.0032185093, -0.02320065, 0.00040549494, 0.0019964334, 0.0063243895, 0.018233122, -0.014669457, 0.020702692, 0.008034955, 0.033061966, 0.009127767, -0.012690278, 0.007055295, 0.0150886895, -0.019169532, 0.049912483, -0.010586378, -0.0064813597, -0.011436591, 0.0031570524, -0.01617664, 0.004490958, -0.043531265, 0.19033374, 0.018488396, 0.004823793, -0.013215575, -0.019562082, -0.016653249, -0.00067440845, -0.007866575, 0.005235243, 0.012591847, 0.020154703, -0.01146105, 0.012939729, 0.006637323, -0.008094932, 0.006565627, -0.008505233, -0.0049556377, -0.017065797, 0.002536123, 0.0072431695, -0.008897408, -0.01188358, -0.0032996119, -0.026211739, -0.03118205, 0.018903544, 0.031373963, -0.0083231535, 0.0017318324, -0.009092153, -0.02554445, -0.0066985185, 0.0025976633, 0.01210998, 0.005349027, 0.014342059, -0.019605957, -0.010173565, 0.030325167, 0.0012635123, 0.009943538, -0.0028642477, -0.009355341, -0.019386876, -0.0029659248, -0.025371704, -0.00094265846, -0.014409348, -0.024878765, 0.0131136095, -0.00450478, -0.022950452, 0.0048209773, -0.013446586, 0.00979267, -0.0033653497, 0.00037400177, 0.007636153, 0.015558445, -0.018301567, 0.021476943, -0.026643299, -0.01152364, 0.0116058, -0.0019637651, -0.019713284]"
¡La tercera vez fue la vencida! Se logra decimo lanzamiento de Starship con maniobras de satelite,https://oem.com.mx/elsoldetampico/img/25424308/1756239265/BASE_LANDSCAPE/1200/image.webp,Tamaulipas,no descripcion,https://oem.com.mx/elsoldetampico/mundo/la-tercera-vez-fue-la-vencida-se-logra-decimo-lanzamiento-de-starship-con-maniobras-de-satelite-25422407,"[-0.018457005, 0.003122011, 0.019141365, -0.09246969, 0.020849932, 0.012451996, -0.0030169664, 0.02653769, -0.011484278, -0.020203242, -0.002651583, 0.029291067, 0.014214707, -0.0015488296, 0.10772316, 0.044156443, -0.0012941614, 0.00019499758, -0.022833329, 0.00710016, -0.013074713, -0.018063722, -0.014058272, 0.004989899, 0.0059836614, 0.0022837273, 0.022047836, -0.01802929, -0.0050274255, -0.013448369, 0.0067306007, 0.015215071, 0.0040391874, 0.0309462, -0.03053068, 0.0187146, 0.016508307, 0.00641753, -0.005045164, -0.0043418375, -0.015114735, 0.0051297997, 0.018204628, -0.016927818, 0.022274336, -0.01835232, 0.014357592, -0.023996433, 0.017216517, 0.02918582, 0.0077801934, -0.0094120065, 0.014058868, -0.163422, -0.03294427, -0.014992973, -0.011543875, 0.008043564, -0.015230493, 0.0068315957, -0.011406775, 0.015074396, -0.02103246, -0.03678242, -0.0013717324, -0.0048884843, 0.017414277, 0.001721372, -0.013284473, -0.0015523888, -0.0047309436, -0.0048050475, 0.038569417, 0.0148627, -0.00036357547, -0.0017066471, 0.0061089634, 0.012679172, -0.015898705, 0.008517605, 0.020294253, -0.002753417, -0.021060947, -0.00302062, -0.00943285, -0.0017559632, -0.009786094, -0.023777848, 0.009331122, 0.008231371, -0.009282303, 0.0030968788, -0.007293182, 0.0103148855, -0.009979677, 0.0012482714, -0.0034786847, -0.02289369, 0.00265467, -0.013594379, -0.020314824, -0.029051652, 0.028231414, -0.0059192088, 0.030809756, -0.02303235, -0.0041863113, -0.01388058, -0.0035009147, 0.0052607753, 0.00942398, 0.01558166, 0.0009254934, -0.00372669, 0.014366548, -0.107123755, -0.00080412487, -0.0017381295, -0.030479211, -0.002480865, 0.0022711004, 0.018935373, 0.015347542, 0.01974193, -0.031530473, -0.014651478, 0.0022578777, -0.014365002, -0.0143162, -0.010602771, -0.002126134, -0.023751251, 0.03299369, -0.0039211945, -0.01228427, 0.011627325, -0.0048381067, 0.028452493, 0.005656114, -0.024374634, -0.01343089, -0.016053084, 0.009975027, -0.024580333, -0.010868558, -0.025615754, -0.0035843293, 0.002434995, -0.0020083627, -0.0074696885, 0.03099759, -0.016617008, -0.0079253875, 0.009455098, -0.027407207, -0.030209519, 0.015385578, -0.0010328213, -0.01616457, 0.020408401, -0.037731726, -0.0117782345, -0.0018499484, 0.0017539721, -0.022277761, -0.021256426, 0.006228838, 0.009315291, 0.020098802, -0.0055458755, 0.008684014, -0.0049587674, -0.0043372847, 0.029710801, -0.014938892, 0.009510233, 0.022640433, -0.019701479, -0.0056874603, -0.020510811, -0.03254211, -0.0027790384, -0.0010494213, 0.0036904619, -0.0030036336, 0.0012502362, -0.02709662, -0.014657634, 0.014948821, -0.010977083, -0.006875499, 0.01521487, -0.01224841, -0.033330876, -0.004353409, -0.025777306, -0.0019730104, -0.006161186, -0.012137862, -0.020432578, 0.010473981, -0.022105182, 0.012945527, 0.023995198, 0.010028697, 0.037749145, 0.0078734225, -0.003955669, 0.018010378, 0.021754578, 0.015615552, 0.03854592, 0.023676595, -0.016555732, 0.035814535, -0.014040392, -0.0197915, 0.0008090637, 0.009430801, -0.022275683, 0.018529378, 0.022902908, -0.0040304903, 0.011951186, -0.0070962226, -0.0114507275, 0.0052031926, 0.007675572, 0.020066036, 0.00018961189, -0.0007377556, 0.02923538, 0.0110802185, -0.010920561, 0.01279752, -0.021927183, 0.0073458957, 0.033028413, 0.014900813, 0.0117662335, 0.004731526, 0.0073286216, -0.029876608, -0.012263163, 0.036131036, 0.008756974, 0.016655866, 0.027190888, 0.0075248037, 0.015124993, 0.017494243, -0.0031060728, 0.0020773266, -0.008847815, 0.010080568, 0.005299865, 7.274014e-05, 0.00931691, 0.004221594, -0.042210903, -0.045671474, -0.0023313302, -0.0072228806, 0.015830362, 0.008630375, -0.005962276, 0.008331313, 0.010731012, -0.04350237, 0.0037001355, 0.01816769, 0.036058445, -0.02463358, -0.010269803, -0.0018486199, 0.0013695728, -0.064011306, 0.00956736, -0.028241511, -0.0351454, 0.02787198, 0.0044975113, 0.0033242756, 8.755951e-06, 0.020041231, 0.016050072, 0.011938358, 0.026171062, -0.030675432, -0.03320713, 0.028544363, 0.0067676497, 0.012908809, -0.01223274, -0.016063053, -0.031496663, 0.0033298281, -0.0016255904, -0.0034235928, 0.0047630267, 0.017518962, 0.016715232, 0.0017188209, 0.050162334, -0.018829247, -0.024277534, 0.0011942836, -0.0043817246, 0.007135377, -0.029331207, 0.0014063065, 0.017932646, 0.018270953, -0.036445946, -0.00310345, -0.03628677, 0.013895894, 0.0045914175, 0.0006924045, 0.016764892, 0.0076169055, -0.014884291, -0.0027330816, -0.011041477, 0.027327022, -0.024167126, -0.003952522, -0.019947203, 0.0042136107, -0.001336049, 0.025038876, 0.016000109, 0.01115624, 0.013475751, -0.01266357, 0.0066031367, 0.019202419, 0.013924757, 0.019964714, -0.0101240575, 0.0010340359, 0.0018495155, 0.013288598, -0.008146701, -0.043036133, 0.016445039, -0.027614785, -0.0032160245, -0.0029657518, -0.02299513, 0.014003605, -0.006830172, 0.02957612, 0.015372202, -0.00230174, 0.011316448, -0.02069849, -0.0032642402, -0.009480834, 0.0029962626, 0.010849776, 0.018086735, 0.010368015, -0.019664146, 0.014511916, -0.01861941, 0.001201104, -0.012319062, -0.0048775943, 0.0024823488, 0.013442611, -0.030913053, -0.019042801, 0.003037532, -0.019302499, 0.014097237, -0.0071166675, 0.008598514, 0.016727079, -0.005451914, 0.026208604, -0.010232416, 0.015110678, 0.009228847, -0.020319786, 0.000120582146, 0.0324672, 0.012739718, 0.009506261, -0.0067906785, -0.020846613, 0.016906366, 0.0024115993, 0.028757362, -0.0067764907, -0.027914936, -0.0051974, 0.025539452, -0.028816532, -0.009123105, 0.02542925, -0.0051341713, -0.010015542, 0.0118267005, -0.011274566, -0.009863157, -0.010543144, 0.015520916, -0.0017351181, -0.019115265, 0.021053996, 0.0050796177, 0.016187176, -0.013273615, 0.018706447, 0.0030122881, -0.029146794, 0.025867302, 0.008204265, 0.013330698, -0.001129323, 0.026942182, -0.027155347, 0.0010675832, -0.012248463, 0.009189597, 0.012793629, -0.01836813, 0.009817047, -0.02760454, 0.0028829041, 0.010268782, -0.031174362, -0.008113944, 0.0042178174, -0.024883045, -0.027503068, 0.024512492, -0.002028838, 0.020077452, -0.00023780322, -0.0033895767, -0.016572967, -0.009735009, -0.0025511615, 0.0027589465, 0.006750712, -0.005401016, -0.008670485, -0.00070007413, -0.0004115113, -0.017343178, 0.017635288, -0.005223939, -0.036428884, -0.00018009833, -0.009408789, -0.0172719, -0.0075084916, 0.011628847, 0.012152745, -0.0011717806, -0.0038456824, -0.008083354, -0.025663573, -0.011819798, -0.0038695596, -0.017299121, -0.010876174, -0.012455911, 0.00012805745, 0.012390385, 0.037489664, 0.038381226, -0.029395469, 0.03075066, 0.0027030772, -0.015129429, 0.040946368, 0.009356797, 0.01982893, 0.014667749, -0.0056106164, 0.015688598, 0.01648936, 0.016689336, -0.019484365, 0.0032937434, 0.023489418, 0.03378528, 0.047542583, 0.015549213, -0.003779825, -0.016664552, -0.036162302, -0.0016229146, -0.016446777, -0.006241887, 0.02430172, -0.023867402, 0.0013962844, 0.011455302, -0.008030465, 0.028658474, -0.0049091354, 0.0046547414, -0.0029799314, -0.017625367, 0.009549527, -0.0038739825, -0.0014775286, -0.00038137694, -0.023071542, 0.012152558, -4.9911964e-06, 0.011307584, 0.0042171357, -0.00830717, -0.0025386545, 0.0020209358, -0.0029132813, -0.029086052, -0.0008265869, 0.002914132, 0.011971082, -0.007981325, -0.012574755, -0.019527568, 0.011478089, -0.0013190592, -0.0039798724, 0.019359572, -0.0057726847, 0.011910335, 0.00792956, 0.00569608, 0.025147777, 0.023349313, -0.0078233015, 0.0027658876, -0.021096593, 0.010457912, 0.019623611, 0.0026917984, 0.037372135, -0.104011275, -0.026667237, 0.012410215, -0.0061719837, -0.010087861, -0.011195187, 0.006099871, -0.026563728, 0.009249344, 0.008846692, 0.0022927267, 0.033192113, 0.016076727, 0.025764829, 0.00041570258, 0.00040976438, 0.018574292, 0.009185632, 0.009763946, 0.007667052, 0.0306536, -0.0011733734, 0.027292544, 0.0010516952, 0.0051547787, -0.016142886, -0.0029495656, -0.028024366, -0.008828846, 0.028979521, 0.005378279, -0.026135849, 0.015529955, 0.0396499, 0.009056686, 0.003894449, -0.0065050055, -0.010000075, -0.016526055, -0.007136578, 0.0059697516, 0.013162941, -0.0116757, 0.010705226, -0.011145969, 0.0026229923, -0.017196963, 0.0012991697, -0.027852248, -0.022699513, -0.014985968, -0.00014121087, 0.007347033, 0.007886514, -0.0076658786, -0.0057889605, -0.0043253363, 0.011618168, -0.0006642523, 0.02663738, 0.027004588, 0.013653705, -0.0074896947, -0.0032098077, -0.03616609, -0.021461224, -0.021699524, 0.014526575, 0.0015268598, 0.03084474, 0.00827964, -0.022784289, 0.03279008, -0.026375566, 0.008928873, -0.0048091263, 0.011271132, 0.038361374, 0.020797761, 0.013800433, -0.031432733, -0.026000604, -0.0989697, -0.0063330675, -0.001724602, 0.019676331, -0.009443186, -0.014817884, 0.018611921, -0.016619973, 0.008041437, 0.0052168383, -0.020552414, 0.035992622, 0.016926799, -0.014551649, -0.008226971, 0.00310808, 0.0016030567, -0.02520782, -0.013263276, 0.009474891, -0.007507422, 0.018708482, -0.0065691974, 0.0080702, 0.004522613, 0.008452883, -0.0014805187, 0.008827078, 0.0028595824, -0.02969541, 0.0035587582, -0.14013721, 0.011388716, -0.01854576, -0.005378946, 0.0041215234, -0.0013483765, 0.011928922, 0.0028830466, -0.022380235, -0.004236042, 0.015419411, 0.0150512345, -0.04604634, 0.018482974, 0.009955916, 0.11870684, -0.031974014, -0.012586459, 0.0008358802, -0.0040939585, 0.025595829, 0.0059597995, 0.0035089022, -0.017184021, 0.0026699698, -0.017123219, 0.026101861, -0.00062826567, 0.02504411, 0.0045042103, -0.0033432094, 0.015031831, 0.0030063097, -0.011237757, 0.007169113, 0.010932772, -0.020517929, -0.024523387, 0.021215487, 0.019906987, 0.024997113, 0.005943579, -0.033001564, -0.028842276, 0.021373235, -0.0013319922, 0.012976671, -0.03231643, -0.0063642147, -0.002216889, -0.029181091, -0.0955117, 0.012903768, 0.029368166, 0.046040878, 0.004280568, -0.024016937, 0.012070162, -0.021532906, -0.012065383, 0.0017515275, -0.007293074, -0.010992131, -0.012001842, -0.01676178, -0.01653186, 0.014659671, 0.004656629, 0.007427626, 0.00608085, 0.013262137, 0.01248565, -0.03760069, 0.003287566, -0.008172847, -0.018029949, 0.0005014199, 0.02658795, 0.037299845, 0.012161384, -0.015520224, 0.012759456, 0.014353958, 0.027395042, -0.005541918, -0.003476743, 0.039348762, -0.0024291459, -0.017746348, -9.0099886e-05, 0.01265765, -0.009029338, -0.014327212, -0.009786457, -0.009657437, 0.002056276, -0.02266327, 0.029283132, -0.017061701, -0.016157152, 0.012178946, -0.018472454, 0.0073355203, -0.014940842, 0.032353666, 0.023079153, 0.012836549, 0.011180517, -0.0021269831, 0.018481879, -0.004020881, -0.014845275, 0.00012829297, 0.00031598104, 0.00013498658, 0.013778902, -0.009481665, -0.009125292, -0.009865229, -0.018788792, -0.0032284427, -0.018923862, -0.016987259, 0.014983357, -0.009107195, -0.023631591, 0.01460791, 0.008837865, -0.004610452, -0.033703405, 0.013841411, -0.015281626, 0.00046008686, 0.010250467, -0.0055710212, 0.00085979706, -0.0019596561, -0.02111146, 1.0705451e-05, -0.0092207035, 0.0042568194, 0.0027810768, -0.007788074, 0.0008667897, -0.016888088, 0.003267981, 0.009156869, 0.011679847, 0.010296843, -0.026679626, 0.01137961, -0.0039146533, 0.0137612745, 0.0019445408, -0.00941308, 0.0016698749, 0.011035378, -0.023029717, 0.012288427, -0.008881832, 0.008257936, -0.021685515, 0.0013148512, 0.017946543, 0.0008357286, -0.017901475, 0.012370032, 0.0022819787, -0.003760604, 0.033290163, -0.01742264, 0.004823141, -0.018756293, 0.0011882937, 0.0007391608, -0.0025005506, 0.013853271, 0.0013141109, -0.0006295104, 0.0050106295, -4.3258304e-05, 0.009437458, 0.005941133, 0.021790812, 0.0013677416, 0.014387249, -0.0055168713, -0.009164798, -0.014013006, -0.00048116499, -0.010333269, -0.018110411, 0.02084247, -0.0098803295, 0.010330944, 0.021230666, -0.0107519515, -0.014946783, -0.0073366724, 7.616936e-05, 0.015563685, -0.010086056, -0.029905755, -0.0051207403, -0.02320914, 0.0025837822, 0.02005081, 0.007098231, 0.004412079, -0.014303916, -0.0052976185, -0.0022303273, 0.014846241, -0.031026546, -0.012866367, -0.019464727, 0.001848924, -0.002519428, 0.019460892, -0.010965821, -0.0044996566, 0.00088115263, 0.0077137165, -0.012615901, -0.0006540764, 0.0001900037, 0.00202344, 0.0054776655, -0.017266814, 0.015776819, -0.00048336101, 0.005558588, 0.021697722, -0.00021160797, 0.0019126957, -0.009996401, -0.0006181606, 0.0049318196, -0.00037742313, -0.010972511, 0.023935458, 0.0037048878, -0.0068187667, 0.001728803, -0.013989563, -0.008199273, 0.019691411, -0.0109828245, -0.020476017, 0.000724506, 0.013840483, 0.011188863, 0.018800113, 0.0057219067, -0.018088179, -0.03064603, 0.00027882482, 0.004265513, 0.010864559, -0.0038935996, 0.0030455787, 0.008048673, 0.005061269, -0.002480362, -0.00493647, 0.012311582, 0.0021757048, -0.014421198, 0.008801232, -0.02140125, -0.018217186, 0.011431276, 0.021159742, 0.0006524629, -0.021730574, 0.007445736, -0.004020609, -0.008290813, 0.0036483507, -0.0006366339, 0.0060366434, -0.017770069, -0.006433908, -0.005649491, -0.0012860693, -0.00013307766, 0.00025058165, 0.0004543382, -0.004088646, -0.017304078, 0.0005303852, -0.0017221834, -0.0013216112, 0.021836478, -0.020095946, -0.0010101869, -0.007088573, -0.0035678272, -0.0069451523, 0.005558081, 0.0071924413, 0.0033736948, -0.005407811, -0.0043322113, 0.008644664, -0.01867533, 0.001078494, -0.008725818, 0.016985483, 0.0012732124, 0.084233195, 0.011621617, -0.009136453, 0.0028012153, -0.0071947984, -0.0104673095, -0.0072149406, -0.008506056, 0.022699403, 0.007028444, -0.004308979, 0.0038660115, -0.0029796562, 0.008946078, -0.0094979415, 0.0074322885, 0.0015082343, 0.008824964, 0.008081651, 0.023533527, -0.00068689423, -0.009831966, -0.010876568, -0.011710392, 0.014232012, 0.0044431617, 0.010034722, 0.015172056, -0.003016565, -0.006142326, -0.0046116076, 0.02001873, -0.017297449, -0.0052804593, -0.013269092, 0.013752277, 0.003939789, 0.0066292128, 0.0030379884, 0.006906015, 0.0048512993, 0.0030269457, 0.0054194955, -0.014667223, -0.0057691294, 0.009674517, -0.0020690928, -0.0022704813, 0.00047428158, 0.0123279, 0.013779533, -0.010451297, -0.006521749, -0.0034149648, -0.005659322, -0.0038581276, 0.009494668, 0.0029758373, 0.009851927, 0.014137749, 0.012345323, -0.00390171, -0.000181356, 0.003015981, 0.010598129, 0.013754077, -0.00045745296, -0.010190531, -0.007867472, -0.004305874, -0.016564418, -0.00014254842, -0.0099272365, 0.0012233198, 0.02397133, 0.020993045, -0.0047658854, -0.011910875, -0.00512669, -0.010056709, 0.0061825067, -0.010367803, -0.0023351822, -0.0150746405, 0.008055797, 0.014828771, -0.0062308633, 0.010566437, 0.0027636776, -0.0072996863, 0.011952336, -0.008748419, 0.018271938, 0.009474176, 0.005061335, 0.009092289, 0.06765852, -0.0007538927, -0.004138045, -0.0031807902, -0.0048427056, -0.023236975, 0.006205979, -0.01313767, -0.004043985, -0.008639631, 0.014861636, 0.014718873, 0.006419261, 0.00939602, 0.0059280708, 0.007799901, 0.009548238, 0.0059734415, -0.007870505, -0.012266883, 0.010105739, 0.006085767, -0.011667281, 0.0073227887, 0.014269032, 0.007150358, -0.012938494, 0.037067045, -0.023817802, -0.00908959, -0.0145456055, 0.0044993684, -0.0056725657, 0.007139963, 0.0025576171, -0.008883652, -0.016312905, 0.00096768, 0.00072312326, -0.005903822, 0.0007457397, 0.0022156835, 0.015336417, 0.014863222, 0.00065132586, -0.0011674137, -0.019364713, 0.013368587, 0.013886105, -0.015080931, 0.00332532, 0.014265663, 0.0036928873, 0.009540465, -0.008321122, 0.00054571795, 0.0028414906, 0.0013601097, -0.0094998935, 0.0039917515, -0.018906271, -0.00051237084, 0.0032359436, -0.002040576, 0.015432569, -0.0023354646, 0.0050680405, 0.0002237795, -0.0045671696, -0.0024009272, 0.016990505, 0.016231276, -0.012250869, 0.0070619816, 0.02457806, -0.012289294, 0.0019405432, 0.008593321, -0.0044749286, 0.0064561786, 0.0014271841, -0.022702241, 0.011636677, 0.005800476, -0.011186818, -0.007870035, -0.008811132, -0.021797603, 0.0028274527, -0.011859358, 0.0025857007, 0.00045627565, 0.006830323, 0.0004630512, 0.020785328, 0.010072662, -0.0027356485, 0.009634815, -0.0017594872, 0.019292401, 0.0008525406, 0.005104284, -0.011492649, -0.002591337, 0.007052426, -0.008482542, 0.0054033045, 0.014565539, 0.008594351, -0.000341626, -0.00469256, 0.006118533, -0.010777609, 0.0024344325, -0.022940787, -0.011097841, -0.0035330271, 0.009320235, -0.00067949534, 0.007965473, -0.0139289955, 0.0011355575, 0.009860541, -0.007582475, 0.0015783067, 0.011525989, -0.007806766, 0.0032861603, -0.017068919, -0.015658947, 0.0084809465, -0.0029992813, 0.008643344, -0.025833393, 0.012703485, 0.01483523, -0.015110827, 0.002557321, 0.014177887, -0.0014897907, 0.011002525, 0.010844385, 0.01623913, -0.00950733, -0.0050896923, -0.009229661, 0.0133308, 0.0012731605, 0.007898737, 0.0041743205, -0.019302212, -0.0072015813, 0.00012169146, -0.0046147243, -0.00023670548, -0.0062748846, -0.0029204683, 0.0060325703, -0.015150796, 0.0026070285, -0.0096611455, -0.0610505, 0.028343786, 0.0030766076, 0.007010846, -0.008309708, 0.012093789, 0.0013052878, 0.013694785, 0.0036092645, 0.005345964, -0.00459259, 0.0033764257, -0.0009588309, 0.022805749, 0.008663155, 0.005130122, 0.00047671466, -0.011933068, -0.00856945, -0.0002772524, -0.022072215, 0.011238518, 0.014863229, 0.0057099783, 0.0026626682, -6.573319e-05, 0.015417618, 0.00096494344, 0.0022818735, -0.0034798486, 0.0055160825, 0.010407309, -0.0016886541, 0.009389426, 0.00658622, 0.009513876, 0.0068185125, -0.022982549, -0.0017569918, -0.011697677, 0.008077796, -0.01564587, 0.005703263, 0.0063394126, -0.0038250776, -8.068078e-06, 0.0017445943, -0.0009850892, 0.010456571, 0.007566464, -0.0018267884, 0.009241864, -0.011283827, 0.003581858, 0.0058850427, -0.01905192, 0.0069913343, 0.002376207, -0.009766703, 0.00420445, 0.004441121, -0.008983407, -0.012713215, 0.005045493, -0.014027055, 0.006923847, 0.0117532015, -0.00866298, 0.008811871, -0.010487579, 0.0015381504, -0.0018415533, 0.014789755, -0.008059731, -0.0032172576, -0.016396478, 0.01742256, 0.023850113, -0.018722845, 0.005682555, -0.0020513353, -0.017790759, -0.007491594, -0.0013647854, -0.013915978, 0.008902387, -0.0073178173, -0.006534194, -0.014410296, 0.0011533647, 0.011197682, 0.01604223, 0.0025982105, -0.002216199, -0.00030921612, 0.011508957, -0.008898271, 0.017158743, 0.018484447, 0.018581402, -0.012781419, -0.004898665, -0.010361134, 0.0016018411, -0.020185187, 0.01593985, 0.006077095, -0.004609014, -0.0067128167, 0.009224423, 0.02242934, -0.0026841678, 0.0021739237, 0.01327789, 0.0033109928, -0.0144408615, -0.0017879097, -0.014416246, 0.0078373905, 0.004662205, -0.03179336, 0.0076856953, -0.0038311405, -0.018502625, -0.0013891842, 0.013288843, -0.013522986, -0.0005059112, 0.005010843, 0.0011603311, -0.018265704, 0.0042601936, -0.0063418834, -0.010891548, -0.006803268, 0.011801828, -0.0039292607, 0.008490069, -0.0022283553, 0.004367585, 0.0069416068, -0.008509326, -0.0011725134, -0.0051596994, 0.016690753, 0.005397447, -0.0031572082, 0.011900467, 0.013143574, -0.0036257305, -0.0048312237, 0.0015736067, 0.015523273, 0.0052598207, 0.0018970838, 0.0061358614, 0.025392113, -0.013181992, -0.0031453632, -0.005405436, 0.006221002, 0.017199093, 0.0077553676, -0.026714025, -0.0048570703, -0.0051199934, 0.0019110421, 1.3409552e-05, 0.008868425, 0.00511324, -0.003864824, 0.004009966, -0.006213789, 0.010575169, -0.016301883, 0.011018417, 0.023193356, 0.00812881, -0.0065638465, 0.0006836933, 0.0026175573, 0.0024946665, 0.014259323, 0.023881184, -0.006276228, 0.003068456, 0.008883681, 0.00055018195, 0.0007567897, -0.0048768106, -0.0044933558, 0.012311842, 0.013549615, 0.0023592, 0.0007966435, 0.018825661, 0.007315608, 0.013953721, 0.026142137, 0.0047764443, -0.014612597, -0.0023569218, 0.005091743, 0.0042443536, 0.0033352624, -0.098479584, 0.010531961, 0.008401411, 0.013625315, -0.0028314157, 0.002522763, -0.010572483, -0.006213922, -0.0054748477, 0.00022735406, -0.0087329075, -0.005565811, -0.004367627, -0.009509919, -0.0020139867, 0.0032624276, -0.009518715, -0.012184695, 0.0051712277, -0.012649331, -0.021245806, 0.014697846, -0.004197869, 0.00978356, -0.0006952432, -0.005319011, -0.0109160775, 0.005283596, 0.007505454, 0.011136278, 0.0028035017, 0.0018362176, 0.020762524, 0.0014441335, -0.0008672633, -0.0057441904, 0.0042554038, 0.015612593, -0.13028605, 0.0015307445, -0.005727951, 0.004978586, -0.01262723, 0.0026475042, 0.0033143447, 0.020978585, 0.016654307, -0.009540817, -0.0023877989, -0.01188262, -0.0019429475, -0.01238003, -0.008112093, -0.0040535475, -0.008555424, 0.0034019828, -0.014103052, 0.011034451, 0.0058429632, -7.298169e-05, 0.0028844846, 0.012127055, -0.013994488, 0.011580093, 0.017306391, 0.0037216248, 0.017314348, -0.01106142, -0.00024408061, 0.010947052, 0.007790466, -0.0017814633, -0.0052478467, -0.005566799, 0.013110282, 0.004760914, -0.011595069, 0.010840606, 0.020004952, -0.0063377763, 0.01423646, 0.0036778671, -0.0028437092, 0.0025777454, 0.004716849, -0.014206698, 0.018968835, 0.021381587, -0.0030259935, 0.0025178904, -0.021837186, 0.0022453382, -0.002559407, 0.0003103649, -0.035080973, -0.0043263687, -0.009769866, -0.005981229, -0.0025972284, 0.006027583, 0.016012365, -0.007650165, 0.007493812, 0.004997308, -0.011953512, 0.0072497386, -0.0034443138, 0.029599477, 0.009880021, 0.0024066682, -0.014522622, 0.0062667215, -0.0049813674, -0.015163487, 0.016553639, -0.013201271, 0.0030010003, 0.01636952, -0.012028965, -0.022024158, -0.005139972, 0.021723274, 0.003380707, -0.00030596694, 0.0033237124, 0.00029192105, -0.008754719, -0.034670103, -0.00016866095, -0.006539226, -0.007948192, 0.018965967, -0.00450701, -0.0048514246, -6.916637e-05, -0.0005144652, -0.016079945, 0.00079787854, 0.019226441, 0.011844378, -0.0004887158, -0.01003675, 0.003005289, -0.004600725, -0.016176194, 0.006944627, 0.0052761086, -0.020581977, 0.020745862, -0.0015365379, 0.0140897995, 0.0017190997, -0.004995039, 0.015715342, -0.011290886, -0.0009937944, -0.032874953, -0.0039808755, 0.023212485, 0.0057604904, -0.0070540872, 0.015035901, 0.003968959, -0.014499158, 0.017784117, -0.011935079, -0.002603545, 0.014270044, 0.0054029534, 0.02581013, -0.010369822, -0.029209897, 0.007938997, -0.0033932398, -0.023753317, -0.024038168, -0.02743695, -0.014610338, -0.002789358, 0.028065804, 0.00020177741, 0.0085916305, 0.0019317729, -0.011733104, 0.019555844, -0.009665631, -0.008477582, -0.0031335917, -0.016000899, -0.0047172094, -0.0011130596, 0.008156876, 0.009803657, -0.0014653107, 0.01608009, -0.01714437, -0.004429059, -0.013997068, -0.004723998, 0.02040073, 0.0035497055, -0.00661879, -0.00010384592, 0.017506463, 0.0025141241, -0.0046204776, 0.006377239, 0.004515445, 0.008142904, 0.0059604575, 0.013705835, -0.012830574, -0.005465816, -0.00013918418, 0.009185552, 0.032262538, 0.022142833, -0.0058962377, -0.0056293793, 0.030275278, -0.0086868275, -0.016179133, -0.008815118, -0.004596275, -0.0060911, 0.0013507147, 0.014253576, 0.03611974, 0.001992995, 0.007290109, -0.027690059, 0.0016483298, -0.011952168, -0.018399177, -0.0029590335, -0.009188823, -0.010349311, 0.0035488056, -0.0045419605, -0.000561484, 0.012206993, -0.168432, -0.010736286, 0.00683746, -0.0029348822, 0.0013910275, 0.009458857, 0.00012529043, -0.017926173, 0.026581874, -0.0007541511, -0.011016099, 0.018800901, -0.003370527, -0.00963291, 0.0146068605, 0.0070371474, 0.004225296, 0.006369674, -0.0123817045, -0.02413641, -0.016872818, 0.009283592, 0.0077405684, 0.007862446, 0.009646771, -0.00054185395, 0.01086788, 0.0055874507, -0.0032990223, -0.008305346, 0.0003941408, 0.028439691, 0.004356257, 0.0017483563, -0.019220613, 0.0056385384, -0.015022499, 0.00072375516, -0.0010123866, 0.018737063, 0.0025933902, 0.0149740055, -0.0149684, 0.0070539955, 0.0015419188, -0.00042284062, -0.020986564, -0.009932511, -0.010974583, 0.0014895077, -0.006058628, 0.006250162, -0.015605853, -0.015842661, 0.005264629, -0.0010266773, 0.01506577, -0.013241597, 0.007967921, -0.0069621336, -0.015262699, 0.0055781077, 0.021883171, -0.008672906, -0.013882786, -0.0019388964, 0.0016202066, 0.14832349, -0.035792265, 0.003362655, 0.013369386, -0.009179178, 0.010239581, 0.004318773, 0.0031192573, 0.0065697315, 0.010212502, -0.006829266, 0.008848933, 0.009321483, 0.016292019, -0.014469649, -0.009126743, -0.012303448, 0.01699779, -0.013961393, 0.0057385685, -0.0060418816, -0.007909097, 0.015883092, -0.017017676, 0.0058636977, -0.001439721, -0.024680033, 0.013022366, 0.01108487, 0.03271058, 0.015266709, -0.009323866, -0.018805249, -0.021924334, -0.004248448, -0.0061708665, -0.0114146015, 0.003487043, -0.007183391, 0.0018133391, 0.019372005, 0.028094355, -0.004148762, -0.0155713465, 0.01648929, 0.013217727, 0.00814998, 0.004076751, 0.0054764687, 0.0074461885, -0.01779964, 0.004461493, -0.010928782, -0.015781343, -0.00050203846, -0.023578271, -0.006799946, 0.016373726, 0.0065496094, -0.0007570367, 0.016709752, 0.0002714635, -0.007278368, -0.0057549113, 0.0026814442, -0.00019129844, -0.016109215, -0.010512844, -0.032708902, -0.12559095, 0.009571101, -0.006445652, -0.014463959, -0.009992336, 0.0073868237, 0.024819832, 0.008019062, 0.008030151, 0.0028454205, -0.006422239, 0.005201935, -0.014668574, 4.914009e-05, -0.0024141471, -0.0022782688, -0.007825789, -0.0029752862, 0.037421353, 0.011855395, -0.008544891, 0.0010699036, 0.0031697955, 0.003909819, -0.030841442, -0.011952173, 0.00514959, 0.002697104, -0.0049471576, 0.016589649, -0.006674108, -0.0058180667, -0.0043016006, 0.00249865, 0.00057340035, -0.0028643163, -0.013340071, 0.012074531, 0.005957724, 0.0013337844, -0.010854705, 0.010210654, -0.011718902, -0.013018689, -0.0101245325, -0.011920343, -0.015945526, -0.01994707, -0.00080569903, -0.0074614873, -0.009665924, -0.015515264, 0.014036808, -0.0024031692, -0.029384695, 0.006501176, 0.02590717, -0.023967754, 0.034848925, 0.010878661, -0.0011289226, -9.0962734e-05, -0.010340581, -0.0037439333, -0.00010916315, 0.0008354137, 0.010835907, 0.028071994, -0.013761252, -0.016531415, 0.00307051, -0.00041490787, 0.0017298617, 2.2357917e-05, 0.02211652, 0.0011012275, 0.0030470367, 0.012183129, -0.021805594, 0.0096789645, -0.02446323, -0.028930781, 0.0007237244, -0.012545378, 0.02998593, -0.026090551, 0.0027147897, -0.00027777307, -0.0033617597, -0.005564654, 0.00023097554, -0.007307466, 0.008072283, 0.010383718, 0.016276352, -0.0024161213, 0.00045412028, 0.008405219, 0.010551504, -0.003206425, 0.013784964, -0.010439625, -0.012579464, -0.0032217195, -0.0023443669, -0.013577754, -0.0024955347, -0.0056858463, 0.01626705, 0.01157468, -0.014923845, -0.00095939636, -0.022933058, 0.011087631, -0.012543133, -0.005645326, 3.6579284e-05, 0.0011005383, -0.009183351, -0.009824047, 0.024681134, -0.010972582, 0.011510738, -0.016494242, 0.017745513, 0.005163189, 0.0023800079, -0.009067471, 0.028948167, -0.009142051, 0.012659646, 0.01022001, -0.0039447723, 0.0040387237, 0.018637944, -0.01463438, -0.0032801838, 0.033190854, 0.021545, 0.0121909315, 0.007483685, 0.0069150305, -0.009372972, 0.00010596034, -0.009986399, -0.028565828, -0.008438224, 0.0034624876, 0.004445778, -0.014527778, 0.020655438, 0.0066996804, -0.004737892, -0.011260519, 0.0056383493, 0.019483259, -0.0090210475, 0.0015894813, 0.003790445, 0.0039037832, -0.010796484, -0.0021893745, 0.007558257, 0.00634891, -0.0017444687, 0.011158879, 0.010926043, -0.009715023, -0.001200386, -0.028708732, -0.013406979, 0.010553443, 0.0052317637, 0.0021929252, 0.01239191, 0.018538002, -0.0020988176, 0.013088267, 0.01016579, -0.05923198, 0.0050482987, -0.0011622316, 0.0020279654, -0.010282781, 0.011948543, 0.0043041543, 0.00092005514, -0.015780857, -0.012408973, 0.0251609, 0.0132890325, -0.00755365, 0.010196937, -0.01371946, 0.008253602, 0.0037189932, -0.014581771, 0.019683486, -0.0224323, 0.017337026, -0.0006057145, 0.011032732, -0.01587849, -0.0047601764, 0.002192299, 0.023439407, 0.0059492625, 0.013300799, -0.007589526, 0.008844071, -0.031555295, -0.016262798, -0.0035632062, -0.0037021218, 0.013302939, 0.01888036, -0.011903518, 0.015364576, -0.059559334, -0.004324375, 0.01783361, -0.07500311, 0.028297372, 0.00024740936, 0.0020569633, -0.0058677383, 0.017288756, -0.016428936, 0.016084336, -0.003547766, 0.009282587, -0.0250063, 0.012440068, 0.02856333, -0.012493073, 0.0043328586, 0.023767916, -0.008429982, -0.0052426634, -0.02023802, -0.003861413, 0.007069775, -0.000264958, 0.0054561757, 0.004307414, -0.020273233, 0.004350516, 0.014426708, -0.013817991, -0.009037894, -0.023651369, 0.025854988, -0.00054308644, -0.005944491, 0.0036253284, 0.013266021, -0.016322214, 0.0057924404, 0.0130741475, -0.002888799, 0.01377169, 0.016798044, 0.05444269, -0.004929214, -0.010019835, -0.01615722, -0.097266436, -0.014412714, 0.0032069262, -0.0044599655, -0.004008022, -0.0020438994, -0.0041174493, 0.06868749, 0.017229278, 0.0050567808, -0.00948915, -0.025510825, -0.009259375, -0.027238747, -0.013857979, -0.016901067, -0.015085983, -0.007422866, 0.025837027, 0.011213138, -0.006669887, -0.0018265329, -0.008949887, 0.0059710606, 0.011061976, -0.049433693, -0.006051948, -0.022240775, 0.0005884023, -0.0071509792, 0.00095154764, -0.014146702, -0.0022442294, 0.013045167, 0.014973616, 0.0115675805, -0.00985246, 0.0041254824, 0.004377293, 0.013904499, 0.007116922, -0.013859213, -0.002248632, 0.015276101, -0.009858477, -0.016745977, 0.0132980095, -0.0064403643, 0.014834009, 0.013608263, 0.0050884513, -0.020832038, 0.016668286, 0.017847605, -0.024971498, 0.004522429, 0.00023702375, -0.047791712, -0.00049856177, -0.0135368155, -0.01604247, -0.001880503, 0.005214863, 0.0032719146, 0.0026834896, -0.011133882, -0.020273987, 0.0002542085, -0.010608552, 0.008614785, -0.009830626, -0.017207777, -0.006019606, -0.01564936, -0.00039760664, -0.002424729, 0.0019533646, -0.0009953763, -0.020938545, -0.0038594003, -0.008589098, -0.0029362487, -0.0074313786, 0.009260308, 0.010585864, -0.007960146, 0.012245138, -0.0036607434, 0.019030308, 0.00072933506, 0.025143826, -0.0051794024, -0.0038524105, 0.024837982, 0.03654235, 0.0031650877, 0.0035285386, -0.011747952, 0.00028839038, 0.013980462, 0.009509115, -0.004514726, -0.016392017, 0.0035085315, 0.005111645, -0.010464764, 0.011115942, -0.018493578, -0.016529774, 0.0059121875, 0.005085189, -0.015688105, -0.003962783, -0.0011281215, -0.0016834477, -0.013837837, -0.020789344, -0.017275928, 0.007541102, 0.010338598, -0.013850115, -0.0069238977, 0.0011352394, -0.022849912, -0.011033105, 0.026461529, 0.02671429, -0.0027185888, -0.0020484545, 0.0074750297, -0.009282814, 0.016096994, -0.0047204294, -0.007233564, -0.0067989444, -0.02868446, -0.015979262, -0.0110036675, 0.006158861, -0.007208644, 0.00087923, 0.0075282003, -0.0005702086, -0.0061912057, 0.04104866, 0.009773498, -0.00046442868, -0.0018682233, -0.033459075, 0.003319287, 0.027894573, 0.012241655, 0.0069709234, -0.005715338, -0.037847053, 0.0072460957, 0.0035275908, 0.013380983, 0.016460473, 0.012610865, 0.025817757, -0.0064596073, -0.0016222534, 0.00660771, -0.0275633, -0.0046046386, 0.0024633422, -0.02879035, 0.010736254, -0.0020436412, -0.01687249, 0.0011685882, -0.019451782, 0.006995813, 0.017019205, -0.025855485, 0.003980533, -0.0068967557, -0.0026186788, 0.017290384, 0.0070865615, 0.0036479745, 0.017866323, 0.0111978995, -0.006172908, 0.009300299, -0.023215504, -0.011803608, 0.010127037, 0.016275518, -0.027331995, -0.0017930215, 0.022817576, -0.019455686, 0.010592234, 0.0008940209, 0.0013867255, 0.0049753417, -0.005781155, 0.026561039, -0.014905362, 0.02126554, -0.020933246, -0.034345087, -0.026661396, 0.014453147, -0.019138819, -0.0063571637, -0.024675377, 0.016047878, 0.0011388068, -0.001129971, -0.0039377543, 0.022643166, -0.02185246, -0.014650698, 0.009685633, -0.021876404, 0.008993967, 0.008776568, 0.0013177253, -0.011787698, 0.032254815, -0.004542936, -0.001396054, -0.02056516, -0.02893248, 0.00038839722, 0.011382172, 0.0031947976, -0.007500829, 0.016925763, 0.00687442, 0.00828754, -0.003097533, 0.016906733, -0.0007848881, 0.015116815, 0.004955487, -0.022180479, 0.006359495, -0.007118792, -0.0084639955, 0.015892634, -0.022582538, -0.020257222, -0.018053425, -0.019244075, 0.008420896, -0.0027089077, -0.0066168425, -0.009099933, 0.011122653, -0.042011287, 0.0039844457, 0.0035089967, 0.009266253, -0.020218136, 0.0037360818, 0.014485953, -0.0042856205, 0.021458467, -0.038178317, 0.008808823, -0.020072212, -0.017037433, -0.0153759485, 0.014142858, -0.0048188795, 0.0031542394, 0.0073804394, 0.012956294, -0.00022004264, -0.006117191, -0.0102935545, 0.0063639623, -0.009598484, 0.017541522, -0.00591045, -0.00033928914, -0.003861429, 0.01680961, 0.024031807, 0.0043128533, 0.017571589, -0.008255414, 0.0056517967, 0.0038710444, 0.020088565, 0.021290991, 0.031717848, 0.0011143144, -0.0003570223, 0.004785168, -0.01126734, 0.009435572, -0.017825732, -0.01959641, 0.0047550816, 0.010770411, 0.0067027803, -0.0030181657, 0.028364291, 0.014097004, 0.017681736, -0.0052438956, 0.0046756943, 0.00046622698, -0.0025250968, 0.015014068, 0.0013062197, 0.012702594, 0.013311781, 0.0012319825, -0.0054342765, -0.018112231, 0.006867436, -0.013762717, 0.0009768417, 0.033675358, 2.040477e-05, -0.008019596, 0.0030303174, -0.0052774833, 0.0043443055, -0.018209368, 0.0010440933, -0.024403526, 0.007935216, -0.0018356659, -0.01449702, 0.007910156, -0.017144091, -0.015874421, -0.0002773898, 0.0074916314, 0.0086737005, 0.008911106, 0.028961021, 0.007180331, -0.02068293, 0.020761589, 0.0024783849, -0.014482351, 0.0154402545, 0.015756441, -0.009135755, -0.0031976595, 0.012361534, -0.00807877, -0.004523181, -0.013321969, 0.00139619, 0.0019060548, -0.0053752423, -0.042886674, -0.0021608777, -0.0103220185, 0.030951342, -0.01167071, -0.031629294, -0.01975753, -0.0047523584, -0.0033360352, -0.0060914084, 0.0023349875, 0.007500668, -0.0016309286, 0.0018538232, 0.0034724348, -0.023741089, -0.016598864, -0.0062878546, -0.003462081, -0.0007564233, 0.003537729, -0.016851544, -0.0013351153, -0.004716434, -0.00894764, -0.011554143, 0.026099691, -0.00950123, 0.0035169837, -0.0076421453, 0.009605985, -0.018822767, -0.00879486, -0.026669553, 0.009288707, -0.004272866, -0.0029492702, 0.006757774, 0.00687666, 0.004670666, 0.0033425202, 0.020528475, 0.004922782, 0.014539877, 0.0071463673, 0.006956412, 0.01788522, 0.0053500053, -0.014460909, 0.016139269, -0.0045243287, -0.0004872919, 0.023314796, 0.024490274, -0.038549364, 0.009546096, 0.024085782, -0.0039355913, 0.0035080952, -0.013816994, 0.016830334, 0.0019547942, 0.014853702, 0.017437942, -0.0056298375, -0.0028361485, 0.022458348, -0.001764488, 0.002487563, -0.008482439, 0.019261967, 0.010665347, -0.012571629, 0.010384886, 0.005383343, 0.0020518387, -0.010036069, -0.008685059, 0.007794099, 0.021265209, 0.02217792, -0.03411293, -0.00012694449, 0.014102072, 0.011199131, 0.0009859382, 0.012003267, -0.02006079, 0.018677738, 0.021174448, -0.004663375, -0.017617939, -0.0022865813, 0.0025617538, 0.010203786, 0.0060434863, -0.005661112, -0.008762664, -0.020903125, 0.0052984757, -0.0034473115, -0.010325131, 0.014241593, -0.004791611, -0.0022820795, -0.012650859, 0.0020026453, 0.005568147, -0.00783307, -0.009667441, -0.0019562498, 0.010783385, 0.002688215, -0.0015755155, 0.0039018004, -0.034490187, 0.0011423017, -0.068381965, -0.0072363364, -0.0022564852, -0.010634484, -0.013851299, 0.0032871505, -0.012186928, 0.0010574865, 0.03143898, -0.028800841, -0.011039594, -0.008280686, 0.01151358, -0.001834639, 0.0051121553, -0.016702883, 0.0074089435, 0.006444533, 0.020187598, 0.016314112, 0.013192639, -0.024082579, 0.022601048, -0.0015511569, 0.0044514416, -0.026909688, -0.005494525, 0.0101947, -0.008916382, -2.957503e-05, -0.012226208, -0.015207394, -0.0071623796, -0.00986311, 0.019954132, -0.006089772, -0.0039028965, -0.031279903, -0.0038788381, -0.004771426, -0.0094412975, -0.000870581, 0.014923006, -0.01725132, -0.015793001, -0.025021492, -0.03303334, 0.01537894, 0.003724256, 0.0050743585, -0.0179617, -0.015320613, 0.035575118, -0.00018717867, 0.00905359, 0.0058171875, 0.011309964, 0.020382171, 0.011492043, -0.0061914325, -0.013579014, -0.005572336, -0.007963507, 0.00046535302, -0.01863218, -0.01762359, 0.0046854382, -0.012847393, -0.025873434, -0.021841684, -0.0075695897, 0.0018808758, 0.043755963, -0.0051537305, -0.02872978, 0.013234399, -0.022567594, 0.0050285407, -2.239453e-05, -0.0027481562, -0.014744895, -0.0014018511, -0.035167195, -0.021362238, -0.013876613, 0.010637516, 0.007519884, -0.03910133, -0.0067425226, 0.00036411753, 0.015917657, 0.01383515, -0.011075561, 0.0073062778, 0.011872395, -0.013057481, 0.0074738646, -0.0015453639, -0.0026972888, 0.010339643, -0.0005290881, 0.008033183, 0.0061077075, -0.013561807, -0.002212973, 0.002967283, 0.008512754, 0.0005698954, -0.0033746916, -0.01742225, 0.003733466, 0.007401676, 0.009498506, -0.0095432745, 0.016977431, -0.0038268121, 0.009638927, 0.010480913, 0.009560289, -0.009588385, 0.009177198, 0.0041628275, 0.003248238, -0.018123262, -0.020694375, -0.023323542, -0.011417503, -0.021971295, -0.0066885008, -0.00056796777, -0.0051397714, -0.024382016, -0.011345061, 0.0024005019, 0.003453011, -0.003749357, 0.018168122, -0.008656138, 0.012825139, 0.035191175, -0.007395931, -0.021538269, -0.0061948905, -0.0065442086, 0.010371772, 0.003252237, -0.008361853, 0.0030372802, -0.011831254, 0.011518235, -0.0013262047, -0.01634684, -0.0017718337, -0.012293739, 0.014355933, -0.0078091566, 0.015510747, 0.0023210903, 0.0165104, -0.009194312, 0.012284498, 0.009685641, 0.014836686, -0.001430591, 0.011277704, 0.008987836, -0.00035153868, -0.00015939487, -0.0017922322, -0.0028079303, 0.009508993, -0.0018334792, 0.0085254535, -0.025920086, -0.032146804, 0.03180308, -0.007697028, 0.009979752, 0.0018480392, -0.0017809191, -0.0021884488, -0.01924759, -0.009883732, 0.008864454, 0.027385157, 0.01876108, 0.041550223, 0.010835778, 0.0075333603, 0.0005622429, 0.0016812076, 0.01292599, 0.029784394, -0.0019619018, -0.010688827, 0.022089556, 0.020654025, 0.0062675783, 0.013329976, -0.0070799696, -0.008460199, 0.017732613, 0.008184105, -0.0033712825, 0.01333681, 0.0064962804, 0.007918005, -0.0005524738, -0.021775499, 0.0219659, 0.018181697, -0.0047176215, -0.0060410053, 0.0012778088, 0.17412652, 0.11881185, -0.022443077, 0.0026990557, -0.010722113, -0.002117695, 0.008955062, 0.004090659, 0.0043414985, 0.010336679, 0.0035518964, 0.015693849, 0.0054915, -0.008323911, 0.010318543, -0.0032629806, 0.023912659, -0.005017418, -0.023261588, 0.0068277027, -0.00095456635, 0.008868281, 0.0006734834, 0.0008078973, -0.022140786, 0.021766186, 0.01422833, 0.010626511, 0.01473084, 0.018703401, -0.0021424997, 0.005693068, -0.0048972475, 0.012426517, 0.009446009, -0.017478652, -0.011494236, 0.016771147, -0.0053733815, -0.01002723, -0.011068007, 0.004772345, 0.007238241, -0.0011367848, 0.02366436, -0.016423646, -0.012102907, -0.0001820621, -0.00852693, -0.0076599754, -0.006094875, -0.005018165, -0.0093309255, 0.01938901, -0.016054843, -0.029369272, -0.033625744, 0.01254471, 0.003088703, 0.012953868, 0.018075662, -0.0034046846, -0.011518232, -0.00088718056, -0.008197125, -0.0031537537, 0.025758708, -0.001645767, 0.012610575, 0.033080187, -3.6856652e-06, 0.0049870256, 0.001136812, -0.0074961795, -0.01318642, 0.017583285, 0.00885486, -0.038244933, 0.024784919, 0.023103833, -0.0029682037, 0.001103712, 0.0076083937, 0.025475962, 0.018612955, -0.012431161, 0.0040210844, 0.024560008, 0.09783496, 0.002822849, 0.017719181, -0.013323952, 0.025719866, -0.023645418, 0.019186066, 0.043560807, 0.016734177, 0.010950959, 0.017573606, -0.023408214, 0.01602401, -0.029111028, 0.015925273, -0.005282736, -0.0062246653, 0.037969295, 0.0034002434, 0.014300071, -0.030560909, -0.0009529814, -0.018435052, -0.004120622, 0.0070843524, -0.0032760168, 0.002244198, 0.014640554, 0.008888726, -0.019253913, -0.09682787, -0.020830218, 0.0025876567, -0.0024552515, 0.0061733834, 0.01849153, -0.014763758, -0.02091281, -0.020985208, -0.007782561, 0.011448472, 0.003093916, 0.0064683245, 0.0048160674, 0.0082565695, 0.0070909816, -0.002743956, -0.0052062958, 0.013439895, 0.00065194385, -0.020712575, 0.005207044, -0.008416297, -0.0022730357, -0.007464488, -0.015626933, -0.020255564, 0.0059078, 0.015802344, -0.03557758, -0.00035487753, 0.004399616, -0.039261222, -0.011534532, -0.007214772, 0.010314828, 0.012681531, -0.0074263476, 0.012783259, -0.011877775, 0.023585461, -0.027226623, 0.0058909906, -0.023608806, -0.0024074018, 0.012529961, 0.021684138, -0.015850216, 0.0007592838, 0.003003401, 0.036243986, -0.0027181862, 0.027018234, 0.002278661, 0.0069666156, -9.551886e-05, -0.001292804, -0.008573683, -0.0068714917, 0.013318221, 0.020655181, 0.010172274, -0.024884932, -0.0043938947, 0.0023032064, 0.0113314735, -0.00757553, -0.004735941, -0.03101622, -0.006108775, -0.004516571, -0.015188315, -0.0012193285, -0.0045183366, -0.00649463, -0.014881681, -0.039805066, -0.0072808443, 0.0033607006, 0.014693418, 0.0040605282, -0.014161488, -0.0108941775, 0.10965756, 0.025401583, -0.0062489826, 0.008160028, 0.018802056, 0.00653267, -0.002291368, -0.014492244, -0.018309256, 0.0031814543, -0.0012600024, 0.026843952, -0.0014154019, -0.0072112926, -0.014954447, 0.005022729, 0.02541605, -0.0027844014, 0.025928399, 0.0005852185, -0.023982042, -0.011729236, -0.006843866, 0.0006445216, -0.010889112, 0.005456448, -0.007124153, -0.012895338, -0.011728884, 0.0008282438, -0.0021745055, 0.022065079, 0.018238965, -0.021907195, 0.0009719508, 0.008661374, -0.009224419, 0.0030668126, 0.0021608644, 0.00019446187, 0.0229036, 0.03005398, 0.014438896, 0.0054687695, -0.043813348, 0.18515536, 0.008231524, 0.000222108, -0.0046351133, -0.0132625485, 0.00783562, 0.0039623166, -0.0050279163, -0.0066171014, -0.007686552, -0.00051512645, -0.010449767, 0.0062500862, 0.0125616165, -0.026380872, -0.010805371, -0.004145245, -0.021264153, -0.0054213293, 0.019207377, 0.0012045567, -0.0055551594, -0.014742842, 0.008494476, 0.003113063, -0.025883965, 0.02339332, 0.017897487, 0.0010912482, 0.0033547538, 0.010135192, -0.013509156, 0.0046616048, 0.0024489542, -0.013382512, 0.013326375, -0.004934756, -0.028725713, -0.0037563185, 0.0033974594, 0.006607337, 0.0040407386, -0.026207209, 0.0020236422, -0.014004625, -0.014267228, -0.02228796, -0.006426299, -0.017699843, -0.020845558, -0.015170888, -0.0038388537, -0.018874258, 0.016477438, 0.015213618, 0.012052787, -0.00314877, -0.012302013, -0.004096453, -0.012231025, -0.014038836, 0.04188944, -0.033264063, 0.0039489404, 0.020683112, -0.008696009, -0.024380255]"
Operacion Golfo de Mexico: activistas acusan intimidacion con helicopteros extranjeros durante protesta contra SpaceX,https://oem.com.mx/elsoldetampico/img/25409740/1756156275/BASE_LANDSCAPE/1200/image.webp,Tamaulipas,no descripcion,https://oem.com.mx/elsoldetampico/mexico/operacion-golfo-de-mexico-activistas-acusan-intimidacion-con-helicopteros-extranjeros-durante-protesta-contra-spacex-25409669,"[-0.017288206, 0.011445658, 0.019646224, -0.100554146, 0.005228511, 0.039325643, -0.013041039, 0.0078079198, 0.003796798, 0.02421146, -0.004995216, 0.031946536, 0.021674532, -0.010387595, 0.105038665, 0.028666466, 0.004854448, 0.008023882, -0.0005749886, 0.036869805, 0.019614626, -0.030573336, -0.004053904, 0.013967474, 0.020708933, -0.0014873253, 0.006632603, 0.008771769, 0.027938012, -0.0074818875, -0.0010195719, -0.02109423, 0.02057973, 0.016223896, 0.011192525, 0.03213798, 0.020364864, 0.0004182907, -0.008616908, 0.011137358, -0.033697393, 0.008211939, -0.0050567486, -0.004239498, 0.005957147, -0.008046031, 0.030102514, -0.016391603, 0.013888011, 0.013789507, 0.0041013174, -0.010602215, 0.0140089, -0.18002799, -0.009137667, 0.015759671, -0.005452335, 0.0055610863, 0.013277074, -0.03290615, 0.009774219, 0.023922749, -0.010167897, -0.019095905, 0.012944054, -0.006424955, -0.0060266266, -0.0042620488, -0.005332764, 0.007382248, 0.008427553, -0.0056745936, -0.00034943657, -0.028196797, -0.014667964, -0.0006808936, 0.018393, 0.0105001265, -0.017108548, -0.01472149, -0.007281, -0.016792115, -0.021328676, -0.012118983, -0.014355968, 0.015963433, 0.0028923005, -0.02640194, 0.00014491161, 2.0509113e-05, 0.0009121012, 0.034199584, -0.0019752062, -0.0022893916, -0.009982976, 0.008920673, -0.0144903315, -9.5730284e-05, -0.015575079, -0.008007119, -0.014458289, -0.025021235, 0.0007001634, 0.008022842, 0.0014658553, -0.0020671524, 0.0070793903, -0.027207373, 0.008301701, -0.00021511452, -0.018842028, 0.012050507, -0.014533753, 0.041484848, -0.006613787, -0.12193083, 0.0018675809, 0.005771061, -0.005244889, -0.0037211033, -0.010691471, 0.032353915, -0.004788563, 0.012910015, -0.028515719, -0.02305671, -0.01869182, -0.0064264056, -0.007068785, 0.0016579862, -0.004444469, 0.0003378871, 0.0064453054, 0.008580123, -0.0027868021, 0.021999313, -0.01797083, 0.02473739, -0.027386367, -0.02332787, -0.012704563, 0.014847891, 0.033094067, -0.020717306, 0.012145812, -0.0071950387, 0.0023832647, 0.017482024, -0.014866519, -0.010965102, -0.010566833, -0.01612059, 0.0015171838, 0.0065695657, -0.027418407, -0.064700395, 0.0044457554, -0.01922544, -0.008430445, 0.018985648, 0.0127039505, -0.0153796, -0.007186777, 0.009656353, 0.00028815866, -0.008278324, 0.013260996, 0.030267911, 0.00800803, 0.009640547, 0.019101713, -0.006144079, 0.00801665, -0.006884647, -0.012805469, 0.007971046, 0.006895111, 0.015732687, -0.02070075, -0.0017429866, -0.035071902, -0.0011768434, -0.027201004, 0.009180586, 0.013877824, -0.041080076, -0.043650895, -0.00581567, -0.022585656, -0.009291513, -0.021863468, -0.014074616, -0.0037452755, -0.03328087, 0.006290798, 0.0026120262, -0.016150022, -0.0061097643, 0.0055195442, 0.0035104693, 0.034621052, -0.008198738, 0.0062170755, -0.006488799, -0.01445046, -0.0039366456, 9.666613e-06, -0.002432697, 0.0028344349, 0.010939831, 0.0021233358, 0.010812124, -0.0063857366, -0.01781272, 0.027765954, -0.00077142485, 0.014860458, -0.0006633786, -0.008375154, -0.003390248, 0.036534227, -0.0047718077, 0.005208183, 0.0112891495, 0.013739002, -0.009764655, 0.03293026, 0.005717924, 0.012225401, 0.011355734, 0.014343808, 0.0015978784, 0.02017425, -0.0014211055, 0.0039479444, 0.0044303476, 0.01134274, -0.001974842, -0.0045445375, 0.008031378, 0.007916748, 0.012865129, 0.0001598779, -0.046133842, 0.008073434, 0.032438543, -0.005982243, -0.0068590334, -0.028143553, -0.0039378675, 0.007816336, 0.020270484, 0.008212516, -0.0051029483, -0.010397826, -0.00040933868, 0.030430308, 0.02274359, -0.009703857, -0.016071193, 0.021241514, 0.0061258343, -0.02085848, -0.0039431723, -0.0020835397, 0.021810453, 0.0023100888, 0.005277108, -0.014298421, 0.010994649, 0.0050582117, 0.03477368, 0.018380055, -0.02876473, -0.01064667, 0.026523411, -0.062388986, 0.025205923, 0.016267238, -0.00044440225, 0.0016867006, -0.0014170206, 0.00014628065, -0.0012196196, 0.015775694, 0.031716913, -0.014188283, -0.004387474, -0.005668444, -0.009217811, 0.0072221323, 0.016569078, -0.007894199, 0.010009754, 0.0101928245, -0.019103713, 0.022547701, 0.01125436, -0.012728051, -0.016372258, 0.031284038, 0.0026165845, 0.0025820765, 0.030261042, -0.017925475, -0.0077673425, -0.002791805, -0.0019110336, -0.026169987, 0.006369955, -0.034547694, -0.012983481, -0.014003245, -0.043148518, 0.00032617713, -0.019968277, 0.008072041, 0.028620299, 0.03045011, -0.00036004116, -0.019827906, -0.023953727, 0.002585723, -0.0037810265, -0.0029284277, -0.006181432, 0.006394861, -0.0006421251, 0.0010805652, -0.0025272844, 0.00796253, 0.032017723, 0.009780072, 0.009682179, -0.006627485, -0.00012508461, 0.0017428878, 0.0036220187, 0.033305578, -0.011293543, -0.011152957, -0.010794956, -0.022239443, -0.001579455, -0.025761096, 0.015922405, 0.018328866, -0.020336207, 0.0056677354, -0.036750108, 0.02299277, -0.022806333, 0.0103150625, 0.0011348977, -0.015443268, 0.0040630572, -0.019117776, -0.005532795, 0.0009191347, -0.0090640355, 0.00993454, 0.021695133, 0.005364916, -0.018646406, -0.018867997, -0.032102063, 0.012471872, -0.010000626, -0.030485103, -0.007881221, -0.0069231186, 0.008277532, -0.0069441507, 0.002590924, -5.0585168e-05, -0.021736844, 0.0011110308, 0.0023879774, 0.00437292, -0.004074344, 0.042024378, -0.01788262, 0.00082378014, 0.006318741, 0.0015110666, -0.011732409, -0.009733498, 0.005412841, -0.0019866964, 0.015270186, -0.0043834765, 0.01965298, -0.0031024218, 0.007439385, -0.022309668, -0.030446718, -0.0019412185, -0.0039502378, 0.016987044, 0.01818008, 0.007715365, -0.021057067, -0.0054238625, -0.008689144, 0.0064357915, -0.020989975, -0.03390357, -0.008421846, 0.015258827, -0.008883435, 0.01334926, 0.009337457, 0.03688517, 0.04666492, 0.009067695, 0.009088703, -0.014466368, -0.00063463027, -0.0037291823, 0.031994466, -0.0039463798, 0.015599838, 0.0003475161, 0.02847659, -0.004930917, 0.034768496, 0.001666446, -0.030525673, 0.002473978, 0.01390698, -0.0006891524, -0.0023356644, -0.0149269365, 0.02878084, 0.011146582, -0.009117901, -0.014710427, 0.0026580368, -0.024294069, -0.01030907, 0.021694906, 0.011905709, 0.018990126, 0.0042597414, 0.03753417, 0.017036635, 0.0021092114, -0.014613127, -0.0005986952, -0.0032906644, -0.0067702257, -0.002313846, 0.030434262, 0.00072015834, -0.000739416, 0.015656793, -0.013784963, -0.016337184, 0.023369363, -0.029389517, 0.026621139, 0.0179786, -0.008127556, 0.01707611, -0.020714184, -0.0052415044, 0.010334297, -0.045171347, 0.022839963, 0.011437191, -0.025385993, 0.009057364, 0.015976513, 0.01551494, -0.011970197, 0.029639931, -0.011237564, 0.018797275, 0.018648742, 0.0024535498, 0.005108439, -0.0049609165, -0.028881654, 0.022637542, 0.019784182, 0.027772758, -0.018921468, -0.004997804, 0.03873136, 0.00547721, 0.027507389, 0.032508228, 0.020696126, -0.011256719, -0.028449679, -0.05280325, 0.003177113, -0.0037047635, 0.017920557, 0.014766819, -0.026986333, 0.0026958452, -0.013876228, 0.02825703, -0.016433515, -0.03417977, -0.0020260008, 0.016497288, 0.02814109, 0.0033655162, 0.0016873172, 0.017454416, 0.007823865, -0.014870282, -0.011637906, 0.016959429, 0.00093920564, 0.008269975, -0.011738035, 0.020564077, -0.056514952, 0.00058556, -0.013088683, 0.013699976, -0.005693563, 0.004498185, -0.015988488, -0.010485892, 0.006865826, 0.027130444, 0.00033895794, 0.0024551754, 0.0006113191, 0.0028238052, 0.016814375, -0.021350931, 0.017979966, 0.0068621957, -0.02137391, 0.015518664, -0.0086380085, -0.019887734, -0.005803842, -0.014636451, 0.008262808, -0.088851854, -0.01587084, 0.00974834, 0.006163573, -0.025862068, 0.0039655394, 0.018994773, 0.010044997, 0.01749623, 0.009055291, 0.015145523, 0.011093504, -0.019439628, 0.0016193986, -0.029904008, 0.00032499613, -0.006295769, -0.001553694, -0.014370307, 0.031143105, 0.017956832, -0.00528227, -0.00876704, 0.0017885646, -0.00692428, 0.0067986394, 0.013025219, -0.029135933, -0.034718454, 0.010993328, 0.025016474, -0.0035966656, 0.045443904, 0.005191276, -0.017142765, 0.017282227, -0.012294857, -0.033573017, -0.0037981453, 0.011291339, 0.0026999745, 0.016064934, -0.0097048795, 0.011321307, -0.04865722, 0.02602965, -0.012482539, 0.010346219, 0.0051518497, -0.042098053, 0.014736049, -0.0050874236, 0.009965261, -0.0036043108, -0.007204278, -0.0082657905, 0.00590201, -0.022578886, -0.005714049, 0.040913623, 0.012019573, 0.02460945, 0.023430508, -0.0029996487, -0.018691769, 0.0014793362, -0.028210208, -0.011167828, -0.012755039, 0.030870812, -0.04140269, 0.0026074022, 0.025176259, -0.0045033116, 0.0046938704, 0.028521614, 0.00833032, 0.008165065, 0.02712289, 0.024232903, -0.028023403, 0.0029162834, -0.10138711, -0.0026170975, -0.006408694, -0.008854151, -0.025004942, -0.0119806705, 0.011742952, -0.020149926, -0.00058823364, 0.017707648, 0.013024069, -0.0039052651, -0.0011427639, -0.010226049, 0.0060172617, -0.0016883207, -0.01589473, -0.028205821, 0.013088081, -0.00994339, 0.010175816, -0.02167557, 0.012989682, 0.0019633677, -0.018441997, 0.01047944, 0.015199682, -0.0070123877, -0.0068490105, -0.011405197, -0.009914527, -0.099830054, -0.005241631, 0.012890898, -0.0069914046, 0.00023034678, -0.0123751415, -0.007902321, -0.032943293, -0.0050771884, -0.020744951, 0.02049861, -0.010119092, -0.046611235, -0.0034444956, 0.027046563, 0.118424624, -0.02900573, -0.013116956, 0.0027273565, -0.0267823, 0.010140737, 0.009279474, -0.004182942, -0.032649342, 0.005050927, -0.020651527, 0.015540321, 0.023505162, 0.0068037077, 0.032720283, 0.024390338, -0.0025401593, 0.0105176745, -0.012403618, 0.0059972126, 0.0054039974, -0.010944947, -0.009869739, 0.016743887, 0.015825666, 0.006550599, 0.017826054, -0.012710752, -0.036150012, 0.00520814, -0.018516256, 0.024896534, 0.01649669, -0.028263794, 0.028794125, -0.02269965, -0.070974626, 0.030589147, 5.779067e-05, 0.014295512, 0.00694069, -0.025457285, 0.019685354, -0.027539361, 0.0035202696, 0.014324369, 0.0074722935, 0.007322516, -0.0096817445, 0.003763651, 0.0019986005, 0.018781006, 0.013280062, -0.027228871, -0.013049072, 0.00644623, -0.0076356693, -0.031628635, -0.014337528, 0.010734552, -0.032400865, -0.027669469, 0.012918991, 0.024387198, 0.017200205, 0.024637233, 0.0012778337, 0.03817782, 0.056823988, -0.035418116, 0.008802553, 0.011489794, 0.0021195412, 0.016047185, -0.0023747936, 0.012770161, 0.0060255276, 0.021282706, 0.008618389, 0.00024920958, -0.014346197, 0.011752246, 0.001898742, -0.04678135, -0.0017120367, 0.00043859685, -0.0107919, -0.012841397, -0.001732077, -0.0020230215, 0.02653018, 0.007362247, 0.0008288453, -0.0024118153, 0.005097012, -0.016285954, -0.010814346, 0.00016321134, -0.0010088815, -0.0026822616, 0.0152516, 0.0075146104, -0.0032529526, 0.0073040216, -0.04117308, -0.014892004, 0.008261067, -0.0165473, 0.0062068887, 0.004299182, -0.008112088, 0.010491024, -0.008514421, -0.00675784, -0.05200838, 0.018723257, -0.006567117, -0.00076511584, 0.0037658196, 0.024209673, -0.0063868077, 0.030867124, -0.009265797, -0.007133811, -0.016573621, 0.0073965746, -0.004182147, -0.000451028, -0.0015512762, -0.006296113, -0.0056536407, 0.011060465, 0.005247608, 0.00596929, 0.010899054, 0.009003191, 0.0102598835, 0.013489051, 0.022084933, -0.019310368, 0.010814911, 0.013767564, 0.014818809, -0.016052732, 0.0013867582, -0.0012701312, -0.01584599, 0.0043274974, -0.0010907367, 0.014737639, -0.024603585, 1.147786e-05, -4.6155375e-05, -0.0034399135, 0.018668376, 0.012934337, 0.004860629, -0.013579225, -0.0018590319, 0.010730747, 0.008870491, -0.017725162, 0.010545452, -0.0148278205, 0.0022160897, 0.026581869, 0.017647512, 0.0068112547, 0.0137526225, 0.027888568, 0.020281067, 0.001424505, -0.011661015, 0.0095976805, 0.002083029, -0.0034615996, -0.033690855, 0.023151213, -0.010198825, 0.0055228486, -0.007354251, -0.011683942, 0.005905618, 0.014480188, -0.000362257, -0.0004474528, 0.014496596, 0.0060842303, 0.00048038998, 0.0061587295, -0.012727725, 0.006232986, 0.014793585, -0.0039401515, 0.0028387401, 0.014571822, -0.0016531288, 0.011477278, 0.0038853781, 0.008381101, 0.0018701524, 0.01272861, 0.016610779, 0.016726647, -0.0041697314, 0.0104367705, 0.00524417, -0.004707881, -0.009398976, 0.007123615, 0.00041643725, 0.004654389, -4.537884e-05, -0.01585272, -0.011557636, -0.008193862, 0.012808199, 0.015322972, -0.0044697663, -0.003459935, 0.003491899, 0.00788737, 0.010829922, -0.0005608183, 0.014138772, -0.004444411, 0.0053318287, 0.005963022, 0.0116380965, -0.006027467, -0.022232627, 0.015354821, -0.0047985124, 0.0012582577, 0.013874166, -0.005252753, -0.0007220614, -0.0008026175, 0.006691381, -0.004210342, 0.010468544, -0.02599306, -0.0049082492, 0.0066182152, -0.0063872277, 0.0021864818, 0.006763995, -0.0053165173, -0.00074931857, 0.027993744, 0.0016978272, -0.008601111, -0.024481002, 0.00042757796, 0.00704976, -0.02283329, -0.005623386, 0.004742387, 0.0031779236, -0.017790128, 0.0010097916, -0.0024869281, -0.007888265, 0.004595117, -0.023755249, 0.008010615, 0.00027444644, 0.002769336, 0.0034903795, 0.01808281, 0.004047335, -0.0007715127, 0.0060717515, -0.019038305, -0.01255976, -0.0032975588, -0.0023260866, 0.011052256, 0.00926504, 1.0729397e-05, 0.00018227188, -0.0003876741, -0.013052186, 0.0064285933, 0.0075019267, 0.011648742, 0.0019855313, -0.007186366, -0.027689554, 0.016261851, -0.009434762, -0.003137246, 0.007898328, 0.00032249634, -0.011057989, 0.06987556, 0.005839879, 0.0136129875, 0.0021302907, 0.0010909738, -0.00045209724, -0.008551573, -0.009776817, -0.015622634, 0.028221997, -0.014809392, -0.0076706414, 0.022501372, 0.0013157115, -0.005388873, -0.0016349046, 0.0013836641, 0.0026921583, 0.0053077126, 0.020318987, 0.0151380375, 0.016089365, 0.018144984, 0.003183403, 0.00098572, 0.011935813, 0.009626021, 0.003784029, 0.003944666, -0.012605159, -0.0003951195, 0.012799359, 0.010914078, -0.011680995, -0.012381977, -0.012526869, 0.006223493, 0.013782162, -0.008533537, 0.021179553, 0.008124587, 0.0030816272, 0.004324377, 0.0077302963, 0.02120051, -0.0038877649, -0.00509773, -0.010443016, -0.0057478375, 0.003641776, 0.003935819, -0.00973876, 0.0061347396, -0.014566123, -0.022789514, 0.012366359, 0.010152855, -0.0041301562, 0.025221186, -0.000768223, 0.014800171, 0.00645858, 0.02364232, -0.0056048497, -0.017383305, 0.011063942, -0.012044444, 0.0018135363, -0.003971366, -0.0015461649, 0.00021538853, -0.0044658137, -0.009386785, 0.0089190155, 0.015741067, 0.00762866, -0.008165301, 0.0059250314, -0.015579115, -0.004275517, 0.010889444, -0.0038049538, -0.0039783623, -0.014614688, 0.016744351, 0.0010926223, -0.007995483, 0.011176675, 0.013110635, -0.018046403, 0.0035266667, -0.010430754, -0.0060771396, 0.01508549, 0.004651506, -0.009261365, 0.06362903, -0.00068136, -0.00032316233, -0.012097093, -0.002214802, -0.008667748, 0.0061310176, -0.011070263, 0.0045349575, -0.012213043, -0.008206713, -0.011681288, -0.018213859, -0.006334824, 0.0052213445, 0.009296226, 0.0041623246, 0.003499155, -0.00149444, 0.009661579, 0.005722658, -0.0035720249, -0.0023441445, 0.01676739, 0.0053113177, 0.020794298, -0.015810588, 0.00064407603, -0.014054304, 0.008595252, -0.016477017, -0.0099709695, -0.0009664934, 0.004927788, 0.001694332, 0.010385757, -0.021302255, -0.0037436571, -0.0021406435, 0.023517368, 0.013339414, 0.0014405284, 0.018598225, -0.0039996975, -0.00061973167, -0.004244358, -0.027141906, 0.012631573, 0.0080213165, 0.013725804, 0.0042093135, 0.023898609, 0.0026655425, -0.003885406, 0.011822815, -0.0024833728, 0.0033104487, 0.0108375, -0.02149409, 0.0030936068, -0.0131179, -0.004082936, -0.009327163, 0.007882584, 0.0048074685, -8.985259e-05, -0.0016922263, 0.007895601, -0.001066807, 0.0013169778, 0.028652053, 0.004435248, 0.004719498, 0.01784076, -0.0014871566, -0.006648319, 0.0044008377, 0.011207908, 0.0059759268, -0.0013692408, -0.014283051, -0.013292762, 0.0054371315, 0.012291333, -0.002989728, -0.02542282, -0.015397775, -0.0052618827, 0.002825779, -0.009109928, 0.0021753877, -0.017546926, -0.001898104, -0.006917946, -0.0059383144, 0.012607663, -0.004014753, -0.0036658566, 0.005109638, -0.0053721243, 0.016334761, 0.0073258053, 0.0010948571, 0.00791448, -0.011650302, -0.00085107354, 0.031800114, -0.0021377737, 0.0075614816, -0.005111039, 0.0042825793, 0.0030717473, -0.014040661, -0.0015471604, -0.0031960667, -0.009402517, 0.020571282, 0.01133552, -0.001217882, 0.006353299, 0.016720831, 0.00071648293, 0.017473, 0.008841114, 0.008152575, -0.015725475, 0.0074617825, -0.0020595468, -0.012407987, -0.006986631, 0.008098788, 0.0041547376, 0.0013876925, -0.019287651, 0.005782079, 0.022495179, -0.03404047, 0.0077771824, -0.004846713, 0.02706487, -0.012148274, -0.013794673, -0.00030113882, 0.020725463, 0.0060424623, -0.014294488, -0.008966178, -0.0013631139, 0.02177347, -0.0027721832, -0.0099818725, -0.005649895, -0.012309388, 0.009393022, -0.0067695174, 0.00862163, 0.01997716, 0.0025161947, -0.0043324954, 0.009658736, -0.030449977, -0.045989905, -0.0066151926, 0.007142842, 0.004824612, 0.0032542883, -0.004031108, 0.015382541, 0.01548688, -0.001277158, -0.0017690186, -0.009605045, -0.0049179746, -0.02324627, -0.00017518109, -0.002990682, 0.016955294, -0.013857721, -0.00086117536, 0.008176285, 0.00027231523, -0.008315905, 0.009231871, -0.011042556, -0.00066231046, 0.0051564104, 0.0016955738, 0.0067625595, -0.013770169, 0.009186121, -0.010743284, -0.0115162665, 0.0030768188, 0.012663807, 0.02576551, 0.022379564, -0.00398652, 0.014757608, -0.012059766, 0.009556511, -0.020656716, 5.8028693e-08, -0.0046883863, 0.0059425225, 0.0030400485, 0.008497656, 0.00040227422, 0.006325054, 0.002688105, -0.011543745, -0.0036388712, 0.018318407, 0.019623913, -0.01804693, 0.002932667, 0.004297652, -0.019016452, 0.023336861, 0.012733958, 0.006854225, -0.00931737, -0.017649097, 0.014061903, -0.0030336909, 0.015119354, -0.00044858974, -0.0025196841, -0.004861478, 0.004907542, 0.017241297, -0.0011165467, 0.0087939985, 0.0012358472, -0.009554724, -0.005737386, -0.0037952687, -0.011913532, 0.017789697, 0.00031415067, -0.01272811, -0.004925026, -0.0011475668, -0.010966624, -0.0043180166, 0.00092786376, 0.0057183504, -0.00067574816, -0.007270112, -0.007518682, -0.010011012, -0.0032743542, 0.014916116, 0.0055256663, -0.0119855795, -0.004561946, 0.004636909, 0.0070026442, -0.0070408094, -0.011927162, 0.008228402, -0.010824768, -0.017377682, -0.0023657158, -0.010162054, -0.01627292, 0.0021079073, 0.0043623485, 0.0015386931, 0.0004180618, 0.012747893, 0.0035712686, 0.008146981, 0.0031765213, 0.0054289885, 0.007009533, -0.0052806037, -0.013007432, -0.0042926194, -0.007055216, -0.009708083, -0.0034861814, -0.017387403, 0.01805398, -0.007184374, -0.018580914, -0.0042186067, 0.015836092, -0.015396046, -0.0010394758, 0.0074541518, 0.005949556, -0.012159387, 0.01940376, 0.012706925, -0.016726684, -0.013194801, 0.025964849, 0.001304838, -0.009163295, 0.0026646154, -0.011934142, 0.004081076, 0.0003709973, -0.0012897403, -0.011706582, 0.007941612, 1.2357962e-06, 9.0016474e-05, 0.020006312, 0.021190437, -0.009522602, -0.0105774915, 0.0060290745, 0.01925897, 0.00045554698, 0.016337503, 0.014550166, 0.001811717, 0.010102093, 0.0066199563, -0.009658995, 0.007351487, -0.0039947955, 0.016402464, 0.011799977, -0.0015019325, 0.00078046793, 0.001561069, 7.999779e-05, -0.0068415087, -0.0027935298, 0.009498099, 0.025581388, 0.0015564976, 0.0067523066, 0.009340367, 0.008438146, 0.011562405, 0.0023211874, -0.0058839084, 0.014438575, -0.004358267, 0.0094530415, 0.024324946, 0.010015712, 0.00036166972, -0.0015261133, -0.005809709, -0.0041308436, 0.0074718744, 0.011240253, -0.009919656, -0.0053943866, 0.009992752, -0.00055785937, 0.010469574, 0.013191286, -0.0062867953, 0.029011032, 0.010350619, 0.012487802, -0.011131885, 0.006970065, 0.017710637, 0.0022799144, 0.005057741, -0.09938524, -0.0035613996, 0.005536242, -0.01067171, 0.0139783025, 0.01531155, 0.005868452, -0.011157544, -0.012774899, 0.0038861737, -0.006596011, 0.02508554, -0.00063239934, 0.0065477137, -0.018568546, -0.006536396, -0.0034065428, -0.027242389, 0.006874028, -0.016734004, -0.0018338071, 0.0075836107, -0.0021761812, 0.010749393, -0.016769502, 0.013295244, -0.0021950426, -0.009428158, -0.0039337063, 0.007290352, -0.0040414413, 0.0076711783, -0.011619611, 0.010246251, 0.008115778, -0.003539163, -0.015477908, 0.016288165, -0.1309119, 0.0069219763, -0.010974597, -0.002437604, -0.009564371, 0.008324283, 0.021589365, -0.0003863463, -0.00039008821, -0.0029128909, -0.0030296193, -0.007265192, -0.00981697, 0.025493419, -0.004851441, -0.0026214994, 5.1945888e-05, -0.004767047, -0.005299067, 0.019609682, 0.011872025, -0.0059105167, 0.013062261, -0.0059184097, 0.011564096, 0.0045026178, -0.012326431, -0.00095227634, 0.009760519, 0.00846552, -0.008575574, -0.0029266672, -4.620696e-05, -0.0016591607, 0.009876049, -0.005596187, 0.0064346404, -0.02029459, -0.0049369745, 0.0032950975, 0.009322502, -0.015204293, 0.0075070667, -0.0019945542, -0.007416739, 0.0014677525, 0.0015994706, -0.0055915485, 0.01159785, 0.02084832, 8.629565e-05, -0.0015000207, -0.008670409, 0.005105484, 0.0072465246, -0.0160851, -0.0029231405, -0.018559704, -0.012994967, 0.016906347, -0.026807604, 0.01492466, 0.01759264, -0.0055751987, -0.0132768145, 0.0031223455, -0.02706807, 0.017320536, -0.0009776885, 0.020957679, 0.00680268, 0.0046525593, -0.0050241402, 0.025140654, 0.020687506, -0.008078041, 0.008980114, 0.008960906, 0.020485444, -0.0061168303, -0.0004965284, -0.0057894904, -0.020102117, 0.02130734, 0.012215375, -0.0018443122, 0.0020044933, -0.020729395, 0.005632952, -0.046180606, 0.0019188079, 0.0074927844, -0.015640583, 0.01717221, -0.0055558546, -0.022921583, -0.0031902578, 0.027586285, -0.017017294, -0.00790953, 0.013966692, 0.018133286, 0.013936688, 0.0033283408, 0.007376292, 0.0032206255, -0.0037450963, -0.02306318, 0.010239453, -0.012216109, -0.02239952, -0.0015834228, 0.023250066, 0.008279637, 0.016180221, -0.020133423, -0.0031162153, -0.00016042704, 0.0017161024, -0.00791029, 0.014741353, -0.0208949, -0.000494607, -0.001653533, -0.012347086, -0.027136058, 0.017837612, -0.017746845, 0.012425317, 0.011691496, 0.016194431, 0.0019068653, 0.015380425, 0.015356156, -0.012290578, 0.00046308225, -0.0007320811, -0.019674549, 0.0039489786, 0.024731576, 0.012555146, 0.02559977, -0.012350778, 0.0060830475, 0.006610661, -0.0020405506, 0.002810128, 0.008168445, -0.0042784745, -0.008319862, 0.013198196, -0.0043083946, -0.012208935, -0.0022228032, 0.014922794, -0.021401618, -0.01755201, 0.016005736, 0.0008734769, 0.01696778, 0.012597812, 0.02034755, -0.018861938, -0.00075448985, 0.010048306, -0.00012091003, 0.0014383415, 0.0028327114, 0.011244784, 0.012112474, -0.006905894, -0.021359537, 0.004490786, -0.025272239, -0.016603982, -0.0056653777, -0.012918032, -0.00047628552, 0.045722265, -0.0037324037, -0.002998233, -0.0015401492, -0.0029513598, 0.0031406074, -0.01688821, -0.010269153, -0.004138684, -0.0024892546, 0.0074976347, 0.015987411, 0.010291953, -0.0050121793, -0.010836732, -0.001441337, -0.0008467262, 0.006984901, -0.014141698, -0.017394139, -0.010546568, -0.013313562, 0.0155422455, 0.0036710885, 0.003352506, -0.16629554, -0.023903277, 0.008835845, -0.01894911, -0.010908769, 0.0090349605, -0.0010813249, 0.015043263, 0.00039777136, -0.0032190003, 0.006390834, 0.020782946, -0.0135485865, -0.013496838, 0.014945769, 0.0043783714, 0.005732667, -0.0051033143, 0.0008722067, -0.014688482, -0.038526855, -0.029756073, 0.0031462007, 0.042967703, 0.01783263, -0.015058963, 0.023088576, 0.004512397, 0.017763363, 0.007404784, 0.013778981, 0.029386142, 0.018695043, -0.018761383, -0.0014994243, 0.02389719, -0.0065150843, -0.0029425004, -0.014531263, 0.00853537, 0.0075489515, 0.0066472553, 0.0123008285, 0.006767333, -0.012612705, 0.005021672, -0.024462555, 0.0061532315, -0.003346706, -0.008686928, 0.005218559, -0.01644141, -0.003635181, 0.0062690238, 0.02069372, -0.008206722, 0.0108625535, -0.0011487618, 0.009961966, 0.0015819847, 0.005431358, 0.017721444, 0.007972157, 0.033217903, 0.01653511, 0.0054906737, 0.0034145997, 0.14183219, -0.01223716, 0.012598771, -0.016158126, -0.022817804, 0.012583885, 0.0060130716, 0.020402927, -0.01367674, 0.00486784, 0.0141312145, -0.010154252, -0.0014650128, -0.02033589, -0.010291475, -0.003932641, -0.024790108, -0.0060109417, -0.0128526045, -0.0061417464, 0.0032383476, -0.014960546, -0.028158475, -0.0004900652, 0.0068192426, -0.0062240725, -0.011799456, -0.00929167, 0.013575494, 0.027882498, 0.019461587, -0.017007347, 0.0031409801, -0.0003311238, 0.03739896, 0.0244356, 0.00031757465, -0.013085606, -0.008234403, 0.0055691046, 0.0041323286, 0.018326987, -0.016405715, -0.016932838, 0.0023667475, 0.015614672, -0.0008905631, 0.016372744, 0.011760428, -0.0099918, -0.014465336, 0.011077568, -0.0006886754, -0.0037255406, 0.006175322, -0.02195132, 0.0010405439, 0.027215697, -0.006099218, 0.004061575, 0.01998423, 0.005239192, -0.011344492, 0.01098569, 0.028412981, -0.0057952995, 0.00059816247, -0.0031784952, -0.013395306, -0.11611185, -0.013096756, -0.019934056, -0.0039093345, 0.0048731524, -0.013420825, 0.004223588, 0.011972714, 0.023192236, 0.010177613, -0.01210098, 0.009560816, 0.013500539, 0.016261233, -0.0026025807, -0.0049103186, -0.0064714574, 0.014467389, 0.04982218, 0.012482599, 0.0049250014, 0.013757399, 0.012591589, -0.010142736, -0.0020316897, -0.017426291, 0.011065298, -0.008609655, 0.014462168, 0.020256165, 0.012036252, 0.008487891, -0.001866805, -0.0048174835, -0.02545818, 0.0066681467, -0.0010951059, 0.006921911, -0.0006636016, -0.015202581, -0.013109747, 0.0015314514, 0.019012539, -0.012960781, -0.013169327, 0.00039201014, -0.0043249517, -0.0059275976, -0.010019236, 0.0058462704, -0.005632925, -0.004379915, 0.00424196, -0.005544744, -0.025267892, 0.027412655, 0.016271599, -0.014317421, 0.01887014, 0.015923584, -0.029754188, 0.0029155517, -0.01843971, -0.0013701875, -0.015615579, 0.01988507, 0.005834933, 0.016635755, 0.007185531, -0.00014817076, -0.013968054, 0.008572724, 0.0035845558, 0.0067491042, 0.013313467, 0.006021571, -0.002058065, 0.035232138, -0.009919069, -0.0013033336, -0.026073737, 0.00092045753, 0.023550214, -0.0083758, 0.0045715272, 0.0014024806, 0.008851562, -0.015994089, 0.014840564, 0.008094046, 0.015023237, -0.021330377, 0.007053956, -0.005202713, 0.014364476, -0.010282053, 0.016386162, -0.009584128, 0.039305773, -0.0010335109, 0.0032309722, -0.0069347695, -0.023181822, -0.0027042353, 0.0067502353, -0.004418467, -0.01642687, -0.00094014726, 0.0036814082, 0.00819412, -0.007937182, 0.009594366, -0.038032252, 0.0056911716, -0.0054830224, 0.0094210105, -0.01734988, 0.024646675, -0.016397368, -0.00542269, 0.0221287, 0.011303585, -0.00857102, -0.020612532, 0.030066298, 0.0011750255, 0.010925105, -0.02428235, 0.0006911358, 0.0058048116, 0.0052837753, 0.008646816, 0.0051053376, -0.0067390115, 0.00802162, -0.014887519, 0.005687297, 0.012437053, 0.024892675, 0.0042630606, 0.012507284, 0.00023075216, -0.015798425, 0.0018909703, 0.004985042, -0.0003585472, 0.014758555, 0.000993001, 0.0077883294, -0.013520423, 0.0069932914, 0.014817604, -0.008347931, -0.01687721, 0.003123539, 0.014724224, 0.009158247, -0.0075437506, 0.001112039, 0.02358151, -0.02184001, 0.017574398, 0.016881054, 0.008124655, 0.005234847, -0.0097641805, 0.010810623, -0.011858081, -0.025392607, -0.019634545, 0.0025668002, -0.011350083, 0.017415794, 0.020145658, 0.03202816, -0.0026923981, -0.00801163, 0.029061284, -0.008572907, -0.06098214, 0.012341545, 0.011646137, -0.014568435, -0.004471948, 0.0023734279, 0.0051960093, 0.0044193165, -0.006001273, -0.028345032, 0.0038089205, -0.0035673783, 0.009700908, -0.0014322189, -0.025696209, 0.018209986, 0.005977845, 0.008913395, 0.024888476, -0.0055755973, -0.026395103, -0.003430924, -0.009847183, 0.013030695, -0.017726747, -0.014362712, -0.0010487188, -0.0068955948, 0.008480813, -0.008477799, -0.0016537978, -0.012308204, -0.013160272, 0.020911511, 0.0053072344, 0.0115054315, -0.031071004, 0.008960491, 0.00041779128, -0.044758193, -0.009510602, 0.007369086, -0.03986202, 0.0021045613, 0.021752253, -0.02721102, 0.0084846355, 0.006028334, 0.0017561814, 0.011176966, 0.025747979, 0.007931857, -0.021740621, 0.013701108, 0.019061476, 0.008529826, 0.014517178, -0.002473005, -0.030915082, -0.017612834, 0.0045098295, -0.023982812, -0.013105977, 0.008012862, -0.0006731992, 0.005384245, -0.028574698, -0.00813716, -0.0060028895, 0.0017678299, 0.0026152155, 0.015339356, -0.0021826515, -0.0062002353, -0.021869674, 0.0013959081, 0.0027474684, -0.015409998, 0.01595057, 0.023780549, -0.009244785, -0.030173192, -0.008651989, 0.042783365, 0.0026413559, -0.01589788, -0.004518948, -0.09440269, -0.0064387014, 0.0035242753, -0.0026609092, -0.003969825, 0.005861386, -0.025897082, 0.066612445, 0.015371809, -0.015874775, -0.0021402803, 0.0125067, 0.00612831, -0.029347613, 0.010535511, -0.025199175, -0.027727585, 0.034213386, 0.007726371, 0.0105404565, 0.0043438775, -0.0070456257, -0.010479453, 0.007190879, 0.025517862, -0.05781831, -0.008256835, -0.020356512, -0.010197903, 0.003989734, 0.003463423, -0.01849051, 0.01229957, -0.010155016, 0.0051238476, -0.013641478, -0.03092902, 0.022375733, -0.030398829, -0.002675171, 0.027548594, -0.015314578, 0.022139437, 0.0052044815, 0.002788675, 0.0052015786, -0.009992289, -0.01323785, 0.004108068, -0.013232447, -0.00094231934, -0.021535836, 0.0024996034, 0.016784785, -0.015060793, 0.030700564, -0.0023812985, -0.023324762, 0.0037897183, 0.014580966, 0.0033879254, 0.0053126523, -0.0026594428, 0.015020594, 0.001363267, 0.0017924227, -0.027070211, 0.0032939925, -0.029470868, -0.012180387, 0.017397078, 0.010856728, 0.0013850783, -0.011671711, -0.019154696, -0.020706285, 0.019125745, 0.043600205, -0.0066274498, 0.0025825165, 0.0056637432, -0.018311735, 0.007795077, 0.007235862, -0.009083279, -0.0038860268, -0.006004329, -0.02787149, 0.018956821, 0.020603277, 0.025147444, -0.014193704, -0.007887782, 0.016966432, -0.0049227276, -0.015353158, -0.0017061246, 0.011750668, -0.0136156315, 0.00023524831, -0.00056721945, -0.008229942, -0.010501726, 0.0060111503, -0.0053538647, 0.0016207191, 0.00024316655, 0.0068169604, -0.015421497, -0.0142659, 0.0040072105, -0.011033337, 0.005295793, -0.0004966665, -0.0019996564, -0.011609438, 0.007647423, -0.0046829977, -0.0024672823, 0.011617151, -0.013828392, -0.015165242, -0.018085448, 0.0028781123, -0.008850169, 0.010337599, 0.00575364, -0.011014464, -0.011146854, 0.007036722, 0.0032609487, 0.02063264, -0.0022213422, -0.01749521, -0.0009587232, -0.009778222, -0.00058968866, 0.012148693, 0.013493893, -0.0021723886, 0.009274412, 0.009091749, -0.024194611, -0.023620332, 0.019522797, 0.00975069, -0.01136763, -0.0047871266, -0.015702326, 0.012234464, 0.008844436, -0.00079470186, 0.008659242, 0.023230609, -0.033630904, 0.0023348646, 0.013637003, -0.0050557274, 0.012470943, 0.0028090498, 0.0036893701, -0.00016244542, -0.001749138, 0.0073339585, -0.028296186, -0.0013814305, 0.00016179151, -0.0019895216, 0.007098808, -0.009004048, -0.004271173, -0.010659367, -0.023626817, -0.00675383, 0.017220028, -0.01851595, 0.0016594175, -0.0036034277, 0.016075386, 0.011788273, 0.022593617, -0.025973987, -0.019023206, 0.00047194774, -0.014639687, -0.029045127, -0.004489479, -0.010339564, -0.017526703, 0.0040904167, 0.0102536995, -0.006431458, 0.005145373, 0.020319615, -0.008156524, 0.0125471335, 0.00355137, 0.0050763446, -0.0095317615, 0.00072498334, -0.0033315422, -0.0044563557, -0.014036654, -0.018995494, -0.0145777585, -0.0030815788, -0.042727094, -0.027078975, -0.020694075, 0.006618955, 0.0074365735, -0.0056269597, 0.011811551, -0.0012569153, -0.004979186, -0.002971474, 0.011180717, -0.001322282, 0.001954175, 0.0032047275, 0.024398733, -0.008709319, 0.02360638, 0.0094265845, 0.010278958, -0.02359622, -0.015793132, -0.003975694, 0.0045835124, 0.004410692, 0.015665807, 0.001496215, -0.008443042, -0.01857305, 0.0009226712, 0.0025030288, 0.02911988, 0.029271178, 0.008877714, 0.021624757, 0.032644514, 0.0025300737, 0.004551708, 0.0036873748, -0.019618182, 0.007180321, 0.011692671, -0.00040040442, -0.0013779966, -0.010902565, -0.002897415, -0.0051762485, -0.0019715577, 0.0050609037, 0.04470053, 0.0070593827, 0.018280365, -0.021446098, -0.028127473, -0.0012337953, -0.00019317806, 0.009880666, -0.02629336, 0.014293694, -0.014697883, -0.027386716, 0.0125392685, -7.6103556e-06, 0.014586609, 0.00842585, -0.008087103, -0.012782973, -0.02123743, -0.0035462093, 0.00015959589, 0.022542655, -0.0031048027, -0.013139978, -0.0041730655, 0.016105663, 0.006923492, 0.008185502, 0.025896963, 0.013189326, 0.008681473, -0.0039383983, 0.034222014, 0.0008596016, -0.008750862, -0.0042718262, 0.031968758, -0.019425387, 0.02877219, 0.0085960785, -0.01799511, -0.0105667915, -0.003428234, -0.0068871314, 0.008391445, 0.0062975525, 0.012557173, -0.010120727, -0.014480619, 0.00036648288, -0.009693579, -0.0048807845, 0.001708255, -0.0103253955, -0.016694272, 0.037153687, -0.018434618, 0.016189085, -0.009717509, -0.0070931576, -0.00258821, -0.021769756, 0.0008233707, -0.022005687, 0.0031415364, 1.5531272e-05, -0.016397472, -0.0038666392, 0.019184954, 0.009257521, -0.0041173007, -0.01987316, 0.021220405, 0.011422445, -0.0037693102, -0.006713996, -0.024608595, -0.004391036, 0.003782673, -0.0061542415, 0.015751638, 0.0032670798, -0.00085159607, 0.0073162382, 0.011854836, -0.006182935, -0.005104641, 0.015776604, 0.018316843, -0.03606976, -0.008424193, 0.0027603072, -0.0028527225, -0.010912216, 0.021918133, 0.009407578, 0.0066114194, -0.011278882, -0.010382462, -0.020491883, 0.010847971, 0.0013616766, -0.00086821936, 0.0070127416, -0.00951186, -0.0076202676, -0.0013376211, -0.0013262607, -0.022790037, 0.010078897, 0.004168009, 0.011246309, 0.0105209015, -0.024454223, 0.009912857, 0.010648036, 0.013707854, 0.016741792, 0.0024530715, 0.018387822, -0.008064148, 0.007969307, -0.009763164, -0.004699405, 0.00984925, -0.010747363, -0.021277513, 0.0069336803, 0.004610098, 0.033778206, 0.0025733474, 0.0025546271, -0.001446029, 0.0077511547, -0.019168293, -0.00870329, -0.0023926662, 0.015421703, -0.0070388266, -0.0028375036, -0.013775035, 0.025689887, -0.01103904, -0.017277088, 0.034673262, 0.011694439, 0.01188408, 0.0020270133, 0.0021795903, -0.020087091, 0.011871643, 0.0030805038, -0.008606951, -0.0068493104, 0.029459666, -0.0062617473, -0.008294894, -0.011897449, 0.00062685524, -0.0029592311, -0.0076324204, 0.009722025, -0.0107905995, 0.02660994, -0.004693665, -0.014891367, -0.00050465943, 0.0018887259, 0.012689786, 0.0128221875, -0.008297055, 0.021658203, -0.012690759, 0.0052036922, -0.017423924, -0.0024235598, 0.021355353, -0.0036839894, -0.0020205462, 0.015900739, 0.019144496, 0.014684096, -0.022851339, 0.003003861, 0.00074277585, 0.0037732194, -0.004371725, -0.015877796, 0.01853269, -0.010405842, 0.008482099, 0.002384414, 0.0047482196, 0.0032363762, -0.01087353, 0.0057961047, -0.008299699, 0.0061164047, 0.0011510603, 0.0061009917, -0.010141698, -0.010747244, 0.0030824132, 0.019558532, -0.013742503, 0.0007015271, -0.011694855, -0.0117995525, -0.0012570105, 0.010763596, -0.024881246, -0.0257176, 0.01312878, -0.00029232382, -0.016032664, -0.0067330874, -0.022577612, -0.008842121, -0.06837746, -0.007177307, -0.008794797, 0.01441922, -0.03951937, -0.0122600375, 0.032064278, -0.008404223, 0.017017456, 0.0049035656, -0.02810087, 0.024192069, 0.01050199, 0.012568798, -0.005850245, -0.017785849, -0.013947434, 0.0050060065, 0.020842066, -0.009587492, 0.0056304177, -0.02256363, 0.025338842, 0.018296283, 0.012774093, -0.025366759, 0.0023412858, 0.0068825027, -0.00049135205, 0.0012155647, 0.0041395524, 0.0017328709, -0.010892799, -0.0016725019, 0.010094343, 0.014320815, -0.0018276051, -0.041547373, -0.008159026, 0.0003675043, 0.0016486131, -0.011759167, 0.015739966, -0.017578948, 0.014765384, -0.0024421327, -0.0016216773, -0.0032847072, -0.010151193, 0.01731816, -0.015423014, -0.019994345, 0.02270732, -0.0016541567, 0.0070646117, 0.00808882, 0.03231135, 0.012667673, 0.0034327207, -0.007764417, -0.009398791, -0.0012648837, 0.0015423938, 0.0063034086, 0.021870762, 0.0052052727, 0.009041892, -0.003295429, -0.024437374, 0.015096424, -0.021662557, 0.0012403671, 0.046054944, -0.022696462, 0.011848296, -0.0043210043, -0.015480544, -0.0037172798, 0.028197978, 0.00090395974, -0.0031035587, 0.017597325, -0.019108139, -0.0164217, 0.005615979, 0.013953093, 0.015332038, -0.023449058, -0.011372981, -0.005842653, -0.001449738, -0.009478871, -0.0069150585, 0.010477639, 0.010515281, -0.011208481, 0.0018538287, 0.004735778, -0.021287097, 0.013782007, -0.011138113, -0.006912842, 0.017895276, -0.007565945, 0.004227195, 0.01309649, -0.0010213872, 0.009886939, -0.0095181, -0.022129852, -0.017389573, 0.0043470417, 0.011121568, -0.007115928, -0.0024626974, -0.0048667868, -0.012598909, 0.0016437857, -0.003521697, -0.0110221505, 0.0059637995, 0.00011973307, -0.007519413, -0.01881087, 0.0061353683, -0.006901852, -0.0009488261, -0.019382754, 0.025867153, 0.00034770955, 0.010135925, 0.0017519166, -0.008456523, -0.0010206258, 0.006109997, -0.01086986, 0.013747934, -0.016165102, 0.0070621143, 0.02483338, -0.012671392, -0.0088187475, -0.012991171, -0.016635431, 0.008483485, -0.0026607704, 0.007941626, 0.006174678, 0.01844784, 0.0038778228, 0.0025508264, 0.006481399, 0.00071399147, -0.016999839, 0.009198717, 0.00050386984, -0.0005127849, -0.024948036, -0.0040739356, 0.012220124, -0.0022028647, -0.00038421602, 0.010698952, 0.010270588, -0.016758317, -0.0049829343, -0.008220127, 0.006855454, 0.0061862017, 0.0007545868, 0.0131490305, 0.015407233, 0.014822088, -0.008829774, -0.037479512, -0.0011165824, -0.010960248, 0.008895346, 0.0036707812, -0.013621794, 0.018363226, -0.005613139, 0.0019005135, -0.01682008, 0.017060876, -0.010263188, 0.03274201, 0.013356469, 0.004828084, -0.00032734685, -0.000469623, 0.013061195, 0.011671, -0.023414798, -0.010112349, 0.020457944, 0.013236327, 0.0078094313, 0.015200573, -0.00266561, -0.012321312, 0.02396042, 0.01729094, -0.009670591, 0.027077112, -0.001137427, -0.009193942, -0.013810805, -0.03518085, 0.020173611, 0.014288351, -0.01558356, 0.0056500286, -0.015126717, 0.16194424, 0.11372275, -0.0072920457, 0.003785604, -0.0017009749, -0.008073604, 0.003206424, 0.012506256, 0.015040033, 0.0037839862, -0.013828017, 0.0015812961, -0.00456353, -0.008575, 0.02119587, -0.005706509, 0.018584765, -0.0043044556, -0.01233993, 0.01977555, -0.010447935, 0.006777806, -0.013111016, -0.0056016026, -0.0075045745, 0.011628733, 0.008793529, 0.01243458, 0.012286435, -0.0035538832, -0.006628919, 0.008703416, -0.00043280647, 0.018110132, -0.00084382034, 0.028214566, -0.005789845, 0.015050319, -0.015039139, 8.175974e-05, 0.011084219, 0.03289971, -0.024697533, 0.018445963, 0.007958683, 0.015061497, -0.009828945, -0.008031318, 0.007270741, 0.027420517, -0.01307677, 0.011258497, -0.013306194, 0.019543968, 0.0025019457, -0.0056174127, 0.024775065, 0.019061204, 0.018059857, 0.0043308004, 0.010506035, -0.0012306682, -0.009461641, 0.013175623, -0.02169406, 0.008384115, 1.2787804e-07, 0.004964101, 0.0050250054, 0.010161271, 0.009281126, 0.013759062, -0.0010332447, -0.021765329, -0.025464317, 0.012076327, 0.0169935, -0.010431839, 0.006020035, 0.011511278, -0.023090156, -0.0033604307, 0.008096591, 0.013318331, -0.0044474816, -0.0030179855, 0.0003985706, -0.012962634, 0.11312993, 0.00910289, 0.0057263346, -0.019102449, 0.03158527, -0.017161002, 0.008209267, 0.05246817, -0.011229854, 0.020234445, -0.0023832007, -0.004576054, 0.007105931, -0.013483467, 0.014762007, -0.0030402793, -0.011270679, 0.03229037, 0.0007100353, 0.0044363393, -0.03216971, 0.004490396, -0.025830453, 0.009229608, 0.02162347, -0.017074613, 0.0032548644, 0.0066447654, -0.009624926, 0.008321252, -0.10330772, -0.018080702, 0.0002419313, 0.0012588376, 0.008884318, 0.023614617, -0.0028929368, -0.021870656, -0.007191793, -0.031659037, -0.005584414, 0.0067873187, 0.025334463, -0.007133506, -0.0016723783, 0.016468288, -0.012242685, -0.017128043, 0.0070997644, 0.012563143, 0.022622565, 0.006335586, -0.013240985, 0.0047642807, -0.0019005632, 0.008110317, -0.019471193, 0.02217478, 0.009413796, -0.0067698, -0.027602067, 0.038778882, -0.029246315, -0.006595914, -0.0028909629, 0.026040535, -0.0068986127, -0.013613727, 0.016523689, -0.013763946, 0.020961879, 0.0005080565, -0.021030944, -0.018388608, 0.020363076, -0.0028887102, 0.010877055, -7.8782e-06, 0.0040844227, 0.022360072, 0.020596081, 0.016708292, -0.009073806, 0.020656599, 0.014337237, -0.0061228783, 0.0012309313, -0.02063249, 0.01666295, 0.014550933, 0.020790227, 0.011045181, -0.009765634, 0.014579018, -0.0123763075, 0.018389225, -0.008179677, 0.0029470942, -0.019140316, -0.005219886, 0.0035342064, -0.008742282, -0.0072516017, -0.009898151, -0.0038666048, -0.012223876, -0.010639358, -0.012844843, 0.023978207, 0.031550713, -0.0074047013, -0.018242178, -0.014601449, 0.104950175, 0.01355074, -0.005791589, 0.025125332, 0.018399883, 0.015290895, -0.007724429, -0.014460468, -0.0064388006, -0.0074269795, -0.011232974, 0.0031570466, 0.015925527, -0.002875994, 0.0040465007, 0.009144534, 0.02104694, 0.0036950994, 0.00331768, -0.015798584, 0.0004792098, -0.027669149, 0.00607149, -0.023714582, -0.007565077, 0.007826517, 0.00034850286, 0.002416587, -0.029764123, 0.022765405, 0.009668017, 0.022744225, -0.0003886536, 0.0071337097, 0.010444786, -0.00021119972, -0.0046935845, 0.019660946, 0.009704982, -0.0013013745, -0.016808558, 0.010563215, 0.002514108, 0.0022624228, -0.04364684, 0.1855946, 0.0041143526, 0.004356867, -0.0052880975, -0.0059109735, -0.0017305807, 0.0014106425, -0.020521438, -0.011854929, 0.0032167402, 0.012269792, 0.0018718578, 0.01628084, -0.0010233999, -0.0071105496, -0.007078273, 0.0041966564, -0.0029004219, -0.012920176, -0.011103979, 0.0026589916, 0.0070409356, -0.012096315, -0.00256921, -0.022827163, -0.014672338, 0.007314063, 0.024268527, 0.024388146, -0.005572162, 0.0050276103, -0.031600237, 0.0011756575, -0.016939495, 0.01862995, -0.0039605424, 0.013322055, -0.010597969, -0.003328201, 0.0048452863, 0.011221359, 0.015026489, -0.016443683, 0.0016870305, 0.004055607, -0.022327796, -0.0078117354, 0.012418544, -0.0097663235, -0.020795722, 0.0062505524, 0.010948345, -0.019351635, -0.001100058, -0.009594294, 0.018908357, -0.008255912, -0.003430421, -0.00038771387, 0.010769526, -0.025049103, 0.010915308, -0.011347151, -0.0011720136, 0.022932678, 0.0024548082, -0.009844434]"
Cancelan por segunda ocasion el decimo vuelo de Starship: alegan condiciones climaticas adversas,https://oem.com.mx/elsoldetampico/img/25408113/1756150472/BASE_LANDSCAPE/1200/image.webp,Tamaulipas,no descripcion,https://oem.com.mx/elsoldetampico/mundo/cancelan-por-segunda-ocasion-el-decimo-vuelo-de-starship-alegan-condiciones-climaticas-adversas-25407746,"[-0.0066095847, 0.022034734, -0.0026787957, -0.0993985, -0.0140325725, 0.012193614, -0.006063987, 0.0055486416, -0.008477969, -0.011477473, -0.0028830082, 0.009781732, 0.027989121, 0.0004946692, 0.10799644, 0.009043572, -0.007850821, 0.018450966, -0.01269835, 0.023653371, -0.0013077727, 0.00341187, 0.0034605837, -0.005317153, 0.009838391, -0.0016448486, -0.016897706, -0.024167696, 0.01842345, 0.003746584, -0.009080798, -0.015079683, 0.00997984, 0.0035277975, -0.031359565, 0.032406464, 0.0032196392, 0.017268913, 0.010066948, 0.004901171, -0.03304305, 0.0056123505, 0.0084587345, -0.0006198838, -0.0037530726, -0.022476306, 0.034842364, -0.016326746, 0.029990586, 0.035810944, 0.018721722, -0.013593686, 0.01495805, -0.17154522, -0.037469294, 0.009515724, -0.021676145, 0.010178351, -0.0015440966, -0.036018327, -0.018923765, 0.031549904, -0.0022599625, -0.036622595, 0.010127162, -0.019054437, 0.029878711, 0.018141184, -0.023505263, 0.017501673, -0.003914168, -0.021448324, 0.030310819, 0.008144841, -0.009258819, 0.012685819, -0.003243507, 0.020171953, -0.0142954225, -0.0021387048, 0.007943159, -0.023569917, -0.014505934, -0.0121681, -0.014870537, -0.0053182533, -0.014825212, -0.022908568, 0.010296852, 0.022422435, -0.017960731, 0.011771848, -0.0014054904, -0.008450101, -0.01706393, 0.0115802195, -0.010198379, -0.023418449, -0.0003669024, -0.006050462, -0.030293182, -0.018581267, 0.012105472, 0.0067925244, 0.029208392, -0.020652326, 0.009473375, -0.02163477, -0.015374828, -0.011139901, 0.00959957, 0.0025881461, -0.017437425, 0.01301622, 0.0084977485, -0.09675389, 0.030981792, -0.0177555, -0.02592136, 0.0008331417, -0.008317967, 0.03733152, 0.009654948, 0.014860781, -0.038038727, -0.008723083, 0.01952494, 0.017679142, -0.006529202, -0.002253561, -0.010935067, -0.027888723, 0.021997744, 0.00795608, -0.0060398597, 0.019337287, -0.011308731, 0.028004147, -0.0012706496, -0.0051802895, 0.0036321776, 0.012407958, 0.016879866, 0.00049122074, -0.020252395, -0.026198993, -0.011459643, -0.005921521, -0.009913689, -0.026841626, 0.008328021, -0.024161045, -0.0033549282, 0.003550833, -0.010503801, -0.027391879, -0.0020413105, 0.0012835653, -0.017584313, 0.009146769, -0.024384994, -0.015241527, 0.00096938864, 0.0088135805, -0.025620643, -0.014751819, 0.0032930141, 0.0024412873, 0.01937923, -0.007081951, 0.023563521, -0.01957252, -0.030367645, 0.017590627, -0.00601095, 0.008872715, 0.020156726, -0.011413664, -0.013228459, -0.023711123, -0.016283989, 0.011235854, 0.01326442, -0.0031063869, -0.029869897, 0.0100857625, -0.03947603, -0.029794965, -0.017891547, -0.001294015, -0.0028131513, 0.009749338, 0.0021479547, -0.009680405, 0.021017756, -0.02172742, -0.019074524, -0.002433513, -0.014877486, -0.0048282994, 0.014364556, -0.002875493, 0.011517019, 0.019548193, 0.0025514264, 0.014435652, -0.016254341, 0.009919916, 0.014194053, 0.008688211, 0.0053211763, 0.026351012, 0.0099960035, -0.0008439716, 0.024114294, -0.023368187, -0.0099237915, 0.012895654, -0.0059456625, -0.00082113047, 0.010201191, 0.031359643, -0.0086138835, 0.015426697, 0.0074472986, -0.023232726, -0.0035799318, 0.012827613, 0.027813585, 0.016379297, 0.007910957, -0.0017921036, -0.0036334752, -0.0068016737, 0.0035411238, 0.014687798, 0.008671335, 0.021697842, 0.0052851466, 0.01830454, 0.002765393, 0.010921322, -0.032567326, -0.011979757, 0.02053946, 0.022252873, 0.025732862, 0.016341921, 0.009017968, 0.02276126, 0.024306588, 0.012047303, 0.007162025, 0.010972271, 0.021532845, 0.013816165, -0.005022277, 0.009031728, -0.0053734444, -0.029064786, -0.034164418, -0.0051397574, -0.00046379192, 0.011320008, 0.023719747, -0.006269032, -0.0006584383, -0.0046839067, -0.029339084, -0.003803881, 0.010160573, 0.008015273, -0.030431341, -0.017893087, -0.020141365, 0.01235241, -0.051804565, -0.008090074, -0.010648229, -0.014689113, 0.015729764, 0.019417733, -0.0076510143, -0.006744335, 0.023069039, 0.0024363908, 0.01170463, 0.0072673713, -0.013705278, -0.027476575, -0.0029919457, 0.023140552, 0.011309683, -0.0010979467, -0.011905144, -0.029977718, 0.0065907706, -0.0005970069, -0.012319018, -0.02008662, 0.0021947294, 0.023301538, 0.02262787, 0.049752265, -0.0212805, -0.013727684, -0.0049937875, -0.00543963, -0.020936647, -0.007254237, -0.0018629085, 0.029790409, 0.004893067, -0.027496014, -0.02942635, -0.016833695, 0.044399157, 0.013260132, 0.003230357, 0.0018030559, 0.011130486, -0.009410854, -0.0026478057, 0.010905263, 0.008627014, -0.02370085, -0.013376105, -0.017100135, -0.00053266785, 0.001618928, 0.018744089, 0.025872596, -0.0029575266, -0.0015702838, 0.009626389, 0.014457143, 0.007929914, 0.005348492, -0.0041181105, -0.0046152226, -0.0047784913, -0.0125851, -0.0012899942, -0.02044821, -0.02599525, 0.001418461, -0.025840318, -0.004119328, -0.0021617324, -0.03419116, -0.0021172434, -0.011558285, 0.019499267, -0.0055626747, -0.004532134, 0.026993567, -0.030751545, 0.017784711, -0.011097808, 0.009201547, 0.019237872, 0.005609363, -0.008764854, -0.011126245, -0.007834011, -0.002980053, 0.00044149917, -0.008320325, 0.0010866756, 0.012272605, 0.0070990236, -0.009265466, -0.029401025, 0.026011156, -0.010642586, -0.004796559, 0.009744155, 0.0005800806, -0.0013691594, 0.010100599, 0.044639304, -0.006601698, 0.022606764, 0.01420066, -0.0007117093, -0.0023566096, 0.010227632, 0.012067184, 0.030549401, -0.015600088, 0.0020592164, -0.010377983, 0.022645334, 0.01899084, -0.006150955, -0.030280134, 0.0019646673, 0.040543746, -0.02448599, -0.016497888, 0.02109238, -0.017007472, -0.0005230879, 0.021374222, 0.0066039255, -0.017450064, -0.010099364, -0.0005860352, -0.0031733145, -0.013722763, 0.018941471, 0.02367156, 0.011819031, -0.007981867, 0.018870141, 0.012196082, -0.029845174, 0.037448335, 0.022784015, -0.0033875583, 0.016977115, 0.0123534305, -0.010742692, -0.010828166, 0.0018133859, 0.0026931819, 0.015635265, -0.005643554, -0.023296397, -0.016189674, -0.021955771, 0.010421522, -0.005263967, -0.010967511, -0.020080687, -0.020400591, -0.023860702, 0.016482078, -0.031350166, 0.011549725, 0.026796447, 0.009867207, -0.006506828, 0.0016070119, 0.008522524, 0.021758173, -0.010628696, -0.012521149, -0.019178275, -0.006504836, 0.026415383, -0.008008324, 0.015139511, -0.021869948, -0.010536204, -0.021454586, -0.0088563645, -0.014841224, 0.020389402, 0.016650826, 0.0047090724, -0.009190792, 0.00010249231, 0.009543133, -0.007784373, -0.017675353, -0.023407197, -0.025440898, 0.020889653, -0.0010628807, 0.026324375, 0.010494053, 0.025714424, 0.03128836, -0.031842798, 0.0020398158, 0.0023143187, -0.0028900802, 0.007153695, -0.0007770029, -0.001257116, 0.017025338, -0.033012483, 0.010077844, 0.025862847, -0.0074366233, -0.0030702802, -0.004859338, 0.041721135, 0.044799894, 0.056797467, 0.050423663, 0.013747372, -0.028860891, -0.016154557, -0.018376159, 0.009085286, -0.0017282487, 0.020995466, -0.034925736, 0.010823127, 0.0031344679, -0.0013332797, 0.028481608, -0.031099545, 0.019998219, -0.013491148, 0.020611888, 0.011840104, -0.031072387, -0.0014371063, 0.017642304, -0.021379666, 0.006341835, -0.011469743, -0.00033173113, -0.004028569, -0.005649079, -0.016305061, -0.008932176, 0.008772912, -0.01557068, 0.0077856258, 0.0014834523, -0.011148107, -0.00012333906, -0.026533455, -0.022363527, 0.021100515, 0.009022651, -0.0058912914, 0.017341126, -0.00917578, 0.0031589475, 0.020422671, -0.0149055505, 0.034596417, 0.008862792, 0.0017003503, -0.0033797037, -0.031944793, -0.0069412184, 0.017869532, -0.0066457046, 0.03211942, -0.07318254, -0.037786298, 0.005467336, -0.026605656, -0.023627274, -0.0056146416, 0.0110559445, -0.021157416, 0.028524995, 0.034154963, 0.0022986708, 0.033297766, 0.01585223, 0.024935942, 0.008696816, 0.003897409, -0.0069061895, -0.00086444017, 0.0013570334, 0.013452486, 0.019707626, -0.00580486, 0.00463353, -0.0022892714, 0.025264421, -0.015461213, 0.0071548456, -0.018701034, -0.009099363, 0.009367988, 0.0011060202, -0.013063393, 0.025700992, 0.025457427, 0.012666303, 0.0022480106, 0.006077662, -0.024450012, 0.0102777975, -0.009734594, 0.018603839, 0.009167807, 0.00022173814, -0.004702505, -0.0123136435, -0.006416277, -0.02696897, -0.010297558, -0.0011479513, -0.015337425, -0.014846492, -0.0015037472, 0.022577185, -0.0064926087, -0.019174954, -0.00463436, 0.0040276414, 0.0014504438, -0.003914495, 0.027548946, -0.0067044925, 0.020185541, -0.0025337283, -0.007489766, -0.025883349, -0.04581102, -0.020873953, 0.003090749, -0.0018957515, 0.020759508, -0.024478942, -0.00873684, 0.005186296, -0.022462996, -0.0003119427, -0.021075422, 0.014716867, 0.004937916, 0.02445997, 0.0078413235, -0.010739348, -0.026816923, -0.11187411, -0.029896539, 0.009206943, 0.014240871, -0.01985858, -0.010813386, -0.003643416, -0.021286994, 0.00036994857, 0.010266105, -0.00606363, 0.018119773, 0.019279338, -0.012086178, 0.004439231, -0.0021810269, 0.0045712898, -0.03185956, -0.008855391, 0.017580938, -0.0054217274, 0.014855308, 0.013806202, 0.0018895858, -0.026972037, -0.016330091, 0.010919098, 0.011082948, 0.01950348, -0.03188932, 0.0031571498, -0.14316002, 0.029076597, 0.013389986, -0.008964934, -0.00060898194, -0.006482918, 0.0073032654, 0.0072993846, -0.034016714, 0.00015773803, -0.0018628798, 0.014438252, -0.031734698, 0.023459772, 0.0028642106, 0.10441339, -0.009426091, 0.010547079, -0.008972379, 0.0132083865, 0.017395426, -0.0073542986, 0.012963396, -0.02431567, -0.0065569626, -0.0076287817, 0.029879546, 0.0056281066, 0.018694252, 0.011953673, 0.0007298714, 0.0067792563, 0.010273383, -0.022911508, 0.021992728, 0.009029086, -0.0017757725, -0.014379727, 0.014369114, 0.014893069, 0.008777944, 0.024388213, -0.013554535, -0.005761486, 0.022440452, -0.0027763674, 0.012265985, -0.0190951, -0.010677098, -0.006629566, -0.026890079, -0.07963268, 0.002938275, 0.03480256, 0.021820478, 0.011433764, 0.012383577, 0.016106136, -0.0058848932, 0.0003340568, -0.015061819, -0.0341903, -0.021522757, 0.0010171244, -0.002008451, -0.034776855, 0.006608302, 0.01611392, -0.0028231295, 0.023101985, -0.0018285954, 0.008895464, -0.027114717, -0.021664374, -0.022690155, -0.022487117, -0.0106817065, 0.0022912647, 0.048904132, -0.017716318, -0.014351231, 0.015429116, 0.02724838, 0.037749454, -0.016787209, -0.011553955, 0.037660766, -0.018227888, -0.0060699196, -0.021184202, 0.0017648201, -0.017057175, -0.0059548835, -0.011545927, 0.008752082, 0.008181492, -0.024969906, 0.032544356, -0.044932466, -0.026683735, -0.00418944, 0.0053503006, -0.0025489554, -0.005649025, 0.02015557, 0.024770854, 0.015338302, 0.0069909734, 0.025023246, 0.0051562013, -0.0020581873, -0.020224642, 0.008155522, -0.0010061444, -0.0005140926, 0.012411016, -0.0065492084, -0.014181378, -0.018023051, -0.015061722, -0.0021529142, -0.00033037775, -0.0031662297, -0.004917698, 0.0023959966, -0.014547433, 0.0068645016, 0.008406362, 0.0078382315, -0.04469791, 0.024101116, -0.017390434, -0.0008139654, -0.0022824754, 0.009956369, -0.0007783088, 0.017297752, -0.021161463, -0.0075078057, -0.010097498, 0.003920665, -0.009349262, -0.008048097, 0.0060735852, 0.008137492, 0.0062039294, 0.002537607, -0.0014268374, 0.0023234233, -0.021435967, 0.009632204, -0.00872941, 0.034443107, 0.0009468547, -0.021755055, 0.009019636, 0.007726406, -0.01594823, 0.0016396181, 0.0006552815, 0.01195359, -0.024129597, -0.008038246, 0.009438532, 0.010803426, -0.01653615, 0.01043448, 0.009052032, 0.0014244376, 0.017140593, -0.012410459, 0.0004589889, -0.005335611, -0.00446553, -0.005548631, -0.0075276, 0.0077694976, -0.0151668, 0.004964462, 0.008261658, 0.010734077, 0.018630162, 0.0038739904, 0.026662705, 0.0018343998, 0.0041235993, -0.0043326174, 0.00047505577, -0.0049638087, 0.0030418537, -0.008369331, -0.030872656, 0.01631539, -0.013307505, 0.0042583873, 0.019114979, -0.011704535, -0.0019583646, -0.016080195, -0.008495627, 0.0012395518, -0.0043181614, -0.01645393, -0.018190991, -0.018047351, 0.018516386, 0.007918558, 0.013105489, -0.0026942678, -0.0029660643, 0.022029893, -0.004096103, 0.015638912, -0.02264042, -0.010507446, -0.027304787, -0.00030629867, -0.017155858, 0.018433869, 0.015362843, -0.005257522, -0.0011559564, -0.020139243, -0.004364561, 0.012513678, 0.014142055, 0.008868105, -0.010779379, -0.0108839795, 0.0062684002, 0.0034771655, 0.0096828835, 0.017486155, -0.0027695452, -0.0023732337, 0.00531094, 0.0071485434, 0.019194681, 0.0023809653, -0.010988654, 0.009049724, 0.014235764, 0.003251896, 0.010562914, -0.0240694, -0.0036183766, 0.004093057, -0.0037311187, -0.012047519, -0.012267886, -0.0044513354, 0.005803879, 0.009612569, 0.013647738, -0.0115522, -0.01638585, -0.0065555214, 0.0041774963, 0.012058724, -0.002572323, -0.0072334986, 0.003750591, -0.0009939393, 0.007857084, -0.010528519, 0.030067386, -0.0033419887, -0.017656704, -0.00067769754, -0.012183928, -0.009131905, 0.007447296, 0.026729306, 0.009642871, -0.018225666, -0.013763738, 0.0035687317, 0.0033570249, -0.001349124, 0.0038052346, 0.006906549, -0.02677004, -0.015291811, -0.00999491, -0.007858186, -0.0052206055, -0.0015260159, 0.013724255, -0.0098147085, -0.0005714652, -0.004472851, 0.008839494, 0.006725161, 0.020771192, 0.0064140726, -0.01649462, -0.014487337, -0.0014730125, -0.009188425, 0.0072954744, 0.0189098, 0.009420525, -0.009804242, -0.019388333, 0.00044421369, -0.017953355, 0.0065090386, -0.0013485631, 0.014379557, 0.00086778525, 0.088968664, 0.016515993, 0.0021676864, 0.0051285615, -0.023447579, -0.0042544194, -0.010222334, -0.013415088, 0.0012143181, 0.017214254, 0.001545818, 0.0058549843, -0.0079735005, 0.0155946715, 0.011139379, -0.0022502705, 0.002523082, 0.0022837, 0.006197462, 0.015515574, -0.0019677132, 0.0010707044, 0.0063604163, -0.009028025, 0.005008415, 0.0050279847, 0.0022497943, 0.008690937, 0.0020585041, 0.020961704, 0.0022257012, 0.023865437, -0.019081797, 0.0110474685, -0.015951866, -0.00016221158, 0.008671691, 0.010615462, -0.0027046262, 0.0018775143, 0.009056547, -0.0035754822, 0.019214872, -0.0025423681, 0.00079327315, 0.0009564348, -0.022761526, 0.0072739604, -0.006196921, 0.0141648855, 0.006411946, -0.0041636284, -0.00929205, -0.016861618, -0.007624265, 0.010936036, 0.00902843, 0.0055070003, 0.018402891, 0.0024458333, 0.016115211, 0.013664582, 0.0064415913, -0.0009418305, 0.011927469, 0.019393459, -0.009299432, 0.004393517, -0.019284569, -0.0049433056, -0.0067315237, 0.002726379, -0.0075771823, -0.0024071955, 0.019040061, 0.014503907, -0.00091454264, -0.011581426, -0.013783916, -0.020388087, 0.014708608, -0.011170803, -0.013775015, -0.019470027, 0.012605326, 0.0050323857, 0.014910855, 0.009422643, 0.009201916, 0.00010458128, 0.012934799, -0.017741004, 0.007307614, 0.017436758, -0.006079599, 0.019721406, 0.059117243, -0.006092491, -0.0066741207, 0.015590724, -0.0104187755, -0.018313086, -0.0014449203, -0.0144665195, 0.008932146, -0.004721625, 0.019063182, 0.009041936, 0.0049018045, -0.002216847, -0.005161836, 0.013020326, 0.015058152, -0.0040790318, -0.010797425, -0.0035803188, 0.026121292, 0.007085946, -0.0068791644, 0.0049136863, 0.019245544, -0.0014664056, -0.01486889, 0.02460737, -0.00705093, 0.0010250102, -0.020917727, 0.00707514, -0.00069048017, 0.0066017173, -0.0052776253, -0.004418547, -0.014645534, -0.0021088885, 0.0042607216, -0.016974542, -0.00036102012, -0.01339788, 0.01754084, 0.017676868, -0.010827423, 0.00020983015, -0.01991076, 0.008516589, 0.015907958, -0.014697532, -0.002777725, 0.008335928, -0.005413426, -0.00077845616, 0.006335857, 0.0033314833, 0.013808244, -0.0062477305, -0.009390489, 0.0011859266, -0.01646893, 0.010692409, -0.004029969, -0.007876179, -0.0023244221, -0.007327242, -0.00017406141, 0.0054723164, -0.00918112, -0.008034861, 0.02598744, 0.017310122, -0.015877232, 0.02179037, 0.009065053, -0.007068703, 0.015339763, 0.004515459, 0.010176716, 0.015559987, 0.006478033, -0.018629, 0.00485394, -0.0005880729, 0.0019864033, 0.0015644849, -0.018527506, 0.0017603334, 0.0035911105, -0.008599687, -0.0026847548, 0.0047489875, 0.021872493, -0.006488228, 0.024863342, -0.0034759806, -0.008748664, -0.009402789, -0.0123785455, 0.0074134534, 0.0050266376, 0.003762524, -0.00015186158, 0.0028112943, 0.0014207317, -0.0056321076, 0.008641392, 0.0032315296, -0.010678131, -0.0012332585, 0.0016564601, -0.012416173, -0.0068744486, 0.0119209215, -0.010857381, -0.023511324, -0.0093618855, 0.015558344, 0.0017871952, -0.0026058864, 0.0030011425, 0.0071342657, 0.009976453, 0.008624243, -0.01150754, 0.018242959, -0.006143728, 0.008839878, -0.008093959, -0.009181371, 0.00028969726, -0.009177993, 0.013761253, -0.022444978, 0.021011386, 0.009027189, -0.0074568284, -0.010117895, 0.006723168, -0.0042661354, 0.009153836, 0.0013623519, 0.014647778, -0.011231698, 0.009035101, -0.018619006, 0.009113737, 0.0032692193, 0.016889967, -0.0070858356, -0.010843188, 0.0019993384, -0.0077224313, -0.007795744, -0.00054898794, -0.0034887537, -0.0023445818, 0.0006319421, 0.0010010045, 0.019641163, -0.015197619, -0.03954952, 0.01136666, 0.009905904, 0.016218161, -0.0036795458, 0.0053208037, 0.0071634427, 0.001099207, -0.0002641076, 0.0063430783, 0.0004740402, -0.0020160957, 0.0057194512, 0.013410783, 0.0007151994, 0.007520433, -0.003781932, -0.010937138, -0.00617146, 0.008796935, -0.010370956, 0.0140761575, -5.703214e-05, -0.00021481111, 0.0010334884, -0.006138717, 0.009880757, -0.00019557575, 0.004151406, -0.0070540556, 0.008893199, 0.0068308897, -0.009765537, 0.008718753, 0.015587422, -0.0005926228, 0.006312936, -0.028732697, 0.007615022, -0.021341084, 0.008515535, 0.0014853176, -0.006131698, 0.0016180811, -0.02358632, 0.00804488, 0.0063709607, 0.0071682166, -0.003927894, 5.4469547e-05, 0.013308913, 0.008106821, -0.00804773, 0.008400791, 0.025833119, -0.022890579, 0.015946219, -0.00042679554, -0.010947979, 8.716106e-05, -0.0070003425, -0.00507906, -0.014717206, 0.017776124, -0.02708988, 0.016329419, 0.020439614, -0.0027000518, 0.0037834349, -0.006079261, 0.015362431, 0.00093704433, -0.001396322, -0.01543583, -0.013119336, -0.007284133, 0.0036451512, 0.008035799, -0.013191484, 0.012598747, -0.006657505, -0.0054070666, -0.019351874, -0.006308186, -0.013401413, 0.02306373, -0.01768949, -0.00783584, -0.019360177, -0.008602758, 0.008573384, 0.0024407478, 0.0047705313, 0.009750715, 0.0052054916, 0.017443927, -0.010477425, 0.017518876, 0.008468071, 0.016652295, -0.011026112, 0.0068548033, -0.0023928466, 0.016453883, 0.0020059664, 0.0084972745, 0.0055149044, -0.0011465339, 0.0062435665, 0.015135176, 0.018938534, 0.0076328944, 0.0032388766, 0.007309579, 0.008899177, -0.006797346, -0.007979912, -0.0071471245, 0.003268624, -0.00579906, -0.01996638, 0.0121015, -0.007182704, -0.0017399166, -0.0073470776, 0.01711684, -0.009601156, 0.01052414, 0.011390202, -0.00847048, -0.005698573, 0.010478776, 0.013363909, -0.028399104, -0.007814368, -0.003717578, -0.005520091, -0.00045239297, -0.005334047, 0.0003985916, -0.0012256827, -0.0012877934, 0.0087144235, -0.016696429, 0.019314261, -0.007042144, -0.00022595964, 0.012821882, 0.0049726544, -0.00366756, 0.0049427743, 0.00089006085, 0.01655286, -0.00057063234, -0.0031761297, 0.0018490058, 0.012670555, 0.0040355134, -0.001874057, 0.0029273988, -0.0018283622, 0.009960197, 0.011062922, -0.026389008, -0.0017834131, 0.0013130041, -0.0030367388, 0.0043911114, 0.016931502, 0.014922333, -0.007555042, 0.011003305, 0.0027391138, 0.013051461, -0.01324169, 0.01348902, 0.0152646415, -0.0037536472, -0.017821096, 0.009368063, -0.006340314, 0.0055547804, 0.032729227, 0.003225049, -0.001531823, -0.002486874, 0.011449876, 0.008308199, 0.009609183, -0.012932966, 0.0015796628, 0.02172237, 0.0015275709, 0.011886411, 0.0014441735, 0.018667785, 0.012078934, 0.006244835, 0.0021815817, 0.0041359793, -0.01406147, 0.0136543615, 0.0072044586, 0.010580879, -0.007139615, -0.095452756, -0.002396378, 0.0075194295, 0.010355465, 0.0064217728, -0.003337834, -0.001562316, -0.00040830654, 0.012489031, 0.0016305408, 0.0058943233, -0.002780304, 0.007477526, -0.004397948, -0.0065349657, 0.013249056, -0.010942626, -0.0019536903, 0.0058274553, -0.025544351, -0.0010757063, -0.0029175966, -0.007650739, 0.004041243, -0.0003558654, -0.014791545, -0.006411723, 0.014483818, 0.003515191, 0.0037518935, 0.014410255, -0.0023875667, 0.007041932, 0.013385805, 0.008160191, -0.008540586, -0.015252114, 0.0058182366, -0.12960993, -0.001448877, -0.013906089, 0.0035035107, -0.013695538, -0.002154547, -0.0070606247, 0.006434483, 0.003987206, 0.00052385527, 0.012515581, -0.018296534, 0.011235039, 0.008451762, 0.0015685298, -0.008959789, 0.024243383, 0.009353329, -0.024913464, -0.0070645823, 0.013539158, -0.009579032, 0.016078722, 0.0101090865, -0.0048977956, -0.011093699, -0.0012615185, -0.00099466, 0.01684278, -0.015421528, -0.005722902, 0.003907522, 0.018632451, 0.009664686, -0.006371492, -0.013151285, 0.01982968, 0.005743301, -0.006566962, 0.01308052, 0.011206618, -0.011499109, 0.0024177544, -0.0043563773, -0.0032777097, -0.008815246, -0.0012445136, -0.011921434, 0.010858242, 0.037203845, -0.003908633, 0.0002869677, -0.0233348, 0.010857932, 0.013189052, 0.014363003, -0.027311094, -0.009341568, -0.015079714, -0.011877531, -0.003391714, 0.009983607, 0.015592142, -0.008450902, 0.00987479, 0.014666883, -0.01194967, 0.0017280985, 0.0031929067, 0.028782073, 0.024148848, -0.0061760093, -0.02330322, 0.0070775724, 0.020661246, -0.011480169, 0.0022149181, -0.010019187, 0.005519503, 0.008171223, -0.013663259, -0.0034257984, -0.0060177883, 0.0063669262, -0.00066186336, 0.0018309203, -0.0009824176, -0.0074681113, -0.011968042, -0.060410198, 0.007597384, 0.008362513, 0.008034062, -0.012777249, -0.00483353, -0.0007181904, -0.0077381004, 0.015868958, -0.018335037, 0.0057757264, 0.013625099, 0.010868391, 0.013615281, 0.003310136, -0.0052078287, -0.0013033926, -0.0042314893, -0.004902508, 0.008415014, -0.016093457, 0.01255831, -0.016691593, 0.013713676, -0.00016964065, -0.010250957, 0.009763625, -0.008213188, 0.0012965687, -0.029552998, -0.0023218882, 0.010712772, -0.0060136486, -0.00074541743, 0.012000773, -0.012463848, -0.0014487392, 0.014536139, -0.011710362, -0.004963616, 0.009446734, -0.0235725, 0.01692233, -0.0008463219, -0.00483969, 0.016899051, -0.00032594267, -0.011502932, -0.020169722, -0.018221902, 0.0013436374, -0.008287552, 0.022064794, -0.003607811, 0.001079985, 0.009093437, -0.009129365, 0.0157689, -0.015074531, -0.0026425372, 0.0022033597, 0.0023580606, -0.01626625, 0.015281914, -0.00073964003, 0.013223741, -0.0067673656, 0.012419638, -0.008448517, -0.00405767, -0.011059713, 0.009452234, 0.015548783, 0.006613892, -0.011556255, 0.009528245, 0.026910922, 0.016072942, -0.0020013377, -0.009233458, -0.0010459222, 0.023848107, 0.0029467165, 0.0133503415, -0.00967846, -0.003291742, -0.0032554604, 0.01434991, 0.028437307, 0.01553731, 0.007488687, -0.002444591, 0.021872062, -0.005633964, -0.019338572, -0.008234384, 0.0028746685, -0.020476038, 0.0009155876, 0.031895705, 0.023668539, -0.011015518, -0.011183008, -0.03747677, -0.0059336945, -0.011266809, -0.012019873, -0.0036474061, -0.032033164, -0.0031119608, -0.0017198529, -0.0021917983, -0.0016920108, 0.02041708, -0.16520362, -0.012326413, 0.011526342, 0.0001276819, 0.001553765, 0.00024188719, -0.005030558, -0.011687753, 0.018792491, 0.0002586607, 0.019194603, 0.03364447, 0.006145962, -0.005552202, 0.015240978, 0.0057685566, 0.016866056, 0.007385065, -0.0024751956, 0.0014284384, -0.019192748, 0.015572512, 0.013077223, 0.017173417, 0.012927384, -0.007962785, 0.0029005017, 0.013112274, -0.007719472, -0.01663054, 0.008502066, 0.0145404525, -0.006011003, -0.0120520545, -0.030989839, 0.01906814, -0.027803654, 0.00155898, -0.0019863578, 0.009998368, 0.003439521, 0.021295771, -0.00055989844, 0.022559924, -0.0010723319, 0.023272334, -0.029770795, -0.02138812, 0.00799919, -0.007012062, 0.009380484, 0.021913463, -0.009798777, -0.00630887, 0.021899672, -0.013016516, 0.006807831, 0.0058910097, 0.006841351, 0.0014395458, -0.02090105, 0.0114141265, 0.013682458, 0.018813549, -0.010160541, 0.00038583763, -0.0013180227, 0.14489134, -0.029759167, 0.021941198, 0.005762318, -0.0063313874, 0.022307727, 0.014029352, 0.01112773, 0.011220057, -0.0017869035, -0.010037352, 0.0074683083, 0.005702565, 0.015565296, -0.0065413187, -0.009448853, -0.018474923, 0.03512035, -0.010639713, 0.00017649645, -0.0030206458, -0.02050837, 0.012209354, -0.011885012, -0.0015325457, -0.010085488, -0.0270987, 0.001675126, 0.009519446, 0.0137422085, 0.015008454, -0.005368443, -0.009382436, -0.023360088, 0.008582902, 0.0161929, -0.008525442, -0.00526088, 0.0014534455, 0.010617419, 0.023815986, 0.003866727, -0.00901976, -0.019073145, -0.005292534, 0.025795713, 0.011423334, 0.008730349, 0.01690345, 0.005990012, -0.019787824, 0.0090906685, 0.0076000364, -0.019349406, 0.0042394577, -0.027480796, -0.006194456, 0.0074817264, 0.0028343184, -0.0007770804, 0.020231482, -0.016708657, 0.0021340132, -0.0015994378, -0.0026907367, -0.004912803, -0.012676384, -0.012236663, -0.007697219, -0.10675966, -0.0024133385, -0.008136512, -0.0047725732, -0.004130058, -0.008240675, 0.018600235, -0.0027179574, -0.003231012, 0.01276662, 0.000621937, -0.0023748663, 0.0010719966, 0.0037120017, 0.003566553, -0.0034910678, 0.0015502445, -0.011280708, 0.029796155, 0.041241832, -0.0016864861, 0.0031713147, 0.0030033286, -0.025814204, -0.013222151, 0.00050117413, 0.00021678345, -0.017464442, 0.0013003318, 0.019424487, 0.0004883747, -0.01921729, -0.013575567, 0.012681576, -0.018487714, 0.013428203, -0.0055681327, -0.0050814385, -0.012462145, 0.0115366, -0.0076045264, -0.0040172585, -0.02399409, 0.0069774757, -0.038323525, -0.014468346, -0.018340303, -0.04139378, 0.013533521, 0.0005675519, 0.008822567, -0.0021864753, 0.0029708506, -0.032032102, -0.028401414, 0.009381943, 0.019799447, -0.029521424, 0.027792996, 0.010434323, -0.0032219791, 0.010183008, -0.024697773, 0.0038865504, -0.022075454, 0.008350114, 0.015918527, 0.015123551, -0.011647568, -0.015821142, 0.013158087, -0.008914694, -0.009799108, -0.0031299416, 0.00095990964, -0.012943939, 0.0058684642, 0.01347951, -0.0135707, -0.0008913334, -0.036548276, 0.00926193, -0.0076157046, -0.009576238, 0.025659813, -0.006891828, 0.0027793013, -0.0047296686, 0.0069505796, -0.007181358, 0.014178155, -0.014927537, 0.030848932, 0.01247369, -0.007228497, -0.011616015, -0.0049720523, 0.00052172306, 0.008233303, -0.0077282283, 0.02461218, -0.008244786, -0.02339022, 0.013064804, 0.0041664857, -0.0069381143, 0.0022915886, -0.011866068, 0.01306957, -0.0105819525, 0.008779614, 0.004337935, -0.023891063, 0.018576093, 0.009778168, 0.0026120923, 0.007616946, 0.0051352535, -0.0071711782, -0.005117221, 0.0055769486, -0.0026397568, 0.013454894, -0.021206422, 0.011486852, 0.0056187133, -0.009320857, -0.002519086, 0.026891485, -0.0061051543, 0.006508677, -0.00353251, 0.0028717574, 0.010533166, 0.019310532, -0.009503394, 0.0039005734, 0.019661142, 0.034496732, 0.019262899, -0.0037213133, 0.021293323, -0.008139601, -0.012274152, -0.018420374, -0.019642508, 0.0058028605, -0.021430928, -0.004222297, 0.0038800994, 0.009439473, -0.0012538359, 0.0010608657, -0.01432463, 0.022291027, 0.040035542, -0.00316489, -0.004663288, 0.020251758, 0.009091009, -0.005718782, 0.0177407, 0.006058107, 0.0023408858, 0.0025855545, -0.0058444915, 0.010798284, -0.0022923872, -0.0067384006, -0.024649411, 0.00018605114, -0.0012799831, 0.022247624, -0.0008599818, 0.013418219, 0.015072821, 0.0037408532, 0.0021568928, 0.016797189, -0.0556144, 0.0005308104, 0.014296581, -0.0120398775, -0.0064543057, -0.0014668911, 0.013921249, 0.01848662, -0.020117369, -0.008659791, 0.009301749, -0.007506696, -0.005834509, 0.0044018086, 0.0048631355, -0.0040251175, 0.00067403266, -0.002015533, 0.027430277, 0.002778932, 0.01749273, 0.0096125305, -0.00250541, -0.010991133, -0.015211359, 0.004558964, 0.021275202, -0.0009215521, 0.025992708, 0.0015846074, -0.011057191, -0.023481501, -0.0171165, 0.012702145, 0.009093531, 0.01921488, -0.0042164023, -0.0039308267, 0.016867075, -0.05332533, 0.011958981, 0.015785865, -0.04850963, 0.0154581405, 0.0010646756, -0.004149161, -0.0031419278, 0.0077061807, -0.005788243, 0.010016039, 0.021429352, 0.007947489, -0.015686708, 0.018938418, 0.017614242, -0.027568676, 0.010325017, 0.0107056, -0.0012492138, -0.010503554, -0.013365356, -0.008938824, -0.00829223, 0.012409319, 0.005334677, -1.7453927e-05, -0.016310757, -0.0011759273, 0.014118944, -0.022627674, 0.0052617234, -0.029989405, 0.02585885, 0.012250957, 0.008690174, 0.012060139, 0.0022086045, -0.021100901, 0.0057724845, 0.0009857783, -0.016270688, 0.0022402029, 0.00941166, 0.06252898, 0.00951431, -0.020853445, -0.022192484, -0.09651862, -0.023003798, 0.009134123, -0.017378349, -0.0015293703, -0.004394875, -0.012876064, 0.050196957, 0.018592877, -0.020256246, 0.001009938, 0.0025070435, 0.00991845, -0.0030955726, 0.0066246195, -0.030539539, -0.009720257, 0.007398173, -0.009878509, 0.011055455, -0.009176138, 0.005406746, -0.013823748, 0.01845096, 0.022451257, -0.035803966, -0.00096468895, -0.019481914, -0.012336742, 0.00685526, 0.0039235135, -0.011543683, 0.012597333, 0.0061542494, 0.029188242, 0.0077900263, -0.0030760525, 0.007845203, 0.006193269, 0.012765788, 0.013533818, -0.016234474, -0.003928485, 0.015138026, -0.0024388505, 0.0024283025, 0.002190702, -0.008924748, 0.022034954, 0.014367692, 0.0057830955, -0.012206043, 0.026571961, 0.0135726305, -0.018955823, -0.0006806722, 0.0024610523, -0.018766738, -0.0077937646, -0.011420379, -0.022066424, 0.008196506, 0.011100254, 0.02427118, 0.011796166, 0.0025626842, -0.028251056, -0.010107095, -0.0016695773, 0.0058422056, 0.011689771, 0.00094307726, 0.013171757, 0.00058404915, 0.0039179935, -0.011396007, 0.0022865082, 0.0040243506, -0.0014381198, -0.00079857657, -0.0059319586, -0.008501659, -0.017359883, -0.0049247, 0.002032886, -0.006363224, 0.017591136, -0.025327267, 0.02804877, -0.0017053483, 0.026294077, 0.010913745, -0.002167825, 0.019113004, 0.035362143, -0.003807951, 0.010097505, -0.007302598, 0.016370429, -0.008003533, 0.00628188, 0.010872324, -0.016645968, 0.0014913796, 0.0059311716, -0.013945731, 0.008202072, -0.015533287, -0.0013896418, 0.0002499224, -0.004684528, -0.003344103, -0.011867723, 0.003944668, 0.011203492, -0.0074353544, -0.013628787, -0.0017556867, 0.03051799, 0.021505352, -0.0024972034, -0.021728601, -0.025146157, -0.027840214, 0.012526852, 0.009041693, 0.013030553, -0.0032491582, -0.0074181347, -0.0013555574, -0.015135577, 0.013864156, 0.0011843205, -0.008428014, 0.0043992302, -0.025174491, -0.008253762, 0.014240126, -0.012849575, -0.001203135, 0.004684804, 0.029622817, 0.009029685, -0.015855463, 0.043063488, -0.010497798, -0.007393061, -0.0032000279, -0.015858326, -0.005881687, 0.028398653, 0.0123903835, 0.0051436443, 0.016443994, -0.016841264, 0.010820801, 0.0070328936, 0.023472726, 0.0074534137, 0.02393574, 0.030287178, -0.005930123, -0.0012105415, 0.0097539965, -0.02719542, 0.010539198, -0.001068963, -0.023098333, -0.0029936158, 0.0039654663, -0.011157532, 0.02164564, -0.022125838, 0.0018927868, 0.022320965, -0.020663736, -0.0017823583, -0.015017308, 0.011854227, 0.014273458, -0.005364243, -0.013858182, 0.022586696, 0.0053421785, 0.0044429875, -0.010451042, -0.009827114, -0.009217459, 0.0073517165, 0.006014059, -0.024537805, 0.005837732, 0.0013456491, 0.00093803526, 0.011424696, -0.011808757, 0.013238614, 0.014542256, -0.02818894, 0.02214843, -0.0062180585, 0.019556053, -0.020578703, -0.0243735, -0.001641842, 0.0011003946, -0.017835185, -0.0037293232, -0.027041731, -0.004384521, -0.007218283, 0.0076106107, -0.003360987, 0.007000601, -0.011691284, -0.0033668408, -0.007521597, -0.017509982, 0.01794433, 0.0019339741, 0.012112344, -0.0027783394, 0.0256141, 0.005747127, 0.0152193885, -0.0127113955, -0.011041707, 0.01591397, 0.005818638, -0.013290228, -0.009295694, 0.021347208, -0.0086683715, 0.01976252, -0.023757748, 0.018425062, 0.004259514, 0.028162984, 0.0024450996, -0.012022232, 0.021922305, -0.0044775736, 0.0071518184, 0.0032550725, -0.017587772, -0.033239026, -0.008440388, -0.018437652, 0.0030451927, 0.0026244817, 0.0012522775, -0.021303166, -0.011443925, -0.015002965, 0.0063295844, 0.019699456, 0.016580446, -0.0069827284, -0.009512368, 0.0028063334, -0.012650481, 0.017014682, -0.021473786, 0.00065525906, -0.026690297, -0.00019152324, 0.003607543, 0.0152299935, -0.011613936, -0.001155493, 0.0021644717, 0.005548291, 0.0022950554, -0.020484459, 0.0069277226, 0.008556711, -0.016669268, -0.0011681174, -0.007936585, 0.008203467, -0.007087482, 0.028409181, 0.0166746, -0.0071879937, 0.0025994964, 0.0026486837, 0.007816114, -0.0002497482, -0.005520494, 0.008404337, 0.007885584, -0.013347029, 0.002900772, -0.0018992845, -0.03101813, -0.007967746, -0.02455591, -0.024898455, -0.0017827055, -0.008312296, -0.009128647, -0.011264173, 0.019463792, 0.005989179, 0.01163982, -0.0028555144, -0.007307517, -0.006962855, -0.00014551442, 0.0100361835, 0.006160328, -0.004933416, 0.0031827842, 0.0027384697, 0.009670584, -0.0072249873, 0.0020438721, -0.0063961404, -0.016833724, 0.012805077, 0.00025927878, -0.010475048, -0.019919317, 0.0037849462, -0.009366404, -0.03456865, 0.0037958547, -0.0032960891, 0.007011893, 0.0026455491, -0.020216206, -0.010591569, -0.015169933, -0.011654456, -5.767743e-05, 0.0030390113, 0.018207027, 0.013677605, 0.018159034, -0.0005030682, 0.001454531, 0.0049202787, 0.015506433, -0.017263912, 0.00025794358, 0.0018734664, 0.01659832, 0.011822953, 0.015753496, -0.015964873, -0.0053971405, -0.028896622, 0.0011374364, 0.0042997547, -0.0010411033, -0.031334966, -0.0056238626, 0.0013315195, 0.024098458, -0.0016033201, 0.0009087761, -0.00490275, 0.01107898, -0.011976088, -0.008202348, -0.0002421227, 0.009659906, 0.0019230121, -0.009807641, -0.01241925, -0.014576901, -0.00075101946, 0.009235341, 0.006462345, -0.0010859871, 0.012835011, -0.013295413, -0.0039690807, 0.005132229, -0.004649918, -0.00023375174, 0.010499352, -0.016752226, 0.0031327002, 0.0022273692, 0.012592045, -0.012829167, 0.0007951327, -0.013464083, 0.00970153, -0.01357513, 0.0013791389, -0.0020941487, 0.008929758, -0.02276496, 0.016812688, 0.021307783, -0.0017089156, 0.017196497, 0.009055546, 0.012073168, 0.0049299276, 0.0083457995, -0.014170093, 0.005058963, 0.003957777, 0.00026870272, 0.019072685, 0.029506989, -0.034454487, 0.0022533273, 0.02270151, -0.00034273736, -0.0051002083, 0.0062067965, 0.01946857, -0.011439025, 0.015492786, 0.005866745, -0.0044384426, 0.018713634, 0.0068893027, -0.00052534614, -0.0070316033, -0.019980818, 0.03254058, -0.01724625, -0.011117293, 0.0028794706, -0.005595603, -0.0021100133, -0.016065877, -0.008213588, 0.015016752, 0.03701629, 0.014689503, -0.02805494, 0.009504231, 0.021212058, 0.03732804, 0.007312653, 0.01297296, -0.0087203365, -0.009160907, 0.014606571, -0.004164221, 0.002032246, -0.017287655, 0.0047426084, 0.015137401, 0.0118800765, -0.01398182, 0.002589486, -0.010105411, 0.004872333, -0.008304148, -0.007143156, 0.024116801, -0.012567901, -0.005395219, 0.0052850023, 0.0074464628, 0.0037924212, 0.0026427512, -0.02209108, -0.018980695, 0.01219322, 0.0069639497, -0.004906261, 0.01792774, -0.03123254, -0.023168493, -0.0705231, -0.0070862626, 0.0061871503, 0.0007618515, -0.027589826, -0.0089174155, -0.008814567, -0.0068675783, 0.02110119, -0.027372614, -0.018097807, 0.012065372, 0.015913492, 0.010549005, 0.0067451373, -0.0125566255, 0.013260617, 0.0024703797, 0.010591359, 0.0038457215, 0.02448055, -0.009068305, 0.012178847, 0.0031345708, -0.0031369014, -0.0051600137, 0.008822699, 0.0005490154, -0.0077852, 0.002400888, -0.023115141, -0.013475273, -0.010525451, -3.0530653e-05, 0.005812219, -0.0049171015, 0.014162699, -0.043577194, -0.004437596, 0.007222333, -0.000349346, 0.008078585, 0.014981749, -0.016371708, -0.019252785, -0.012550713, -0.03775432, 0.013363986, 0.014522099, -0.018979138, -0.0155067695, -0.020335255, 0.006453296, -0.0041626096, 0.011132584, 0.0040843957, 0.004615414, 0.015432446, 0.01939153, -0.0052495375, -0.0050586625, -0.014717766, 0.005186163, 0.012878644, -0.017240664, -0.0037762127, 0.009653435, -0.015449812, -0.011987678, -0.012909291, 0.014565935, 0.00373977, 0.029087517, -0.00034567126, -0.024497254, 0.0009871538, -0.027508901, 0.025155239, -0.011419096, 0.010251303, -0.015651617, 0.012209004, -0.011387515, -0.000539841, -0.0037882184, 0.003360096, -0.021199536, -0.025539974, 0.0014300083, 0.007211698, 0.0018900275, 0.02037752, -0.008314873, 0.008307968, 0.0045558685, -0.010330579, 0.0059970804, 0.01315316, 0.006272408, 0.012787742, -0.002422057, 0.0021810527, 0.007812846, -0.02610537, -0.009367366, 0.004945579, -0.011246131, -0.0002226466, 0.014408834, -0.030950766, 0.0071507744, -0.021065153, 0.0039847586, 0.0072076786, 0.022129431, 0.018322887, -0.0014397308, 0.00872216, 0.008376993, -0.0036017585, 0.017293228, -0.0009411214, 0.013304552, -0.022575445, -0.01458123, -0.00043756585, -0.010233615, -0.0043741087, -0.0138625065, -0.0049261227, 0.0071400306, -0.012478751, -0.00096023746, -0.0072222333, -0.008128001, 0.008719206, 0.011450167, 0.006958921, 0.024639426, 0.035718396, -0.007099102, -0.008019337, -0.0033549434, 0.011083347, 0.013172227, -0.0044899574, 0.017876646, 0.00035105448, -0.008592197, -0.004866197, 0.0016556586, -0.01742269, -0.00036658082, -0.003606855, 0.023842478, -0.010432108, 0.0029245804, -0.007989702, -0.0047842865, -0.0062338277, 0.018096779, -0.004434349, 0.0050944486, 0.00026216867, 0.008140183, 0.00890421, -0.015956897, 0.0005033335, -0.0036514949, -0.0076692873, -0.0017452773, 0.015146929, 0.017822253, -0.013921637, -0.017331772, 0.01870616, -0.01277618, 0.0015249028, 0.020733513, -0.0156168565, 0.0053164135, -0.02407916, -0.004375537, -0.004499294, 0.031282753, -0.0011175865, 0.031890213, 0.0019072081, -0.004340626, 0.0063543515, 0.00460565, 0.00017478746, 0.024016175, -0.013781141, -0.011164039, 0.011886196, 0.036607828, -0.0005339744, 0.024344059, 0.013438557, -0.016431961, 0.016973723, 0.012495446, -0.008769434, 0.026229572, -0.003545595, 0.015019964, -0.005632113, -0.022309776, 0.015995637, 0.008534537, 0.0031143127, -0.003792873, 0.010322178, 0.17648125, 0.12753731, -0.009476948, -0.0066084946, 0.0012641242, -0.028348958, 0.018339654, -0.010539848, 0.01061393, -0.020463554, -0.018270459, 0.02732498, -0.0067823385, -0.00011860092, -0.00086259696, 0.014824828, 0.024457008, 0.0060263253, -0.014795778, 0.021471508, -0.015148783, 0.0022944147, -0.013933708, -0.01872397, -0.016729524, 0.019861583, 0.010738188, 0.013965822, 0.024869833, 0.0061137103, -0.0089013735, -0.009952959, -0.00097598514, -0.010299027, 0.014020466, -0.008500919, -0.022319693, 0.020245425, 0.009302099, -0.013607304, 0.0053394753, 0.023868117, -0.0053064846, 0.009484429, 0.037484206, -0.016696226, 0.009579499, 0.0092929695, 0.0076201237, -0.003494599, -0.008485777, -0.012969927, -0.0081155095, 0.02023799, -0.005661499, -0.033877186, -0.026338927, 0.021469692, 0.024241086, -0.011383889, 0.018504094, 0.009983371, -0.011660904, -0.023542246, -0.021204848, 0.0006706956, 0.03064886, 0.0018385921, 0.012053424, 0.018083686, -0.002421213, 0.013193299, -0.00040451548, 0.01328316, -0.014850375, 0.004223974, 0.016894119, -0.018747937, 0.016963264, 0.036277723, -0.0074279364, -0.0018035731, -0.007912143, 0.02587956, 0.016685562, -0.029821489, 0.01043818, 0.02989376, 0.097119115, -0.010664023, 0.01832753, -0.020783495, 0.011113834, -0.03594808, 0.0048269425, 0.047613386, 0.02775184, 0.018077923, 0.03179433, -0.013446715, 0.023309475, -0.012545756, 0.008822254, -0.00581754, -0.012822717, 0.035419326, -0.0038355622, 0.009802142, -0.01756386, 0.012362829, -0.0048912405, -0.01631257, 0.015045916, -0.009994891, -0.01772502, 0.021544542, 0.0039213626, -0.0111508565, -0.09253788, -0.012510006, -0.004614114, 0.0055301366, -0.0011472331, 0.018653201, -0.03241726, -0.022042569, -0.0053745965, 0.0042419103, 0.017664911, -0.024942355, 0.0070642955, 0.0019983335, -0.002224007, 0.021927346, 0.0028538425, -0.013378572, 0.02618263, -0.0021257084, -0.014078347, 0.008122219, 0.0027015437, -0.0027684304, -0.019521281, -0.02153821, -0.0115044415, 0.019656092, 0.0111754285, -0.011575708, -0.016135588, 0.020805214, -0.048857577, 0.0054485006, 0.015370867, -0.0029447875, 0.0014726426, -0.006214819, -0.0027026879, -0.0054440005, 0.012235157, -0.034256846, -0.025748147, -0.03031092, 0.006679458, 0.0031275887, -0.000101841426, -0.0031766454, -0.009260587, 0.012895315, 0.017986847, 0.00618641, 0.025595454, 0.009534492, 0.0019762067, -0.009423079, -0.0024525584, -0.0314659, -0.00597307, -0.00013365908, 0.010965675, 0.0073760133, -0.003774931, -0.0015639351, 0.016207883, 0.0019291047, -0.014670781, -0.011076405, -0.024380654, 0.012626142, -0.01850108, -0.0016381579, 0.0063666697, -0.0021698836, 0.004848729, -0.0075662034, -0.029865224, -0.014280317, 0.015194678, 0.020039592, 0.012415087, -0.0065952768, -0.008803223, 0.109299846, 0.009935509, 0.015700892, 0.019069426, 0.014540299, 0.005119423, -0.0069225454, -0.0037558442, -0.00858517, -0.009744974, -0.007658544, 0.025167238, -0.0023115752, -0.0036239333, -0.00028845755, -0.004043329, 0.021894364, 0.002294821, 0.01936947, 0.008719825, -0.019485176, -0.022414137, -0.011358644, -0.0050527956, 0.011818207, 0.012629957, -0.011211232, 0.008578234, -0.0072740517, 0.0063213236, -0.0051285704, 0.008930007, -0.0094030155, -0.014387678, 0.010549284, -0.018316463, -0.015957529, 0.018597122, -0.005586973, 0.0047576474, 0.023638021, 0.025523439, -0.0030191338, -0.0046989163, -0.029126674, 0.18895473, 0.010766305, 0.02167891, -0.0072778226, -0.0061762673, 0.0010309274, 0.013011456, -0.00011116379, 0.014731877, -0.0051932237, -0.0054029822, -0.009243546, 0.014442894, 0.009661001, -0.015342823, -0.0053256107, -0.017064074, -0.01864, -0.014671302, 0.012641281, 0.005473721, -0.0066224113, -0.019851053, 0.004978776, -0.0015900505, -0.01549071, 0.0023003565, 0.012265303, 0.014383235, 0.0029970529, 0.005201892, -0.007114703, -0.023118597, -0.0014753157, -0.0058453083, 0.025772063, -0.002934219, -0.023349166, 0.0059927553, -0.008544395, 0.0030653903, 0.0019106852, -0.0025947974, 0.00022718623, -0.019404285, -0.015373083, -0.021019273, 0.006921253, -0.010856131, -0.026342465, -0.0067219934, -9.160658e-05, -0.018782528, 0.0021643902, 0.005483248, -0.011549004, 0.0049213795, -0.017595632, -0.009448076, -0.001645092, -0.009604194, 0.024742344, -0.011105008, 0.015955472, 0.013375421, 0.0009007488, -0.018192813]"
SpaceX pospone el decimo vuelo de Starship por un problema en tierra,https://oem.com.mx/elsoldetampico/img/25392891/1756061019/BASE_LANDSCAPE/1200/image.webp,Tamaulipas,no descripcion,https://oem.com.mx/elsoldetampico/mundo/spacex-pospone-el-decimo-vuelo-de-starship-por-un-problema-en-tierra-25392837,"[-0.0006408476, 0.010960834, -0.0072083157, -0.103851005, -0.0045743836, 0.00314558, 0.0016939623, 0.014687002, -0.003027824, -0.002835937, 0.00322813, 0.023101324, 0.0411004, -0.01461056, 0.11327553, 0.02065005, -0.0050679613, 0.029611401, -0.020432834, 0.022495614, -0.0003791759, -0.008122807, -0.009216366, 0.0010341372, 0.015914628, 0.011198993, 0.0010735489, -0.014892764, 0.019191124, -0.0054276595, -0.014997902, -0.012061217, -0.007078435, 0.010297283, -0.019544004, 0.026854634, 0.006584685, 0.013661014, 0.018942406, -0.012524967, -0.015296488, 0.010096545, 0.0154416235, -0.00714395, 0.0024364735, -0.032010786, 0.025127023, -0.028334526, 0.022848317, 0.021606274, 0.021891948, -0.017023189, 0.0058749528, -0.17400952, -0.022006994, -0.0010262581, -0.018960468, 0.019740457, 0.0034832128, -0.03891848, -0.04081039, 0.023466686, -0.001448295, -0.03253548, 0.013076048, -0.014728484, 0.03411785, 0.022648443, -0.02116141, 0.019374346, -0.0063167834, -0.015634757, 0.02894323, 0.0016535042, -0.0013560574, -0.00543553, -0.006746553, 0.017971603, -0.02756335, 0.01748967, 0.003523789, -0.014363166, -0.004044592, -0.012596648, -0.029374408, -0.0069359834, -0.01539724, -0.014959123, -0.0023327495, 0.010598408, -0.025869338, 0.014343967, 0.015463475, -0.00041332896, -0.020665146, 0.032515284, 0.0036050102, -0.020195534, 0.0053942283, -0.01385672, -0.0058475803, -0.026187802, 0.020443302, 2.1917393e-05, 0.013312834, -0.020162117, 0.010519745, -0.02286826, -0.0067081633, -0.012824293, 0.007502209, 0.013957832, -0.01069924, -0.0051716994, 0.0014968662, -0.10755339, 0.018070359, -0.014792601, -0.01683167, -0.011016465, -0.02007625, 0.02926924, 0.010896604, 0.017366674, -0.03894797, -0.008180146, 0.005537975, 0.014587963, -0.023855392, -0.0073373048, -0.011964535, -0.009414767, 0.017764414, 0.0115408115, -0.009836266, 0.027984591, 1.40115235e-05, 0.015954461, -0.005896852, 0.0048471927, 0.0035232713, 0.0102028055, 0.0047819945, -0.012084673, -0.024830768, -0.014060341, -0.01527313, 0.008684016, -0.009431785, -0.013208962, 0.008825845, -0.019026639, 0.0006924203, 0.000258065, -0.013610772, -0.026830586, 0.014959581, -0.013950665, -0.018045388, 0.010952055, -0.028343387, -0.010873755, 0.003962585, -0.0013767509, -0.03181622, -0.0035539311, -0.0042042527, 0.01835702, 0.009035635, -0.008941737, 0.009889309, -0.024706906, -0.04315051, 0.024695504, 0.005886939, -0.013187562, 0.03816988, -0.01681268, -0.017521007, -0.020049926, -0.0063180714, 0.013524863, 0.012397287, 0.005064292, -0.019894501, 0.022647873, -0.034017112, -0.023957534, -0.004629994, -0.002213623, 0.0015251664, 0.007890732, -0.008484236, -0.0045096236, 0.022345493, -0.013889054, -0.021492593, 0.00068802055, -0.009866386, -0.010398175, -0.005368791, 0.003907063, 0.029444028, 0.015456465, -0.00745284, 0.030466191, -0.006266521, 0.016854718, 0.0045099254, 0.022920286, -0.007547417, 0.02157831, 0.023558706, -0.0075392155, 0.0349629, -0.014366375, -0.0064610937, 0.00940185, -0.00602161, 0.004774168, 0.008757914, 0.028956441, -0.010614921, 0.012019049, -0.0040894207, -0.009108666, 0.02294335, 0.0109880725, 0.029009271, 0.023174325, 0.0032631783, -0.0071699615, 0.01215391, -0.0047125574, 0.009378711, 0.0013666094, 0.008989024, 0.02080864, 0.0050223866, 0.031135954, -0.002703244, -0.011475709, -0.027006585, -0.014452148, 0.02424183, 0.013036495, 0.018753178, 0.025670545, -0.0071778265, 0.024395779, 0.024697915, -0.0022693533, 0.0076178503, 0.011168635, 0.01043182, 0.010506734, 0.023852458, 0.019479135, -0.0026905695, -0.03356834, -0.03653169, -0.013264269, -0.014554191, 0.013927202, 0.020615341, -0.018726205, 0.0029864458, 0.007189845, -0.046373453, 0.014322793, 0.0075188573, 0.0072636977, -0.026269486, -0.0140440315, -0.02232709, 0.021023333, -0.040058278, -0.0037800963, -0.022068622, -0.025877489, 0.015035875, 0.030777168, -0.008177021, -0.027266026, 0.024768578, 0.003492351, 0.008698201, 0.014423357, -0.01883705, -0.018304452, 0.006747129, 0.02178849, 0.007077802, -0.012200632, -0.00018760106, -0.014866079, 0.013383137, 0.012781441, -0.021302784, -0.014722756, -0.005028245, 0.008415992, 0.0030223376, 0.040717322, -0.012094413, -0.010583519, 0.013128747, -0.0077550756, 0.008936466, -0.0007736488, 0.010024131, 0.012681101, 0.004459667, -0.029267685, -0.023740774, -0.0077384594, 0.025840074, 0.005592332, 0.0013717934, 0.004165865, 0.0074126823, -0.009286583, -0.010154674, -0.000286508, 0.010536779, -0.013024078, 0.0050493414, -0.008679264, -0.00022558153, -0.005955384, 0.016490115, 0.024593234, -0.0036801156, 0.0020172633, 0.006885166, 0.016417006, 0.007030432, 0.007936244, 0.0014599161, -0.028454773, -0.020772569, -0.0044796714, 0.0103167975, -0.016020257, -0.030870035, 0.018697, -0.025861446, -0.0060019502, -0.020302821, -0.045883764, 0.011754913, 0.008788431, 0.0067755515, 0.011940477, -0.012267747, 0.01927572, -0.01594169, 0.00084370415, -0.010136601, 0.021139473, 0.03810106, 0.0012894383, -0.0120607605, 0.001450648, -0.008599886, -0.015529174, 0.0062625627, -0.0011176585, -0.014527831, -0.009905784, 0.0012629562, 0.0050542564, -0.020215139, 0.009507584, -0.010644911, -0.0045360643, 0.012062786, -0.0067059877, 0.0053701405, 0.018647615, 0.035942852, -0.0021506182, 0.010602444, 0.0015892868, -0.0059596626, -0.00279198, 0.012697868, 0.02079341, 0.020606384, -0.007227223, -0.011145567, 0.0072501823, 0.023001146, 0.036780123, -0.021649163, -0.019950507, 0.0021083169, 0.021385519, -0.023037987, -0.006611251, 0.017238418, -0.009553818, 0.015830854, 0.027618218, 0.0010642544, -0.012600931, -0.022082724, 0.008145121, 0.005630082, -0.024799496, 0.01916832, 0.016822398, 0.020020166, 0.0035625321, 0.01710321, 0.013038327, -0.019530911, 0.014975028, 0.023018632, -0.0010902985, 0.029377995, 0.0053366935, -0.006404256, 0.0013191757, 0.0010235913, 0.019194378, 0.010066237, -0.007553753, -0.01388551, -0.0077773524, -0.01075054, -0.0014364223, -0.029820278, -0.00014053796, -0.008567523, -0.01841631, -0.02748369, 0.02586236, -0.034876704, 0.017215427, 0.016918639, 0.017839199, -0.013758014, 0.0012852066, 0.015939629, 8.8157656e-05, 0.00683287, -0.010540059, -0.021882333, -0.016015152, 0.029173996, -0.022020577, 0.007982343, -0.027772762, 0.004739307, -0.014448613, -0.0027882932, -0.014865033, -0.0016472763, 0.00178714, 0.011722587, -0.010166335, -0.0005211421, 0.009661907, -0.028454667, -0.028572816, -0.024617294, -0.027293187, 0.018842818, -0.00063704775, 0.019948188, 0.0059594493, 0.009791437, 0.03599843, -0.039030638, 0.012843027, -0.0070242123, 0.0077519966, 0.027824875, -0.0048790458, -0.0066765896, 0.0056721955, -0.01557884, -0.0016937001, 0.026324503, -0.0028378828, -0.014868749, -0.0052155666, 0.032783482, 0.02562519, 0.039750222, 0.027087053, 0.013245378, -0.03392681, -0.017138757, -0.017020224, -0.0010811108, 0.006713695, 0.010817997, -0.0366447, -0.009217115, 0.02098972, -0.00556244, 0.02494723, -0.023281071, 0.009140186, -0.017744333, 0.014985293, -0.0006421233, -0.022816844, -0.022522286, 0.02264981, -0.027514188, 0.010400237, -0.003119646, 0.014723922, -0.014964903, 0.0024959214, 0.0010966755, 0.0075760265, 0.002332722, -0.021865437, 0.0065998253, 0.017942565, -0.01969985, 0.005595083, -0.013571612, -0.033319823, 0.0042471797, 0.030064203, -0.008329006, 0.018482937, -0.020882102, 0.0009111926, 0.012842557, -0.0152378855, 0.016773716, 0.015075212, -0.005289581, 0.0127312215, -0.039233007, 0.0004315063, 0.016894758, -0.0029302258, 0.0353731, -0.08185025, -0.030198766, 0.005293787, -0.010284576, -0.022768542, -0.0040395777, 0.024234684, -0.008152283, 0.04028986, 0.020409344, 0.005891999, 0.038781703, 0.023872772, 0.022327526, 0.0010962813, 0.0062100263, 0.0013099113, 0.007799836, 0.003360094, 0.009587017, 0.024602996, 0.016416743, 0.00521324, 0.0005262988, 0.03014795, -0.0004621027, 0.006999691, -0.016825052, -0.028604088, 0.02680185, 0.005398606, -0.01679319, 0.009715621, 0.02847942, 0.028553192, 0.011556615, 0.010979983, -0.02269087, 0.0049703345, -0.0014255004, 0.016897302, 0.0041322284, -0.0026285942, -0.0105685, -0.024495738, 0.010061914, -0.0099695325, -0.012931882, -0.009221731, -0.020975966, -0.020038517, 0.010911468, 0.021561854, 0.0013988679, 0.004565099, -0.0018075266, 0.0029501114, 0.004525335, -0.008985939, 0.02297073, -0.020091072, 0.029027471, -0.0031099592, -0.008174216, -0.040945303, -0.03323768, -0.015977029, -0.010076238, 0.009625079, 0.02676058, -0.014333995, -0.023577336, 0.018386364, -0.029950472, -0.014755274, -0.0013184187, 0.0061824345, 0.011074532, 0.01655198, 0.0058443025, -0.0110414615, -0.019557731, -0.0966412, -0.022250235, 0.010539558, 0.00041537196, -0.009373586, -0.014059214, -0.0056883264, -0.0073759872, 0.01643517, 0.015480442, -0.0089488765, 0.019698778, 0.013820741, 0.0016342051, 0.0041066976, 0.011115905, 0.001822195, -0.020853717, 0.0056871497, 0.021307182, -0.007415893, 0.0143966405, 0.012938388, 0.020791087, -0.027099514, -0.037781928, -0.011206196, 0.018213084, 0.016673114, -0.006807471, -0.009333453, -0.1350094, 0.02509772, 0.021728266, -0.009111186, -0.0013562279, 0.014044011, 0.002711381, 0.0035314884, -0.028590547, 2.766762e-05, -0.01198828, 0.019072695, -0.02493878, 0.023343135, 0.026724268, 0.10751871, -0.012613191, 0.0043741134, -0.009631673, 0.0053271283, 0.0007806191, 0.009997387, -0.0089065675, -0.030127326, -0.019263849, -0.012747445, 0.033232536, 0.0007945967, 0.024965655, 0.00850996, -0.009859111, 0.008109453, -0.008744203, -0.013949227, 0.024411462, 0.007920149, -0.028496696, -0.024641993, 0.02396579, 0.02051866, 0.0003781198, 0.02300306, -0.018441802, -0.014192822, 0.020437201, 2.4200684e-05, 0.02255689, -0.01456409, -0.018853, 0.007283596, -0.027474215, -0.080999166, 0.015922787, 0.014881319, 0.02508104, -0.0005772288, -0.001182677, -6.777738e-05, -0.010383384, 0.006229098, -0.013349312, -0.013869939, -0.027264902, -0.009880554, -0.011344293, -0.017694268, 0.00465264, 0.0095456205, -0.0042807683, 0.021767259, -0.01765561, 0.018814957, -0.016616486, -0.02601645, -0.004287499, -0.0055774846, -0.014010329, -0.008486725, 0.04872376, -0.021371307, -0.01912861, 0.0015885414, 0.029025791, 0.021337697, -0.006657592, -0.0011365651, 0.029934391, -0.013932403, -0.004974795, -0.015744943, -0.0002609801, 0.004917316, 0.0016577172, -0.00081475195, 0.006276863, 0.016215075, -0.0154324705, 0.04139159, -0.039415885, -0.03675154, -0.002279421, 0.001917841, -0.01648701, -0.005536122, 0.025238467, 0.02006329, 0.026088081, 0.00020469127, 0.018084805, 0.013826326, -0.013364143, -0.014854087, 0.010909955, -0.0063795424, -0.0013479068, 0.010797477, 0.008267536, -0.010972538, -0.0042453744, -0.01895037, -0.0070198295, -0.008482225, -0.00512532, 0.0055000493, -0.0052127107, -0.013465951, 0.0055437735, 0.027186016, 0.005888919, -0.045767453, 0.014681195, -0.008774723, -0.015485809, -0.00026423906, 0.010603599, 0.008020293, 0.014503634, -0.0115735, -0.007284723, -0.013532553, -0.0012513855, -0.013932938, -0.0062025166, 0.0143290125, 0.0025022996, 0.003525272, 0.00017525097, -0.005000144, -0.0013030547, -0.027328797, 0.0036369984, -0.0049443287, 0.03054288, -0.0030934426, -0.0043192655, -0.002386081, 0.0051351376, -0.016834924, 0.020075094, -0.006992269, 0.010824164, -0.019954864, -0.015724286, 0.006485223, 0.0012150838, -0.021177815, 0.010796895, 0.0033744976, 0.0077458336, 0.029655498, -0.015227419, 0.004415214, 0.0019632822, -0.002080101, -0.00688581, -0.0047535133, 1.9695839e-05, -0.014310581, 0.0009926967, 0.018925063, 0.0053722397, 0.02353316, 0.00331736, 0.033274706, 0.008095528, 0.0034226975, 0.0002715737, 0.00028564362, -0.0067933053, -0.011176637, 0.0024346828, -0.028778668, 0.009073994, -0.007675608, 0.01066118, 0.020052508, -0.015588838, 0.004755062, -0.017217625, -0.008547366, 0.0012833213, 0.003944507, -0.018932592, -0.0017702371, -0.011653841, -0.0021790618, 0.018043112, 0.017924033, -0.010869507, -0.009770293, 0.011818104, -0.0036740538, 0.019174136, -0.016018204, -0.014159129, -0.023664067, -0.011704156, -0.006140924, 0.016381359, 0.009899766, -0.00839542, -0.0021198657, -0.013480648, -0.0027443012, 0.0056476733, -0.0024525342, 0.009850023, -0.0013216498, -0.013430645, 0.011293135, -0.0059278836, 0.016173124, 0.02149673, -0.008394553, -0.0022998343, 0.002310732, 0.004316569, 0.01603638, -0.00023398703, -0.014177486, 0.014645001, 0.017626196, 0.0017974109, 0.0019567625, -0.021194823, -0.011374619, 0.006043876, -0.0031046385, -0.017953731, -0.012585874, 0.0049276343, -0.008122899, -0.0016557472, 0.0044134976, -0.011701321, -0.006046993, -0.0070511093, 0.007006004, 0.012429157, -0.005113212, 0.00043400208, -0.009016995, 0.006126672, 0.008545753, 0.00041624528, 0.021439657, 0.00038190183, -0.021781396, -0.003229657, -0.010941756, 0.0038962467, 0.011541481, 0.030362122, 0.00089656614, -0.017972475, -0.019319955, 0.006446519, -0.0046562366, 0.005171349, -0.004362662, 0.0014351711, -0.018208386, -0.013332555, -0.0076322863, -0.00534484, -0.012157451, 0.0040151216, 0.012096006, -0.011616375, -0.010602914, 0.0009767141, 0.010813219, 0.011772276, 0.017930102, -0.0010330643, -0.017127365, -0.00644296, 0.00066079886, -0.008400226, 0.007844971, 0.014040173, -0.0009353332, -0.009641109, -0.020559385, 0.01588582, -0.023003882, -0.00048637376, 0.013269362, 0.007294423, 0.0010078371, 0.08445118, 0.007982909, -0.0013051875, 0.011849115, -0.012072058, -0.013496191, 0.0008405878, -0.013024283, -0.0044114664, 0.011674195, -0.0070677116, 0.0018649761, 0.0054804836, 0.021771846, 0.01746264, 0.0068521495, 0.012714768, 0.007750657, 0.0036527114, 0.015638616, -0.0010298413, 0.0021862008, 0.007903713, -0.014331487, 0.0150314905, 0.0044920393, 0.0017456915, 0.008597851, 0.0026860584, 0.020373963, -0.0029681628, 0.01716512, -0.009459104, 0.0045430046, -0.01717524, -0.014651857, 0.010957158, 0.023183241, 0.0040118415, -0.0002822839, 0.01134713, 0.01123438, 0.002499319, -0.005301529, 0.0027265935, 9.541608e-05, -0.01989928, 0.0022434387, -0.0034873022, 0.015703145, -0.0007560577, 0.0004679197, -0.0040540393, -0.016962426, -0.009168669, 0.004238358, 0.017396193, 0.0067504314, 0.018484093, -0.0026522258, 0.012014713, 0.009130827, 0.009643499, -0.0055220416, 0.0088287005, 0.006164167, -0.008550927, 0.007951025, -0.00027421713, 0.012722571, -0.008361432, -0.0014260155, -0.01628595, -0.012618425, 0.01611257, 0.018768333, -0.01090936, -0.021204805, -0.01814124, -0.019002656, 0.018597553, -0.00533341, -0.022945447, -0.008394008, 0.00959136, 0.015043501, 0.00058669684, 0.012596761, 0.0012016754, 0.0030211026, 0.010887959, -0.015680453, -0.0064493543, 0.012119335, -0.001728641, 0.013468777, 0.059652995, -0.010088152, 0.003679901, 0.014719538, -0.009778862, -0.0072598597, -0.0022395737, -0.015629264, 0.010750625, -0.011822523, 0.0047761505, 0.01243771, 0.00067915133, 0.00019612072, -0.004657253, 0.023513172, 0.010545638, -0.010002134, -0.008869803, -0.006890765, 0.0313757, 0.005484755, -0.0022011395, -0.00209039, 0.0067676986, 0.008735579, -0.009583403, 0.032842044, -0.005431093, 0.002755929, -0.02002685, 0.006144294, 0.00356687, 0.006294907, 0.00028277352, -0.014119866, -0.009538076, -0.007977468, 0.0063070976, -0.009692628, 0.009461594, -0.0031076625, 0.009255244, 0.0055633984, -0.012936174, 0.0054697865, -0.008425683, 0.005168146, 0.019218355, -0.012646817, 0.002560307, 0.005188495, 0.00012494954, -0.0057705, 0.0019374548, -0.007258871, 0.00037184352, -0.003646483, -0.01954908, 0.00086658966, -0.017664792, 0.0149675, -0.00918615, -0.013470602, -0.008568734, 0.00012872602, 0.005279764, 0.005781425, -0.0015690286, 0.00078196905, 0.01928548, 0.01907239, -0.008648516, 0.018018689, 0.01933929, -0.0067072604, 0.01959315, 0.0061599812, -0.0074171075, 0.0047701513, 0.0019225072, -0.029695392, 0.01679509, -0.0024899482, -0.009131942, -0.017378833, -0.02276136, -0.011112016, 0.01407801, -0.018495936, 0.008435104, -0.010490468, 0.0076581766, -0.011011441, 0.023420697, -0.008898128, -0.015041473, -0.013446415, -0.017860586, 0.01663863, 0.007890044, 0.008695218, -0.014144206, -0.008708262, 0.0067559886, -0.013293144, 0.0018273814, 0.01135412, -0.0073422384, -0.00937064, 0.0030410017, -0.008023741, -0.00052599405, 0.019184563, -0.0041267136, -0.023899402, -0.021199938, 0.0073219063, 0.00026598616, -0.007123251, -0.00444374, -0.0059232363, -0.0012343011, -0.0014696817, -0.010978008, 0.019484207, -0.011957694, 0.00743581, -0.021335343, 0.0029232616, -0.003200865, -0.010581586, 0.01718042, -0.0176439, 0.021200195, 0.014423884, -0.017655954, -0.013426949, 0.0059173973, 0.0018106141, 0.00648963, 0.0043639774, 0.0013577483, -0.013045969, 0.010411513, -0.0033173033, 0.012906937, -0.0029657062, 0.017120162, -0.004342663, -0.011835638, 0.0033601199, 0.00090945093, 0.0006994775, 0.003147209, -0.0027039715, 0.0043349112, -0.00018639017, 0.012848422, 0.0024663317, -0.007109676, -0.047477752, 0.013311872, 0.008712299, 0.012668021, 0.008302872, 0.0033774732, 0.0033200341, -0.0029967416, 0.008011916, 0.0015001778, -0.00899088, 0.007590149, -0.0028728412, 0.007411796, 0.0035471756, 0.0023196915, 0.0070973365, -0.011737188, 0.0010364032, 0.020070914, -0.0040593003, 0.00042575385, 0.0019920052, 0.00018042774, -0.007114085, -0.0026509718, 0.00043299363, -0.0026228232, -0.0020024863, 0.00027038532, 0.012113221, 0.011952581, -0.0046170815, 0.0069444496, 0.00742887, -0.006246998, 0.010311166, -0.019286199, 0.010451473, -0.019842766, -0.0013304497, -0.00045873562, 0.0020671603, 0.007879116, -0.01821291, 0.01202201, -0.0017825635, 0.0060126106, -0.013863982, 0.013022057, -0.00063027884, 0.0019652506, -0.01741048, 0.006363946, 0.0102180755, -0.021131828, 0.0086375475, 0.0008647041, -0.0055204933, 0.010369579, 0.008602607, -0.011782006, -0.016959738, 0.011702843, -0.027959924, 0.001623482, 0.018024998, -0.0040572886, 0.00094234914, -0.007760639, 0.016076526, -0.00049339636, 0.008805194, -0.025339246, -0.0037350175, -0.007733554, 0.005012862, 0.010073674, -0.0067819315, 0.006120944, -0.0024790158, -0.022195753, -0.01646117, -0.00674215, -0.012486817, 0.01540497, -0.016681723, -0.012777064, -0.041934945, -0.004746724, 0.008414476, 0.009387841, 0.0044292295, -0.00706933, -0.0043690726, 0.011170889, -0.01617418, 0.009367263, 0.0072470126, 0.015595354, -0.013520241, 0.016291857, 0.007250542, 0.008289175, 0.0063881446, 0.00702055, 0.00024320495, 0.0061579817, 0.002810279, 0.0012800341, 0.0058517535, 0.0048235585, -0.0041404404, 0.015058677, -0.0008183568, -0.012339116, -0.012662052, -0.0187928, 0.018117914, -0.0096348785, -0.020681081, 0.010663611, 0.00021989227, -0.0036940696, -0.0049159992, 0.021117214, -0.019872602, 0.005949513, -0.0011615611, -0.00037173464, -0.017104575, 0.014508492, 0.01128205, -0.015937826, -0.017537592, 0.0056068017, -0.00042663893, 0.0010112379, -0.008072201, 0.010222566, 0.009105061, 0.00065480766, 0.008700901, -0.007217668, 0.0117531475, -0.020317174, 0.01009017, 0.005956113, 0.0033916568, 0.005207586, 7.533464e-05, 0.008633091, 0.007719741, 0.00258425, 0.010321058, -0.0047777477, 0.015895184, 0.0024254804, -0.00648186, 0.0018630562, -0.005313128, -0.00027970373, 0.005458554, -0.013527003, -0.0067172274, 0.0023384294, -0.004993831, 0.0071399524, 0.010680303, 0.002843808, -0.009219448, 0.021673571, -0.008718208, 0.014318634, -0.010363358, 0.0012138322, 0.019398035, -0.008037207, -0.012569514, 0.004183435, -0.013801586, -0.0020692083, 0.02276344, -0.00010257744, 6.508971e-05, -0.008409205, 0.0030363363, 0.012741912, 0.010591403, -0.013770972, -0.0006359551, 0.016064385, 0.005601669, 0.015800234, -0.004581569, 0.008223678, 0.030977746, 0.010579308, -0.0015833736, 0.01324159, -0.006151574, 0.015772583, 0.00034938115, 0.0049682707, -0.015554586, -0.09620842, 0.0051999968, 0.014741999, -0.003836803, -0.016529042, -0.011046672, -0.0008314114, -0.0036461037, 0.002579929, 0.003432032, 0.0011194801, -0.008586146, -0.0061842175, -0.007215312, -0.0039744135, 0.000737828, -0.014089544, -0.0101009095, 0.008360113, -0.017168066, -0.008682779, 0.0032119094, -0.009712084, 0.016053114, -0.0010516169, -0.0036453928, -0.0017477724, 0.0048392024, -6.292545e-06, -0.002030062, -0.0011194859, -0.00630783, 0.002811479, 0.0050011035, 0.0028868283, -0.0138063505, -0.0064408574, 0.011372918, -0.13659331, 0.009579751, -0.022150323, -0.0061578318, -0.007428325, 0.017077345, -0.0032903384, 0.0007436425, 0.0062724, -0.0018217822, 0.00373386, -0.014880774, -0.00782356, 0.0062123225, 0.0026432595, -0.016867451, 0.013249474, 0.005148823, -0.02742008, -0.0011666359, 0.0094679035, -0.00043641636, 0.004142844, 0.010389347, -0.008020073, -0.017837163, 0.0054753455, 0.0031404062, 0.008160443, -0.009804657, -0.010881006, 0.00041098488, 0.014453251, 0.0022601606, -0.010452182, -0.02406831, 0.01640955, 0.008982616, -0.0077633723, 0.013278795, 0.010511088, -0.013081708, 0.015112294, -0.0026489706, -0.010216686, -0.0053304886, 0.0034863902, -0.014547281, 0.02136885, 0.028472612, -0.0046926895, 0.0043034083, -0.022452723, 0.0058360477, 0.010667073, -0.00025618385, -0.022821289, -0.002975668, -0.003619346, 0.008968731, -0.0040423996, 0.02357073, 0.009456855, 0.0022672957, 0.0056880666, 0.013460661, -0.010902516, -0.007931388, -0.004285006, 0.028345933, 0.01633337, -0.0052160043, -0.025070991, 0.005506148, 0.007795436, -0.012514245, 0.00066071964, -0.009425845, -0.00057015364, 0.00014982549, -0.0039691743, -0.004230235, -0.007900419, 0.006496526, -0.0015347358, -0.001890558, -0.0008428217, -0.006027779, -0.026621535, -0.046026167, -0.0033212719, 0.007135109, -0.010846439, -0.010174796, -0.003827257, -0.008348314, -0.015256176, 0.015875218, -0.026106473, -0.0064233444, 0.0061848727, 0.02194188, 0.00017977167, 0.0008866476, 0.010400518, 0.0030248382, -0.0017942927, 0.011013693, 0.006923188, -0.011830909, 0.017234266, -0.014054067, 0.0077265943, 0.0061580823, 0.0012809602, 0.016988866, -0.0029850947, 0.006508969, -0.029673457, -0.005013592, 0.016861944, -0.005928373, -0.0010125447, 0.027021643, 0.0032939718, -0.001717582, 0.011021657, -0.014123706, 0.0036106564, 0.011640473, -0.018703874, 0.018145919, -0.0013426433, -0.0048422352, -0.0031329584, 0.0019648853, -0.010942433, -0.0197077, -0.024311908, 0.0068367654, 0.0030128672, 0.01733137, -0.0043375976, 0.013947105, 0.007873059, -0.008466565, 0.015449041, -0.018686818, -0.022108898, 0.0028883328, -0.0040904577, -0.0073857713, 0.0042530484, -0.0016146145, 0.01711989, 0.005079614, 0.013579267, -0.012806089, -0.010519651, -0.0010225216, -0.002642336, 0.011828075, -0.009781079, -0.011099164, 0.006736116, 0.017786045, 0.0042557856, 0.015094334, 0.001955417, -0.0043958286, 0.013537646, -0.0099663995, 0.009061744, -0.020636838, -0.004944867, -0.004938802, 0.021097422, 0.032231946, 0.030838432, -0.0013891085, 0.010790469, 0.020020273, 0.0073540863, -0.034139093, -0.012388245, 0.0027724367, -0.01528183, 0.0119755445, 0.011430797, 0.0151517205, -0.006775562, -0.021832805, -0.03448972, -0.0034773224, 0.0016217068, 0.0062604323, -0.014913834, -0.024075639, 0.007676689, -0.011881528, -0.0019274022, 0.009509176, 0.017059768, -0.16304027, -0.00773826, 0.012862882, 0.0017271492, 0.0023289975, -0.007619019, 0.0034927034, -0.018564979, 0.026507413, -0.0107817575, 0.02630258, 0.04356436, -0.01648113, -0.0011614482, 0.031507403, 0.013549867, 0.01397372, 0.011868814, -0.0011367403, -0.0008576937, -0.02337472, 0.005782736, 0.01379568, 0.02013521, 0.011928776, 0.0013122385, 0.00984656, 0.026033659, -0.008520449, -0.011566353, 0.01295163, 0.031280097, -0.010131643, -0.009787556, -0.01678725, 0.012543883, -0.015736852, 0.007530677, -0.00815125, 0.0008110364, 0.00096505106, 0.018279037, 0.0002902027, 0.0056131007, 0.0030090124, 0.012718391, -0.020044813, -0.02650641, 0.0037605534, -0.016837334, 0.007611463, 0.013518566, -0.02856413, -0.0063491976, 0.01984684, -0.019382194, 0.01909298, 0.008541229, 0.011049863, -0.0020130116, -0.022761228, 0.00022038203, 0.021377824, 0.014146373, -0.021268088, 0.0076504136, -0.012626107, 0.1418588, -0.039233018, 0.016808521, 0.009163468, -0.020969246, 0.013749838, 0.01580991, 0.013452028, 0.0024427227, -0.015348028, -0.0039016027, 0.0027339626, 0.006141367, -0.0012890184, -0.0055325874, -0.003849719, -0.0024762002, 0.038514964, 0.0024724407, -0.003287079, -0.0036667497, -0.017650476, 0.020584287, -0.024601012, -0.0047075525, -0.007352, -0.018008634, 0.01387402, 0.009591279, -0.0055552213, 0.0032582157, -0.012690977, -0.0029966442, -0.022905381, 0.020821597, 0.022362867, -0.0013024745, 0.009912397, -0.0041983267, 0.017099928, 0.02687786, 0.00021458787, -0.0023541334, -0.029090907, 0.0024966125, 0.008386392, -0.0024812275, -0.0052214446, 0.015462112, 0.004459251, -0.0074529443, 0.0012125323, -0.0022287413, -0.014858286, -0.0049515697, -0.030440275, 0.0034562978, 0.0069762506, 0.0046463963, -0.019890103, 0.016411625, -0.012072338, 0.004118498, -0.01596854, -0.002617249, -0.0027643957, -0.011930946, -0.0024417338, -0.011759802, -0.10722529, -0.0014814475, 0.0012353079, 0.006253177, 0.00019239598, 0.0009717007, 0.0047204574, 0.0023025426, 0.0041884254, 0.007208773, 0.003512148, 0.008504838, -0.006409784, 0.013287837, -0.00043544936, 0.0075652013, -0.0029406198, -0.013244331, 0.023292145, 0.02441045, -0.0019095486, 0.0075324494, 0.0038367012, -0.029979121, -0.010748688, -0.011128322, 0.0021125248, -0.016377108, 0.0017452588, 0.01152954, 0.01283405, -0.022587022, -0.016966298, 0.0050213756, -0.02277419, -0.0033644666, -0.010985493, -0.004470264, -0.016203936, 0.01037749, -0.004482093, -0.0143313585, -0.020272521, -0.0035539025, -0.015616185, -0.0057998495, -0.009966429, -0.027434522, -0.0015046891, 0.0016301841, -0.00872914, -0.00020147074, -0.0008092993, -0.019971676, -0.03059682, 0.00058701664, 0.02608028, -0.026328325, 0.024664877, 0.011815255, -0.00061815564, 0.014793562, -0.007821232, 0.00887738, -0.022352545, 0.013011873, 0.021103531, 0.011149222, -0.014203149, -0.020689942, 0.010878751, -0.0031554261, -0.0070998003, -0.0104052555, 0.004791901, -0.012747498, 0.0034295379, 0.010698882, -0.010791482, 0.00784436, -0.038176063, 0.00015488238, -0.013274732, -0.002561451, 0.029162908, -0.005509099, -0.0019382531, 0.003929586, -0.016963903, -0.00019942468, 0.018034557, -0.02074519, 0.024729578, 0.007184952, 0.0016315208, -0.011680828, -0.009718672, -0.0002471074, 0.00012984291, -0.014375321, 0.016720962, -0.0012778576, -0.019037737, -0.004174865, 0.0017559773, -0.0034483739, 0.0051728874, -0.010348575, 0.00055739726, -0.0072735017, 0.0047720345, 0.0035299074, -0.017697232, 0.014361078, 0.0080461195, 0.014176856, 0.0020932597, 0.012882299, -0.007962294, -0.011036316, 0.011507315, 0.013034687, -0.0019802784, -0.02149157, 0.022258336, 0.010071445, -0.0113257915, 0.0007983428, 0.018234152, -0.009983473, 0.007659184, -0.008446141, -0.010079854, 0.0041147517, 0.007001168, -0.005222731, -0.00049815344, 0.0144971125, 0.041376017, 0.002472296, 0.006208069, -0.0127494875, 0.001200805, -0.0016581708, -0.015755158, -0.02086474, 0.0071845455, -0.018652923, 0.011021832, -0.006558116, 0.029422533, 0.009452502, -0.011781015, -0.0063641067, 0.015896743, 0.014842124, -0.0030356317, -8.643698e-06, 0.013405142, -0.0065841125, -0.00758426, 0.005475561, 0.006074737, -0.01300882, 0.0039713257, -0.007358386, 0.006598171, -0.021741396, -0.016528135, -0.038297597, 0.0010863877, 0.006251002, 0.004176005, 0.0033298633, 0.012920121, 0.01722977, -0.0060960674, 0.015762653, 0.012304572, -0.056498982, 0.00941996, 0.013254037, -0.0035964733, 0.0046735555, 0.00045868807, 0.007739898, 0.029973473, -0.012030036, -0.020787751, 0.0052094394, -0.00063042564, -0.015356046, 0.016586263, 0.0051668403, -0.001171023, -0.0075596897, 0.015798323, 0.026558638, -0.0038936532, 0.026420971, 0.0030415712, -0.006973762, -0.0017152008, -0.014373032, 0.0015407639, 0.022127166, 0.0016023669, 0.014543417, 0.008683489, -0.016801009, -0.02743094, -0.016543511, 0.012494197, 0.0061234026, 0.010508972, 0.004409085, 0.012053209, 0.017987104, -0.0626539, 0.013456166, 0.009145977, -0.055633057, 0.019862907, 0.008877527, 0.0008063491, -0.0052617313, 0.0094028525, -0.008652577, 0.007203694, 0.0260115, 0.010319876, -0.011467726, 0.015282307, 0.019160157, -0.013047728, 0.0013246314, 0.023283025, 0.0009562405, 0.0014076987, -0.012350432, -0.0166877, -0.014401919, 0.0036444473, 0.009705493, 0.0007236177, -0.022691414, -0.018921752, 0.020901186, -0.01305434, -0.008120109, -0.02470527, 0.01642664, 0.014204828, -0.0003177549, 0.005096539, 0.019089224, -0.015330277, 0.008221571, -0.0027617204, -0.008982254, 0.0035335124, 0.0032571028, 0.057884116, 0.0011683522, -0.016218295, -0.007093489, -0.09524727, -0.018863978, 0.02167293, -0.01114917, -0.0031135273, 0.018119032, -0.01493673, 0.052597914, 0.021043584, -0.0047184033, -0.0121101085, -0.0023862857, -0.0006529185, -0.008263697, 0.0034891001, -0.025859654, -0.0038862021, 0.0005785785, -0.009623679, 0.011934183, -0.005944924, 0.011375946, 0.0057488135, 0.026867595, 0.021203034, -0.032219015, -0.005315625, -0.00834886, -0.010737057, 0.013526256, -0.0025770857, -0.01112614, 0.022619938, 0.002907764, 0.026258806, 0.012176287, -0.0013579347, 0.007785326, 0.0008193975, 0.02017584, -0.00231664, -0.014978983, 0.003772098, 0.010833851, -0.010411231, -0.0011348947, 0.0059673474, -0.019373167, 0.01052992, 0.022470675, 0.007364692, -0.025341008, 0.017772922, 0.0051525445, -0.026679736, 0.009801567, 0.0029187358, -0.0178498, -0.003642837, -0.012591825, -0.010595866, 0.007921195, -0.005587622, 0.021723943, 0.025002198, -0.001010111, -0.024777768, -0.016671352, -0.005305598, -0.002116795, 0.0043752748, -0.0068437248, 0.01574895, -0.0038921125, 0.007312537, -0.00019177662, -0.0014635811, 0.0047821286, -0.005075507, -0.01281396, -0.0078378385, -0.008919911, -0.017502774, 0.0036045604, -0.0008056516, -0.00936465, 0.015316343, -0.017337702, 0.020109024, 0.0036027606, 0.014171117, 0.008178046, -0.008970502, 0.023732964, 0.03724385, 0.006603489, 0.0128992405, -0.00093470607, 0.008757198, -0.009178038, -0.0017230622, 0.0030727105, -0.029925097, 0.004570315, -0.00086899434, -0.014972864, 0.00862752, -0.0042358334, -0.013066975, 0.001321148, -0.0047895876, 0.0037656098, -0.009856326, 0.007768022, 0.0011260532, -0.01366483, -0.013662425, 0.006431768, 0.027306339, 0.013039837, -0.007863979, -0.0033428574, -0.02503879, -0.030880693, 0.008311325, 0.027985193, 0.016076908, -0.011536617, -0.018046286, 0.0020435771, -0.013069618, 0.0078231925, -0.0080784345, -0.0013699963, 0.007911788, -0.023612918, -0.0184233, 0.0024907745, -0.0022633267, 0.0074985363, 0.009325944, 0.009873959, 0.014583962, -0.017472602, 0.031706918, 0.003051878, -0.017532079, -0.0057873437, -0.028995395, -0.0051472127, 0.025606034, 0.0072782836, 0.0005925779, 0.0074154683, -0.024422916, 0.0016411643, 0.021112349, 0.013159631, 0.022763146, 0.013086718, 0.025295004, 0.0063159233, -0.009910051, 0.004364441, -0.031285357, -0.010452394, -0.006549195, -0.029130118, -0.0022726129, 0.0034668231, -0.014268125, -0.0018658763, -0.01506174, -0.0053676963, 0.016206894, -0.02277575, -0.012787756, -0.012890824, -0.0034723494, 0.010106504, 0.0061003533, -0.012073277, 0.010598656, 0.011150984, 0.009023104, -0.0071358355, 0.009611009, -0.0021753334, 0.008185671, 0.015292523, -0.032178484, 0.007825427, 0.0053478414, -0.00025773572, 0.009123833, -0.010966238, 0.0066003217, 0.017520426, -0.008758867, 0.0351971, -0.013513695, 0.005221846, -0.022306329, -0.023889236, 0.0026117426, -0.0031320364, -0.019123992, -0.004396244, -0.015353548, 0.007946401, -0.0140975015, -0.002497023, 0.009059843, -0.007545869, -0.021554975, -0.006152066, 0.0002652361, -0.00749522, 0.024870368, -0.0050674095, 0.0070846495, -0.003521226, 0.018001037, 0.0029920938, 0.017636204, -0.01763414, -0.01974047, 0.016586633, 0.009664855, 0.0011492275, -0.010232962, 0.01908776, -0.012719704, 0.024676112, -0.02519878, 0.016529286, 0.0024565812, 0.016926888, 0.0044266, -0.018815191, 0.0137309525, -0.00425619, -0.00026768236, 0.0012187893, -0.025973279, -0.035138644, -0.0075894413, -0.023102416, -0.006278396, 0.006699115, 0.0058524366, -0.014687513, -0.007860965, -0.015157843, 0.013337512, 0.003932708, 0.017539736, -0.023533981, -0.019565444, -0.0059381104, -0.0048545264, 0.016605243, -0.033995166, 0.00093191717, -0.025974793, -0.007396368, -0.017756704, 0.006547508, -0.00269818, -0.001432149, 0.0073658046, 0.00579373, 0.0096044885, -0.017467551, -0.02033951, 0.019050468, -0.01267834, -0.004579821, -0.012841322, 0.021909835, 0.002700394, 0.020796416, 0.008347514, -0.014449426, 0.0029446515, -0.0034366741, 0.018530255, 0.006279844, 0.009612272, 0.0066278633, 0.02029334, 0.0023032746, 0.014205807, -0.0055165817, -0.021592759, -0.010114486, -0.01634435, -0.02329045, 0.008532551, 0.00057547784, 0.017976131, -0.0112935575, 0.015088077, 0.0021779889, 0.0039300458, 0.0049624606, 0.00094659114, -0.002641735, -0.0013228003, 0.012123454, -0.008521069, 0.0030800777, -0.0048607034, 0.011647155, -0.00069706584, -0.014479311, 0.024698144, -0.009138953, -0.0066162623, 0.01349721, -0.0037094627, -0.008504109, -0.009691056, 0.016538495, -0.0074431337, -0.019325215, -0.0043350905, -0.000921874, 0.010262721, -0.0026466046, -0.01420125, 0.0056842165, -0.009430956, -0.018727176, 0.0052502495, 0.0070649814, 0.0042827073, 0.0031666, -0.0013012, -0.0013633169, -0.008866877, 0.014227884, 0.011993183, -0.021503873, 0.0030126777, -0.0077774404, 0.006973395, 2.4033818e-05, 0.012203299, 0.0077657695, -0.0052351803, -0.021944225, 0.004803305, 0.0066579664, 0.0028813714, -0.03995253, -0.009196808, 0.0007463936, 0.02287303, -0.0076278076, 0.0023045535, -0.008110342, -0.0061527216, -0.020294253, -0.0018481778, 0.007005766, 0.008985103, -0.0070627355, -0.012290421, -0.0023126, -0.01189428, 0.008205518, -0.0008498436, 0.0032262753, 0.0009766421, 0.005820539, -0.022100568, -0.0067858524, 0.01487149, 0.0028849593, -0.00518091, 0.017346391, -0.028987853, 0.0038275656, -0.014829628, 0.009196806, -0.013827746, 0.01053044, -0.011700176, 0.01070709, -0.013739765, -0.0041326066, 0.0026631078, -0.002492823, -0.02789925, 0.015095275, 0.0154314665, 0.0031353845, 0.017724292, 0.006736308, 0.005625826, 0.002233878, 0.011876653, -0.018431753, -0.00644318, 0.014824238, -0.00940654, 0.011175557, 0.027873125, -0.026798327, -0.004559824, 0.015062979, -0.0018866862, -0.011358863, -0.00698326, 0.023087604, -0.005542299, 0.011846084, -0.0030796332, 0.008112576, 0.01195994, 0.016667824, 0.0026708036, 0.0035239332, -0.00824115, 0.032214355, -0.017464248, -0.0014080455, 0.004523782, -0.008383908, -0.005697447, -0.0030072646, -0.007390354, 0.013090816, 0.031031344, 0.018672436, -0.031385977, -0.0014291066, 0.008351387, 0.021972522, -0.009264849, 0.0068872846, 0.0012427589, -0.0014019889, 0.013251498, 0.004585654, 0.0003421685, -0.016205389, -0.002560447, 0.010987512, 0.015538072, -0.0030224444, 0.011657772, -0.013226656, 0.012171004, 0.0016207785, 0.0024490955, 0.014823432, -0.0031701142, -0.00380113, -0.01445248, 0.009689672, 0.0020045661, -0.0017026016, -0.016312385, -0.0111288065, -0.0017412814, -0.004994638, -0.02457171, 0.013245324, -0.02044993, -0.035277158, -0.07626832, 0.0048043923, 0.002856869, -0.0038989312, -0.031719644, -8.973608e-06, 0.013813391, -0.00847519, 0.027571429, -0.029783268, -0.018100426, 0.011230903, 0.0067908564, 0.00047634493, -0.0027377259, -0.0050989585, 0.010885871, 0.0066886493, 0.010997695, 0.008216746, 0.023030508, 0.0016987213, -0.0005082589, 0.0043509337, 0.009861253, -0.0124621885, 0.007841946, 0.0014903034, -0.006703211, 0.0061502587, -0.020921286, -0.0068596974, -0.013948678, -9.074659e-05, 0.006372658, 0.0031887942, 0.03253499, -0.047156654, -0.009467152, -0.012564213, -0.011192077, 0.002216777, 0.020756444, -0.011157745, -0.015018157, -0.009694481, -0.03586554, 0.014204965, 0.010809089, -0.015682029, -0.032113783, -0.013102677, 0.0036824995, -0.004125935, 0.014400291, 0.00694535, 0.0071222517, 0.006409864, 0.021114046, 0.00374584, -0.016348906, -0.016252283, 0.0009337132, 0.0068305535, -0.01608861, -0.0036503891, 0.008097206, -0.005581558, -0.020095767, -0.0027353382, 0.0026314843, 0.0029556819, 0.03153012, 0.0055927006, -0.021354536, -0.006976602, -0.031671435, 0.017211407, -0.01868797, 0.002638007, -0.017183099, 0.004401563, -0.0042017014, -0.0064410274, -0.01150132, -0.005655855, -0.010457704, -0.021346934, -0.005355552, 0.0016374737, -0.0036921077, 0.013738289, 0.0007516363, 0.0030081493, -0.0035041284, -0.017655903, 0.007939571, 0.00014531147, 0.009852656, -0.0031521195, 0.003511969, -0.0032962034, 0.020516837, -0.027618116, 0.0016644781, -0.0001953192, 0.0005443866, 0.0060979803, 0.0037585062, -0.032361634, 0.011107116, -0.0071830233, 0.0032942723, 0.0037358736, 0.013327594, 0.010066847, -0.008397232, 0.008223887, 0.0023656522, -0.0019779191, 0.018205969, 0.011643503, 0.01551536, -0.02771744, -0.023594102, -0.0021304474, -0.0018545896, -0.0024870655, -0.022424538, -0.0033886733, -0.0009118564, -0.02794217, -0.012369425, -0.008703255, -0.009214681, 0.0006845614, 0.001974342, 0.0027550713, 0.025247825, 0.03401599, -0.0011297402, -0.013483111, -0.0033153524, -0.006468717, 0.016194403, -0.014629915, 0.01693979, -0.0058120512, -0.015589511, -0.007861843, 0.005580609, -0.00018865956, -0.0064196037, 0.00013179568, 0.02140576, -0.015544991, -0.00890997, -0.010594203, -0.0033466727, -0.0098662125, 0.009183815, 0.0027281146, 0.0006571887, -0.004456073, 0.008865349, 0.007851278, -0.015099336, 0.010909787, -0.00013894773, -0.0038645868, -0.009809484, 0.01049586, 0.012977519, -0.015960343, -0.023682712, 0.02104871, -0.01761883, 0.0018183364, 0.008912736, -0.02132539, 0.021007167, -0.031304732, -0.011981714, -0.0061982055, 0.029936794, -0.0009249814, 0.02350101, 0.01014754, 0.005549579, 0.021041805, -0.005011935, -0.010675601, 0.017310252, -0.013087475, -0.01493066, 0.024476826, 0.028096385, 0.0064018806, 0.021411771, 0.007219381, -0.014158408, 0.009669444, 0.020296197, -0.019326994, 0.035230342, -0.018715097, 0.009819028, 0.00067645864, -0.013435378, 0.023085691, 0.01203361, 0.0042624217, 0.0015864368, 0.009420536, 0.17566076, 0.12770802, -0.010771685, -0.006057498, -0.00044682412, -0.010671655, 0.0035268422, 0.0037275488, 0.0013616413, -0.0047233105, -0.022971094, 0.006577505, -0.0053685866, -0.00077057455, 0.0037336648, 0.0029965227, 0.010153333, -0.0028573056, -0.018166935, 0.011378364, -0.020202558, 0.014152179, -0.006452694, -0.0154641, -0.010077862, 0.024812141, -0.004053885, 0.013084448, 0.024366446, 0.0025846313, -0.013141265, -0.01638247, 0.002950118, -0.0038772197, 0.02029208, -0.008270464, -0.009335415, 0.017323894, 0.0008572515, -0.014692662, -0.004581131, 0.023910169, -6.168007e-05, 0.0014187068, 0.033685487, -0.003783207, -0.009761705, 0.016408827, 0.0007345009, -0.016231285, -0.015704311, -0.014000355, -0.0108620515, 0.022800868, -0.012041467, -0.027043615, -0.023494482, 0.026852006, 0.028995464, 0.00072384515, 0.018930404, 0.00042057625, -0.024254942, -0.007186669, -0.0057043727, 0.02097131, 0.0293098, 0.0044455878, 0.008431765, 0.030290278, -0.0052556163, 0.011051761, -0.015182697, 0.0021349462, -0.011869136, 0.0058799526, 0.0008122809, -0.02533554, 0.00022786073, 0.025574574, 0.0099548735, 0.008671612, -0.0036564656, 0.021061074, 0.019522231, -0.03186232, -0.002273384, 0.022648536, 0.09564164, -0.011760357, 0.020347718, -0.031183979, 0.009113744, -0.02882043, 0.003936418, 0.04467143, 0.00553024, 0.0053579994, 0.036282204, -0.015831413, 0.0193335, -0.007122653, 0.013982987, -0.024293171, -0.0055522467, 0.033566877, 0.0051804744, 0.012083708, -0.014188351, 0.006052486, -0.003945474, -0.0064069335, 0.00807959, -0.016621882, -0.013336024, 0.007552698, 0.0026367367, -0.00906721, -0.098211855, -0.0143046295, -0.0057411753, -0.010039073, 0.011182503, 0.016749483, -0.020642007, -0.016511977, -0.010904, 0.006845943, 0.00046471975, -0.00984287, 0.010645094, 0.013755231, 0.008946406, 0.021141572, 0.00048809068, -0.00280679, 0.018883536, 0.0054986053, -0.020325411, 0.0052910806, -0.008324782, -0.01577506, -0.017652644, -0.010169418, 0.0029818455, 0.026790556, 0.023844935, 0.001271543, -0.017966095, 0.012445674, -0.049682084, -0.0065402356, 0.007986014, -0.0031505194, -0.009308955, -0.0053541805, 0.005528572, 6.8666224e-05, 0.012573706, -0.03672272, -0.010238753, -0.02072855, -0.0011407041, 0.01113571, 0.0006031908, -0.00047440676, -0.009168337, 0.0094325505, 0.016192507, 0.011972591, 0.019101482, 0.009944863, 0.02029414, -0.0169513, -0.0037027774, -0.034741778, -0.009914666, -0.0018891747, 0.017959675, 0.0076173726, -0.0073247915, -0.003923806, 0.011667791, 0.021746643, -0.016503805, -0.0006705162, -0.020024108, 0.014350605, -0.019261846, -0.004922134, 0.008475436, 0.006543178, -0.00087772775, -0.017524574, -0.03452818, -0.0005086082, 0.017962236, -0.0032149167, 0.00849776, -0.011909038, 0.00834986, 0.11077227, 0.015445599, 0.013079848, 0.02314728, 0.014577234, 0.011934327, -0.0025759945, 0.0010092718, -0.007032112, 0.010073199, -0.008273128, 0.011075977, -0.010183784, 0.0028583165, -0.0034965724, 0.0069095595, 0.030339494, -0.00932013, 0.02179676, 0.0041932818, -0.022632455, -0.027456038, -0.0030335642, -0.0033982731, 0.008304612, 0.01200775, -0.008166156, -0.0009862417, -0.011936271, 0.014627695, -0.0018644923, 0.031337943, -0.008919278, -0.031615213, 0.008141363, -0.007136849, -0.01523824, 0.022649307, -0.010357542, 0.007936401, 0.011786723, 0.023625275, -0.0003148243, 0.010327914, -0.032692213, 0.19683367, 0.017357133, 0.026971174, -0.010050708, -0.007302169, -0.0051266155, 3.282158e-05, -0.0067098257, -0.0019582242, -0.008809271, -0.0015567289, -0.029821288, 0.0046955626, -0.008277477, -0.0027876804, -0.008127324, -0.024495803, -0.02068221, -0.01635365, -0.014117687, -0.0077933855, -0.008831736, -0.010516535, 0.002105168, -0.011793761, -0.021836987, 0.002751653, 0.016170396, 0.026099563, 0.0017601147, 0.01604552, -0.02045946, -0.010390981, -0.0029586337, -0.019135157, 0.019310452, 0.0010157076, -0.019873269, 0.003859895, -0.013994316, -0.010112297, 0.005521355, -0.016062086, -0.014916848, -0.01711674, -0.0022608114, -0.03494044, -0.009725218, -0.007119854, -0.017612025, -0.0071429033, 0.0025886104, -0.0101009505, 0.017936714, 0.0057346663, -0.016398853, 0.001750444, 0.002563791, -0.00711208, -0.0044551427, -0.008866762, 0.017489705, -0.008335659, 0.0075353286, 0.015474093, 0.0040138564, -0.017038232]"
Periodismo en riesgo,https://oem.com.mx/elsoldemexico/img/25346329/1755803528/BASE_LANDSCAPE/1200/image.webp,no especificado,La Sociedad Interamericana de Prensa (SIP/IAPA) abre un dialogo con periodistas y expertas sobre la libertad de prensa en un podcast quincenal,https://oem.com.mx/elsoldemexico/mexico/periodismo-en-riesgo-25346360,"[0.0030780628, 0.011868679, 0.017600115, -0.07268332, -0.017598603, 0.011522312, 0.0022300181, 0.015462685, 0.039120108, 0.0136113195, -0.011548654, -0.004502971, 0.0064917766, -0.0015412427, 0.10180473, 0.021580968, 0.009870868, -0.007595441, 0.006035471, 0.008571489, 0.034202695, -0.042359907, -0.010150786, -0.018270165, -0.0028125208, -0.006425085, 0.016960172, -0.0073242704, 0.01298175, 0.0008159835, -0.0103204325, 0.022577861, 0.037659783, -0.0198672, 0.025084553, 0.0031388535, -0.005265568, 0.0075592594, -0.01573955, 0.0017317513, 0.00014935507, 0.019168852, -0.0051573254, 0.031486314, 0.017211573, 0.004951613, -0.012168538, -0.014281975, -0.01850942, -0.0030845942, 0.011604169, -0.009902968, -0.006309177, -0.16200754, 0.010263236, -0.012553298, -0.011620763, -0.0013241088, 0.010850291, -0.0024220154, -0.04159744, 0.018578501, -0.0012631975, -0.045599647, 0.001488272, 0.007815604, -0.0051103695, 0.013685382, -0.028048359, 0.01107432, 0.013180543, 0.017586123, -0.012517453, -0.029029898, 0.030204222, -0.0049687615, 0.014623666, -0.0041371486, -0.010164034, 0.036595475, 0.00033404038, 0.012265714, 0.0025460117, -0.028295858, -0.0028689657, 0.003691274, 0.01959017, -0.03141784, -0.014169177, 0.015206003, -0.021567035, 0.021811714, -0.017421754, -0.014016902, 0.020418067, -0.011310043, 0.009182584, -0.014945737, -0.0030057905, 0.023546636, -0.002710867, -0.0020265921, 0.015290499, -0.001792804, 0.01983567, 0.011639, 0.027362114, -0.0039254734, -0.036745664, 0.017575894, 0.0028789926, -0.0021738366, -0.009755498, 0.024295714, 0.0226727, -0.12545432, -0.006212258, 0.004877517, -0.0056586503, 0.012042748, -0.020252327, -0.010216027, -0.014919534, 0.023132768, 0.015511379, -0.020252196, 3.5652996e-05, 0.036140107, 0.008918778, -0.008541851, -0.014131652, -0.018405672, 0.028015096, -0.021427652, 0.0046619438, 0.03485429, 0.001516302, -0.0014934229, 0.0099843545, -0.0016721395, -0.00043150008, 0.015685227, 0.015453246, 0.023839083, -0.016881581, -0.027794627, -0.012348686, 0.0031078234, 0.0019579146, 0.006018892, 0.023879461, -0.015107873, 0.029021766, -0.006390302, -0.030630467, -0.022721564, -0.011267515, -0.015017419, 0.026464678, 0.014792533, -0.0057690036, 0.008495409, -0.0048112236, 0.03598543, 0.013538548, 0.008565901, -0.015942575, 0.0392323, -0.0010309528, -0.009486091, 0.018089317, -0.005310024, -0.012279308, -0.017618805, -0.0027658648, 0.027168633, -0.010634189, 0.015419567, 0.0024352171, -0.011440752, -0.011893317, 0.005852728, 0.006488692, 0.030531397, 0.01452799, -0.018959306, -0.00763034, 0.0340902, -0.0298258, 0.023508415, -0.045893304, 0.0084768105, 0.021345234, -0.037532233, 0.005697388, -0.0044721593, 0.013854724, 0.010439407, 0.02597784, 0.0277661, -0.009197164, -0.025981717, 0.008592982, -0.0056089447, 0.019095454, -0.0063658925, -0.025842056, 0.00015510895, 0.027072692, -0.0014545264, 0.03265453, -0.0030671007, 0.018072575, -0.024544112, 0.02695828, -0.016650654, -0.030882942, -0.0056001823, 0.01420593, 0.0037785163, 0.019171288, -0.008196218, -0.033483494, 0.028899353, 0.008033654, -0.014035662, 0.0049488517, 0.007894473, 0.004198536, -0.02443465, 0.0192868, 0.041933198, 0.003968495, 0.023579279, 0.023966253, -0.0058638225, 0.012607827, 0.0030984276, 0.007049592, 0.012927737, 0.031762548, -0.0104472535, -0.012046525, 0.026735913, -0.008049697, 0.0028220618, 0.0010633178, 0.000600253, 0.012045176, 0.03898033, -0.003975102, -0.014194075, 0.00060406706, 0.011486641, -0.0007841635, -0.01539205, 0.017778069, -0.0036185205, -0.02647962, -0.01769091, -0.015633704, 0.0012394685, -0.01704938, 0.011079611, 0.005951838, 0.01962857, 0.036888253, -0.02992857, -0.02356026, -0.004007176, 0.013160434, 0.034466337, 0.0014142208, -0.0030891267, -0.037376057, 0.031087246, -0.08545627, 0.020653766, 0.027281811, -0.005277883, 0.014482639, 0.021888273, 0.008755616, 0.01074916, -0.0037718508, -0.014504542, -0.008709921, -0.01740001, 0.0012964932, -0.025604108, 0.015820114, -0.004675915, 0.012070984, -0.019070745, 0.005353845, -0.042655163, 0.011402197, -0.004188018, -0.008344427, 0.011660494, -0.012657847, 0.019383514, -0.009583015, 0.06018253, 0.023627605, -0.019984068, -0.025002925, 0.0073830527, -0.024332475, 0.020028146, 0.00057905825, 0.02406892, -0.029692734, -0.015005215, 0.019619055, -0.02983185, 0.025716823, -0.009593514, 0.003596904, -0.0016898552, -0.009737831, -0.015641382, -0.00082424685, -0.025301147, 0.01799822, -0.00012479704, 0.012637661, 0.0014017404, 0.0055583147, 0.027314235, -0.008874825, 0.0139472075, 0.004946277, -0.0008623504, 0.0125343, -0.00026568124, 0.015340416, -0.036503907, 0.014361468, 0.013252299, -0.021525944, -0.0014101763, 0.0033817037, -0.0056870882, -0.0046268036, 0.02406266, -0.020639734, -0.008290413, -0.00933618, -0.04383377, -0.004436064, -0.0016183298, 0.0049972325, 0.010838097, -0.0037389412, 0.014660827, -0.01177428, -0.019465065, -0.053339303, -0.0015162944, 0.008081247, 0.014275098, -0.007934788, -0.00714612, 0.009558037, 0.010356127, -0.003606258, -0.012965996, 0.004001353, -0.017888036, 0.0016005635, -0.021796688, -0.026192412, 0.0066940007, 0.0013989664, 0.0019423256, -0.016165305, 0.019406429, -0.0125206895, 0.02150343, -0.010802305, -0.0029278009, 0.007336011, -0.002039583, -0.015780786, 0.020910675, 0.0012762366, 0.0021335909, 0.007965931, -0.016280059, -0.019222222, -0.012153804, -0.026182927, 0.004701146, -0.029982112, 0.0017541982, -0.023287993, 0.0022053386, 0.017463293, -0.0051921527, -0.01315398, 0.0148042515, -0.015281869, 0.014408758, 0.008091349, -0.0036559254, -0.009521739, -0.00864103, 0.0065981946, 0.009212636, 0.0038762724, 0.0058266027, 0.030925147, 0.009231981, 0.04135819, 0.0091906, -0.017782444, -0.0009039185, 0.010169031, -0.0097403675, -0.0046129026, 0.01912773, 0.012343122, -0.008944121, -0.01036104, 0.027319252, 0.01848491, -0.014016826, 0.0045815846, 0.014855969, -0.026996596, 0.0012653925, 0.0121653555, 0.007897452, -0.014096854, -0.035456695, 0.0131717, -0.0108332, -0.0010010992, -0.004307744, -0.0076579736, -0.0030732132, -0.004825033, 0.026705496, 0.030673003, -0.006138072, -0.028290523, 0.0069441698, -0.023239167, -0.015152456, 0.0049011023, -0.01718636, -0.004964918, -0.01593166, 0.012327463, 0.0057119755, -0.0065373713, 3.2807475e-05, 0.007337184, 0.0012653216, 0.014501463, -0.030072568, 0.017514225, -0.0013324637, -0.012206045, 0.012079057, -0.027553104, -0.037445974, 0.016401181, 0.005846678, -0.027915578, -0.01645051, -0.01344468, 0.018920604, -0.009210146, -0.017318066, -0.0209154, 0.0020991212, 0.012174259, 0.01655625, 0.011983304, -0.03242919, -0.028477112, -0.0039195493, -0.020170044, 0.004279752, -0.0071034357, 0.022780996, -0.013040767, -0.013336203, 0.018524641, -0.017841982, -0.0028638267, 0.0033550202, -0.004040038, -0.017533666, 0.037163697, -0.022374853, -0.00618806, 0.0026361106, -0.007428461, 0.0316927, 0.010428447, -0.019067504, -0.023979893, -0.018846633, 0.022836413, 0.030375713, 0.016302757, -0.019478543, -0.021038892, 0.0073465966, 0.022973495, -0.0077415705, -0.0069209216, 0.0299507, 0.0022075444, 0.03328948, 0.00592486, 0.0011281606, -0.021086993, 0.04376439, 0.005458494, 0.012164843, -0.01240102, 0.013934449, 0.018148227, -0.003678053, 0.014459026, 0.004934814, -0.028784908, 0.0026969695, -0.005696294, -0.010455265, -0.0076326523, -0.0028640823, -0.009078886, 0.013444376, 0.0028563247, -0.023273427, -0.018495413, 0.01101841, -0.04456696, 0.015136193, 0.04667575, -0.07307207, 0.017307715, 0.00016261461, -0.019948848, -0.017332386, -0.0042514303, 0.012789901, 0.00885051, 0.016458396, -0.0024350104, -0.014515472, -0.010627277, 0.015402842, -0.0045840414, 0.022202013, -0.023165787, 0.003335683, 0.044115704, 0.024515396, -0.014416125, 0.010432726, -0.0019606133, 0.012900147, 0.00878751, -0.01973217, 0.0042438796, 0.009510939, 0.00711243, -0.022072311, 0.023604596, -0.005136908, -0.015048216, 0.028969381, 0.018099006, 0.0207389, 0.011882582, -0.006067311, -0.018458875, 0.013471927, 0.016699418, 0.02438603, -0.0023850035, -0.004010678, -0.016461806, -0.018208867, -0.009600376, 0.010326333, 0.016360607, 0.0040893042, -0.009221304, -0.04488254, 0.0018730185, 0.0007935301, 0.017960321, 0.02800831, -0.02465922, 0.006908478, -0.005762535, 0.0055808183, -0.001348179, -0.0039530643, 0.010037242, 0.0065892832, 0.029228065, 0.012388919, -0.00033099044, -0.012590595, 0.0023534135, -0.024854047, 0.017800057, 0.01789868, 0.007904409, 0.014187748, -0.011713672, -0.0026592838, 0.016643796, -0.020308232, 0.007506119, -0.007537054, 0.0049706884, -0.029532328, 0.016117152, -0.08487901, 0.013518293, -0.025306847, -0.013929485, 0.0061235484, 0.00310886, 0.0047477004, 0.011659468, 0.0059584095, 0.008141809, -0.034216393, 0.038988996, -0.008903128, -0.023560252, -0.0063283127, -0.0021279345, -0.016779836, -0.007195615, 0.018545646, -0.0017664875, 0.008032473, -0.008090506, 0.0007794994, -0.0033668499, -0.003175802, 0.02391701, 0.0022550386, 0.008824266, 0.014661166, -0.0053869137, 0.0016432836, -0.15431887, -0.023731424, 0.017757593, -0.0002078861, 0.010857599, 0.019037778, 0.0025483023, 0.0025351855, -0.0096982205, 0.014499097, -0.030994134, -0.02291844, -0.05355471, 0.0038571197, 0.012789923, 0.09986708, -0.017706454, 0.018674158, 0.017789118, -0.008709201, 0.00027283657, -0.014399436, 0.018994462, -0.0030824482, -0.01540849, 0.017317334, 0.015901178, 0.011227537, 0.008343521, 0.014096337, 0.026431272, 0.020767737, 0.013512052, 0.0072540566, 0.004505343, -0.011576873, -0.004623746, 0.00488107, -0.012180186, -0.010388719, 0.02649351, 0.0002578761, -0.0200906, 0.019482987, -0.005681166, -0.003065669, 0.019534908, -0.017743764, 0.0041652177, 0.01635446, 0.0047786417, -0.06345214, 0.025053471, 0.005619824, -0.0071889684, 0.038142115, -0.0006690098, -0.0036860863, -0.0126017835, 0.01162313, 0.014659227, 0.0117125865, -0.016582001, -0.0015695611, -0.019070188, -0.0067761415, 0.002551959, 0.0004710254, -0.006549996, 0.007054975, 0.0101272985, 0.03339476, -0.009404023, -0.02671394, 0.0152977, 0.009555706, -0.017915025, 0.005433099, 0.035407715, 0.012175117, -0.008166024, 0.01256948, 0.018779928, 0.03460371, -0.010872875, -0.0061040297, 0.028661007, -0.01585171, -0.008174464, 0.004792266, -0.011339625, 0.011654992, 0.014691604, 0.007970474, 0.018632513, -0.017537422, 0.01636352, 0.007985627, -0.024638131, -0.012313506, -0.0034040338, 0.024072185, -0.026599549, -0.0010092485, 0.0051281205, -0.0002404034, 0.011033247, -0.0064597884, -0.0030731193, -0.0075613074, -0.00094044727, -0.0014231113, 0.0052332645, -0.007069939, 0.0048890044, 0.009994164, 0.011452408, -0.0250491, 0.0073246364, -0.007425302, -0.007107372, -0.001115814, -0.0005250834, -0.0015616936, 0.018410882, 0.011899321, 0.014352605, -0.0040301597, -0.002931833, -0.03529877, 0.01453084, -0.006986793, 0.011661502, 0.016700648, -0.012374247, 0.007648221, -0.01295064, -0.005387714, 0.013303793, 0.0030010676, 0.016173156, -0.005418813, 0.018549062, -0.01757246, 0.011081266, 0.0052441326, -0.0027885158, 0.0141822575, 0.0010892208, 0.0065291645, 0.0062866574, 0.0016414989, 0.00554336, -0.01308342, -0.003328068, 0.0011548963, 0.012716333, -0.00829984, 0.0011943415, -0.005476801, 0.008108611, -0.0061188806, 0.0055573042, -0.010357363, 0.017170183, 0.013960286, 0.03426371, 0.0025483486, 0.0016442005, 0.0026515855, 0.0029350747, -0.000426236, 0.008863513, 0.010747099, -0.0027790214, -0.0071156695, 0.00025750053, -0.0011352667, -0.013483951, 0.00015640569, 0.006302648, -0.0054204543, -0.0011337434, 0.0053609386, -0.0068376637, 0.027514542, -0.008239937, -0.006894487, 0.016503429, 0.00045938446, -0.0042319815, -0.0080622155, 0.025743468, -0.028637713, 0.008441066, -0.0019365612, 0.0057745255, -0.005314285, 0.013083608, 0.0068639223, 0.009860776, 0.0026884067, -0.007160947, 0.009470068, -0.0027599402, -0.007199569, 0.0053718006, -0.010500902, -0.00085764675, 0.0056749117, -0.0092185, -0.009172397, -0.006221749, 0.024171872, -0.006124466, -0.0011552968, 0.0031579002, 0.023275627, 0.005754892, 0.0028906344, -0.022249285, -0.014126195, 0.021108245, -0.006447111, 0.015893674, 0.005697049, 0.0008544704, 0.0012942018, -0.0032644405, 0.004890724, -0.005467323, -0.003413221, 0.030176455, -0.026672913, -0.005090448, -0.007869002, 0.01690011, 0.003261714, 0.004824028, -0.0042787506, -0.005672191, -0.016088147, -0.006754973, 0.012423899, 0.0097715445, 0.0132681, -0.0029719723, 0.007715455, -0.0085406955, 0.014654465, -0.0031161893, 0.00039865958, -0.010248076, 0.014416567, 0.015499475, -0.021202732, -0.03313871, 0.039219413, 0.007237298, -0.015379218, -0.020174092, 0.0011453492, 0.00014949022, -0.010384425, -0.00020013718, 0.014046943, -0.006170339, -0.014661478, -0.011969051, 0.02245493, -0.014727901, 0.0020721483, -0.0070398203, -0.0057450426, -0.026623787, -0.0011786566, -0.014868132, -0.015626986, 0.00025622456, -0.0060930056, 0.007773944, -0.008016479, -0.016316952, -0.028956091, 0.0062794443, 0.0074577895, 0.020634346, 0.014943894, 0.01590435, -0.031200368, -0.0073104966, 0.013996229, -0.0008709544, 0.013720863, 0.021591278, 0.024848994, -0.0044765784, -0.015848868, -0.01977984, 0.00967682, -0.016081799, 0.017448025, -0.004524198, -0.022591526, 0.019620778, -0.0015886585, 0.001270582, -0.0065665143, 0.012247203, 0.008181316, 0.08205276, 0.007957447, 0.0050434335, -0.0029340207, 0.013006386, 0.0014276353, -0.01319211, -0.00690334, 0.018593092, 0.007005315, -0.0063042603, 0.008736099, -0.026715485, -0.004645544, -0.0033912065, 0.025447728, -0.01649867, 0.019021867, -0.01106057, 0.019044772, -0.009684608, 0.0067304955, -2.4936458e-05, -0.015534422, -0.00031939353, -0.013189172, -0.0050370814, 0.005563712, -0.006279841, -0.0036045692, 0.0016119299, 0.010393832, -0.008588037, 0.0030209734, -0.025550755, 0.017375432, -0.0009995566, 0.006338993, 0.010069031, 0.011222417, -0.01133334, -0.014479383, 0.00672088, -0.014108861, 0.015715348, 0.0015812231, 0.0076502305, -0.0042906553, 0.019062124, -0.00025180733, -0.0074753854, -0.006687755, -0.002161831, 0.0066588405, -0.009180602, 0.0033866274, 0.0075642173, 0.01002186, -0.00079946476, -0.016190829, -0.0060843145, -0.022857394, -0.002248701, -0.0032860087, -0.016373921, -0.00034724103, -0.0035195996, -0.017310642, -0.007672897, -0.022627657, 0.013085537, 0.020981908, 0.00065617793, -0.009895905, 0.025665646, -0.008891185, 0.0013971068, -0.012230632, 0.00034519925, -0.008691323, 0.0027087394, 0.012301717, -0.001690628, -0.017610239, 0.0045004445, 0.00876799, -0.010230706, -0.0031972928, 0.0021088116, 0.0055400133, -0.0029607953, -0.017812936, 0.005793397, 0.0016452309, 0.0039220206, -0.008331758, 0.04939875, -0.009848538, 0.0071408716, -0.017332142, -0.002216874, -0.0014843508, 0.0065755853, -0.0010848021, 0.012562597, -0.007775416, 0.024564367, 0.009173082, -0.02256012, -0.007054846, 0.0075814035, 0.0040916214, 0.00046066332, -0.0246569, -0.010405512, 0.004591382, -0.022322642, -0.009350697, 0.008276314, 0.015266087, 0.007915508, 0.016916089, -0.0026181543, 0.017871324, -0.007280835, -0.015587372, 0.010354037, 0.008603858, 0.005502634, 0.0015159561, -0.025377251, -0.0019834964, -0.01808725, -3.2210122e-05, -0.00809964, 0.010511221, 0.0082458155, -0.0056787715, -0.001870522, 0.011824686, -0.013423707, 0.0013863391, -0.020171441, 0.016340708, 0.00678324, 0.01698338, -0.0038796791, 0.023924394, -0.008937987, 0.013404379, -0.0153314145, -0.014627897, 0.025994364, 0.0020878934, -0.020402206, -0.005116591, -0.0004916021, -0.0051299403, 0.010760472, -0.003762278, -0.009012278, 0.014579773, 0.01072749, -0.013632859, 0.007891703, 0.0012462153, -0.006983055, 0.016877381, -0.000456385, 0.006565947, 0.0011152447, 0.013089431, 0.021519162, -0.0019720434, -0.010549007, -3.0858067e-05, -0.006047291, -0.018042095, -0.006008823, -0.0037935262, 0.0018889162, -0.0056275427, -0.0007167046, -0.015612422, -0.009358013, 0.0037526416, 0.008408427, -0.0030610946, -0.013244812, -0.028069932, -0.00036532522, -0.006853461, 0.006307877, 0.0051588076, -0.006332298, -0.0039650206, -0.014301815, 0.0036490809, -0.018376188, -0.0061447495, 0.0028574732, -0.024989257, 0.014890902, 0.008722508, 0.0069926437, -0.0039927545, 0.0023055405, 0.014759708, 0.012513266, -0.010293023, -0.024589581, -0.012853121, 0.0017173421, 0.002118454, 0.017771961, -0.007912527, -0.0037696569, -0.002190961, 0.012007573, 0.014201304, 0.0028550709, 0.009765126, -0.0057370113, -0.010351637, 0.018743536, 0.0064272983, -0.013369315, 0.005910999, 0.016480206, -0.03150793, -0.0059094243, 0.013700623, -0.012637815, 0.018039152, -0.011555115, -0.004971308, -0.0026876223, -0.0021486776, 0.00754198, -0.016572978, 0.005401026, -0.0117980605, -0.005481252, -0.008355627, -0.016710157, -0.027033297, -0.010383433, -0.008541949, -0.0045502833, 0.0011104565, -0.015671909, 0.0039299894, 0.010507931, -0.0133772865, 0.0065298416, 0.015104439, -0.005580112, -0.055904236, 0.03229768, 0.0023310555, 0.020823244, 0.005467993, 0.011750689, 0.0006249376, -0.003702799, 0.0114106145, -0.0026351672, 0.0005109268, -0.0067400057, 0.01932601, 0.013263438, -0.012053812, 0.00091244024, -0.006453619, -0.004063133, 0.004651069, -0.013040693, -0.0015729325, -0.008280797, -0.0045488267, 0.019626329, -0.010013875, 0.008829049, 0.00668773, 0.0027476149, -0.004355465, -0.0050452845, 0.00523099, 0.0012884795, 0.004193749, 0.006154475, 0.016305057, -0.001852608, -0.008162136, -0.01074732, 0.007177318, 0.009687163, 0.0019447599, -0.0034206824, -0.0062375832, -0.018838776, -0.022858078, -0.017200714, 0.020434964, 0.0031321486, 0.0067871283, -0.0139900865, 0.018724646, 0.0120419655, 0.009919076, 0.013443788, -0.010927611, 0.0051321858, 0.0083090775, -0.013215444, 0.011157271, -0.005309518, -0.011744247, 0.009734687, -0.00088653946, 0.0042503513, -0.008256011, -0.009600106, 0.0011445346, -0.008937834, -0.0013982214, 0.008627274, -0.026927913, -0.0023125713, -0.002339428, -0.026973275, 0.0109407455, -0.032207523, 0.01455182, 0.021198459, 0.0035948511, 0.008582985, 0.007279693, 0.013528621, 0.0060428074, -0.016215255, -0.00882222, 0.0070291194, -0.0011673169, -0.012177722, -0.01723204, 0.01276988, 0.005528891, -0.015424687, -0.005263058, 0.007646493, 0.018455548, -0.0048708306, 0.0039144633, 0.0007137162, 0.020206083, 0.0060798847, 0.0028091785, 0.009048278, 0.002497, 0.0042253756, -0.002824214, 0.014625076, -0.006546058, -0.012071485, 0.010196198, -0.001177287, 0.00026035967, -0.005944109, 0.008502146, 0.024427528, 0.00018562493, -0.022102457, 0.004507241, 0.0012445705, 0.013906055, 0.018196255, -0.0029916612, 0.002968056, 0.009481928, -0.0008654023, 0.0005158979, 0.010780047, -0.0024787085, 0.0019678762, 0.016338343, -0.0117334295, -0.012740011, -0.005868266, 0.018004863, 0.007615587, -0.007053911, 0.012863956, 0.004244151, -0.010211746, -0.010893547, -0.00044669418, 0.011648536, -0.0040418613, 0.0038108567, -0.003037476, -0.0025958118, -0.008825972, -0.017580945, 0.015475276, 0.013735079, -0.002593905, -0.018152189, 0.007886498, 0.009037959, 0.0111647835, 0.011882061, 0.005305538, -0.006783301, 0.014210527, 0.012995411, 0.0039096526, 0.0009162682, 0.025152382, 0.0059734317, 0.012613037, -0.004513613, 0.00719643, 0.003585148, -0.013156606, -0.00051949214, -0.0013008488, -0.00812115, -0.0027992805, -0.0012291336, 0.022815488, -0.0065776673, 0.00019562794, -0.011163012, 0.0003751202, -0.008797287, 0.0033964047, -0.003500052, 0.0043861023, 0.0010835017, -0.0020117357, -0.00979027, -0.022989063, -0.016889239, 0.004671351, -0.006465038, -0.0022694152, 0.009728096, 0.001961304, -0.013241238, -0.00054892106, -0.0063196323, -0.0015587081, -0.002961231, -0.0035163308, 0.020658983, 0.0068833833, -0.005577131, -0.0036186578, 0.0028983857, -0.0016297502, -0.027240649, -0.09868417, -0.0062131854, -0.0044953423, 0.0024957366, 0.0021751127, -0.005140083, 0.0074384646, -0.018843845, -0.008310468, 0.008180778, 0.008639741, 0.0065544774, 0.0070571764, 0.001216604, -0.005465663, 0.0048495117, 0.0026043986, -0.013509183, 0.0068516764, -0.007944989, -0.009053668, 0.018601932, -0.0152453035, 0.013449352, -0.011983969, 0.0135205295, 0.005062004, 0.0034426851, 0.0131250685, 0.016441744, -0.005996459, -0.0008857275, 0.0072609615, 0.022680348, 0.022763647, -0.008160681, -0.0038414078, 0.008468557, -0.1292689, 0.024953369, -0.018554438, 0.0008166822, -0.0141050955, -0.0060191634, 0.006572148, 0.0113034705, -0.010806428, 0.0006624885, -0.009812573, 0.010021647, -0.0022189005, -0.009450471, 0.009998939, 0.010203264, 0.015493062, 0.011267058, -0.0125377895, 0.011338792, 0.0071607567, 0.006568254, 0.011272767, 0.005313621, 0.006998612, 0.011565012, -0.0033137586, -0.0013960263, 0.007895859, -0.008252627, 0.01605913, -0.0106962845, -0.010370199, 0.0015030776, 0.025711782, -0.008150199, -0.0044110036, 0.0067814263, -0.0073254495, 0.010904601, 0.0035029072, -0.003930371, -0.0043646162, 0.00418101, 0.012775894, -0.0036902765, -0.014565567, -0.0048187883, -0.00210119, -0.011819787, -0.008415254, -0.004920681, 0.0032661557, 0.010846469, -0.0025733039, 0.0007368031, -0.007967834, -0.013587186, -0.009594313, 0.00580851, 0.0009368601, -0.004513321, 0.022250036, -0.017842626, 0.012028893, -0.007327144, 0.011084828, 0.013659549, 0.009618516, 0.010054145, -0.008252142, 0.041725192, -0.010532904, 0.006431765, -0.0013534807, -0.0036724256, 0.0026572444, 0.0015345477, 0.00039703984, -0.010067329, -0.019656744, -0.0014171465, -0.017812956, 0.0052554873, -0.014472875, -0.034046195, 0.0029005883, 0.013618818, 0.011410732, -0.049975976, -0.0007374345, 0.002108323, 0.0018604568, 0.0044464916, -0.009020585, -0.019426614, -0.025063848, 0.00735711, 0.011949481, -0.008889708, -0.004256149, 0.014947159, 0.012177743, 0.0053451476, 0.019951561, -0.0211112, -0.034364752, -0.028622577, 0.0059529385, -0.0143200355, -0.0016668004, 0.0026674916, 0.0103760185, 0.023840204, -0.0032650218, 0.007339226, 0.013990057, 0.017221099, -0.002546964, 0.013807315, 0.010852895, -0.016078502, -0.011923307, 0.013859229, -0.0013261145, 0.0010743934, -0.011214031, -0.0068315575, -0.0031602914, -0.01606992, -0.0014797257, 0.0015434207, -0.015259146, 0.005270282, 0.0039540967, 0.001483831, -0.011940072, -0.006001526, 0.022414334, 0.010046033, -0.008016157, 0.025220115, -0.019213788, 0.028554937, 0.0056148833, -0.0036636586, -0.0063329786, 0.0050612576, 0.0022346068, -0.020188026, 0.02797958, -0.0010931134, -0.0012188432, -0.0033878991, 0.009726916, -0.01945888, -0.008629957, -0.017093688, -0.017874092, -0.011972668, 0.012641605, 0.03982545, -0.0050790794, -0.013189363, -0.003892915, -0.010017385, -0.017279416, -0.012528775, -0.014884642, 0.018252037, 0.008753234, -0.009569282, 0.0008475591, 0.0020206643, -0.025291525, -0.013780992, 0.002866506, 0.0007425964, 0.0017594512, 0.013296006, -0.00863096, -0.0046231113, -0.0023002978, -0.018646495, 0.001542124, -0.0027068618, 0.009631159, 0.009660357, 0.03534264, 0.01128888, -0.0045127836, 0.013186932, -0.006291321, 0.000418148, -0.011733486, -0.013155977, -0.024914332, -0.014488391, 0.0046106917, -0.02370838, -0.008496095, -0.0017060529, 0.011811793, -0.18320744, -0.021336455, -0.0009517701, -0.0068211225, 0.03782724, 0.013865048, -0.007732044, -0.017438542, 0.028346948, 0.0032457658, 0.026354378, 0.02410755, 0.003486389, -0.028262202, 0.0045442344, -0.016521115, 0.02869475, -0.0038880648, 0.001918707, 0.012298006, -0.057554446, -0.0039455416, 0.010673832, 0.0036084258, 0.03582035, -0.00017733825, 0.006608379, 0.007509168, -0.0072877905, -0.00412704, -0.0011049033, 0.002382942, -0.0044438913, -0.017481368, 0.0047037294, -0.011985905, 0.006384048, 0.01710583, -0.018582584, 0.014131859, -0.012500826, 0.007857756, -0.008414176, -0.016599044, 0.018881716, 0.008415596, -0.036248945, -0.009468613, -0.0030799042, 0.014295612, 0.012254515, -0.009240935, -0.0243495, 0.010446847, -0.012418315, 0.003235624, 0.002466977, -0.002651458, 0.028097445, 0.0038113855, -0.015153257, 0.0021601184, -0.012338141, -0.0062969835, 0.005565493, -0.01170591, -0.00540903, 0.13531408, -0.005890059, 0.008168326, -0.0007380639, -0.01389809, -0.007752551, 0.0020286702, -0.018970707, 0.0023077838, -0.023200119, -0.0017527816, 0.0032696743, 0.010612528, -0.026492134, -0.015383027, 0.020050403, 0.004255977, -0.002859615, 0.0020655384, 0.0064599193, -0.0007145106, 0.001299212, -0.008476459, -0.0068839877, 0.018477442, 0.0009666495, -0.0026592426, 0.0063794185, 0.010108624, 0.011873755, 0.023656903, -0.008028746, -0.00011523269, -0.015777485, -0.014738352, 0.019627726, -0.0127278, -0.0098965885, -0.013342798, -0.012800344, 0.0058423015, 0.022342399, -0.0027039875, -0.022199359, 0.002546391, 0.010682059, -0.012229659, 0.0043897917, -0.010452077, 0.010826964, -0.031412844, 0.025740245, -0.019139197, 0.0058306963, 0.00032354976, -0.010599159, 0.014276191, 0.0032072454, 0.023196856, 0.002224829, -0.0013004915, -0.005737909, -0.03533843, 0.019516405, -0.005414352, 0.004958919, -0.009961619, -0.029218307, -0.0232502, -0.114113554, 0.010218598, -0.0035745436, -0.019870758, -0.010639468, -0.0054816185, 0.0032772045, 0.023701405, 0.008561244, 0.005478916, -0.013686082, 0.004976216, 0.019389149, -0.008353487, 0.037972763, 0.019681266, 0.020911776, 0.009413496, -0.0043068333, 0.012738239, 0.01368756, 0.002406252, 0.022912515, -0.0077629774, 0.029813878, 0.0053399913, -0.0068604522, -0.012026244, 0.0017698853, 0.015401844, 0.011765974, 0.006543263, -0.014849032, -0.0056115366, -0.016653368, 0.00057271065, 0.0007005979, -0.013033502, -0.0067825885, -0.0032592914, 0.007682898, -0.0038160312, 0.0016657811, -0.0036949678, 0.0044282735, -0.010092597, -0.0013811198, 0.014309445, 0.004128109, -0.010153681, -0.00940018, 0.0029592598, 0.004388203, 0.0018234198, -0.011238601, 0.020110065, -0.0021156052, -0.0008592114, -0.00862919, -0.0033331346, -0.015621333, -0.024776978, 0.014268797, -0.00041424384, 0.013861833, 0.00019712928, 0.000101433885, 0.011194169, 0.0123051545, -0.025055649, -0.0031040148, -0.016802136, 0.004173058, -0.0035467562, -0.0009335221, 0.007082053, -0.004197837, 0.023917258, -0.0047224653, 0.020261504, -0.019884627, 0.035205763, 0.020811144, 0.009847046, 0.04237097, -0.015120034, 0.020196415, -0.0147350095, 0.001304971, -0.008209872, -0.016997583, 0.019447446, 0.002974689, -0.0059462576, -0.002249709, -0.006533984, -0.006623148, -0.018368717, 0.010012985, -0.004531142, 0.014530288, -0.019825235, 0.0063514113, -0.024198491, 0.012317316, -0.021885142, -0.0058395653, 0.014177603, -0.0013955756, -0.018687561, -0.00975885, 0.0051715556, -0.021686874, -0.0012395548, 0.0011305996, 0.0021660246, -0.012601834, -0.0008807879, 0.0043663112, 0.0038881854, 0.012230529, 0.007930069, 0.0139617985, -0.015494127, 0.004588126, 0.018830424, -0.011529304, -0.015849002, -0.007817087, -0.007716475, 0.019438196, 0.010694598, -0.0030361942, 0.0153511455, 0.018238008, -0.015355984, -0.0033566006, -0.027031263, 0.015452893, -0.020626118, 0.005944572, 0.040391862, -0.0069162543, 0.02350931, 0.018382316, -0.0057941466, -0.01454873, -0.015570776, 0.017003478, -0.014052924, -0.009254076, -0.004074934, -0.0028813735, -0.00597731, 0.0011467129, -0.0011270901, 0.008706959, 0.0038747245, 0.018684188, 0.009993328, -0.0031562848, 0.014634789, -0.0028309166, -0.021322249, 0.014112905, 0.00014398678, -0.003998278, 0.001282044, -0.02906775, -0.018657148, 0.015879413, 0.008233411, 0.011339835, -0.025124846, -0.0141980145, 0.018502612, -0.0035941717, 0.0008986666, 0.004471362, -0.07827215, -0.00020779212, -0.012955887, -0.016184319, -0.016343217, -0.0029994026, 0.00012119251, 0.00936107, -0.014502699, 0.0068673533, -0.012304444, -0.019160964, 0.0017636183, -0.008567173, -0.012736541, 0.0018642213, -0.0013731705, -0.018273557, 0.0018523494, 0.0086791385, 0.025718829, 0.023688983, -0.0070330296, 0.0051806346, 0.011901111, -0.0052850344, 0.009644512, 0.01019678, 0.014852269, 0.0019661097, -0.00943624, 0.003608225, 0.008283616, 0.003233301, -0.009821418, 0.0012340095, 0.0018350568, -0.013986243, -0.01535514, -0.056970946, -0.014198805, 0.0073471484, -0.06555309, -0.010384224, 0.02891243, 0.009383243, -2.8514485e-05, 0.0018553414, -0.014759738, -0.007070379, 0.0139774, -0.011228701, -0.012675428, 0.0019940604, -0.0032212718, 0.0086387135, -0.004405753, 0.005018855, 0.011012451, 0.0013016881, -0.0038736877, -0.014094047, 0.013599818, 0.026811136, 0.015756456, 0.023146126, -0.013131966, 0.016336737, 0.00019997437, 0.0033118927, -0.0035579137, 0.0021894781, 0.023648081, -0.0014138592, 0.020543922, 0.0017435327, 0.014315702, -0.043041576, 0.031145291, 0.029765178, 0.014193535, 0.0065608253, -0.0010830383, 0.03626328, 0.0077284486, 0.0026235043, 0.001571067, -0.104876176, -0.0027359559, -0.009660338, -0.016405653, -0.016084775, 0.03921478, 0.014841425, 0.04497342, 0.00039901305, -0.012237429, -0.019637147, 0.0011796319, 0.022800993, -0.008741199, 0.0049243537, 0.008342918, -0.019517904, 0.012581046, 0.017121904, 0.0047727963, -0.012961225, -0.018271683, 0.0028478692, -0.01579096, 0.012860725, -0.057294358, 0.0068387194, -0.023906726, 9.731847e-05, 0.0011077997, -0.026556646, -0.01324878, -0.0046600853, 0.017881267, 0.015096402, 0.015697613, -0.022962201, 0.014468174, -0.0057234373, -0.0056191534, 0.011993949, 0.0033410154, 0.0071403696, -0.00960881, -0.009415323, -0.017936064, -0.011295461, -0.0021239095, 0.0077814767, 0.0038033284, -0.010674996, -0.017330406, 0.0065692607, 0.013762254, -0.002440739, 0.010792959, 0.0065048863, -0.003959284, 0.00699377, -0.0043828855, -0.008452417, 0.005657081, -0.015804613, 0.012051029, -0.023845322, 0.034741413, -0.018222641, 0.002769475, -0.020240713, -0.0008051249, 0.015111069, -0.010890037, 0.021225322, -0.006961263, -0.011816887, -0.01843311, 0.0019074823, 0.01780841, -0.021587746, -0.0064208196, 0.030187326, 0.010599855, 0.006645278, 0.00071889296, -0.012315491, -0.0034760581, -0.0041292333, -0.015535213, 0.006377836, 0.00804692, 0.0044292137, -0.004321605, -0.02043131, 0.0023362378, 0.018672775, 0.009940169, 0.013705773, 0.0026694292, -0.0071672974, -0.013528618, 0.00505619, 0.0066610966, -0.008470994, -0.0050740386, 0.0014633541, 0.00016487781, 0.024479067, 0.016721075, -0.0022666939, 0.027073352, 0.031745985, 0.01073083, 0.006343088, 0.03516846, -0.0018502029, 0.02537519, 0.0067570996, -0.0006837548, -0.025023285, -0.011248349, 0.0019498902, 0.0033683951, -0.016100504, -0.00068265316, 0.009067018, 0.00086427614, 0.010733739, -0.0011866603, -0.021058274, 0.009141453, -0.016090287, 0.010725389, -0.010129921, -0.007949962, -0.0023479273, -0.027992228, -0.006450669, 0.016123181, -0.0035761069, 0.013962131, 0.0123438835, 0.0086739445, 0.0059311185, -0.012590995, 0.0009471669, -0.0089965565, -0.008796369, 0.00096991356, -0.017871972, -0.0050979936, 0.008937233, -0.012136193, 0.010636969, -0.02051277, -0.031327184, -0.0111197885, -0.0067492872, -0.01496517, 0.025512211, 0.008717191, 0.009149689, -0.019111568, 0.0032402906, 0.0028377546, -0.018946847, 0.0027410206, -0.01724141, -0.010558199, 0.014065939, -0.00485083, 0.0012361344, -0.026122209, -0.008381237, -0.009420145, 0.026760774, -0.041670475, -0.008052859, 0.019845717, 0.015313212, -0.015614097, -0.01815461, -0.0035119383, -0.022958068, -0.0039827297, -0.007648821, 0.022486992, 0.012877747, -0.013385581, 0.007760913, 0.014514484, 0.009080963, -0.029483438, -0.01831303, 0.0011722916, -0.005733959, 0.015890464, -0.015117137, 0.016247513, -0.007927282, -0.011610971, -0.0074737677, -0.02824457, -0.00028927243, -0.020885957, -0.0042010928, 0.007833715, 0.0140181435, 0.00024940431, -0.013978315, 0.0009455859, -0.0014019802, 0.006475552, 0.009149025, 0.018360455, -0.017340729, 0.007983902, -0.0112103745, 0.040523164, 0.031399872, -0.00502467, 0.022725701, 0.014876067, -0.007237415, -0.009544421, 0.0038804074, -0.018034607, -0.029514158, 0.015788816, -0.020290291, 0.009224017, -0.011867727, -0.0006672584, 0.0058669494, -0.018225487, 0.006628086, 0.0067116693, -0.0069211107, 0.0471945, 0.010121003, 0.013095797, 0.018002385, 0.015360156, 0.007957942, 0.0031074432, -0.0033918289, -0.004807642, -0.0351896, 0.018497873, -0.004555594, -0.008082604, -0.0050485805, 0.00693971, 0.021239715, -0.005514849, 0.013966379, -0.006403659, 0.0020832596, -0.01881174, -0.008544769, -0.006543024, -0.026594823, 0.001824638, -0.011643947, 0.014223369, -0.015204468, -0.011446955, -0.013791689, -0.0004180695, -0.020969508, 0.0027184493, -0.007239208, -0.018433833, 0.009792964, -0.0032623832, -0.010639161, 0.018523017, -0.014434791, -0.016746035, -0.0050360016, 0.023754684, 0.014132565, -0.016383052, 0.021296898, 0.0034602613, -0.005937291, -0.001498453, -0.0038570794, -0.014187878, 0.0006838822, -0.011777903, 0.011503177, 0.005600026, 0.016337391, 0.01621215, -0.021135144, 0.0058144443, 0.015699713, 0.00012396571, -0.027760502, 0.0057935393, 0.023264032, -0.026024135, -0.002638243, 0.0052432744, -0.00939728, 0.0053176116, 0.024136895, 0.006181588, 0.0015557874, -0.0045127813, 0.006686808, 0.010209183, 0.020735232, 0.026803358, -0.022803394, -0.0064390614, -0.00034792215, 0.010798682, -0.007970257, 0.0106235165, 0.008402385, -0.0012492908, 0.00843435, -0.022014918, 0.0058645275, 0.006905473, 0.01791156, -0.0037650983, 0.011072533, -0.00017242768, -0.021514174, -0.005301627, -0.020654188, -0.025548724, -0.005616725, -0.0347184, 0.0066870516, 0.019578125, -0.0031224105, 0.028741293, -0.010297833, 0.018865868, 0.011603791, -0.00026110862, 0.014714225, 0.021767657, -0.0011570808, 0.005069003, -0.00046985576, 0.0048604254, 0.021732919, 0.012553578, -0.012184841, 0.00025072755, -0.004518153, 0.028654749, -0.004835568, -6.891658e-05, 0.019599276, -0.0007482638, -0.00625393, -0.008347846, -0.036240734, -0.03371519, 0.003328455, 0.004092749, 0.01244247, -0.031817578, -0.014976122, 0.008726857, 0.0037709123, 0.028808925, -0.0010649707, 0.007995779, 0.0057089473, 0.013799227, -0.015987413, 0.02287044, -0.00012790355, -0.034006026, -0.019621912, -0.008199852, 0.02448305, 0.008046503, -0.03280777, -0.004207433, 0.0008773696, -0.0026420143, -0.010904395, 0.00075212395, 0.004913189, 0.0017243419, 0.0058301683, -0.0038023728, -0.026292467, -0.019083189, 0.02195906, -0.018574035, -0.019585505, 0.0111393165, 0.0054167053, -0.0094165625, 0.0038373426, -0.0011807866, 0.021692976, -0.0022055774, 0.012380195, 0.009134086, 0.022112973, 0.0017589728, -0.0029142972, -0.024689164, -0.0097956415, -0.018852063, 0.015853746, 0.022553528, 0.006361529, 0.005160804, -0.006113764, -0.014798785, -0.004704815, 0.0059645204, 0.018961202, 0.02286038, 0.01006805, 0.010519691, -0.01887736, 0.0014664013, 0.0067511345, -0.024292108, -0.018466953, -0.013007582, -0.018174503, 0.0031652646, 0.020427678, 0.009587386, 0.0044379225, 0.013873025, 0.00058396434, 0.017104665, -0.0023303905, 0.014866241, 0.0035681473, -0.005085675, -0.0037689437, -0.013498636, -0.01071011, 0.020287316, 0.01177717, 0.0065997704, 0.011601445, -0.0013912603, -0.012151868, -0.013071558, -0.0071617356, 0.00049806846, -0.014053002, -0.0070360256, 0.02573617, 0.008578048, 0.0011305191, -0.0012081169, 0.010027601, 0.01362953, -0.032298144, -0.0054124547, -0.007955638, 0.012031918, -0.013037384, -0.007956659, -0.05426854, 0.008278062, -0.04156993, -0.004679032, -0.010436801, -0.005774296, -0.0092176655, -0.008923309, 0.016696608, -0.017140597, 0.0031833216, 0.014322912, 0.004246103, 0.019998323, 0.0075339708, 0.016753623, 0.0017209963, -0.024744362, 0.0006920905, -0.01423952, -0.0049389936, 0.00015968907, 0.011146668, -0.014865573, -0.010676396, 0.0019986338, 0.0060704374, 0.0332228, 0.006703973, -0.009002076, -0.014772776, -0.0077740094, 0.010982139, -0.0057095317, 0.017167117, 0.0014061694, 0.01368201, 0.0059745065, -0.016375069, -0.014301397, -0.017047334, -0.011088523, 0.00047452128, 0.016385177, 0.009754029, -0.0018209385, -0.001451919, 0.0042577763, -0.018851215, -0.0023562897, 0.004204082, 0.005930709, 0.007899883, -0.005920334, 0.012712478, 0.011806581, 0.0030274098, 0.014297084, 0.00639237, -0.006522902, -0.024139239, -0.0069851596, -0.016273892, -0.03676878, -0.010322218, 0.00080343505, -0.008807506, -0.0019790726, 0.009164686, -0.0069070747, -0.014769635, -0.010460173, 0.004976879, -0.013577655, 0.011394463, 0.0027847544, 0.002004103, 0.012917531, -0.02698975, -0.009038445, -0.000649632, -0.0012166568, -0.024758307, -0.01015948, -0.004162227, -0.0010454523, 0.008181778, 0.0058134617, 0.0012206122, 0.0043139877, -0.0030593472, 0.012720273, -0.004654206, 0.0068563735, -0.0022945502, 0.0060001467, 0.0164587, 0.0086642, -0.0047149463, -0.010157647, -0.01853677, -0.03089693, 0.033869326, -0.008647521, -0.009128876, -0.00018539079, -0.0013685265, -0.0124382125, 0.009762159, 0.016978346, -0.012820817, -0.0024272916, -0.014356824, -0.0022036226, -0.003136457, 0.0027336702, 0.0018292831, 0.0054213544, -0.012691676, -0.016910737, -0.0021045106, -0.023260195, 0.015736258, -0.01559377, 0.0063182977, 0.008221905, -0.004451083, -0.009809408, 0.03231465, -0.014032361, -0.0027214924, -0.019797014, 0.0063386876, 0.0015292991, -0.0037173722, -0.0044260127, 0.016916173, 0.0132180285, 0.012099976, -0.0023326415, -0.011821569, 0.06428328, -0.0044849785, -0.0073914616, 0.02553617, -0.018736808, 0.015504903, 0.0006803767, -0.0034402302, -0.010678957, 0.014650286, -9.291199e-05, -0.00494537, 0.014558716, -0.002543204, -0.0114025595, -0.018503143, -0.0006373636, -0.010917222, 0.015195504, -0.0002848758, -0.0049819564, 0.001286026, 0.0074838167, 0.0021406107, 0.007351479, -0.0058608195, 5.9716607e-05, 0.0047945236, -0.007963892, 0.018526165, -0.019178553, -0.008898871, 0.012916725, -0.001483619, -0.010142107, -0.0010277679, 0.020365702, -0.018095497, 0.0035260555, 0.010431634, 0.0007779073, -0.0031718782, -8.4588355e-05, 0.011453955, -0.007233259, 0.011890971, -0.006618882, 0.035693616, 0.031538874, 0.012783589, 0.014240684, -0.0053627216, 0.0044428506, -0.010153626, 0.011401447, -0.016973788, -0.006251201, 0.010565691, -0.012181057, 0.0002895728, 0.0024245244, 0.004437796, 0.0043820725, 0.008339052, 0.0008637341, -0.006103765, -0.00085987395, 0.0062868507, -0.0107591245, -0.02893036, 0.024281133, -0.004539859, 0.007213463, 0.029105553, -0.01638872, 0.17177549, 0.106824756, -0.0022796497, 8.52719e-05, 0.0015065242, 0.0065775905, -0.0014343514, -0.0030248356, 0.0043620826, 0.02418862, -0.0028494108, 0.0032832355, 0.018928304, -0.009337988, 0.030373666, 0.0007507706, 0.02684837, -0.0056543075, -0.017330667, -0.012174331, -0.0011873629, 0.019766545, -0.014034094, -0.012330918, -0.042330895, 0.012503682, -0.008312869, 0.008161264, 0.028774943, 0.00039137583, -0.008728155, -0.023294574, 0.0006565177, -0.015376131, 0.0027392756, -0.017619813, -0.01997208, 0.02438043, 0.0019786756, 0.010797548, -0.004712769, -0.0013396898, -0.0047341846, 0.024999218, 0.015793402, 0.01617771, 0.0011378035, 0.0101347575, -0.025042038, 0.005612463, -0.0113071585, -0.0014131528, -0.015547652, 0.027790941, -0.009613596, -0.013655737, -0.0017750588, 0.014803945, 0.008012696, 0.014554796, 0.016019514, 0.002780864, -0.008039218, 0.009419678, 0.013221429, -0.0019503821, -0.009610796, 0.01483961, 0.023523517, -0.011781964, 0.0011869696, 0.018345065, 0.006971894, -0.018944815, 0.011758627, 0.019394042, 0.01152808, 0.0030696455, -0.015312586, 0.012393729, -0.010335025, -0.008760177, 0.004267488, 0.012804447, -0.010078035, -0.0032267033, -0.003392862, 0.033512563, 0.12434862, -0.0056795673, -0.0018901493, -0.007456451, -0.007903858, 0.009060224, -0.0015450541, 0.068409845, 0.027416976, -0.0025328875, -0.009859881, -0.024950951, 0.016712641, -0.0051246313, 0.018003808, -0.028108573, 0.011590763, 0.017080957, -0.009077461, 0.013561805, -0.005649973, 0.0006101263, -0.004454397, -0.016424417, -0.0087644765, -0.005907402, -0.009136433, -0.011991253, -0.014462751, 0.006859375, -0.09854243, 0.01001849, -0.005721053, -0.015262215, 0.009702917, 0.010129319, 0.026106948, -0.013165688, -0.017164903, 0.012597951, -0.00978623, -0.020365102, -0.0130155645, -0.023198426, -0.0019190633, 0.006143253, 0.021494651, 0.0027983207, 0.013103255, 0.004214081, 0.0077978554, 0.005506854, -0.013787062, 0.008263466, -0.005037245, -0.012869312, 0.011079354, -0.004479546, 0.011199789, -0.004530743, -0.012958237, -0.0019273916, -0.016795218, -0.013025396, 0.010313217, 0.01646622, -0.01652942, -0.008492333, -0.004038413, -0.00702908, 0.006278078, -0.019912368, 0.012873595, -0.02947799, 0.016007984, 0.04132209, -0.00035060156, -0.004482417, -0.00040346355, 0.0048294417, 0.012063531, 0.0010718827, 0.005944709, -0.0033713144, -2.053159e-05, 0.050381325, -0.0072238143, -0.0017180112, -0.0014489309, 0.006467008, -0.0053868666, -0.0029071164, -0.008328724, 0.008857656, -0.015017608, -0.005860258, -0.013977259, 0.008751932, -0.0076223696, 0.0087296385, -0.004223615, 0.0072276965, 0.0026832856, 0.0024995294, 0.015119086, 0.0070914123, -0.021013739, -0.0014388924, 0.009618329, 0.0023441147, -0.014160372, -0.021449689, 0.003470405, 0.09149188, 0.032621596, 0.011705749, 0.013304774, 0.003096576, -0.024056869, -0.0010736559, -0.016131006, -0.009977903, -0.020962162, -0.005282466, 0.012267558, 0.008646938, -0.016575834, 0.0056997384, -0.021043504, 0.0072057564, 0.009492433, 0.00029255278, -0.028624298, -0.022226283, 0.009356986, 0.008660091, -0.007514874, -0.0030910668, -0.009668585, 0.015089988, -0.019721964, 0.0052707116, -0.011853506, -0.0012141785, 0.009059147, -0.00065526733, -0.013687089, -0.009155958, 0.00898848, 0.010559712, 0.013531708, -0.016097913, -0.011881615, -0.00019260985, -0.008937511, -0.0016892578, -0.0012117351, -0.028171953, 0.18393588, -0.011825492, 0.013012408, -0.029096887, 0.004694057, 0.018323855, 0.0029884693, -0.011301199, -0.009458442, 0.0002886298, 0.01950302, 0.0065641557, -0.013843636, 0.01228292, -0.008765413, 0.008919668, 0.009476007, 0.015037635, -0.0089189885, 0.010801673, -0.009062975, 0.019783884, -0.014412325, 0.005137063, -0.012556479, 0.0031640264, -0.0071540927, 0.0053619654, 0.003837973, 0.005549543, 0.015890144, 0.007238427, 0.010588177, -0.008228303, 0.0012822212, 0.00687653, -0.01035301, 0.009662753, -0.014320315, -0.012659967, -0.0068440237, -0.0020700218, -0.0003110306, 0.003443437, -0.021612639, 0.009127355, -0.009119001, 0.019109864, -0.00085337344, -0.014794519, -0.015403197, 0.010838979, -0.0053668083, -0.008405491, -0.008983668, 0.007306487, -0.009614572, 0.005523902, -0.0051310477, 0.015881674, -0.0043146475, 0.002522551, -0.025057904, -0.00083433406, -0.00021231013, 0.007122213, -0.006577171]"
La guia del fin de semana,https://oem.com.mx/elsoldemexico/img/25269967/1755449238/BASE_LANDSCAPE/1200/image.webp,no especificado,La Senorita Etcetera presenta cada jueves el mosaico de actividades que se realizan en CDMX el fin de semana,https://oem.com.mx/elsoldemexico/tendencias/la-guia-del-fin-de-semana-25270321,"[-0.018579738, 0.00017632224, 0.013190403, -0.046136566, -0.0018083605, 0.004658574, -0.0073437686, -0.0039950702, -0.017990835, -0.0046877507, 0.0037169089, 0.004689955, -0.006971133, 0.016988175, 0.117162965, -0.013261859, -0.008185713, -0.0079216575, -0.006183182, 0.006110726, 0.0041075037, 0.0066778897, 0.0154079925, -0.029154886, -0.010974769, 0.015277285, 0.0047887084, -0.014099992, 0.030552868, 0.0009592415, -0.0005347532, -0.0049900864, 0.005894924, 0.0012975315, -0.004439423, -0.014625829, 0.0063881944, 0.0021631822, -0.0047977814, 0.001526459, -0.014987966, 0.008864978, 0.0050567794, 0.018047212, 0.030481204, -0.014792682, 0.0017529642, -0.033045996, 0.017951084, 0.018623933, 0.019956866, 0.0032463665, 0.005054527, -0.16358906, 0.021089045, -0.017343612, -0.022532875, 0.016459974, 0.0035688512, -0.01628385, -0.010129226, 0.024014447, -0.012988368, -0.016058771, 0.009260448, 0.013580476, 0.012373871, 0.0093446355, -0.018645823, -0.02029907, 0.013502011, -0.02231307, -0.0013948149, 0.015112453, 0.017447509, 0.008411637, 0.01862353, 0.020820394, 0.008701806, 0.015609707, -0.00616455, -0.015537543, 0.036410093, -0.0034369493, 0.012651548, 0.0044126823, 0.0011562763, 0.0116594015, -0.015346347, 0.0114952205, -0.00759849, 0.025164185, 0.002564486, -0.008900548, -0.023179026, 0.02060425, -0.00911624, -0.0022369048, -0.017313264, 0.018931586, -0.00064158393, -0.014479506, 0.019749565, -0.013969025, 0.024161905, -0.014501484, 0.004904101, 0.00081776176, -0.02201383, 0.008282338, -0.022513935, -0.0060908375, 0.00934498, 0.016810521, -0.020472873, -0.13956137, -0.017184889, -0.0221776, -0.007538577, 0.016074467, 0.027310777, 0.014921794, 0.006263831, 0.0019448416, -0.03196427, 0.00801101, -0.00038535093, 0.0073559675, -0.003994931, -0.023991449, -0.013565641, 0.013351488, 0.023014652, -0.010826383, -0.0062830616, 0.017456105, -0.010613971, -0.026680062, -0.011356023, 0.0012147041, -0.0038445555, -0.0043726442, -0.0068454556, 0.005726595, 0.0041264626, -0.026545266, 0.0060831304, -0.011852233, 0.0015860158, 0.012110647, 0.038927827, 0.0028215954, -0.0077405744, -0.0022439898, -0.024198012, 0.0010988758, 0.011460615, -0.024989892, 0.028795507, 0.0028652875, -0.0032139842, -0.008225654, -0.022693757, 0.010364559, 0.020014044, 0.03383981, -0.010647474, 0.007364741, -0.016636243, 0.015531644, -0.01147305, 0.0039453884, -0.012150386, -0.00448848, -0.0042282683, 0.02272149, -0.0030918913, -0.010876958, 0.0020052171, 0.0031538624, -0.0019383134, -0.014248982, -0.0066926526, 0.013096273, 0.0046853856, -0.04052424, -0.024679003, -0.0045086495, -0.0027467941, 0.0202832, -0.0034245523, -6.7040135e-05, -0.01850419, -0.023843363, -0.015691645, -0.033133723, 0.0113483425, -0.021805862, 0.02452642, 0.01043544, 0.021226624, -0.0028131234, -0.015833817, -0.007196008, -0.00977036, -0.019518917, -0.049925297, -0.007954609, 0.0120943375, 0.0014616972, -0.0011768894, 0.012983528, 0.013780727, -0.020898229, -0.00041704733, -0.00045483513, 0.00048316654, -0.009416181, 0.01504876, -0.028185664, 0.005968739, -0.012292125, -0.0279971, 0.03077461, -0.018404348, 0.008493992, 0.00947941, -0.004700307, -0.02949296, 0.0026449657, -0.010888648, 0.027275393, 0.00038448206, 0.009032648, 0.00812165, -0.0045787203, -0.014621209, 0.005690112, 0.021229716, -0.0045689666, -0.003956961, 0.008443148, -0.017392581, 0.01768433, 0.00020032273, 0.03192554, -0.016505267, 0.026678482, -0.0020882906, -0.00029240272, -0.0039937603, 0.011762678, -0.011970789, 0.021459905, -0.008141436, -0.0017627884, -0.001764939, 0.008160064, -0.03205312, -0.02460662, -0.014624991, 0.0077626477, 0.0077581215, -0.027020568, 0.03428319, 0.031181276, -0.0049786526, 0.02987269, -0.010699305, -0.020034209, -0.012893134, 0.00016006731, -0.024301566, -0.010184454, -0.009171492, 0.001409688, -0.10256836, 0.025634691, 0.016774163, -0.029610626, -0.02100909, -0.008825942, 0.038688958, -0.007166731, 0.00779235, -0.02253314, 0.015170716, -0.025442012, 0.013236506, -0.018728973, -0.022137523, -0.0074560205, 0.0061236504, -3.247085e-05, 0.023059404, -0.04422418, 0.038096685, -0.0009366472, -0.029916925, 0.007538242, 0.012948783, 0.006818331, 0.021945272, 0.02822518, 0.03323582, -0.008631414, -0.01912083, -0.050118484, -0.0013866107, 0.0052633737, 0.009932282, 0.010600817, -0.037721086, -0.020779066, -0.014141305, -0.011892642, 0.015417731, -0.010570513, 0.002863568, 0.037782937, -0.035704, -0.02423526, -0.009387498, -0.013609639, -0.0019844486, 0.008999909, 0.012569828, 0.009775467, 0.033530716, -0.028012434, -0.0011983328, -0.0059683565, 0.037240647, 0.0048368443, 0.0011469736, -0.0018434959, -0.04240848, 0.013438011, -0.013687141, 0.029895455, -0.028157232, -0.019684562, 0.00041213905, -0.0012562479, -0.019535711, 0.04628084, 0.0013687946, -0.026333408, 0.0003504006, -0.020936646, 0.013640672, 0.009335682, 0.02503471, -0.02019427, 0.015689211, 0.0149289835, -0.007884386, 0.02300991, -0.016816517, 0.016827801, 0.012630521, 0.0028174664, -0.027984496, -0.020922434, 0.018951623, -0.02053185, -0.033545453, -0.023586439, -0.010697734, 0.017402362, 0.0102609135, 0.008471262, -0.010564857, 0.028239856, 0.0026200388, -0.0010172484, -0.0115236, 0.01604075, -0.011502841, 0.023313513, -0.011138879, -0.021559358, 0.0166472, 0.01643372, 0.023304503, -0.005748762, 0.004682467, 0.019554352, 0.022132901, -0.0042512664, -0.00024367137, 0.009678366, -0.012516519, -0.0061352625, -0.036137275, -0.005079627, -0.02239929, 0.018565176, -0.0044480814, 0.0032688056, -0.024017053, 0.012109231, -0.015136508, 0.009169292, -0.0015527889, -0.011946161, -0.01801027, 0.006486405, -0.018271742, 0.002541439, 0.034234382, 0.010961166, -0.0046529584, -0.005745506, 0.028983356, -0.017388437, -0.00945761, -0.03245852, -0.03878141, 0.03138456, 0.006771136, 0.0400723, 0.0071998453, 0.0012268464, 0.0059357653, -0.0121938735, 0.006388945, -0.025805052, 0.0028485195, 0.0020336711, -0.015077553, -0.006269694, -0.01376674, -0.004731594, -0.025989965, -0.020009188, 0.007121508, -0.007084088, -0.03773876, 0.015758127, 0.0036928589, 0.013395103, -0.010957757, 0.0146803325, 0.050766062, 0.012160822, 0.014068502, 0.008201288, -0.030011559, -0.0040748785, 0.010327775, 0.017825324, -0.012076748, 0.0046583423, -0.008646199, 0.029017173, 0.02473307, -0.015436124, -0.0032998081, 0.010129319, 0.044188168, -0.004495156, 0.01323766, -0.0031801867, -0.026521705, -0.01574033, -0.0077775856, -0.01457063, 0.010897894, 0.0033310396, -0.04060639, 0.0035273237, -0.0010108482, 0.0285649, -0.020201415, 0.031584688, 0.0036654135, 0.0011861669, -0.02347262, 0.01295813, 0.021951674, -0.0037717272, -0.014542069, 0.007826702, 0.017973483, -0.009649655, 0.018180838, 0.04252403, -0.0022944177, 0.008619943, 0.020741682, 0.014474862, 0.003113456, -0.0143667525, -0.02393088, 0.0020631384, -0.0129108, 0.0017752504, -0.020419717, -0.0115646785, -0.0045465534, 0.010863805, 0.013983176, 0.0027832782, -0.024650594, -0.0073468694, 0.018875094, 0.020679677, 0.031120323, -0.02037584, -0.018410489, 0.021382267, 0.01339055, -0.002452683, -0.01081952, -0.005975733, 0.0010178139, 0.015410964, -0.010025895, -0.014124222, 0.00075931405, -0.015936926, -0.004961228, 0.00084821484, -0.016555479, 0.009861965, 0.019900875, -0.039880123, 0.019347092, 0.011253965, 0.008146359, 0.009706633, 0.0059422557, 0.0037981356, -0.0007721121, -0.0023259385, 0.018295523, 0.038668517, -0.010582533, -0.016761879, -0.019302376, -0.03862831, 0.0018808603, -0.0073434026, 0.016853137, -0.08436549, 0.007677638, 0.0045837234, -0.014567153, -0.021938715, 0.013780202, 0.049792442, 0.0037179014, -0.013569932, -0.018683182, 0.003961052, 0.033599295, -0.0012699846, 0.041411594, 0.0073720957, -0.012629262, -0.025255984, 0.01877443, 0.0069401027, -0.0064694136, -0.009231648, -0.014892231, 0.0068687694, -0.0037511394, -0.021945199, 0.007868119, 0.009508599, -0.021955332, 0.02278665, 0.0005139027, -0.009340314, -0.026346564, -0.012092871, 0.03002241, 0.00317211, -0.029499058, -0.02695664, -0.014078048, -0.010894577, 0.0064413156, -0.011211034, 0.024509577, 0.020489428, -0.019551743, -0.020925924, -0.000896226, 0.0067089926, 0.002308577, 0.006931953, -0.029552327, 0.0008690409, 0.020559385, 0.0040244143, 0.0064341584, 0.02885946, -0.017177494, -0.023312513, -0.002336152, 0.00792818, -0.01100238, -0.018265506, 0.003810872, -0.018500242, -0.0040201014, -0.014290306, -0.0020828126, -0.017323423, 0.015293867, 0.01453595, -0.022781346, -0.0182409, -0.0049112937, -0.00065441086, 0.010168783, -0.0019135925, 0.031336788, 0.014187582, 0.018976418, -0.006478055, -0.0043831607, -0.027821885, 0.03272892, -0.10321493, 0.012732287, -0.018753104, -0.025270201, -0.0035317857, 0.01246741, -0.010714982, 0.008521011, -0.013435401, 0.006144338, -0.01641754, 0.04365141, -0.011481256, 0.0005805664, -0.003251771, -0.045096643, 0.02975522, -0.0062119337, -0.007451114, -0.017542835, -0.0042321687, -0.0006448014, 0.025689175, -0.014817669, 0.005110704, -0.021004232, -0.0031599717, 0.00980631, -0.02004826, -0.03465848, -0.020140601, -0.12730585, 0.0017414606, -0.007996416, 0.0026998222, -0.0024229777, 0.02001785, 0.03224857, 0.0046200855, -0.01429365, -0.0041487296, -0.010707573, -0.022118066, -0.012228053, -0.0032553142, -0.0066506243, 0.112064116, -8.856216e-05, 0.004037721, -0.013260549, 0.006251242, -0.0011121172, -0.015348099, 0.0058238795, -0.011142962, 0.009343591, 0.0025051394, -0.0101331575, -0.0068216887, -0.007347903, 0.01894503, -0.0031638716, 0.0037721035, -0.000802573, 0.011017578, -0.0026171843, -0.050074846, 0.0027323393, -0.012657574, 0.021601833, 0.034452956, 0.018973986, 0.0111574745, -0.0030561099, -0.005755478, -0.007635193, -0.0063592494, -0.0024803588, -0.034944434, -0.0145223355, -0.0046372996, -0.016816458, -0.069571346, 0.021832636, 0.014829995, 0.022643762, -0.0035254813, -0.017923515, 0.0033792139, -0.00786062, 0.007100395, 0.0044030473, -0.00706955, -0.01049631, 0.004141309, -0.01897048, 0.018657388, -0.0107413465, 0.02557226, 0.011907375, 0.0076821283, 0.010730553, 0.002954526, -0.012676916, -0.029381655, 0.027242903, 0.0083370665, -0.02266658, 0.0032258616, 0.027472192, 0.008182842, 0.014998264, 0.008696325, 0.0144586135, -0.0018105524, 0.0128364, -0.017501, 0.011621577, 0.004693109, -0.022143792, -0.025090545, 0.016531015, 0.014067454, 0.0077614235, -0.014396643, 0.005518913, -0.02354334, 0.013724623, 0.008830755, -0.039677177, 0.025162002, 0.013822523, -0.004387245, 0.021862233, -0.0055332165, 0.019389354, 0.0060699335, -0.009891035, 0.010835475, -0.029086297, -0.031468447, 2.0414838e-05, -0.011340627, -0.0062718154, -0.009336833, -0.0053399606, 0.010505499, 0.005804402, 0.0038466093, -0.0075616813, -0.021440158, 0.025307622, 0.0027399557, -0.005265308, 0.0017973997, 0.016341263, -0.008905838, 0.014175689, 0.01202624, 0.0020073499, -0.026661798, 0.008149538, -0.0065731304, -0.00858349, -0.017902963, 0.005158111, 0.0056864857, 0.010998069, -3.266781e-05, -0.0029975981, 0.0005846502, 0.00829634, -0.0049989023, -0.008335153, 0.0015048421, 0.0052129845, 0.0079788705, -0.0018111138, -0.004864465, -0.0374748, 0.001959616, 0.0042709485, -0.014290321, 0.017224234, 0.016891515, -0.026042685, -0.0042461604, -0.0002880188, 0.0009850834, -0.01811612, -0.007898371, -0.0019478385, -0.011187516, 0.0013571281, 0.0006431932, 0.012888079, -0.020649565, 0.025044879, 0.00048174884, 0.0022087526, 0.0059467205, -0.0045632287, -0.0018230279, -0.0091432445, 0.0054010325, 0.005122743, -0.011722035, -0.018647365, -0.004611754, 0.0011856831, 0.007204892, 0.008603423, -0.00033452926, -0.0032501372, 0.021425188, -0.003737416, 0.0028248827, -0.0041513606, -0.020234523, 0.015597266, 0.0115176, -0.01257946, -0.025222685, 0.014137873, -0.015042452, 0.01284874, 0.0012410863, -0.00404821, -0.0035297382, -0.008426388, -0.0022569976, 0.011930018, -0.022102958, 0.004247082, -0.009647318, -0.0026684334, 0.0057254187, -0.0074786795, 0.0004157764, 0.0019300542, 0.0037153114, -0.003009466, -0.0030789652, 0.0075791436, -0.008018576, -0.009034078, 0.0036165162, 0.004440245, -0.011878311, 0.00294491, -0.0030691389, -0.0012554312, -0.006349528, -0.0014869439, -0.009228552, -0.004822182, 0.013124142, 0.005216405, -0.0023037803, 0.006008343, -0.008455955, 0.0049246317, 0.016241668, 0.021199547, 0.01891275, 0.0175117, 0.0049535627, -0.012157675, -0.015825998, 0.024273776, -3.1985055e-06, 0.008833053, 0.013045935, -0.0075910026, 0.00047440125, 0.0038931973, 0.0018125183, 0.002429824, 0.0059129456, -0.012993573, 0.00041084067, -0.0036240348, 0.0027918112, -0.007981324, 0.019340023, 0.009452877, -0.03145694, -0.017065773, 0.023389949, 0.0100326175, -0.016813936, -0.012599345, -0.016146908, -0.0077187875, 0.0036506138, -0.002717356, 0.002684212, -0.018584184, -0.020996163, 0.009163391, 0.012952268, -0.012913517, 0.010486712, 0.004793626, 0.0018273169, 0.0076676807, -0.004136807, 0.0050301827, -0.0040877126, 0.008240381, -0.020298922, 0.007565957, 0.009235587, -0.0053094174, -0.009565011, 0.0034882126, 0.011462236, 0.0024155425, 0.00013580851, -0.0047087874, -0.029269533, 0.012154726, 0.0028574218, 0.009778526, -0.004195261, 0.01425803, 0.01942603, -0.0035057121, -0.0050944514, -0.018293876, 0.004312768, -0.006928026, 0.010141109, 0.009157899, -0.020352343, 0.013306027, 1.2187713e-05, -0.00302138, -0.0012755891, 0.012514543, 0.025043577, 0.08375617, -0.0076768696, 0.008592656, -0.0034179522, -0.007031875, -0.014097914, -0.0059394245, 0.005843812, -0.021719953, 0.008412702, -0.0036654826, 0.0024634053, -0.009492788, -0.012278537, -0.012178069, 0.00945672, -0.023685195, 0.013524259, -0.005248856, -0.0019186873, -0.016213745, 0.004432585, -0.018172868, -0.011719403, -0.0004309382, 0.011616086, 0.0107239485, -0.0130697815, 0.017498467, -0.01724775, -0.008487649, -0.0021503873, -0.0050137006, 0.008785614, -0.028655674, 0.0071173394, 0.0072846045, -0.00046328767, 0.0023815795, 0.010525173, -0.011511864, -0.022608016, 0.0024632795, -0.010028329, 0.0077706357, 0.009199628, -0.002669101, -0.0073121754, -0.0007243234, 0.0053622923, -0.009583702, -0.0068170894, -0.0075115007, -0.00065777276, -0.012523223, -0.02158514, -0.0037421307, -0.00204036, -0.0054204795, -0.0077564325, 0.013091455, -0.0033504358, -0.009375613, 0.0068798503, -0.0041215727, 0.010481902, -0.00850731, -0.01599021, 0.00023829562, -0.015594827, -0.013042738, 0.008659503, 0.0058946167, -0.016196022, 0.013838383, 0.0006421324, 0.004272761, 0.0085068075, -0.0028136573, 0.0043051736, 0.0057265894, -0.006162901, 0.0023907784, 0.00508847, 0.003928897, 0.011754914, -0.012988513, -0.007312093, 0.0024558618, -0.005181172, 0.00059290597, -0.014732831, -0.00027044542, 0.008313256, -0.010774592, 0.0020977738, 0.06415544, 0.0050861277, -0.008422063, -0.007848523, -0.0007660453, 0.012151499, 0.015902415, 0.0067397635, 0.018770142, -0.01732079, 0.018577242, 0.0023852559, -0.004958481, -0.016170831, 0.0036199077, -0.014798967, -0.0013086319, -0.022501897, -0.011923899, -0.015794327, -0.013529538, -0.0020765064, -0.008672759, -0.007102429, 0.0010292676, 0.0025826215, -0.0006537069, 0.009918807, -0.008564984, 0.0025757006, 0.0053077214, 0.0043163802, -0.014103603, 0.02738477, -0.0068310625, -0.0021518304, -0.02740642, -0.017538618, -0.015141841, -0.0051453966, -0.009338236, -0.0046054497, 0.010044204, 0.00064189726, 0.016506476, -0.001066189, -0.019249797, 0.025322838, -0.00085830904, -0.005322049, 0.026217984, -0.0013610538, -0.0038012972, -0.012004696, -0.0018073523, -0.021035582, -0.013866576, 0.0053401673, 0.0049833753, 0.008253842, -0.0062304903, 0.00719614, -0.0025432173, 0.016061913, -0.009564646, 0.022461921, -0.012085588, -0.017150858, -0.002839422, -0.006261286, 0.026839683, 0.01571625, -0.0016336092, 0.009967022, 0.01559737, 0.008829196, 0.0070194798, 0.0049896324, -0.015197228, 0.010516592, -0.00689431, -0.022799911, 0.012166983, 0.014298038, 0.015756756, 0.003685206, 0.0015912119, -0.03332601, -0.007010178, -0.00021547706, 0.0025522653, 0.002227269, 0.008920177, -0.008100134, 2.7675802e-05, 0.0033567948, 0.012834976, -0.0010123004, 0.013173118, 0.0026763685, 0.0019071389, 0.0117077045, -0.017882485, 0.0060844207, -0.010705573, -0.0014117202, 0.014547393, -0.0027321319, -0.0020905752, -0.025150932, 0.006370943, -0.0067352033, -0.015817909, 0.005262202, -0.021734543, -0.024906317, 0.013071786, 0.013975073, -0.017905533, -0.004412128, 0.014737036, -0.010960005, -0.0041476437, -0.0062480797, 0.01417128, -0.0066025495, -0.0073117665, -0.0017871157, -0.0025196604, -0.011820506, 0.00092846295, 0.012408116, 0.0028584811, -0.031828776, -0.0013721946, -0.010168224, -0.0063378657, 0.009506635, -0.012849608, 0.0018384013, -0.006378696, 0.00054750993, 0.0044164476, -0.0034622285, -0.021071648, -0.01169404, -0.0028657934, -0.0071009034, 0.003826005, -0.006407748, -0.013524542, -0.011572234, -0.02724396, -0.015934026, -0.0024538708, -0.0048758574, 0.0023070131, 0.0025765179, 0.02204896, 0.02583315, -0.0067501506, -0.06537808, -0.0031461327, 0.0021072912, 0.011206202, 0.012913409, -0.0130874645, 0.012108379, 0.0037358576, 0.0069948365, -0.011429702, -0.0065553924, 0.01764954, -0.01879417, 0.018096088, -0.0070330347, 0.006776685, -0.0033947842, -0.007831257, 0.010292357, -0.0046014437, 0.010266058, 0.0127526885, -0.004270858, -0.0012423114, 0.014796491, 0.015002736, 0.0079820715, -0.0051591867, 0.018541489, -0.010802902, -0.010418835, 0.009840302, -0.00073753844, 0.010265107, 0.003241372, 0.001686545, 0.0006383049, -0.0008155962, -0.002610674, -0.002606312, 0.00390852, 0.011192573, 0.00025943964, -0.01645581, -0.003001925, 0.0032209747, 0.0074460437, -0.011516071, -0.0039882697, -0.0030701673, 0.018951237, 0.0035216662, -0.013564895, 0.02511969, -0.0005496814, -0.0031116277, 0.0031483946, -0.005463694, 0.0058373427, -0.016540049, 0.0003387602, 0.00020590918, 0.005045186, -0.006750244, -0.0033021127, 0.0016565371, 0.0018519727, -0.0106744915, -0.023445597, -0.0045919637, 0.003228723, 0.01721498, 0.013159151, -0.010144586, 0.0015201258, -0.014914931, 0.012428898, 0.010113896, -0.016543252, -0.009129839, 0.0019295942, -0.02219454, -0.02669511, -0.004715461, -0.011918751, -0.0022696755, 0.0028719807, 0.0011399662, -0.013460199, 0.0059263865, 0.003046093, -0.008045168, -0.008194169, 0.011060078, 0.00016939468, 0.013166618, -0.01235139, 0.0022364238, 0.02198216, 0.013872861, -0.009280958, -0.0029444245, -0.008229144, 0.025024138, -0.006153026, 0.006783384, 0.010273612, 0.012647444, -0.011043334, -0.0051609227, 0.00070881646, 0.01001152, 0.002927089, 0.008413864, -0.015208381, 0.01594513, -0.0029200772, -0.0103022875, -0.020890009, 0.015219172, 0.008601127, -0.014839972, 0.005339693, 0.0019045641, 0.014774787, 0.0054637413, 0.0071410434, 0.010584362, 0.0037235355, -0.010316782, -0.011685081, 0.00070294744, 0.024460673, 0.00326371, 0.0051106783, -0.004048873, 0.0036162233, 0.009990956, 0.00090860075, -0.0019212972, 0.007215734, -0.013447353, -0.008238508, 0.01311332, 0.0041500255, 0.002083496, -0.017432408, 0.0041525597, 0.010886383, 0.0017428204, -0.0056954552, -0.0028169025, 0.00067854894, 0.015753496, -0.0008110622, 0.016828366, 0.0031572452, -0.004212292, 0.001140781, 0.011859458, 0.0014222822, 0.015014275, -0.0025874714, 0.006882494, 0.025831541, -0.0029932838, 0.017638864, -0.0024091222, -0.006085798, -0.0022110902, -0.0076767406, 0.0075623966, 0.013685056, 0.012697357, 0.009803951, 0.0057184077, 0.011389233, 0.008024587, 0.032289714, -0.000352018, -0.005869622, 0.0024662155, 0.0085437745, -0.0032517288, -0.007414021, -0.0107175065, -0.0036336936, -0.009654086, -0.008513831, 0.0067994967, 0.014328172, 0.01233555, -0.00059818226, -0.010940452, 0.024736937, -0.011112922, -0.0044550346, 0.014680653, 0.023563381, 0.00966064, -0.0022887813, -0.0012372277, -0.019766906, -0.0028020304, -0.0041408236, -0.08892166, -0.0017286662, 0.0026997405, 0.012355884, 0.008751491, -0.0014147575, 0.0027042301, -0.0085855555, -0.02186396, 0.002881004, -0.027704397, 0.010112946, -0.0070390757, -0.010902052, -0.02504225, -0.01222077, 0.0004195958, 9.0864e-05, -0.006767728, -0.008675779, -0.008313159, -0.0013953648, -0.011619292, 0.005718773, -0.015958823, 0.0072552194, 0.014746851, -0.0038568529, -0.0074035204, 0.01530222, -0.006572477, 0.0067136385, 0.0031163688, 0.0078120613, 0.00079975044, -0.0036103625, 0.009948723, 0.017460776, -0.13253236, 0.015814275, -0.0041614664, -0.0104682455, 0.00012962168, -0.008115976, 0.009558036, 0.0043703415, -0.0073628016, 0.0031814622, 0.0010290144, 0.007899851, 0.006914771, 0.00077509554, 0.007612423, 0.0026871157, -0.012496507, -0.0005319574, -0.00752939, 0.0019940934, -0.0134153925, 0.016142089, 0.0026291397, 0.01354108, -0.008719817, -0.023132367, -0.0073806862, 0.012169815, 0.012203097, 0.022797666, -0.006896008, 0.00072967744, 0.0023831488, -0.010244962, 0.013768081, -0.017156811, 0.0104323, -0.0080247745, -0.0052996334, -0.0063736252, -0.0033067164, -0.010430517, 0.015821917, 0.002450044, 0.008479017, 0.014163486, -0.012801186, 0.007918213, 0.003353437, -0.007434616, 0.002259707, -0.0152635705, -0.014635495, 0.0060674767, 0.011269443, -0.015427569, 0.021330267, -0.0042589456, -0.0018135828, -0.001722911, 0.004432827, -0.0009790618, 0.002011084, -0.009101102, -0.021217678, 0.013766137, 0.0077665546, 0.008427762, 0.021670392, 0.004475663, 0.009897257, 0.0034479338, -0.005129234, -0.01032717, 0.00012374097, 0.010231336, -0.0079599945, 0.0023791457, 0.013221143, -0.0023714122, -0.012747675, -0.023569472, -0.014503472, 0.020301891, -0.0123584075, 0.0075188414, 0.017356597, -0.017524261, -0.016672727, -0.033101186, -0.0029347192, -0.005958766, 0.00094821805, 0.013018141, 0.028438078, 0.014071526, -0.0025687485, -0.0012490174, -0.007210679, 0.011847407, -0.017725956, -0.007477243, 0.007877521, 0.022357583, -0.004822492, -0.0024409122, -0.017097164, -0.0021150059, 0.0077860695, -0.011341094, -0.017688548, -0.0110535, 0.007966977, -0.0020922266, 0.0013663849, 0.00023043614, -0.02168798, 0.006821307, -0.0062687164, 0.0037153359, 0.020519534, -0.008784112, 0.0017980279, 0.0026288894, -0.010361782, 0.005269047, -0.00095660455, 0.019920204, -0.024318097, 0.012093582, 0.0061216936, 0.00024478417, 0.0051471526, -0.009838508, -0.0013461867, -0.016641019, -0.011132181, -0.020357806, -0.0018904093, 0.006431556, 0.009159109, 0.008225292, -0.016407674, 0.0008763631, 0.007905608, -0.004261356, 0.008582949, -0.00395253, -0.012798672, -0.01987274, -0.020155668, -0.0074961055, 0.0073650954, 0.005988091, 0.008038068, 0.0045088865, 0.00628335, 0.002027044, 0.010223758, 0.02200294, 0.009471234, 0.012275473, 0.018353797, -0.007602113, -0.0016076583, -0.010306952, -0.0069279936, 0.0009262567, -0.018334914, 0.0147082545, -0.005560134, -0.0009939277, 0.016331058, 0.0021403094, 0.0010549547, -0.005445336, 0.0063466975, -0.0065662, 0.024572399, -0.0012219665, -0.018889263, 0.019735074, -0.005944655, -0.011297824, -0.0046864916, -0.002820974, -0.0072764643, 0.0002105888, 0.010642737, 0.040738348, -0.005741553, -0.02584053, 0.005374304, 0.0066226637, -0.005810776, -0.0011160662, -0.03721926, 0.0037526481, 0.022550443, 0.015635366, 0.025658937, -0.0063861106, 0.004197885, -0.16341533, -0.022179918, 0.009205049, -0.004011442, 0.02208488, 0.017875366, 0.006165594, -0.010832304, 0.018066686, -0.005832036, 0.024253964, -0.0021605, 0.018039703, -0.01803285, -0.01178696, -0.021923283, -0.0013270527, -0.012308285, -0.012805334, -0.019750832, -0.0049606264, -0.010963581, -0.027793463, 0.021341214, -0.01619017, -0.02545686, 0.012885624, -0.013026198, -0.0020854427, 0.003409543, 0.0015876906, -0.009595537, 0.007920696, -0.0015714364, -0.013286181, -0.018736254, 0.009421269, 0.009935331, -0.016072646, -0.000776519, -0.020062728, 0.0013443476, -0.022223644, 0.022058181, 0.0021613622, -0.005690042, -0.023245785, -0.010815455, -0.0012014889, -0.0058247237, 0.020704413, -0.0056482535, -0.00090026355, -0.0004317191, 0.022342168, 0.0034729764, 0.0022073532, 0.002279772, 0.016065536, -0.018355003, -0.039525118, -0.023233313, -0.02548777, -0.0038425643, 0.025742361, -0.011522059, 0.0019180253, 0.1373182, -0.022442285, 0.021502532, -0.0069079977, -0.006359173, 0.008424677, 0.0074644503, -0.011191199, -0.0029856565, 0.009016491, 0.0028058745, -0.006212986, 0.00838129, 0.021485116, 0.014006662, 0.011474322, -0.02266391, 0.0036687641, 0.00061347266, 0.009707473, -0.017468264, -0.005969085, -0.021361597, -0.009313903, 0.015487126, -0.0025857259, 0.00072808156, 0.012725432, 0.0150551135, -0.017151345, 0.0018512731, -0.0016648937, -0.0071207336, -0.0020442533, 0.002214852, -0.016631946, 0.012924775, -0.023211392, -0.00035726783, 0.0007474021, 0.010614547, 0.018739983, -0.019844064, -0.029388942, -0.014324948, 0.0059205643, 0.002109014, -0.005001957, -0.017468303, 0.01201077, -0.002672007, -0.0068802806, -0.008832281, 0.029137075, 0.026045475, 0.0030704087, -0.012393801, 0.007960701, -0.011693422, 0.00086994894, -0.003436724, -0.0046790196, -0.013138068, 0.019779434, -0.006821636, -0.011761055, -0.018964503, -0.0071856137, 0.0075441645, -0.11385767, -0.011695686, -0.010563803, -0.014881163, 0.0009457445, -0.01260451, -0.0062885378, -0.0057531497, -0.0072917375, 0.0039755716, -0.019909065, 0.0036072172, -0.00071612163, 0.028334152, -0.006851053, 0.008679988, 0.008150684, 0.02065061, 0.02652016, 0.021434363, 0.003784174, 9.360587e-06, 0.01480495, 0.011294398, -0.0031174475, 0.03141331, 0.015281974, 0.017437423, -0.0223544, 0.005737996, -0.03158355, -0.0044690403, 0.0013459997, -0.020021006, 0.0061249696, 0.0246273, -0.009680392, -0.0023548861, -0.010384754, -0.009125524, 0.009386871, -0.011449174, 0.026530696, -0.02059473, -0.0054258606, -0.008409484, 0.002710716, 0.0081379535, 0.0044225953, 0.004853586, 0.01353962, 0.019765893, 0.009306663, 0.023905734, -0.005824676, 0.016588945, 0.0016117328, 0.004059734, 0.0038461508, -0.009738361, 0.005935306, 0.018482147, -0.004894931, 0.00042078365, 0.0063060005, -0.004497756, -0.011647162, -0.008257517, 0.017174415, 0.0096488595, 0.00031294368, -0.0010178788, -0.000223509, -0.0040439963, -0.0026032042, -0.015832737, -0.010086282, 0.026911061, -0.02255383, -0.00796177, -0.018026885, 0.014940192, 0.0020948672, -0.011387759, 0.053147946, 0.0019544854, -0.0019640003, 0.0017517519, 0.007127174, 0.0044156094, 0.0011189508, -0.008753734, 0.010221657, 0.01668397, -1.3180487e-05, -0.006589628, 0.00022495443, -0.026063437, 0.020517064, 0.010666047, 0.0033854851, -0.013244622, -0.010143731, 0.0009387748, 0.0016999947, -0.013333243, -0.013846091, -0.016652372, 0.011462622, 0.0053820196, 0.02157225, -0.003201642, -0.011718981, -0.014038633, 0.006233918, 0.0029091458, 0.019154115, 0.01021411, -0.009069297, 0.0042491565, 0.031560894, -0.023177898, 0.0075306674, 0.011056795, -0.0020481013, -0.0009870066, 0.0120945545, -0.0039637787, -0.006620784, 0.011127999, 0.042734377, 0.0033084122, -0.025520034, 0.009517015, -0.004641121, -0.0008798311, -0.0049408125, 0.014227042, 0.005496405, 0.0026305371, -0.0074057807, 0.010532481, 0.008135103, 0.0063587497, 0.008195966, -0.018252928, 0.008377544, 0.009159515, 0.00015823703, -0.007952234, 0.0011805051, 0.010543437, -0.009057327, 0.0025972275, 0.020282974, 0.00013306004, -0.010898579, 0.0037909115, 0.0059927064, -0.010270342, -0.028315375, 0.015902562, -0.011973355, -0.02613795, -0.0022916782, 0.002011903, 0.0066542854, -0.0029942114, -0.010403751, -0.036739193, 0.016382443, -0.0064574806, 0.010735951, -0.01439096, -0.0075127445, 0.015545034, -0.005253941, 0.012791615, 0.0052235834, -0.06903835, 0.00110621, -0.009221345, 0.0043822723, 0.004581757, -0.00378285, -0.0006929281, 0.0068310387, -0.007611839, -0.0017761255, 0.016774328, -0.0055188956, -0.021345863, -0.035789937, 0.020796694, -0.0032302476, -0.0021864718, -0.004352228, -0.00410144, -0.011307051, 0.0076792096, 0.008526944, 0.008636693, 0.024319781, 0.0127369445, -0.023816649, 0.0028823763, 0.0016276065, -0.0036442555, -0.0012358008, -0.015760047, -0.009708436, 0.003222758, 0.007107636, -0.0052716103, 0.008305192, 0.0062040132, -0.029436402, -0.009785949, -0.085013844, -0.005152526, 0.027790206, -0.081189156, 0.012829337, 0.018636076, 0.01105771, 0.013545706, 0.009294928, -0.012235318, 0.014546875, -0.008452443, -0.007192575, -0.0062136645, -0.0038965154, -0.0015784843, -0.0042730304, -0.0040533184, -0.014900211, -0.0036885105, 0.0035719573, -0.013874538, -0.016043052, 0.016454732, 0.011559768, -0.0101456335, 0.018240616, 0.0014633144, 0.0143517675, 0.0058127167, 0.015979704, -0.014422092, -0.006553155, 0.009915943, -0.0009156655, 0.0016902611, 0.010291373, 0.0057859803, -0.00294861, 0.0005049286, 0.022336656, -0.0019933847, -0.0062961164, -0.006555847, 0.047666103, 0.013190746, 0.021705238, -0.019916065, -0.117606506, -0.006989923, -0.027974406, 0.00057316606, -0.015871966, 0.0025449358, 0.0022384946, 0.070408255, 0.0020645654, -0.016592013, -0.024464998, -0.0060316063, 0.026312988, -0.04074217, -0.0054825163, 0.011322708, -0.00854872, 0.008508032, 0.016048953, -0.005833954, -0.017473549, -0.010272916, -0.01487124, 0.008302068, 0.013649376, -0.031898577, 0.0040230546, 0.006204915, -0.006499766, -0.0025568076, -0.01645559, -0.013347197, 0.0039264606, -0.0021844578, 0.021675263, 0.0046751793, -0.03879392, 0.014191183, -0.012138919, 0.0041949367, 0.042914417, -0.008238003, 0.015540832, 0.009459403, -0.006420667, -0.020486124, -0.027735747, -0.0125411805, 0.000865868, -0.010583513, -0.0026928836, -0.015320004, 0.011780253, 0.019744638, -0.0007665992, 0.013025416, 0.007514403, -0.037928056, 0.00082769117, 0.01650029, 0.028252685, -0.0040322095, 0.008744318, -0.006228898, -0.0058713444, -0.00621612, -0.03032285, 0.00052113435, -0.0011004412, -0.003447254, 0.0010043931, 0.02021708, 0.024878308, 0.002556709, -0.008512117, -0.015122345, 0.04190395, 0.02074709, -0.032489043, 0.0018520362, 0.038555447, 0.016654585, 0.02177842, -0.001380556, -0.01661268, -0.00046803078, -0.011049571, 0.0013668874, 0.020007882, 0.008296988, -0.010142394, -0.017463239, -0.0011158313, 0.0012115, 0.018372392, 0.0062519093, -0.00843691, -0.005394825, -0.0072097927, -0.01348721, 0.001760067, -0.0067953803, -0.017125258, -0.00024340712, 0.020730305, 0.01804745, 0.0053237933, 0.009900361, -0.010977397, 0.023595512, 0.020232238, 0.020604651, 0.014788954, -0.0038336148, -0.02686258, -0.009281314, 0.008032785, 0.0029463044, -0.00087605696, -0.008934553, -0.010830723, -0.012159052, -0.017346183, -0.017219035, 0.016897073, -0.009128921, -0.004023704, -0.00049180305, -0.031266328, 0.005671588, -0.00209685, 0.018607369, -0.0056239692, -0.0005633448, -0.002225292, -0.028332293, -0.002134738, -0.011299141, 0.012292369, 0.008423806, 0.0054383352, -0.025515178, 0.0044922014, -0.0073127192, -0.013064877, -0.015661305, -0.017841252, -0.028226284, -0.032302227, 0.0010109236, -0.0007524688, 0.011366128, 0.018234093, -0.02599882, -0.012450716, 0.016465154, -0.001283173, 0.007663209, 0.007886158, -0.011666095, 0.009659638, -0.014419972, 0.008815496, 0.024094129, -0.017518762, -0.00825004, -0.029336423, -0.021841625, 0.012815074, -0.002550448, -0.008162327, -0.03945029, 0.0071654185, -0.008565793, 0.012200545, -0.016271094, 0.017743303, 0.00498539, 0.0039548916, 0.0021318325, -0.0069710566, -0.020628193, -0.033222493, -0.0008343499, 0.0025267738, -0.018136898, 0.00034926663, -0.009255694, 0.01807527, 0.0017005652, -0.010809959, -0.030033164, 0.032109365, -0.019651722, -0.0004336709, -0.0018204787, -4.2472155e-05, -0.0008133262, -0.009400903, 0.020911619, 0.017650314, -0.025899893, -0.018233947, -0.031648606, 0.007390367, -0.0023586447, 0.013714351, -0.004459363, -0.0002641084, -0.007935154, 0.0069309645, 0.0017217302, 0.008349815, 0.019638672, -0.003740892, 0.004433141, 0.019383607, 0.012640478, -0.00095496495, -0.00066965417, 0.026195789, -0.0073208786, 0.0013473694, -0.021010777, -0.009770135, -0.004703292, -0.008699844, 0.0042335163, -0.0039788205, 0.0055214255, 0.019812971, -0.00049053296, 0.011700036, -0.011258844, -0.015024117, 0.0116709005, -0.031062383, 0.020262247, -0.0075334394, -0.008233289, 0.018857963, 0.00627958, 0.005878649, 0.007963388, -0.008347414, -0.035238396, -0.02752768, 0.007251212, -0.005884998, 0.0054501905, 0.011583638, -0.014970142, 0.0043734373, -0.0011629543, 0.016331222, -0.005286545, 0.013383288, 0.0030912682, 0.0022843601, 0.0084448205, -0.0060465173, -0.008069252, -0.005526583, 0.0014930336, 0.002022978, 0.003020891, 0.02510911, 0.0004885834, 0.00963041, -0.00966357, -0.01226354, -0.022836603, 0.011276736, -0.007107374, 0.00070351665, 0.019932711, -0.037558906, 0.015302736, -0.014888213, 0.030112786, 0.02692973, -0.012470102, 0.006830704, 0.012499656, -0.017473344, 0.012420917, 0.009653782, -0.019993756, 0.011102155, -0.003133473, 0.008855298, -0.022886885, 0.0009531879, -0.001989187, -0.018398859, -0.010695234, -0.0015906034, -0.016049374, -0.010089229, -0.012422194, 0.031089228, 0.00521698, -0.024337564, 0.0045861052, 0.0010812047, -0.0009236345, 0.029003099, -0.02689723, -0.014724135, 0.010377253, -0.0049160146, 0.0052608186, 0.00018951256, 0.0070421835, -0.018652057, -0.020286122, -0.013930406, -0.00956611, -0.013617275, -0.010289022, 0.0069899764, -0.0026281613, -4.75562e-05, -0.00047848898, 0.013361387, 0.008220627, -0.009264561, -0.015878977, -0.0028333473, 0.0073435106, -0.006820906, -0.0004825716, 0.016243923, 7.5503034e-05, -0.012598691, -0.0053964816, 0.016952202, -0.010072222, 0.012634502, 0.009694452, 0.010303263, -0.0053216466, 0.023596752, -0.013598681, 0.0026698853, 0.012410087, 0.0089952815, -0.011926723, 0.0066867676, -0.021695206, -0.023433246, -0.013057564, 0.016600074, -0.010209761, 0.006623179, -0.00023344379, 0.011372483, -0.01563734, -0.0006464178, -0.0010213264, -0.0048023686, -0.004611956, -0.02106653, -0.006249485, -0.021112818, -0.014094351, 0.0054565673, -0.023916716, 0.0018909646, 0.0015058706, -0.00036453878, 0.009875239, 0.0054157404, 0.00968401, 0.012104653, 0.012036664, -0.008768951, -0.006534293, 0.010071788, 0.010394143, 0.0016942909, 0.0133469235, 0.0030927362, 0.006638235, -0.011074899, 0.0005089471, 0.027750596, -0.0011991877, 0.014213625, -0.0039722444, 0.01854538, 0.033970308, 0.02209878, -0.012993955, -0.016631223, 0.0014962114, -0.020185908, 0.0057413084, 0.0004472114, -0.011849384, 0.02097931, -0.009065571, -0.002265053, 0.010102242, -0.009671233, -0.0063793096, 0.014891244, 0.017349137, 0.015558507, -0.0007421224, -0.015802165, -0.006217155, 0.01406427, -0.007204419, -0.018618051, 0.026051631, -0.014544338, 0.006005069, 0.0028781032, 0.00084975257, -0.0055742976, -0.005789011, -0.008159549, 0.009374127, -0.007041945, 0.023670975, 0.0016566624, 0.008697273, 0.009671983, -0.0042119226, -0.015305646, -0.020600365, -0.011468097, 0.0006715231, 0.0098992465, 0.01760031, 9.517359e-05, 0.008683204, 0.009588485, 0.009551198, 0.005219557, 0.0038602888, 0.00616283, -0.014309587, 0.0005883857, 0.00195342, -0.02278856, 0.004425644, 0.012429562, -0.0067274994, 0.012112527, 0.0005958716, -0.036420323, 0.0014600868, -0.0075696297, -0.009834919, -0.031007238, 0.001549758, 0.004081622, 0.0066539547, 0.007421554, -0.018661821, 0.0046467814, -0.0035332046, -0.0014543352, -0.02040218, -0.0016159544, 0.003087485, -0.010182774, 0.004516412, -0.047132425, 0.005079415, -0.030341625, -4.6363923e-05, -0.016959976, -0.015456797, -0.008348561, -0.010968191, 0.0050071217, -0.027078833, 0.023942037, -0.013188735, -0.010248283, 0.032444745, 0.013562171, 0.0012702823, -0.008689577, -0.026990155, -0.0023754423, 0.011964884, 0.015379101, -6.373891e-05, 0.012983892, -0.026595747, 0.00071130274, 0.023138676, -0.014743459, 0.0030504495, -0.019880151, -0.0012619029, -0.012792534, -0.008668365, -0.01770591, -0.007744252, 0.008371623, -0.0035819567, 0.0028447348, 0.007167654, -0.0015269845, -0.010138727, -0.01782271, 0.0038316564, 0.016966902, -0.0064500454, 0.004283183, -0.020280074, -0.004203094, 0.0065915845, -0.012820111, 0.027765475, -0.0085044475, 0.00011392307, 0.003579024, -0.037182756, -0.010304113, -0.0051194825, -0.00791752, 0.020140292, 0.0034385945, 0.005156037, 0.011978853, 0.0077891406, -0.003921628, -0.0044977837, 0.00070965465, -0.009905461, -0.0071766926, 0.006473382, 0.010024136, -0.008329198, -0.009016721, -0.018773958, -0.005943557, -0.008581819, 0.0116903735, 0.018845635, -0.0110628465, -0.003532147, -0.018486442, 0.0022320077, -0.0154391425, 0.00297352, 0.002265536, -0.011076994, -0.006957437, 0.0014991448, -0.0006518915, -0.008569885, 0.016968256, -0.0026474309, -0.014335583, -0.009317113, -0.011888942, 0.02034766, 0.0035891165, 0.01581921, 0.010562132, -0.01662753, -0.004023682, -0.0010368805, -0.00024882169, 0.00903929, 0.0109108025, -0.0015664331, -0.0007641448, 0.0037282747, 0.0035790128, -0.008797931, 0.012980858, -0.023438966, 0.010360214, -0.024434749, -0.004383178, 0.014210202, 0.025499862, 0.018630309, -0.01735007, 0.0046008555, -0.00049458287, -0.0051239496, 0.01376272, -0.019593181, 0.0100159785, 0.001389994, 0.010219635, 0.0024492708, -0.017914398, -0.014964645, 0.0035548357, -0.0016649389, 0.017312687, -0.009811423, 0.0066252416, -0.021424066, -0.01583251, -0.02531535, -0.003158047, -0.008734419, 0.0013400528, -0.039599247, 0.004797813, 0.05696832, 0.00044120103, 0.001221396, 0.0027645787, -0.00203463, -0.00094433443, 0.007452036, 0.01110794, -0.02191018, -0.0017216059, 0.004503722, -0.004738594, 0.0053330753, 0.012624293, 0.0041403607, 0.0027171236, -0.015277679, -0.0009753302, -0.004967973, 0.0027231679, 0.01344923, 0.017328395, -0.001554191, 0.021536632, 0.0054464564, 0.0006249778, -0.005896455, -0.014624579, -0.0061605014, -0.0066729146, -0.003988395, 0.013062394, 0.02148276, 0.034435224, -0.02205698, -8.246279e-05, 0.024323337, 0.0016529231, 8.065252e-06, -0.0005291518, 0.0067461515, -0.008791626, -0.00538475, 0.013806779, 0.011054813, 0.0023760719, -0.02549788, 0.011283178, 0.03009709, 0.017701061, -0.013386471, 0.013439368, -0.0073084906, 0.0014284689, -0.0024251414, -0.013746736, 0.013011269, 0.027956922, -0.022018744, 0.006080803, 0.0013933316, -0.04358107, 0.007805551, 0.024582062, 0.0036910225, -0.0074884417, 0.013823219, 0.023699468, 0.0055854316, -0.0043451386, 0.0012826943, 0.0109605985, 0.015069364, -0.018224811, -0.031628113, 0.16857743, 0.11915514, -0.011279383, 0.02948062, -0.006915038, 0.0068717976, -0.037134737, 0.021865778, 0.0029472965, -0.01648222, -0.018567989, 0.0013918496, 0.0021266644, -0.0048069865, 0.020669535, -0.02813874, 0.008753545, 0.014652325, -0.0012941888, -0.005056969, -0.004686529, -1.7414142e-05, -0.015799178, 0.012428375, -0.03137251, 0.011865869, -0.01962317, 0.0011654253, -0.0003957326, -0.0031904094, -0.018294835, -0.0013365353, -0.0010372769, -0.010957051, 0.023681674, 0.00037843458, -0.0166396, 0.011121208, -0.006446268, -0.01735052, -0.012215658, 0.010181409, 0.0004257933, 0.023143664, 0.02221004, 0.018854022, 0.036698062, 0.013300017, 0.0090526, -0.010100702, 0.008448649, -0.0041532903, 0.021102106, -0.00030368954, -0.01351544, 0.00016821326, -0.014110941, -0.012429934, -0.0037034287, -0.008481007, 0.014796566, 0.00915017, 0.0054597803, 0.0014314968, -0.01959374, 0.02791024, -0.011585256, -0.018133653, 0.0007383778, -0.010757627, 0.0025327262, 0.032420482, -0.005756695, 0.01117615, -0.0018079929, 0.0003327368, 0.010740425, -0.0019808142, 0.009168706, -0.007128523, -0.0053644623, 0.005963877, 0.00862333, 0.011780047, -0.005277766, -0.003999287, 0.004365585, 0.027492663, 0.120894715, -0.0032618118, 0.007875968, -0.02401175, 0.0019229032, -0.00852934, -0.011897193, 0.038227484, 0.03551692, 0.006989973, 0.014548258, 0.0023401105, 0.0037177014, -0.021521756, -0.012940533, 0.0069779125, 0.019095192, 0.04840372, -0.0028605494, -0.0041270033, -0.0020294918, 0.0031796203, 0.005254071, -0.017289916, -0.0065284995, 0.009477763, 0.012842589, 0.011290417, -0.006670902, -0.007155146, -0.0791041, -0.010492846, -0.0023910285, -0.010349172, -0.008876302, 0.012306237, -0.0061047636, -0.010769113, -0.0013883311, 0.034067214, 0.0035593908, 0.009394743, 0.011202854, -0.016371738, 0.007942251, -0.012170417, -0.009935456, -0.00090015744, -0.002997295, 0.022485713, -0.001104495, 0.007476249, -0.001899355, -0.0012484532, 0.005759919, -0.0011054652, -0.0009168812, -0.01805921, 0.015359067, 0.014391547, -0.0177627, 0.02497899, -0.02024691, -0.0063789715, 0.02264543, 0.013436214, -0.003080951, 0.027011916, -0.012530618, -0.015915671, 0.008010556, -0.009147926, 0.009216716, -0.03845851, 0.024626253, 0.015686676, 0.006682332, -0.0043344824, 0.0026212404, 0.0006013753, 0.04222471, -0.010575476, 0.0007265767, -0.007154793, 0.005968206, 0.010872107, 0.00026614786, 0.0031213842, -0.021389477, 0.026133971, 0.025785744, 0.014617978, -0.0052679614, 0.00023919024, 0.002793632, -0.013026811, -0.009798662, -0.007286212, -0.008649132, 0.019874154, -0.00034596186, 0.00982861, -0.00988875, 0.016054673, -0.013503477, 0.0030772658, 0.008052552, -0.015008148, -0.00024511095, -0.0071622524, 0.005353667, -0.014356173, 0.009876418, 0.102672294, 0.009475471, 0.011738038, -0.0012175384, 0.009382905, 0.00247736, -0.0001381924, -0.02104221, -0.017004222, -0.016467381, -0.018718261, 0.016995324, 0.020357195, 0.004180295, 0.0125330705, -0.015849289, -0.0027197136, 0.015037564, 0.0006054332, -0.0068954756, -0.00059880904, -0.0021017385, 0.023499753, -0.016540483, -0.0028998393, 0.02165476, -0.020711007, 0.009012378, -0.023841385, 0.007276167, 0.00912992, 0.0053024786, -0.0013058876, -0.025333043, -0.011411143, 0.0049675982, -0.016881159, 0.016638778, 0.0012299971, -0.024918204, 0.009257381, 0.009729862, -0.0034431934, 0.00095353706, 0.013366344, 0.19009274, 0.0011627498, 0.005079173, -0.010050598, -0.0034066257, -0.014805069, 0.0096978005, 0.027253965, -0.007979197, 0.021172723, 0.0063216435, -0.009486664, -0.012577429, -0.013981139, 0.0048779976, 0.001595998, -0.014654429, 0.027057523, -0.0038539486, 0.03438459, 0.009901357, -0.0076100198, -0.03040635, 0.0054305196, -0.013627906, 0.010671522, 0.0049834084, 0.01545708, 0.004510119, -0.009314015, 0.000120501114, -0.019204028, 0.02222411, 0.01327635, 0.010280398, 0.0051095528, 0.019989388, 0.013970253, -0.0011571593, 0.0071292063, -0.02386895, -0.01247698, -0.004291087, 0.017016202, 0.01879069, -0.01798596, -0.010796139, 0.049254004, -0.007504321, -0.011491024, 0.007579938, -0.000370969, 0.0014584588, -0.005310751, -0.007239011, -0.026837625, -0.015853748, 0.013648868, 0.016010791, 0.0061943107, -0.014851979, -0.015207103, 0.0008509333, -0.0058563384, -0.0027520477, 0.00065969286, -0.0148635525]"
El podcast de la Lovera,https://oem.com.mx/elsoldemexico/img/25243283/1755297751/BASE_LANDSCAPE/1200/image.webp,no especificado,"Todos los miercoles, Sara Lovera, editora de genero de la OEM, discute y analisa los temas el papel de la mujer en el ambito economico, politico, social y cultural en Mexico y el mundo",https://oem.com.mx/elsoldemexico/mexico/el-podcast-de-la-lovera-25243384,"[0.033106506, 0.0028748463, 0.029702272, -0.060537558, -0.003243104, 0.014874099, -0.005169769, 0.03284947, 0.015863346, 0.006073148, -0.0085095875, 0.0134115955, -0.0076203155, -0.009153806, 0.13655585, 0.010244305, -0.0046615787, 0.00020315575, -0.012673869, 0.013724366, -0.0034010375, -0.031545516, -0.01654093, -0.008526111, 0.017303916, 0.021136438, -0.0047959224, 0.007626881, 0.03305901, 0.019746505, -0.003624446, 0.019077843, 0.0241077, 0.0018124365, -0.009760414, -0.004853554, -0.0086878855, 0.0052202395, 0.0064705797, -0.012091629, -0.019271616, 0.009398895, -0.011783885, -0.0012689768, 0.021508101, -0.0072866427, -0.021798657, -0.01631187, 0.0034334753, 0.008169783, -0.008022257, -0.029789567, -0.018809708, -0.1629354, 0.009107199, -0.02274357, 0.0019989088, -0.007455482, 0.0029161028, 0.0018395869, -0.014911414, 0.05385845, 0.00038853963, -0.045330767, -0.0032939776, 0.0058453535, 0.041698188, 0.02584081, -0.0053011733, -0.017019589, -0.0015634627, 0.005021024, -0.021683369, 0.024500355, 0.018205658, -0.0049447715, 0.010925534, 0.029784055, -0.006636037, 0.0030096252, -0.009943345, 0.025278669, 0.00303946, 0.009697993, -0.02682849, 0.03289855, -0.009214248, -0.028306196, -0.009545969, 0.018588722, -0.010464184, 0.027664915, 0.020619074, -0.001264482, 0.008701535, 0.0059373355, -0.015452393, -0.001578257, -0.015281551, 0.023312736, -0.014713465, -0.023622602, 0.02155744, -0.0061806715, 0.0057662493, 0.008393872, 0.03498913, 0.0040086936, -0.028491324, 0.020337531, -0.011732565, 0.018532222, -0.021348417, -0.0051762955, 0.008097477, -0.13148987, -0.013310321, -0.030968586, -0.004068381, 0.030132154, -0.010844211, 0.0050015855, 0.0020783327, 0.02006347, -0.021464057, 0.009801809, 0.0005253984, 0.016060706, -0.002805254, -0.011287489, -0.01244938, -0.01619747, 0.027729541, 0.023483172, -0.0015786947, 0.04095292, 0.0055345586, -0.02691818, -0.019075613, -0.021216774, -0.0064238226, 0.012880929, -0.007219549, 0.00792628, -0.00225362, -0.019173095, -0.026425665, 0.016381958, -0.01313146, 0.029928977, 0.02309632, -0.02940816, 0.0023431918, 0.008140963, -0.010667476, -0.017470967, 0.0113204885, -0.015621362, -0.017070398, 0.010128096, -0.00024686288, 0.017837647, -0.021864368, 0.0059923152, 0.010339235, 0.001788839, -0.023411794, 0.013173464, 0.009329135, -0.002570811, -0.00507859, -0.0031592865, 0.004515361, -0.0051412233, 0.010453679, 0.0369015, -0.011145636, 0.0020010187, -0.004300356, -0.014321953, 0.0073702796, 0.0033472953, 0.011694134, 0.024528325, 0.0006793774, -0.008786362, -0.0028985972, -0.0061159516, -0.00791315, -0.016378904, -0.025016733, -0.013991942, 0.01910193, -0.006128069, -0.028549517, 0.01641272, -0.0014725354, 0.018124167, 0.020100104, -0.011307044, 0.025762375, 0.001531673, -0.014164403, -0.017613888, -0.0059630526, -0.0001460375, -0.05269625, 0.0029765223, -0.019486858, 0.008596685, 0.02165454, 0.022059204, 0.03954913, -0.029308785, 0.021677164, 0.008211672, -0.011594459, -0.021059232, 0.00161832, -0.007035514, -0.0014400893, -0.0043943105, -0.004809039, 0.042137656, -0.015528643, -0.011974982, 0.013127754, -0.0031773846, -0.020272035, -0.046126533, -0.00061357, 0.026056891, -0.011933689, 0.028842848, 0.007768438, -0.004894289, 0.0134784095, 0.0051922393, 0.0062655495, 0.00045996482, 0.04475238, -0.00084193924, 0.0062176324, 0.010033277, 0.0017265637, 0.041915182, -0.0027311957, 0.023317972, -0.01161175, -0.0145264845, 0.008140653, 0.001179679, -0.01153226, 0.03201034, 9.6855e-05, -0.018316459, 0.0014699998, 0.009617815, -0.02685239, -0.019805694, -0.016342668, 0.008857866, 0.011550779, 0.014958345, -0.003313145, -0.006971174, 0.018755266, -0.015850268, -0.034030743, 0.022642948, -0.0019711307, 0.04210354, -0.00629915, -0.003916874, -0.010852111, 0.018551836, -0.08345247, 0.033432495, 0.04006476, 0.00073397596, -0.013320078, 0.0027865847, 0.020340895, -0.01416458, 0.032553297, 0.00283391, 0.025513913, -0.02279483, 0.018767964, -0.014912033, -0.0060667233, 0.019113574, 0.012904017, -0.024914553, 0.032399796, -0.020537483, 0.018789224, 0.0041091903, 0.0053352914, -0.0095553575, 0.018549506, -0.005023878, 0.0047294693, 0.04608913, 0.047396485, -0.0053941864, -0.0041587926, -0.004668934, -0.026668126, -0.0034391687, 0.01901588, -0.0063038617, -0.0379209, -0.01523176, -0.002619289, -0.009893077, 0.01694387, -0.02711386, -0.0042211832, 0.014612599, -0.0057210783, -0.00050282665, 0.015145477, -0.032770656, 0.0035461024, 0.014127167, 0.003411301, -0.006434258, 0.018830616, -0.012134994, 0.0016971027, -0.0032858404, 0.0015569645, 0.022201445, 0.012364406, 0.008057655, -0.012215303, -0.013540944, -0.023877662, 0.016060567, -0.017756015, 0.0026466746, 0.0025010838, -0.011891354, -0.007321545, 0.046032846, -0.019200811, -0.03126496, 0.0064637465, -0.04818856, -0.0046971957, 0.015782727, -0.0012187796, 0.021765029, -0.0069003096, 0.031088553, -0.01869241, 0.003591517, -0.032714453, 0.014881656, 0.032006543, -0.010823657, -0.008859965, 0.0027298033, -0.008393285, 0.0046595633, 0.014021669, -0.014309704, -0.0054282756, -0.011845815, -0.008117949, -0.016331505, 0.0034227823, 0.011106155, 0.018509496, 0.014299694, -0.0064911623, -0.00798983, -0.007819996, 0.00029108697, -0.006772564, -0.021556875, 0.0539724, 0.029002026, -0.022068411, -0.0021776068, 0.01358447, -0.009176906, 0.025259256, 0.0025404692, -0.009864164, 0.017802142, -0.00021314863, -0.0046710377, -0.018979173, 0.010547689, -0.005097056, 0.012607449, 0.015140115, 0.027675632, 0.003044531, -0.01018466, -0.001889398, 0.017629601, 0.0034476514, 0.0030241795, -0.016761258, -0.029402252, 0.00333824, 0.0016899419, 0.022333656, -0.005455794, 0.0010358951, -0.025161752, 0.020880492, -0.021621022, -0.025540067, 0.012688566, 0.0017512324, 0.044955358, -0.0017682012, 0.010348992, -0.0023135513, 0.0057246, 0.01110864, 0.0042824293, -0.008689072, -0.027064294, 0.001699972, 0.006058718, -0.0050493036, -0.009365721, -0.029355954, 0.0022968582, -0.043996725, -0.026276907, -0.017318714, -0.02608026, -0.000810733, -0.008847575, 0.018127844, -0.015319978, 0.0080854725, -0.00277982, 0.026083522, 0.0044032834, -0.019823648, 0.00717778, -0.018276673, -0.014439015, 0.0053605377, 0.012282936, 0.010632221, -0.022302495, -0.01759369, 0.011456255, 0.009879248, -0.025800832, -0.0117522385, 0.010043041, 0.01387149, -0.024546515, 0.034055784, 0.022739185, -0.041221607, 0.011784061, 0.0018129944, -0.026996301, -0.0065992204, 0.006422942, -0.016549371, -0.0002919559, -0.009525279, 0.0061156494, -0.0197283, -0.0088706, 0.008670185, 0.004107784, 0.022426598, 0.008612078, 0.023970865, -0.0050140508, -0.0037011248, 0.017880773, -0.007443221, 0.011614328, -0.014243479, 0.012886484, -0.002671797, -0.00010318527, 0.020901537, 0.01785801, -0.022106178, -0.0034632033, -0.026423406, -0.018187681, 0.003996695, -0.01494856, -0.027099852, 0.0038146665, -0.017141612, 0.004664176, -1.3238797e-05, -0.018866288, -0.0032501235, -0.0016091295, 0.004407724, -0.0015785304, 0.020669688, -0.0069708866, 0.001578101, 0.030279106, 0.0129270395, 0.002029916, -0.003768726, 0.026574787, 0.010250146, 0.0026480034, 0.0097499555, 0.0050230627, -0.006525305, 0.013952826, -0.015400717, 0.0153728435, 0.0040360466, -0.00080889947, 0.010973416, -0.013526163, 0.028763289, 0.012253022, -0.015531783, 0.03740249, 0.009217921, 0.009775951, -0.0031212585, -0.014237489, 0.024974283, 0.034633625, 0.008442243, -0.023201449, 0.022052303, -0.014232844, -0.006203104, -0.016391711, 0.03059509, -0.061970044, -0.012946341, -0.015283472, -0.022878157, -0.03386734, 0.011718526, 0.011734277, -0.003262439, 0.021182388, 0.00058682996, 0.021282662, -0.009915428, -0.012637862, 0.03057025, 0.0021735781, -0.022708653, -0.0144655015, 0.02195819, 0.014889248, 0.015797168, -0.005374283, -0.006318569, 0.006670861, -0.021403514, -0.033972584, 0.015526364, -0.0046808543, -0.020363778, -0.015110044, 0.019045902, 0.01082911, -0.0074800686, 0.020472921, 0.02538115, 0.020399917, -0.0037892675, -0.012095693, -0.027906021, 0.0057917037, 0.003652431, 0.019008959, 0.0111541115, 0.01159089, -0.005333842, -0.0036874749, 0.017150167, -0.0038516016, 0.0051822253, 0.007050146, -0.014071924, -0.0051069204, 0.013332768, -0.005511526, -0.002405279, 0.016344622, -0.011188143, 0.0038173518, -0.0016800085, 0.0030042452, -0.007482257, -0.013137019, 0.008709068, -0.019201213, 0.018534744, 0.019754052, 0.013700168, -0.029690582, 0.005765252, 0.006048456, -0.027315376, 0.024383005, -0.01033948, 0.015610014, -0.009668214, 0.0004895769, 0.019263964, -0.009770444, 0.015595694, -0.0053091235, 0.023795351, -0.025750995, 0.015733562, -0.07806225, -0.0030636918, -0.039081752, -0.026199078, 0.014941337, 0.052624572, 0.002558832, 0.007067733, 0.014598612, 0.01356965, -0.010314488, 0.036324497, -0.011399923, 0.0066137286, 0.004213633, -0.0029358845, 0.023029996, -0.0025779556, 0.008979309, -0.013888188, -0.004909225, -0.02469362, 0.037849877, -0.023325201, 0.02030108, 0.018779146, -0.01480432, 0.017266545, -0.0071171504, -0.028088043, -0.0018981943, -0.15357657, -0.001579893, 0.026061056, -0.014087564, -0.015530878, 0.020880032, 0.028652582, 0.00013868808, -0.01639086, 0.005996011, -0.008549149, -0.01898674, -0.028280905, -0.015894856, -0.008282758, 0.10074487, -0.002527715, 0.012995457, 0.015899694, -0.010689512, -0.006150352, -0.018053066, -0.00064212276, -0.0031081168, -0.008764139, 0.0053120772, 0.014850853, -0.002833135, 0.00081210927, -0.012025129, 0.006795341, 0.022426631, -0.016013645, 0.0013423774, 0.016236946, 0.006848639, 0.004435994, -0.02055274, 0.017278485, -0.013149064, 0.010725701, -0.001693638, -0.014242713, 0.02377347, 0.011192467, -0.002474501, 0.0095835095, -0.013841182, -0.009132176, 0.02124954, -0.007137794, -0.06928874, 0.017783837, 0.015386451, 0.00075052446, 0.022304658, 0.023674387, -0.014740925, -0.015117532, 0.020581245, 0.020101944, 0.0042770784, -0.005191971, 0.0083290655, -0.017235365, -0.02321006, 0.012178266, 0.015847344, -0.0027373917, 0.005521994, 0.012936493, 0.009890918, -0.019449597, -0.04050603, 0.0009555867, -0.0077332514, -0.024428098, 0.009260073, 0.030569559, -0.008539718, -0.021221878, 0.0281735, 0.023805268, 0.014785506, -0.021862388, -0.002948307, 0.01505716, 0.009596073, -0.020933889, -0.010035471, -0.007876524, -0.0009471167, 0.0071725976, -0.015398311, 0.027011849, -0.020131323, 0.008900078, -0.0116826845, -0.02362645, -0.005268066, 0.0099836895, 0.012913333, -0.036103584, -0.005919773, 0.02736593, 0.023311527, -0.023204321, 0.019974746, -0.0015166926, -0.00069004577, 0.009192566, 0.007549231, -0.0054533333, -0.0045938855, -0.01997518, 0.019138305, 0.014405056, -0.0053105196, 0.0018773173, -0.014861104, 0.014126806, -0.0049786, 0.00085250766, 0.009401238, 0.02743738, 0.0020959252, 0.0042823376, 0.0052747014, 0.006885407, -0.024109116, 0.007853835, -0.0025715018, -0.003378923, -0.0032108433, -0.0074487426, 0.002542311, 0.011715697, -0.006828458, -0.011683257, -0.008788095, 0.006420132, -0.0038214289, 0.013716703, 0.0048508043, 0.0046374635, -0.008965732, 0.009555074, -0.0014542101, -0.012561877, -0.011939546, 0.005594774, -0.011595165, -0.004211019, -0.005857685, -0.012991462, -0.0046809055, 0.008366371, 0.0136621585, 0.006907519, -0.008481774, 0.008886087, -0.0072911605, 0.0053143804, 0.018684335, 0.020320645, 0.014327326, 0.027572528, 0.0036187018, -0.0022071404, 0.01550511, 3.2201751e-06, 0.0010719507, -0.00643555, 0.0068808007, -0.015195878, 0.009342881, -0.004621287, -0.014443681, 0.0020235444, 0.00799521, 0.013284921, 0.000812778, 0.011734234, -0.0012260849, 0.0039758473, 0.019080937, 0.004823401, -0.0037334776, 0.012025808, -0.005320028, -0.0047053355, -0.026256176, 0.02524739, -0.0048056063, 0.0061013293, -0.0046724514, 0.009455371, 0.0028746321, -0.005472803, 0.009609252, 0.0029198923, -0.0131685175, -0.005733524, -0.01093362, -0.015359076, 0.009931029, -0.00054026477, 0.015368055, 0.0028020826, -0.009902368, 0.0057603023, -0.0017568059, -0.009743864, 0.0043695145, -0.012073048, 0.0017321336, 0.0077971932, -0.0012936543, 0.0016666711, 0.00048557366, -0.008718986, -0.014802845, 0.012564681, 0.0026854197, 0.0018872359, -0.009474897, 0.006408389, -0.021050692, 9.152784e-05, 0.016451515, 0.005622595, 0.01708525, 0.017613905, -0.0037073633, 0.013121058, -0.01327302, 0.017128913, -0.0123317735, 0.014318261, -0.0007372833, 0.009997352, -0.009663928, 0.011876411, 0.0024472547, 0.005130937, -0.0049017565, 0.010002092, 0.019933933, 0.012266141, -0.0008776336, -0.0141508095, -0.00509352, 0.0023251344, 0.023033386, 0.0020490075, 0.004216939, -0.022513108, 0.02106538, -0.008526135, -0.013039431, -0.0067256615, -0.013975835, -0.010196316, 0.011863527, -0.012283437, 0.0010618832, -0.011317098, -0.010977185, -0.011037376, 0.018819572, -0.006795342, 0.003990262, 0.0028482806, -0.01243221, -0.008669293, -0.013449079, -0.0036422855, -0.0017981221, 0.017543446, -0.01130123, 0.0012464755, -0.008936762, -0.007657897, 0.001690825, -0.011928929, -0.0044411924, 0.015943721, 0.010763467, 0.0013247142, -0.033790413, 0.00042048877, 0.011912091, 0.0145223625, 0.009109135, 0.0126749175, 0.016610574, -0.0012752685, -0.010730594, -0.0048883082, 0.012424048, 0.014398211, 0.0014393795, 0.007820149, -0.01461158, 0.006440587, -0.015217284, 0.012558465, -0.011930615, 0.030845985, -0.0009362862, 0.08777685, 0.0127669955, 0.0122322515, 0.022594083, -0.0048257587, 0.02481036, -0.009997229, -0.0063038925, -0.017303932, 0.013204524, 0.00782687, 0.0040887147, -0.02841635, -0.025188131, 0.000595833, 0.011877954, -0.00045272644, 0.0027671054, -0.0013743148, 0.01025064, -0.0010253234, 0.0023225355, -0.0027867488, -0.008427547, -0.012436434, -0.010060195, 0.0075454577, -0.0004964011, 0.010185398, 0.018999321, -0.007903454, 0.02388658, -0.001859447, 0.0036555724, -0.033932876, 0.007921016, -0.008466807, -0.00023579398, 0.018521527, 0.02496, -0.011510282, -0.027999585, -0.0049270354, -0.002049182, 0.028740952, 0.0071361577, 0.0036986645, -0.0018696466, 0.0070435503, 0.014960024, -0.018925648, 0.00501911, -0.004074584, 0.0011720244, -0.0016693751, -0.0106387315, -0.0008334663, -0.00433422, 0.001196957, -0.008756007, -0.010690587, 0.010250069, -0.012799969, 0.0037996988, -0.007138313, -8.097659e-05, 0.008795534, -0.015549167, -0.006354152, 0.004526425, -0.009629688, 0.0016137385, 0.009398006, -0.003970912, -0.005382263, -0.0006532141, -0.004361561, -0.00027421094, 0.0016449366, -0.01232135, 0.011940417, 0.0015250386, 0.00052157807, 0.00022766535, -0.00019124636, -0.015756322, 0.0011245665, -0.005455132, 0.018041532, -0.01322208, 0.00076719414, -0.017316014, -0.020454934, -0.00709035, 0.00544382, -0.0032366668, 0.054596882, 0.015950324, -0.008431483, 0.00023678642, -0.005313669, -0.00045159605, -0.0028500466, -0.008784044, 0.00042476342, -0.0071546016, 0.019085992, 0.0040623304, -0.013135883, -0.00836013, -0.00054854574, 0.0154574895, -0.00019688484, -0.00821989, -0.012919925, 0.0057567446, -0.006122975, -0.00026102553, -0.001825731, 0.0015216778, 0.011565479, -0.0008735952, -0.008168534, 0.00417795, -0.020089244, 0.0042221593, -0.0011348991, -0.016099526, -0.008457448, 0.026137903, -0.00017108193, -0.009410347, -0.009918733, -0.002161808, -0.0071925456, 0.009571683, 0.010219045, 0.0114872735, 0.006726145, -0.003248615, 0.0030877292, -0.0030278252, -0.016948147, 0.008518597, 0.015293088, 0.0077363937, 0.0051031066, 0.0022163945, -0.0032571298, -0.015000499, -0.013656172, -0.021749383, 0.010349635, -0.0044723586, -0.011658535, -0.0037388396, -0.00129553, 0.016756583, 0.0033685684, 0.009836701, 0.0024551705, 0.011443083, 0.0011606585, -0.0029016319, -0.00953424, 0.0044103684, 0.020374825, 0.01309289, -0.008762448, -0.0030784202, -0.014323972, -0.011433745, 0.020432856, -0.0076572653, 0.012250648, 0.00465417, -0.003907905, -0.007535615, 0.014848426, 0.014470536, -0.011147897, -0.0076256846, -0.0076258145, -0.016823836, -0.014563998, -0.007183193, 0.0007460717, 0.00505912, 0.024418896, -0.018661685, 0.00053914345, 0.01390569, 0.0043587624, 0.011067316, -0.008809987, 0.0017518752, -0.007836479, 0.012252154, 0.0011981205, 0.0067819664, -4.823539e-05, -0.008998939, 0.017408673, 0.009121197, -0.002624934, -0.013199441, 0.013880895, 0.00949629, 0.0030374117, -0.009714833, -0.030624267, -0.012028203, -0.006921976, 0.010093698, -0.01571484, -0.015112941, 0.0031983152, 0.0039328863, -0.0023756586, -0.013191489, 0.009891567, 0.0042844857, 0.0015386848, 0.0070415684, 0.0013678712, -0.0031209518, 0.0017361793, 0.01254968, -0.023346236, -0.027433483, -0.017252428, -0.007687227, -0.013861375, 0.0019396957, -0.01532094, 0.00980888, -0.014669205, -0.0062422203, 0.0059656263, -0.009251457, -0.026303193, -0.00860875, 0.0022735489, 0.008270423, 0.0065512774, -0.012896111, -0.028618166, -0.011767948, -0.001803481, 0.0031596425, -0.011105642, -0.011204468, 0.015998593, 0.0044123684, 0.0129004745, 0.010033202, -0.013962935, -0.065206006, 0.016096424, 0.00011891777, 0.014581562, -0.010763432, -0.01223798, 0.0023883379, -0.010373599, 0.00089174265, 0.007641955, -0.005248616, 0.01699496, -0.0062970263, 0.0022628328, -0.001301451, -0.0018771491, -0.0010961306, 0.014106504, 0.013684368, 0.0058163046, -0.0042221444, -4.1788124e-05, 0.0060678334, 0.005902904, 0.0055698743, -0.00018124099, -0.0009682947, -0.0026234868, 0.008537836, -0.0020814377, -0.0048381547, 0.023089344, 0.0062363823, 0.0051886993, 0.0101956725, -0.0054430845, -0.010414059, 0.006119243, -0.00057981675, -0.007121015, 0.0052390993, 0.00035739006, -0.0058221053, 0.010591101, -0.0052279527, -0.012237145, 0.002940484, 0.0017742258, 0.014969869, 0.00051283586, 0.01764555, 0.014282875, -0.005858793, 0.017045265, 7.3495765e-05, -0.014192053, -0.0042994344, -0.0041384934, -0.0016324609, -0.029435016, -0.0062081064, 0.018461177, -0.00069733063, -0.009260492, 0.013118956, 0.002804466, 0.0077612707, -0.0022421693, -0.012342978, 0.0045575853, 0.00048733343, 0.0036742447, -0.0073731537, -0.016569404, -0.004435315, -0.025642658, 0.015785083, 0.013406438, -0.010149456, 0.014318375, -0.012604289, -0.007168292, 0.0006740675, -0.017641008, -0.008866829, 0.0047333734, 0.0055604377, -0.007290203, -0.02372366, 0.015419823, -0.006952583, 0.0011017825, -0.011955775, 0.001675916, -0.001597313, 0.008673737, -0.013326218, 0.0005919556, 0.015595633, 0.013000855, -0.001396233, -0.003911706, 0.004481192, 0.006317174, -0.012502159, 0.01015133, 0.005081929, -0.0067921407, -0.007573889, -0.0052902326, -0.0066963737, 0.013232777, -0.0008898859, 0.020095486, -0.003390442, 0.0019554163, -0.008109148, -0.0039061804, -0.014772518, 0.0067598205, -0.01692708, -0.008242683, 0.01484454, -0.008663077, -0.018987868, 0.010291752, 0.011038859, 0.0016277253, -0.011853761, -0.013030836, -0.013438316, 0.008353793, 0.014631671, 0.0012809222, -0.010037674, 0.0033939462, 0.006911667, -0.0144419195, -0.0034086218, 0.0040174634, 0.014196955, -0.0043137055, -0.005391339, 0.0009245837, 0.00586956, -0.0026287534, -0.012929033, 0.009585258, 0.016664524, 0.0036341369, -0.010375833, 0.012258737, -0.002808254, 0.004166455, 0.01230711, -0.0030306294, -0.0046773767, 0.010889951, -0.007184086, 0.020329729, 0.010890938, 0.018111767, 0.0055827266, -0.00012915934, 0.0025652614, -0.0067565413, 0.009862344, -0.006631317, -0.0010237459, -0.011277552, -0.014426216, 0.00093490013, 0.007126762, 0.0030701943, -0.011725733, 0.0057034628, -0.003086238, 0.00037113507, 0.029926647, 0.008178309, -0.0016967423, -0.0069320793, 0.018538825, -0.013264223, 0.0018958371, -0.009558675, -0.009917512, -0.0023088122, -0.015644306, -0.0012699506, 0.014492895, 0.0021549733, 0.0076476736, -0.0010626824, 0.012046802, 0.03597499, 0.0061855367, 0.005443626, 0.0062580197, 0.011459035, -0.0014256788, 0.0069320085, -0.0025416145, -0.011974123, -0.020695759, -0.09756293, -0.008386192, -0.004956395, 0.010413706, 0.015787726, 0.004751771, -0.0072908057, -0.017640479, -0.016619716, 3.5799236e-05, -0.013096571, 0.008355753, 0.010872482, -0.008354005, 0.0035156198, -0.0058253086, 0.010037526, -0.020442773, 0.017090585, -0.0016761563, -0.009556291, 0.00020556444, -0.016150866, -0.008920615, -0.006450175, 0.0045402762, 0.003976656, -0.013935215, 0.007779213, -0.0060138186, -0.016628793, 0.008959197, 0.0052527147, 0.015809132, 0.020045009, -0.010392728, -0.010338377, 0.015192646, -0.13007961, 0.023252329, -0.014596401, -0.019333651, -0.0038815483, 0.0013494166, 0.0017848607, 0.012303935, -0.0015534146, 0.008682099, 0.0053781574, -0.01778376, -0.0010030264, -0.011438925, 0.0057477257, -8.525146e-06, 0.0005106804, 0.0088087935, -0.020899497, 0.016163873, 0.006000288, 0.009300447, 0.026307281, 0.00038482572, -0.0010384364, -0.016496174, -0.013016245, -0.0021032859, -0.0021480944, -0.004057746, 0.010452616, -0.024596239, -0.009685369, -0.0036614207, 0.005045759, 0.013265462, -0.0025959925, 0.00067389454, -0.007640112, -0.008195639, -0.0042530857, 0.00074299175, 0.009322198, -0.004598603, -0.010273788, 0.0097779315, -0.013394893, -0.00065728644, -0.002049635, 0.0031115075, -0.010942131, -0.0022343767, -0.013258158, 0.0047756424, 0.008892232, -0.014564229, -0.031973623, 0.0053958334, 0.0013088554, 0.013635784, 0.008787203, 0.0032146901, 0.0058687865, -0.0012555144, 0.004115467, 0.0033043313, 0.00934913, 0.008813307, 0.0057053906, 0.032787066, 0.004688522, 0.030194828, -0.009172064, -0.013091626, 0.021436652, -0.010221282, 0.021090621, 0.01200099, 0.0128665, -0.023254843, -0.015863763, -0.021592582, -2.9941175e-05, 0.004763111, 0.006326852, -0.010231727, 0.019614914, 0.0010434241, -0.011174052, -0.05006385, -0.011912788, -0.015951749, -0.0010010207, 0.019828979, 0.0073458203, -0.016344327, 0.001577678, 0.017896341, -0.018519375, 0.020485938, -0.012931844, 0.00017754534, 0.009789853, 0.008375493, -0.009644494, -0.0010207725, -0.0017058783, -0.035899065, 0.015305768, -0.014965531, -0.010076756, -0.01642136, -0.0013217874, -0.008026199, -0.010511398, -0.024947125, -0.006218051, 0.021557549, 0.0024001796, -0.0038423073, 0.01939942, -0.013530471, -0.0044567077, 0.0058593377, -0.0068536717, -0.008167544, -0.012268975, -0.022809906, -0.0080207605, -0.0090676425, -0.004118918, -0.007979382, -0.00390613, 0.0129401535, 0.0021866802, -0.003745775, -0.0045093535, -0.022486858, 0.010845778, -0.0082777, 0.005915743, 0.03661303, -0.0041167326, 0.008679031, -0.0074432036, -0.009015587, 0.0029683355, -0.019367144, -0.016922787, -0.014923269, 0.003279502, -0.02741926, -0.000658502, 0.007022321, -0.0030261902, 0.012827106, 0.011071207, 0.0089176325, -0.00683778, 0.008461936, -0.0034736218, 0.020321626, 0.009837632, -0.00076488475, -0.0074324664, -0.012412, -0.01157361, -0.030149184, -0.004405146, 0.01821697, 0.0170952, -0.019306082, 0.02207704, -0.012576865, -0.00019398492, -0.0076300986, -0.0137537895, 0.0044806213, 0.015174521, 0.008302782, -0.009160785, 0.012146178, 0.0058065136, -0.016419398, -0.008034934, -0.0032176895, 0.016529199, 0.0028887084, -0.0057449914, 0.013259439, -0.0050347755, -0.033552818, -0.0148900505, 0.013331972, -0.025497533, 0.005158538, -0.029325994, -0.015609162, 0.003408971, 0.0018261836, 0.03453095, -0.0039456403, -0.0056739217, -0.173075, 0.004769152, 0.0127585335, -0.0033494013, 0.0013668358, 0.02091693, -0.0009844726, -0.0047948323, 0.026268225, -0.009381979, 0.017918188, 0.019228056, 0.0054368074, -0.015387309, 0.0050588725, -0.018200949, 0.0012091602, -0.0117514115, 0.0057731257, 0.011655901, -0.05210986, -0.006158757, -0.013397413, 0.007124098, 0.0021593063, -0.012398755, -0.008186161, -0.015689079, -0.0017373527, -0.0025504422, -0.0053393594, 0.005681808, 0.009531013, -0.009998096, -0.000558639, -0.0039774026, -0.008728828, 0.018556923, -0.0028207193, 0.0035938923, -0.007854662, 0.0040803957, 0.0020725357, -0.00059942424, 0.005406957, 0.01621371, -0.03461186, -0.015963253, -0.0058613266, -0.0060768677, 0.00025173847, -0.005500556, -0.008173233, 0.0050648456, 0.0048311832, -0.013884484, -0.008185735, 0.021235965, -0.0024987399, 0.012363863, -0.016272835, 0.006339773, -0.015791038, 0.014020052, 0.0005376594, -0.0097142225, 0.0024212685, 0.149841, -0.0068649594, 0.01688371, -0.009996055, 0.008143596, 0.007826745, 0.003391686, -0.006587947, 0.013006781, -0.018030243, 0.031152807, 0.008094716, 0.019300504, -0.015885176, -0.015512879, 0.0036651988, -0.027362773, 0.017263068, 0.0015317393, -0.009262506, 0.010146343, -0.008668362, -0.008216865, -0.003565127, 0.024231177, -0.01131943, 0.006014746, 0.013787191, 0.015410971, -0.001670411, 0.009915957, -0.011340165, -0.003360243, -0.0057106675, 0.017175695, -0.0043572113, 0.006784771, -0.0029569943, -0.0068322183, 0.0035431017, 0.003324458, 0.015009008, 0.0062379385, -0.009701759, 0.0009806845, 0.011809103, -0.0045326576, 0.004008138, -0.0048626596, 0.008325108, -0.005905187, -0.007352275, -0.01802963, 0.0045434353, 0.005045426, -0.020085223, 0.002413078, -0.007290711, 0.013000288, 0.011399877, 0.0055971243, -0.0057816594, -0.024740407, -0.004340324, 0.0027690474, -0.0055742785, 0.0010583367, 0.009016831, -0.00760094, -0.10725895, 0.0019407632, -0.012381841, -0.016398614, -0.0066095768, 0.02097209, 0.0018544924, 0.0008725814, 0.0034886294, 0.0066110087, -0.023370141, 0.01093785, 0.007618892, 0.023558373, 0.007696395, 0.016745398, 0.027295386, 0.008367126, 0.008586862, 0.0023809331, 0.018628484, 0.030880755, 0.013788379, 0.0010259826, 0.0095203705, 0.038767345, 0.010091501, -0.00480723, -0.009802446, 0.017585373, -0.0019908275, 0.022127844, -0.017735498, -0.0042589563, -0.017786236, 0.010777072, -0.01839076, -0.01743693, -0.011805185, -0.016434979, 0.002335369, 0.010617807, 0.005311093, -0.011854463, 0.0018352151, -0.011355971, -0.0072128144, 0.009295205, -0.0040286668, 0.00048760392, 0.009765171, 0.0004044501, -0.0007678168, 0.024968622, -0.023102354, 0.002254002, 0.0026066997, 0.013350853, 0.0052626203, -0.011865847, 0.00047005722, 0.0030948163, -0.019887373, 0.014711157, -0.019629847, -0.015087759, 0.006540512, -0.009141954, 0.022422114, -0.02164301, 0.0023587965, -0.013333338, -0.01228278, 0.0011713016, 0.012032958, -0.014316007, -0.009791096, 0.019747036, -0.0156332, 0.01984326, -0.025604535, 0.004718204, 0.015920611, -0.016503133, 0.023361484, -0.020639041, 0.0066272314, 0.0013308548, -0.014196223, -0.0020170822, -0.00046155165, 0.016482389, 0.012314719, -0.0054147937, -0.0021408943, 0.0040148417, 0.01326229, -0.010059319, 0.019574484, -0.004133115, -0.0069010425, -0.009932538, -0.022229943, -0.009317168, 0.00827684, -0.025384417, -0.004463112, -0.024312442, -0.005279886, -0.0034390087, -0.014216039, 0.015189561, -0.014977853, 0.00011288326, -0.0084964745, -0.00075886055, -0.004800731, -0.0078271935, 0.014749115, -0.0058004726, 0.0049488936, -0.004414915, 0.016703876, -0.003571577, 0.0033304545, -0.0034535197, 0.0029229042, -0.013876958, 0.0032340244, 0.0014152103, 0.012575644, -0.019894313, -0.00511737, -0.008191741, 0.02836783, -0.011685619, -0.0015608786, 0.021626798, -0.0044400473, 0.0013919797, -0.0067349314, 0.017737424, 0.0015545075, 0.010877049, 0.021097524, -0.008285941, 0.0024651387, -0.0071089067, 0.004050094, -0.0039456734, 0.000550202, -0.006696915, -0.039195053, -0.002227062, -0.004297779, -0.0057052304, -0.00083820877, -0.000753773, 0.00897117, 0.0009044216, -0.040744998, 0.013026153, -0.017394362, -8.793141e-06, 0.010750433, -0.010095722, -0.0031670413, -0.020747066, -0.024330962, -0.03278207, 0.024342587, 0.024352882, -0.0078447275, -0.025826203, 0.0070722853, -0.007221234, 0.0089583285, 0.020384338, -0.0051428336, -0.06907226, 0.003341619, -0.007307377, -0.013617015, -0.015563271, -0.008942778, -0.005393407, -0.0041906624, 0.0012310898, -0.006467448, 0.0027795043, -0.021289757, -0.0055640056, 0.014109997, 0.008578689, -0.006596558, -0.0035011761, -0.008973159, 0.0050482666, -0.0015138558, 0.022726048, 0.028379427, 0.011073461, 0.018479763, 0.011908882, -0.012604095, -0.0035757392, 0.02905465, -0.0071084867, 0.01756677, -0.016065152, -0.0046974965, -0.02302721, 0.005783082, -0.026629312, 0.025065003, -0.007078322, -0.009481752, 0.0070138313, -0.07290814, -0.013345451, 0.010224467, -0.07031649, 0.004449178, 0.016151097, 0.0021381078, 0.00020552102, 0.009990071, 0.016864283, 0.010843593, 0.00095391495, 0.0026904477, 0.0022777647, 0.0041633463, 0.008521304, -0.007600609, -0.01261118, -0.00439203, 0.011217096, 0.032639515, -0.0021245012, -0.006923879, -0.005312921, -0.006507352, 0.0020982008, 0.02157053, -0.0056985775, 0.001659189, -0.013768165, 0.018257547, -0.0067284196, -0.022493662, 0.011841345, -0.007304042, 0.011183486, -0.011576645, 0.0039996584, -0.027224056, 0.0027163615, 0.0147118475, -0.0059371963, 0.015623081, -0.016885776, 0.06749142, -0.008594007, 0.020461213, -0.011216845, -0.11192789, 0.00501786, -0.007381905, 0.0062836893, -0.0041866475, 0.01047418, 0.016617926, 0.04626908, 0.010678035, -0.019970793, -0.012557241, 0.016189268, 0.039193984, -0.0056989077, 0.004436364, 0.013696233, -0.018612687, -0.0073628053, 0.0032455362, -0.004786058, 0.0010910833, -0.018910544, -0.006692645, -0.0036652398, -0.002999378, -0.03716608, 0.004280674, 0.0066561853, 0.015113685, -0.0100467205, -0.03680217, -0.024524808, 0.007710897, 0.027275985, 0.0041643176, -0.0016170951, -0.009752059, -0.00993934, -0.011670785, 0.012424659, 0.020104734, 0.013420089, 0.007792285, 0.007290093, 0.009826088, -0.009555746, -0.023307588, -0.026259057, 0.009955072, -0.01044798, 0.0031791802, -0.031322364, 0.0006990612, -0.006286563, 0.0109421695, 0.012569098, -0.021745322, -0.026087001, 0.019410001, 0.019142095, 0.009637056, -0.0010700015, -0.011177502, 0.0016063533, -0.018285759, 0.015411447, -0.017233683, 0.027169144, -0.018454952, 0.01853147, 0.018414605, 0.0135753425, 0.010183643, -0.008218051, -0.015683115, -0.007635555, 0.0011982619, 0.0059095453, -0.04650452, 0.0019778223, 0.018049622, -0.008521141, -0.015336578, -0.016688459, 0.0016742893, -0.015502519, -0.008617556, 0.0018797714, 0.0017527977, -0.005918878, -0.005121763, -0.010794878, -0.013500481, -0.0034129668, 0.014482059, 0.0069329836, 0.0037345171, 0.0069025834, -0.01215071, -0.032105375, -6.5317954e-07, 0.005663909, -0.0038758372, -0.011364047, -0.0064783706, 0.009460975, 0.016492728, 0.005831629, 0.007460088, 0.0015579162, 0.013246607, 0.020137131, 0.00413884, 0.0016710059, -0.0060648583, 0.0024282318, 0.03150154, -0.0069847517, 0.00013133674, -0.009996155, 0.005791055, -0.007478752, -0.025048489, -0.024861734, 0.018163253, -0.0096636, -0.007122455, -0.005895982, -0.0032704992, -0.01350996, -0.0024239456, -0.0106924735, 0.006856621, -0.005625421, 0.0075033, -0.010837393, -0.020153008, -0.00850365, -0.003875833, 0.011393572, 0.024953743, -0.0077077583, -0.001858287, 0.011572958, -0.0019286866, -0.007971893, -0.0005607439, -0.004611119, -0.016827002, -0.008616969, 0.0090740025, 0.009450897, 0.0069677522, -0.0007275913, -0.00720493, -0.0076182582, -0.017587405, -0.009259372, 0.0413471, 0.018143563, -0.0039250166, 0.006255539, -0.0050950623, 0.023513103, -0.024134068, -0.00920071, -0.03402019, -0.017018031, 0.0140836565, -0.0057461504, -0.002156208, -0.023850253, 0.006793545, 0.0014869357, 0.005917073, -0.024742506, 0.01885674, 0.016464038, 0.014363166, -0.0037666445, 0.016610587, -0.021322615, -0.024692267, 0.0034196838, 0.0044492655, -0.016698388, -0.0034737464, -0.0016076001, 0.0117191, 0.013706084, -0.010945331, -0.02715942, -0.010643461, -0.013929584, -0.022211144, 0.00050337357, -0.010344393, 0.008938316, 0.0007152901, 0.02168401, 0.016318532, -0.004732403, -0.033180803, -0.015077053, 0.015290821, 0.011821402, 0.008999094, -0.00679576, -0.012580044, 0.0024045326, 0.027331335, 0.0025645217, -0.02851576, 0.019964099, -0.026462624, -0.0036725444, 0.013051584, 0.027094254, -0.003896106, 0.0043923226, 0.013678326, -0.008016659, 0.007678948, 0.00514978, -0.0030529578, -0.018062983, -0.018460667, -0.0045967633, -0.009194429, 0.00336807, 0.014902406, 0.006590981, 0.017460583, -0.0017194287, -0.02519323, -0.008474769, -0.008579073, 0.02334171, 0.0013972606, 0.000283045, 0.005541698, -0.009488892, 0.004441726, -0.017871933, 0.005177827, -0.033218153, -0.019811627, 0.023647873, -0.00899721, 0.0054236264, -0.007770699, 0.0055563357, 0.006685534, -0.03386529, 0.013362796, -0.0024137113, -0.0028939773, 0.0045469315, 0.004168655, -0.013208787, -0.010693546, 0.023641441, -0.01292706, 0.0073732827, -0.0062296707, -0.018001419, 0.0016734522, 0.008125329, 0.0032229086, -0.014654362, -0.0096792905, -0.014174023, 0.006721271, -0.018577335, -0.010319996, 0.004395231, -0.011653905, 0.015684325, -0.012578563, 0.023622379, 0.009661446, -0.013989956, 0.01092816, 0.007908932, -0.0006922572, 0.00023107571, 0.012410303, -0.009777786, 0.011904774, -0.022268597, 0.029514989, -0.02535355, 0.014089807, 0.029568275, -0.018891994, -0.02058263, -0.0072006746, -0.005330995, -0.023553452, -0.0051292474, 0.007906374, -0.0011200969, 0.009579209, 0.013323366, 0.01476611, -0.005662172, 0.026990667, -0.017406836, -0.010659191, 0.010444588, 0.012934715, 0.009227442, -0.0011961117, 0.0155756185, -0.031219674, -0.00349602, 0.005695874, 0.008755289, 0.002969867, 0.00895949, 0.002568061, -0.015018645, 0.021667946, -0.0008885589, -0.022811214, 0.0062616016, 0.0085363835, 0.004346697, -0.005317232, 0.0070052324, -0.0020653815, -0.0015940807, -0.028173601, -0.011898384, -0.015367504, 0.006866717, 0.010473571, 0.0043675797, -0.009011479, -0.0058218893, -0.003650327, 0.014968671, 0.010001226, -0.004844592, 0.0010803075, -0.0019554796, 0.01980297, 0.0033022242, 0.008642086, 0.0014539446, 0.0069861673, -0.01691691, 0.0010685187, 0.0054892055, -0.008917645, 0.0038178428, -0.015762746, -0.001968964, 0.021194309, -0.0038817876, -0.0129482625, 0.00024166184, -0.028236482, 0.0073708943, -0.010300593, 0.0054115765, 0.009165249, -0.030857062, -0.027712168, -0.0029972862, 0.003167597, 0.0015591481, -0.0006885546, 0.016576163, 0.01111668, -0.0059864842, -0.003347433, 0.0032139935, 0.011804102, -0.02881222, -0.037693582, -0.007350704, -0.00053887273, 0.0036211798, -0.0046939687, -0.0029765668, 0.011085078, -0.006672255, -0.00652818, -0.006329669, -0.003681892, -0.0014996438, 0.017586024, 0.018410357, -0.0055596153, -0.007817307, 0.0097894985, 0.0053374153, 0.02339659, 0.007945724, 0.004125475, -0.027723353, 0.01749331, 0.011335249, 0.009672244, 0.002001449, 0.020659627, 0.014396142, -0.003395353, -0.019636028, 0.006406718, 0.0045383493, 0.0016095587, 0.00425332, -0.009289185, 0.025952538, 0.0030288624, 0.014131364, -0.0011378392, -0.022042844, 0.012416255, -0.0089643365, -0.0058519007, -0.00037772374, -0.00075729983, 0.014971717, -0.01519812, 0.0122919995, 0.012313149, -0.0022445198, -0.00340639, -0.011894659, -0.009749712, 0.004487282, 0.025647078, 0.006452187, 0.0017668655, 0.0031492088, 0.012086609, 0.011296078, -0.009496432, 0.0082664415, 0.0022942994, 0.0008353536, 0.0025193254, 0.013188499, 0.0027564247, 0.013576945, 0.005308664, -0.004161259, 0.009198001, -0.004835682, -0.0015903324, -0.00543072, 0.01821214, -0.0126726795, -0.0015708191, -0.029654892, -0.0040824185, 0.010265921, -0.019862518, -0.009813049, 0.0038203134, 0.00987007, -0.013658949, -0.02394125, -0.01907959, -0.004184157, -0.013361264, 0.0111778, -0.04828473, 0.004082944, -0.034685906, 4.55343e-06, 0.0043860623, 0.008959295, -0.0032996142, 0.0020150682, 0.020219332, -0.033107482, 0.024474792, 0.01082031, 0.01736962, 0.028773664, 0.014048949, 0.0072069895, 0.005443049, -0.019388253, 0.009915309, -0.009793899, -0.005774866, -0.029593252, 0.008943469, -0.008447606, -0.005407495, 0.009268062, -0.02319163, 0.009656465, 0.008051745, 0.012996779, -0.027905272, 0.018199623, 0.0009661553, -0.010345833, 0.013021583, 0.019659523, 0.0013300864, 0.010219539, -0.024074037, 0.0037868926, -0.01587343, -0.010612825, -0.010721061, 0.01366659, 0.011878295, 0.0068315817, -0.012513007, 0.0038115908, -0.0097095845, -0.0011935892, -0.02815229, 0.012935539, 0.013152768, -0.0136800585, -0.0043852623, 0.0027252692, -0.005130045, 0.022310708, 0.004289991, -0.013763057, 0.0014866447, 0.0071793576, -0.004946047, -0.009488057, -0.0051149414, 0.006330697, 0.0023290028, -0.008026942, 0.0138547225, -0.00034241515, -0.0073192073, -0.007182455, 0.014802588, -0.0027886499, 0.015235559, 0.0063150125, -0.014953933, -0.011979002, -0.02569571, -0.010531519, -0.0014320508, -0.012845933, -0.007787189, -0.018581247, -0.00024997085, -0.011851866, -0.024942735, 0.009463666, 0.022072015, -0.008715668, -0.021993386, -0.003659167, -0.021494925, 0.023927445, -0.0031626732, 0.016744323, 0.0023334702, 0.015120638, -0.013756814, -0.006827678, -0.0053381925, 0.0012243647, 0.035098083, -0.0067359493, -0.0021375073, -0.0058707003, -0.0073089986, -0.022816472, 0.01759739, 0.018727446, -0.014143999, -0.010756704, -0.013799977, 0.01573967, -0.0040388135, 0.01154344, -0.011385353, -0.0015627497, -0.0030973828, -0.017560648, 0.013417166, -0.014884527, 0.024870763, 0.023789106, 0.0032257386, 0.017848222, 0.017900217, 0.003182133, 0.019794669, -0.010370053, -0.003738643, -0.041732807, -0.0028265568, -0.005200892, -0.02295278, -0.004356569, 0.005616318, 0.01600525, 0.0024529437, -0.027474435, -0.0061708037, 0.06696935, -0.020587279, -0.008108601, 0.015532246, -0.01436944, 0.022494256, 0.0106260115, -0.014555063, 0.012253897, 0.005289177, -0.0031388332, -0.004725389, 0.0061256727, 0.0014693489, -0.0012355967, 0.0038279477, -0.01529141, 0.00477926, 0.002735867, 0.006069633, 0.016511783, -0.0076289657, -0.00056849106, -0.005810671, -0.010247463, -0.016469242, -0.0052053547, -0.0015829484, 0.004821743, 0.002640828, -0.017527556, 0.0068033724, 0.018288339, 0.0052272724, -0.019119823, -0.0069456976, 0.025662806, 0.023483213, -0.012375291, 0.00039885813, 0.00267327, -0.009438344, -0.018440623, -0.0017719478, 0.0034214237, 0.015255256, 0.0069368137, 0.035526738, 0.016227644, 0.025831308, -0.0071857283, -0.0030938655, -0.012899818, 0.012128385, -0.005420843, -0.0053751552, 0.004575129, 0.010543494, -0.0086552575, 0.007351373, 0.00011011628, -0.02319594, 0.0019627477, 0.028013613, 0.009396898, -0.011038043, 0.011407425, 0.014493129, 0.0019281923, -0.027455807, 0.026064083, 0.0016569237, 0.00049605954, -0.013673879, -0.008506805, 0.1767891, 0.11414372, 4.8350656e-05, 0.019088969, 0.00645867, 0.02134868, -0.0029361527, 0.003739038, -0.009854494, 0.0062267324, -0.015815265, 0.0025298274, 0.013174306, -0.002559809, 0.013139438, 0.00073915825, 0.020348879, 0.0012893288, -0.01101764, -0.005229706, 0.0029332514, 0.014002058, -0.013773289, 0.0041324724, -0.05120132, 0.014095993, -0.0028303626, -0.011247729, 0.028446402, -0.0034275344, -0.0030318643, -0.006728085, 0.0044726026, -0.009672031, 0.013172557, -0.0047998107, -0.02665255, 0.033431593, -0.0037208546, -0.0056615905, -0.031462748, 0.0032633627, -0.011101328, 0.011583793, 0.017089082, 0.026095042, -0.0067586373, 0.003930915, -0.013593189, 0.0012663783, -0.012000211, 0.0035243835, 0.011551796, 0.009161801, -0.004645982, -0.022395208, -0.012028337, 0.0068221176, -0.0034925311, 0.009347692, 0.027214712, 0.015662221, -0.0046205046, 0.009512167, -0.014304562, -0.0017684737, 0.004506566, 0.008628809, 0.0009370164, -0.029720616, -0.0018399548, 0.038996916, 0.01632068, -0.013711957, 0.009518182, 0.01586193, 0.0011101157, 0.014802189, -0.0007041733, 0.018674947, -0.01636192, -0.0011704017, 0.012471249, 0.0025255964, 0.025063928, 0.013732496, 0.00033177756, 0.017031347, 0.11287871, 0.0026755098, 0.0017309189, 0.0040786923, -1.760972e-05, 0.008676348, -0.0009410066, 0.04758562, 0.031871263, 0.0056385403, 0.017872091, 0.0010115098, 0.022007994, -0.017030446, -0.002207962, 0.0026428483, 0.0011550558, 0.026352143, 0.012282948, -0.0024339233, -0.037189964, 0.0047920067, 0.009523574, 0.00035281992, -0.0014415181, -0.0010448109, 0.009903284, -0.0057882876, -0.03773254, 0.00284119, -0.080508396, 0.0051606065, -0.012483212, -0.0012301788, 0.022247918, 0.022265218, 0.013318294, -0.021440912, -0.016700236, 0.01652246, -0.013402334, -0.002210155, 0.018417813, 0.0068679126, -0.008988714, -0.018868074, 0.0024900392, 0.00880368, 0.022326224, 0.005774624, 0.015260708, 0.027346885, -0.014595523, 0.009752987, -0.0039987923, -0.0025342044, 0.0040253033, 0.004176729, 0.015940916, -0.01448355, 0.0014109523, 0.003379083, -0.020748096, 0.026721725, 0.013269073, 0.019660037, -0.013567615, 0.0031954334, -0.0020797323, -0.0065361564, 0.03279659, -0.028896919, 0.004995871, -0.015294791, 0.02283733, 0.021838369, 0.015841184, 0.004839004, 0.0065564574, -0.0016897524, 0.026175749, -0.011573045, 0.004722347, 0.009011365, 0.009258789, 0.04070587, -0.0017311168, 0.0018261025, -0.006388423, -0.0152161, 0.015670918, 0.015584499, -0.0023520265, 0.03141167, 0.019622304, 0.0034708586, -0.019279633, 0.008754327, -0.013875802, -0.013161523, 0.0008440853, -0.004476404, 0.016651755, 0.008959231, -0.012078264, 0.015047436, -0.013221393, -0.000111883506, -0.0072928565, -0.028514976, 0.0078460695, -0.009982705, -0.0021969182, 0.10425536, 0.0013671297, 0.017745823, -0.00020683276, 0.0041022724, 0.0070202863, 0.009250449, -0.014084366, -0.021041412, -0.0041250424, -0.004290699, 0.007494991, -0.010898581, -0.020322451, -0.011095744, -0.0040275897, 0.024331855, 0.021259071, 0.004220761, 0.00090611796, -0.025367478, -0.003305343, 0.030573413, -0.020452652, 0.0033371896, -0.015517658, 0.0020960285, -0.022781277, -0.013266098, -0.0045242435, -0.0011442215, -0.011466115, -0.0076873777, -0.019559115, -0.014439762, 0.006704746, -0.007018823, 0.025484763, -0.008107795, -0.018040309, 0.0066125025, 0.0020463963, 0.0070317406, -0.006239493, -0.008943648, 0.19591251, 0.007268167, 0.009943204, -0.006700848, 0.0035932378, -0.014957584, 0.010337786, -0.02078017, -0.0011622391, 0.0009869268, 0.013829345, -0.011569591, -0.011922236, 0.0057934597, 0.012495245, -0.008114282, -0.0027856848, 0.019064123, -0.0006318615, 0.02352893, 0.012603257, -0.013822145, -0.016593201, 0.008793305, -0.010369589, -0.004179258, 0.0059295488, 0.016857177, -0.0076705087, -0.0062717795, -0.012767614, 0.00876999, -0.0017488207, 0.019988, 0.003662808, 0.0033525666, 0.010232568, 0.00577645, -0.01416791, 0.004613622, -0.0147715155, 0.0053790985, -0.014417276, 0.012198241, 0.006803869, -0.007038045, -0.013510489, 0.020560235, -0.010944735, -0.010417112, -0.007008088, 0.010373085, -0.0062104487, -0.0077103237, -0.02355515, -0.02031913, -0.021896739, -0.00033557022, 0.022529662, 0.019621197, -0.000948546, 0.01431794, -0.00044413636, -0.00034716204, -0.0026956338, 0.014395363, 0.0076958104]"
OEM Noticias,https://oem.com.mx/elsoldemexico/img/25243129/1755296797/BASE_LANDSCAPE/1200/image.webp,no especificado,Encuentra todos los dias las noticias mas relevantes con la cobertura de todos los periodicos de la Organizacion Editorial Mexicana,https://oem.com.mx/elsoldemexico/mexico/oem-noticias-25243172,"[-0.0016751896, 0.012509188, 0.017852368, -0.048152372, 0.0039415774, 0.028751038, 0.016065022, -0.00126625, 0.01598234, -0.022625225, -0.0036217528, -0.00629202, -0.0014454408, 0.00019235327, 0.13652276, -0.0051326784, 0.019780308, -0.010941082, 0.000752826, 0.00169461, 0.029299563, -0.020300137, 0.0027528368, -0.010384247, 0.016043037, 0.029908063, 0.0075629437, -0.0016720047, 0.029034048, 0.011854049, 0.0042111715, 0.02698238, 0.015606717, -0.023021705, -0.0017412388, -0.005123733, 0.008902584, 0.0040068123, 0.0031003677, -0.0137180025, 0.0011191928, 0.024003226, -0.023225052, 0.004074332, 0.003275004, -0.022941155, -0.020537512, -0.009890394, -0.0058386726, 0.007890864, 0.015903693, -0.024882201, -0.020281455, -0.1663527, 0.0048469906, -0.012784915, -0.003188483, 0.005909262, -0.020022413, -0.00075217144, -0.017777378, 0.024492547, -0.019844178, -0.036342915, 0.023007229, -0.009637531, 0.015802478, -0.0027353864, -0.012787391, -0.006874533, 0.021885956, 0.0048916535, 0.0029770553, 0.0018238106, -0.010458685, 0.003259091, 0.018926907, 0.050463244, -0.014579982, -0.00015580132, -0.004402586, -0.017631544, -0.010466067, -0.0066932803, 0.0025372317, 0.008312184, -0.0009363563, -0.010866059, -0.010761143, 0.0134401275, 0.008287247, 0.01969096, 0.009750427, -0.013909002, -0.028184885, 0.0061253933, -0.014842304, 0.01883225, 0.02838666, 0.002160515, -0.010638265, 0.004921087, -0.00014534003, 0.008317068, 0.0103, -0.017088909, 0.006293584, -0.010193196, -0.0043018474, 0.034587692, -0.012677212, 0.0007533523, -0.010586915, -0.017199628, -0.008335241, -0.13296115, -0.010092081, -0.0038394288, -0.017257836, -0.0075045503, -0.015903108, 0.008992433, -0.022098932, 0.0044048866, -0.00096402655, -0.024052761, 0.011643052, 0.025144886, -0.030852322, 0.0022470164, 0.0036524362, -0.003980391, 0.030863391, 0.0057908082, -0.009043016, 0.02923316, -0.028368553, -0.016898623, 0.0003544218, -0.014375514, 0.033359766, 0.016780186, 0.03481338, -0.015527056, -0.030773398, 0.0010639667, -0.013474927, 0.009595014, 0.042606898, -0.0029699218, -0.00062852673, -0.024457498, -0.013148824, 0.024119414, 0.008376991, -0.013476195, -0.0063769016, -0.007102809, -0.011418811, 0.016177036, 0.025358105, 0.024133384, -0.0128087755, -0.0054291566, 0.010772165, -0.0061406605, -0.0061199167, 0.016170062, 0.008844703, -0.00395905, -0.0032138398, -0.023858938, 0.0109585775, 0.0019161801, -0.02167898, 0.0036500632, -0.010952908, 0.010905781, 0.015994385, 0.008324689, -0.0052723316, -0.012394033, -0.0004253454, -7.598424e-05, -0.010068819, -0.011278029, -0.002848743, 0.012896836, 0.00741456, -0.020419234, -0.039148543, -0.0012122112, 0.0025436499, -0.021736063, -0.00057750614, 0.0009940707, 0.003942517, 0.008286853, 0.028046148, 0.01105547, 0.0342193, -0.0115968175, -0.008919496, 0.0027693517, 0.0097352145, 0.0030358443, -0.0323187, -0.013131377, 0.006763115, 0.024163464, 0.009836456, 0.0053525437, 0.015443136, -0.023718802, 0.007598398, -0.019064313, -0.0034253644, -0.011883366, 0.0035788608, -0.011331739, -0.012756301, -0.010694129, -0.018043589, 0.029056966, -0.0053521176, -0.013549596, 0.024525328, -0.013647836, -0.031757485, 0.0035058276, -0.005037375, 0.018669672, 0.031793498, 0.03284164, -0.0011745063, 0.0056379787, 0.010011766, -0.021622768, 0.016220424, -0.012805478, 0.017301293, 0.012455764, -0.003040371, -0.000308162, -0.007918244, 0.02024104, -0.009996262, 0.0020540366, -0.018252226, 0.0007111643, -0.0067655807, 0.02025834, -0.0013941106, 0.010555933, -0.012173605, 0.002451199, -0.0128939, 0.011917602, 0.01750748, -0.01069393, 0.009024873, -0.011517463, -0.01854245, 0.0071180114, -0.018904757, 0.00952025, 0.010342075, 0.016508568, -0.038236644, 0.01714544, -0.013019859, 0.02197003, 0.017778108, 0.010797353, -0.0057125646, 0.0056806193, -0.06441185, 0.031416606, 0.02377785, -0.016211323, -0.01769216, 0.012511843, 0.009919284, -0.010813581, 0.03360935, -0.010059434, 0.0038004096, -0.019215843, -0.0039462703, -0.01643354, 0.018245904, 0.019448237, 0.018013483, -0.015264077, 0.027494993, -0.02811637, 0.023201998, -0.0045325267, 0.0046919915, 0.0012725953, 0.00025738307, 0.0029652424, 0.022555675, 0.040277533, 0.012879839, -0.011262021, -0.019029854, -0.03626168, 0.02307272, 0.013842378, 0.014176365, -0.0056203655, -0.014404818, -0.016123792, 0.0065942914, -0.025785265, 0.019795576, -0.025239972, 0.02381053, 0.012540206, -0.0121670095, 0.0062721306, -0.008846725, -0.007484363, -0.00055850286, 0.026352076, 0.017620653, 0.0077718403, -0.0033651926, -0.020541497, -0.010922993, 0.0067827734, -0.00018521557, 0.013947912, 0.0076724375, 0.0112431, -0.0034273132, -0.01482409, -0.012734196, 0.023408532, 0.017334174, 0.010965259, 0.008369464, -0.006011631, -0.0325244, 0.035923958, -0.0070507163, -0.04165212, -0.0063353204, -0.022703359, 0.014727359, -0.005302392, 0.0018979913, -0.016619805, -0.017047945, 0.01042462, -0.01664429, 0.0016306946, -0.0051696915, 0.023177069, 0.02323819, 0.015973203, -0.0062266244, 0.0030203306, -0.025855733, 0.0027791783, -0.0075127548, 0.0031963487, 0.0021782443, -0.0011140009, -0.012695921, -0.011667904, -0.007514676, 0.008671771, 0.021495208, 0.024790449, -0.017254405, 0.023003913, -0.008533499, 0.005751626, 0.007999942, 0.00927085, 0.049006544, 0.016150817, -0.016604828, 0.0063774083, 0.013676219, 0.0096431235, 0.0330931, 0.00920144, -0.001884354, 0.049430113, -0.010665979, -0.01791976, -0.038687337, 0.004421425, -0.018266393, 0.011297679, 0.0076963273, 0.0065554595, 0.018385366, -0.029513333, -0.009117205, 0.007737119, -0.0015494935, -0.012681285, -0.03829132, -0.025740555, 0.0008880556, -0.029545631, 0.005240167, -0.01447004, 0.00669434, -0.009801157, 0.042016707, -0.027511932, -0.031697556, -0.00077964185, 0.0033800874, 0.029794862, 0.003521645, 0.022238161, 0.013387911, 0.031891324, 0.01139808, -0.041208375, -0.0055015283, -0.035604544, 0.022706576, -0.014563616, -0.027849382, 0.007662668, -0.012809007, -0.0024693257, -0.02655699, -0.042926386, -0.018693542, 0.006395844, -0.028039686, -0.0155185135, 0.0034509264, -0.0023309465, 0.011847499, 0.010000244, 0.019235743, -0.00021337515, -0.029536575, -0.007591211, 0.015683949, -0.01332435, -0.0030027018, 0.008278952, 0.022106955, -0.012221522, 0.01780523, 0.013913327, 0.025006028, -0.003231273, 0.0057826154, -0.012973758, -0.011886589, 0.011495333, 0.01588827, 0.0034613018, -0.01382095, -0.015227265, 0.0053121387, -0.016820613, -0.012223113, 0.010253451, -0.01745139, 0.010401259, -0.0012057354, 0.03739015, -0.017598264, 0.0018425678, -0.015709715, -0.009729508, 0.008567433, -0.0030942413, 0.020653512, 0.008629358, -0.035594225, 0.028020507, 0.011560305, 0.013298562, -0.004423437, 0.02147614, 0.0161165, 0.0025984282, -0.0037073668, 0.007850073, -0.008798123, 0.0026426024, -0.024648942, -0.004281802, 0.0016554997, -0.032227673, -0.016961439, 0.019168323, 0.004750095, 0.005960156, 0.010429177, -0.011757297, -0.010352408, -0.012690366, 0.01426351, 0.0017564584, 0.0049663247, 0.0006157554, 0.008287515, 0.015072926, 0.030400544, -0.00093784154, -0.011231064, 0.017793277, 0.008275969, 0.038279712, -0.012422553, 0.0034198444, -0.014481227, -0.013604178, -0.0012413724, -0.003836869, 0.006374442, 0.0031422328, 0.0073119844, -0.0019909095, 0.0189109, 0.017666068, -0.021963567, 0.045114044, 0.0070908773, -0.032137383, -0.0044360156, 0.004053712, 0.011135966, 0.016426902, 0.019497735, -0.019225325, 0.0009439269, -0.025004094, -0.014705691, 0.0007613225, 0.031496797, -0.07982565, -0.012043456, 0.005055696, -0.0076247854, -0.04309361, -0.019948943, 0.030100858, -0.0174669, 0.027353523, -0.008572967, -0.01320656, 0.0138218505, 0.0020480508, 0.036232963, 0.0008669112, -0.009009494, 0.0051637758, 0.021519959, 0.015147285, 0.019901235, 0.0051340046, 0.010423531, 0.00025662014, -0.018121809, -0.002057154, 0.0034932941, -0.014270021, -0.018767005, 0.014921071, 0.013368259, -0.00964654, -0.012296024, 0.0097906105, 0.012705205, 0.029948002, 0.0026044545, -5.978501e-06, -0.022290867, 0.00889654, 0.00021272093, 0.009300882, -0.01035974, 0.01478786, 0.0061364905, -0.039127134, -0.0019089655, 0.007531409, 0.027165037, 0.013768949, -0.005651581, -0.01256978, 0.0067701377, -0.012233553, -0.0024273288, -0.006803529, -0.014171863, 0.003497192, 0.0058693285, 0.014604824, 0.0016319926, 0.0034885367, 0.0065417225, 0.0045570917, 0.014883715, -0.00090742577, 0.013657014, -0.028015899, 0.008538079, -0.010706957, 0.009674511, 0.018491406, -0.015184343, -0.0031336127, 0.019631924, -0.016182646, 0.04580697, 0.02237008, -0.0017944484, 0.014006539, -0.007228462, -0.026475115, 0.050284363, -0.09054615, -0.019891545, -0.030086512, -0.021127995, 9.387504e-05, 0.006946272, 0.025502196, -0.010743147, -0.013607109, 0.0031480892, 0.0068738903, 0.017248264, 0.0109355375, -0.0031640865, -0.011736607, 0.017944703, -0.007896789, -0.0101827495, -0.009768464, -0.0038842007, 0.0027092064, -0.03307332, 0.029415995, -0.0056014284, -0.00049141946, 0.0003490681, -0.020805681, 0.015359598, 0.004007649, -0.02322599, 0.0070783743, -0.1288929, -0.0014983979, -0.0012784414, -0.0063206945, -0.016889246, 0.030506408, 0.038336553, 0.00687915, 0.013081783, 0.010470729, 0.004350374, -0.011356623, -0.015814602, -0.0138455555, 0.007053033, 0.13251427, 0.015355168, 0.026598446, 0.0020107895, -0.019100232, -0.020575007, -0.007187549, 0.005646316, 0.009870022, 0.003619183, 0.012754138, 0.016095722, -0.018613743, 0.004301782, -0.015281057, 0.02470393, 0.018929629, -0.028091911, -0.0074460893, 0.017227143, -0.001339112, 0.008706643, 0.012901729, 0.0166946, -0.009613415, 0.023249924, 0.028380664, -0.011716175, 0.021679582, 0.018120706, 0.0038012257, 0.014322492, 0.004294267, -0.02987271, -0.0039489786, -0.022431303, -0.089171134, 0.013401153, 0.02266611, 0.009664831, 0.017458815, 0.0056370227, 0.005191822, -0.022854878, 0.03952129, -0.008082386, 0.0073093926, 0.005685659, -0.0016020017, 0.0105957575, -0.0060391976, 0.008176486, 0.014226752, -0.0046149106, 0.0043291743, 0.010540003, 0.009775161, -0.024182022, -0.022550656, 0.023940058, -0.024721295, -0.017078089, 0.008880712, 0.014432201, -0.0017662913, 0.016404351, -0.0080915205, 0.010395391, 0.006007202, -0.011657286, -0.038703702, 0.009329869, 0.0025084333, -0.019717127, 0.0084407935, 0.007152923, -0.00027645222, 0.0034119454, -0.016368654, 0.0072545367, 0.004724176, -0.0062185572, 0.005292224, -0.019276185, 0.0035940914, 0.004774436, 0.024238704, 0.008229267, -0.010052605, 0.02389775, 0.010046006, -0.014185156, 0.005137409, 0.01675037, -0.005571917, -0.0099263955, 0.00047895446, -0.009308029, 0.0067548794, -0.00032588476, 0.026435696, 0.022848764, 0.00090365624, -0.00694301, -0.015860675, 0.010131267, 0.0064293663, -0.0063704182, -0.0036200325, 0.024193186, -0.001381492, 0.012600355, 0.016762884, 0.007439335, -0.010362139, 0.016274478, 0.0055414443, -0.013127982, 0.002557256, 0.0015416672, 0.0072650025, -0.010871874, 0.009782063, 0.009095052, -0.005146411, 0.007772269, -0.0032208432, -0.0038763124, -0.020315355, 0.008309378, -0.011078462, -0.008427805, 0.004140926, -0.0076110703, -0.0115277, 0.022665093, -0.016858641, 0.012218284, 0.00013739326, -0.011625543, 0.0016730088, 0.006794254, 0.013272245, -0.013009473, 0.002140712, 0.008126696, -0.0069249957, 0.011592487, -0.0040243575, 0.020359477, 0.0071546687, 0.0048738616, -0.018131273, -0.004472756, -0.0045634783, 0.0034243024, -0.015268691, -0.0019657013, 0.003891625, -0.0004094455, -0.0151058, 0.00037801045, 0.00895326, -0.010737478, -0.0002501094, 0.012112223, 0.004056667, 0.010039384, 0.0019134578, 0.02161942, 0.003959167, 0.0074426704, -0.020369597, 0.0091474, -0.0059126876, 0.007885428, -0.03217029, 0.030768838, -0.015892608, 0.003683348, 0.009757627, -0.00027248025, -0.0057815197, 0.012810222, 0.0052556423, -0.0037820416, -0.016038641, 0.0004706969, -0.0037491326, -0.005487714, 0.0058115236, 0.009990508, 0.0012733559, 0.010346609, -0.004458537, -0.002593306, -0.015080345, 0.0009365012, -0.009140118, 0.003478788, 0.0019546764, -0.0045736106, 0.005233696, 0.0092428485, 0.0049606725, -0.008188212, -0.015748436, 0.010134737, -0.0025453337, 0.019534213, 0.004758828, -0.0022372373, -0.014541578, -0.0041818325, 0.018198617, -0.004700988, 0.0087310355, 0.030302353, 0.0177815, -0.0009530513, 0.0009600657, 0.014753081, 0.006279007, 0.005703235, -0.014374358, 0.009364747, -0.004562461, 0.0013927965, -0.010015252, 0.014567912, -0.0067495643, 0.00065865583, 0.0030430357, -0.0024213155, 0.01969362, 0.006296066, 0.023010707, 0.0131435925, 0.02632038, -0.021155516, -0.008010736, -0.02844361, 0.021713806, 0.017339204, -0.0075470773, -0.016163966, -0.0033427808, -0.009816933, -0.0022375956, 0.0041222842, -0.010360808, -0.011798066, -0.0018889616, -0.0008185478, 0.0011952616, -0.011065152, 0.01911602, -0.0075768004, -0.0059380126, -0.008730879, 0.009566693, -0.011555846, -0.013633462, 0.0022662864, -0.008212316, -0.0062453174, -0.002248023, -0.01988944, -0.0007841491, -0.006685645, 0.0030309358, 0.011379576, 0.010563558, 0.00034689624, -0.018296413, 0.0010923432, 0.010798981, 0.008165023, 0.009786279, 0.0011028321, 0.008311411, 0.0075978385, -0.016103575, -0.009442487, -0.0066970894, 0.014007009, 0.01103871, -0.0052005993, -0.009911287, 0.0192365, -0.009078553, -0.00684227, 0.0044694445, 0.03718595, -0.0021499784, 0.10078018, 0.009418325, 4.8228638e-05, 0.012260975, 0.0011169913, 0.011588155, -0.003556219, -0.011899752, -0.013581867, -0.0023430753, 0.00117703, 0.0004298686, -0.009675515, -0.022736996, 0.0062538288, 0.010244326, -0.0060455953, 0.020259265, -0.011795432, 0.017724948, -0.0052348725, -0.011157846, -0.013358414, -0.013693888, 0.010854975, 0.017997503, -0.015900772, -0.0029566318, 0.013623349, 0.006267914, -0.0011882543, 0.023740927, 0.0017388071, 0.0070708655, -0.02971627, 0.009184681, -0.010239204, 0.0009188194, 0.0075100083, 0.019973176, -0.0015573165, 0.00021163383, 0.00056832493, -0.009345467, 0.022448258, 0.005494239, -0.014492532, -0.00993692, 0.0006908106, 0.010663387, -0.01101111, 0.006305531, -0.0035633615, 0.0064998567, -0.014438162, 0.0007471053, 0.028840803, -0.019690547, 0.013413764, -0.0111775575, -0.008320353, 0.006354341, 0.005398573, 0.013440173, -0.014840186, -0.0038140705, 0.012765735, -0.014405199, -0.0035664004, 0.0013331651, 0.0065366444, 0.0036238371, -0.008200619, -0.0037570996, 0.02809332, 0.020326706, -0.011512249, -0.0018204005, -0.010351339, -0.0044158767, -0.0075671766, -0.014393286, -0.0048576845, 0.006407883, -0.0034807306, 0.013868915, 0.0028867442, 0.00079283334, 0.010325116, 0.007955598, 0.0021053175, -0.01039306, -0.008849066, 0.003210941, -0.00045277836, -0.019461593, 0.06857302, 0.001437896, -0.00756288, -0.015895825, 0.011874615, -0.035615966, 0.0038627442, -0.0026825892, 0.0091091115, -0.011119336, 0.00985451, -0.0077969246, -0.0034513485, -0.0062010232, 0.0053599314, 0.0012729851, 0.007495242, 0.0038997733, 0.011888871, 0.001569177, -0.0023456167, 0.003506837, -0.0012960035, 0.0021987187, 0.013156322, -0.0071798153, -0.004128737, 0.017963814, -0.0017575216, -0.0007750571, -0.0055218516, -0.0070792693, -0.012174035, 0.018319525, -0.01716436, -0.002788512, -0.008203467, -0.003895113, 0.0028825365, 0.011762194, 0.016935142, -0.0034075046, 0.017859211, 0.0051445854, 0.0059287357, -0.0005959095, -0.016410965, 0.0116042085, 0.015076672, 0.008960583, -0.0026361828, 0.012368048, 0.0243484, -0.013737334, 0.0012041623, -0.0054039652, 0.0026657039, -0.011961978, -0.025540404, 0.016862115, -0.012604045, 0.019175319, 0.0017214197, 0.012486389, -0.006856225, -0.002143308, -0.0035346195, -0.011670334, -0.0027661945, -0.0013462228, -0.0068412377, 0.01405923, 1.8418139e-05, 0.00626928, -0.0018260019, 0.003034064, 0.011157153, 0.0049500847, 0.00015375818, 0.004487654, -0.0006116344, -0.026637565, 0.0003097501, 0.006109743, 0.010377677, 0.013961294, 0.0055087307, -0.008705716, 0.014082106, -0.021598026, -0.00053573796, -0.015758721, 0.0025125234, -0.01619214, -0.011141299, 0.007833749, 0.0034107168, -0.0011842964, -0.0011707803, 0.013467514, -0.00024045738, 0.010100142, -0.001367054, 0.0076628397, -0.007843936, -0.00839191, 0.03384847, -0.004417502, -0.005542693, -0.012814744, -0.009640037, 0.0077071, 0.0070665674, -0.006562723, -0.012061785, -0.030924067, 0.01496142, 0.009029559, -0.006124686, -0.022645779, 0.019053847, 0.004571389, -0.0012585884, -0.0018824356, 0.008228766, -0.011565201, -0.0073752413, 0.012723656, -0.0102667725, 0.008541663, -0.0043240553, 0.012635994, -0.009429287, -0.015877228, -0.010624559, -0.012074694, -0.015436703, -0.0038304776, -0.017698988, 0.0076173334, -0.002239532, -0.0076581156, 0.00092373486, -0.011526534, -0.019384021, -0.009154364, 0.007735062, 0.012360988, 0.0068162023, -0.014665962, -0.02088595, -0.0031138035, -0.0035073587, -0.021736007, -0.0046877624, -0.007022234, 0.00089869846, 0.0028661, 0.011438269, 0.004908841, -0.0038623547, -0.045857344, 0.004537593, -0.0125537105, 0.009285523, 0.0043781493, -0.006124019, -0.004215224, 0.002231572, 0.0005385565, -0.0089425715, 0.0036883738, -0.007481087, -0.0013386819, 0.012910739, -0.0013513699, -0.0046611587, 0.0052352995, -0.010117771, 0.019536521, 0.009380177, 0.00094143004, -0.0079434095, 0.0025515656, 0.012679801, 0.018951101, 0.0048244814, -0.0076210336, -0.00436063, -0.0016469574, -0.007559637, -0.021326749, 0.011180031, 0.002755383, 0.0011999471, -0.003220099, -0.003219657, 0.011797276, 0.0039106305, -0.009095115, -0.021934424, -0.009131839, -0.0042485, -0.0072122985, 0.006078311, -0.0016230854, -0.024458734, 0.014747228, 0.008757998, 0.0068931095, -0.015100014, 0.020191737, 0.011138739, -0.018395836, 0.00073601503, -0.018265784, -0.021723267, 0.012679867, -0.002888779, 0.003342603, -0.015602703, -0.005258294, 0.014876742, 0.0110650435, -0.014654444, -0.007534644, 0.008125927, 0.003952693, -0.0115532605, -0.0091548385, 0.011253543, 8.6994114e-05, -0.0038279665, 0.012032088, -0.01891225, -0.014421079, -0.0052054934, 0.017026296, 0.013788593, -0.0062443516, 0.008614007, 0.0037906698, 0.0047725094, -0.0065481067, -0.015392709, -0.0041143405, 0.009253479, 0.002666388, -0.0015340045, -0.028845318, 0.0019182928, 0.00044188678, 0.0117580285, 0.00038204144, -0.0063096685, -0.005637399, 0.02466558, -0.009426066, -0.012131337, 0.016645798, 0.014595455, -0.0018665339, 0.016421769, -0.00809177, 0.0024865894, -0.003976637, 0.01830824, 0.0053362227, 0.014001339, -0.002282357, 0.0017928908, -0.029261628, 0.0036982712, 0.0038406316, -0.0015743294, -0.012995691, -0.0061548515, 0.002299853, -0.0015708434, -0.0069834944, -0.0030829993, -0.008569762, 0.011939518, 0.006624789, -0.020236595, -0.010213183, 0.0002682792, -0.0016399308, 0.0036149537, 0.0056017023, -0.0071334615, 0.0023237916, 0.0047283443, 0.03257846, -0.006626666, -0.026018264, 0.015145962, 0.007871599, 0.0011550136, -0.0019454679, -0.0018209597, 0.0019314508, -7.8653014e-05, 0.007914802, -0.014148887, 0.0018404534, 0.0102726165, -0.0034940315, -0.0030714162, 0.009357072, -0.018541396, 0.0023383116, 0.0022626133, 0.02576678, 0.014529989, 0.020037448, 0.006498944, 0.013495522, 0.014568184, -0.006448509, -0.00014289653, 0.00086989964, 0.008811157, -0.0037100888, -0.0018694391, 0.011256253, 0.005326759, 0.005914929, -0.016687162, 0.00995611, -0.015432762, 0.0027633975, 0.006122645, -0.0038186456, -0.0012540015, -0.0047066538, 0.0013410075, 0.00026040358, -0.00038778703, 0.023169138, 0.018208826, -0.00031550557, -0.006971102, -0.008201242, 0.010417021, -0.0078094187, -0.010986776, -0.005946765, 0.0008220318, 0.0014105604, 0.01123985, 0.012329898, 0.004701529, 0.0026513953, 0.0030325009, 0.0052109514, 0.013045439, -0.019322101, 0.006648187, 0.015377812, -0.0016754913, 0.005985809, 0.014908499, 4.9851064e-05, -0.004556781, -0.007713735, -0.095780626, -0.00507528, 0.021526104, 0.011823237, 0.024223076, 0.010206686, 0.0067295046, 0.008021636, -0.013544107, -0.0025826786, 0.004464255, -0.0049984073, 5.995541e-05, -0.0073190513, -0.00042721076, 0.0044535473, 0.012645334, -0.021606747, 0.013922293, -0.0018544116, -0.008107018, -0.0024504238, -0.0016156957, 0.0023762032, 0.015037416, -0.00017914295, 0.016395053, 0.012168952, 0.00017689413, 0.0034007668, 0.003260714, 0.0022509813, 0.006623906, 0.012069775, 0.021670246, -0.0068406365, -0.0021561184, -0.0027791127, -0.13633336, 0.010545755, -0.01024883, -0.0014348476, -0.013714074, -0.0033825298, 0.015370846, -0.0026306577, -0.006471845, 0.010560495, 0.0029544234, -0.020109465, -0.016540565, -0.0077333455, -0.0007284426, -0.018523268, -0.006871781, 0.008742431, -0.02380333, 0.0140772015, 0.0076217465, -0.008380229, 0.03122059, 0.016922232, 0.0095749665, -0.025084237, 3.8589445e-05, -0.0065090563, -0.0035889936, 0.010148209, 0.0033173708, 0.010269698, -0.020004291, 0.0047657606, 0.00046632442, -0.00439601, -0.00041889807, 0.011313315, -0.002590337, -0.018138055, 0.0053555453, 0.0070091384, 0.00020634593, 0.0011789765, -0.008035369, 0.012553207, -0.0023720772, -0.0138432495, -0.0021327015, 0.0032762892, -0.017130442, 0.015841294, -0.018484898, 0.004145073, 0.0022771095, -0.013705515, -0.0018079669, -0.0028630062, -0.00814555, -0.002786711, 0.009118713, -0.0060431836, 0.020586899, 0.006193147, 0.009446573, -0.0017382076, -0.007904768, 0.013736057, 0.015233433, 0.012327775, 0.021655777, 0.02034676, 0.013383151, -0.010254206, -0.011091448, 0.003496179, 0.010623174, 0.013052995, 0.017437039, -0.0063211536, -0.0039314134, -0.019135369, 0.00010356119, 0.0061613466, 0.017565237, 0.004536062, 0.026269192, -1.7611841e-05, -0.0064845574, -0.02412006, -0.020588424, -0.008292793, 0.0017937341, 0.0152309295, -0.0014333153, -0.0013329095, 0.013376387, 0.02147479, -0.012962521, 0.0015057761, -0.0018999068, 0.0051774103, 0.016608695, 0.017863855, -0.024845917, -0.0019015273, 0.006023534, -0.011593139, 0.023841284, -0.03414946, -0.00479123, -0.021753209, 0.017755395, -0.00064195215, -0.023013882, -0.013664916, -0.021916674, -0.009066119, -0.009263014, 0.008288272, 0.019427646, -0.015612354, 0.0045295395, -0.00023069997, -0.010340056, -0.008174429, -0.0015411131, 0.014572206, -0.017141348, 0.01961399, 0.0067446646, 0.010716312, 0.000528371, -0.006635215, 0.011493642, -0.0023756458, 0.0016262747, 0.008091604, -0.00744393, 0.003958084, -0.003754688, 0.025518773, 0.006654184, 0.009688562, -0.009581454, 0.012087119, 0.007853219, -0.02973653, 0.0066622756, 0.0007848873, -0.0043540606, -0.008723764, 0.0015024096, 0.017989077, 0.033708237, 0.005374852, -0.0052589965, 0.010034144, 0.007852296, 0.0061717685, -0.005763853, 0.012040966, -0.013134393, 0.0023340757, 0.0040189335, -0.008322643, 0.006454214, -0.017974434, -0.001569543, 0.01994743, -0.007069285, -0.00025786806, 0.014447008, -0.007880439, -0.034189273, -0.014349248, -0.0065844026, 0.009618278, 0.0006139223, 0.014861533, -0.01124312, 0.007183468, -0.0071523017, -0.010874382, 0.005741763, 0.0012341286, 0.0085199755, 0.0046013976, 0.021667628, 0.00088797713, -0.01522687, -0.009684895, -0.004324201, 0.006878386, -0.024232302, -0.0030837308, -0.015454472, -0.021082047, -0.0026845185, 0.01114678, 0.036282383, -0.0054883305, -0.008134072, -0.17290436, 0.00038919394, 0.002397105, 0.007782695, 0.008523053, 0.00011965405, -0.017416148, 0.0015794442, 0.01538342, -0.0036708382, 0.026102424, 0.015556964, 0.005719488, -0.022396231, 0.019909875, -0.012224069, 0.017703965, -0.018124493, -0.0052330643, 0.010184845, -0.026150942, 0.020089548, -0.001344444, 0.019550152, 0.0087072505, -0.024782518, 0.014524545, 0.014537112, -0.021317745, 0.01946793, -0.005711599, 0.002760955, -0.0142385205, -0.015666464, -0.0194715, -0.005899552, -0.017961837, 0.019555286, -0.0036443353, 0.0085936, -0.015044095, 0.00071653235, 0.016801557, 0.0005355158, 0.017237877, -0.0015485077, -0.036294453, -0.020548368, 0.004465092, -0.009985378, -0.0115665, -0.014521322, 0.010254113, -0.0010111139, 0.010538962, -0.0152206905, 0.009330625, 0.0005867774, 0.0055455426, 0.0023401268, 0.008353668, 0.00238754, -0.0031103517, -0.00021561893, 0.003931693, -0.0060869292, -0.018873924, 0.15718897, 0.00081100443, 0.0157162, 0.0068020257, -0.031076597, -0.0036888989, 0.017171556, -0.0005213822, 0.004977824, -0.040989507, 0.010984808, 0.0005847494, 0.019110896, -0.014828691, -0.024369683, 0.0036447507, -0.012519177, 0.0023419235, -0.003981145, -0.010003946, 0.0029579, -0.00877876, -0.013716852, -0.010186763, 0.028106507, -0.018415628, -0.0204359, 0.016762545, 0.020689985, 0.008354874, 0.021049663, -0.017886637, -0.002354051, -0.020718342, 0.013947339, 0.004695841, 0.006804575, -0.018091844, -0.015082758, 0.008801371, 0.016174175, -0.009845126, -0.015916603, -0.025361545, 0.018430253, 0.02878514, -0.007007593, 0.0075861234, 0.012311634, -0.0059240363, -0.032076627, 0.008709072, -0.030455, -0.0032291543, 0.01721391, -0.018355105, -0.0062780944, -0.003476835, 0.008388946, 0.008516514, 0.009853909, -0.01244401, -0.021750486, 0.014811597, -0.012057346, -0.008994673, -0.006220061, -0.0036601487, 0.004493733, -0.107302, 0.011635871, -0.028683934, -0.012325696, -0.012614164, -0.0061034714, 0.016671108, 0.0060571977, 0.011336951, 0.020424588, -0.016855123, 0.022561477, 0.02005778, 0.005321967, 0.017583858, 0.020383947, 0.0047277, 0.009848774, 0.0047784606, 0.011239222, 0.011811386, 0.019941472, 0.0010874555, -0.004620821, 0.016943661, 0.016491517, 0.008629208, -0.020102302, 0.006026218, -0.0009644131, 0.005005001, 0.009044863, 0.0072496007, -0.004066317, -0.034558035, 0.003143266, -0.0032684326, -0.009349854, -0.013501526, -0.005517114, -0.007047465, -0.0108922925, 0.021198023, -0.029659996, 0.0044464087, -0.008927342, -0.0067096152, -0.004167499, -0.015812917, -0.0041679046, 0.00828347, 0.0052444623, 0.020531107, -0.0072266357, -0.026006423, 0.01568065, 0.021094883, -0.0039199456, -0.002391311, 0.006856052, -0.012766771, 0.01636389, 0.004415637, 0.02147669, 0.008223777, -0.008272839, -0.0033047136, -0.0052418015, 0.0108439075, -0.012832501, -0.013759036, -0.019359179, 0.008715611, 0.011346838, -0.0036583755, -0.013231998, -0.01678179, 0.037399247, -0.008926173, -0.0034165655, -0.010661106, 0.031622335, 0.0066752504, 0.00038907715, 0.050883625, 0.0011950483, 0.007332463, -0.0025336705, -0.013190278, -0.0071775327, 0.0140173305, 8.688724e-05, 0.004291627, 0.009093368, 0.0054095737, -0.003864065, -0.010383238, 0.013680524, 0.011545849, -0.013015294, 0.009807842, 0.011476489, -0.008434686, 0.011355041, 0.004103, -0.0072977506, 0.0037695875, -0.013180674, 0.00025406168, 0.002512076, -0.008632775, -0.002695018, -0.008485025, -0.007435341, 0.01628345, -0.0011387549, -0.013435384, -0.007949679, -0.006166981, -0.001790481, 0.0028126694, -0.020453457, 0.018189756, -0.0015026709, 0.008681539, -0.013488195, 0.00382044, -0.0046988227, 0.021612685, -0.0033589574, 0.02246144, 0.0013836164, 0.014126279, -0.008186016, -0.0064137517, -0.0041293637, 0.00291565, 0.00030168996, 0.015067181, 0.0022254114, -0.009676142, 0.0070349663, -0.00038313022, 0.018326724, -0.012779301, -0.030302828, 0.0096929185, 0.0016133758, 0.005102578, -0.0127818715, 0.013355547, 0.005501191, -0.01602028, 0.002631517, 0.0009186033, -0.0083277775, -0.016068386, 0.017828003, -0.013101478, 0.008958053, -0.010716816, -0.0072046896, -0.0026822477, -0.012251545, 0.007197738, -0.0029839657, -0.017303972, -0.0021517214, -0.023597509, -0.029405389, -0.008093156, 0.001501546, 0.016774153, -0.01875709, -0.017687347, 0.0053343405, 0.018153038, 0.025717197, -0.0051335637, -0.08577393, 0.017985875, 0.008339968, -0.0011433712, -0.017929098, -0.008628749, -0.0011477082, -0.013017696, 0.017954398, -0.02554777, 0.018777179, -0.017985955, -0.005947163, -0.010893254, 0.0035001438, 0.010757338, -0.014542254, -0.023225028, 0.0012404217, -0.008882124, 0.013213289, -0.0036475651, 0.008980122, 0.02148841, 0.007460054, -0.008208515, 9.606135e-05, 0.006484509, -0.0030982748, 0.0011982424, -0.005458603, -0.022190684, -0.0029298528, 0.00025816888, 0.0018153619, 0.020051178, -0.008681021, -0.0081135845, 0.011096679, -0.0616765, -0.016916243, 0.00395928, -0.078327805, 0.009591406, 0.0073185163, 0.008230604, -0.014697811, 0.011357211, 0.0030857022, -0.011452498, 0.0057087843, -0.014923369, 0.012996852, -0.0035703387, 0.010005225, 0.00060033554, -0.023501646, 0.0046708714, -0.00080101594, 0.007859855, 0.0036658084, -0.0066432296, -0.0036034693, -0.0035006073, 0.002978792, 0.023134155, 0.0010001981, -0.013808586, -0.01323328, 0.02918471, -0.0031587756, -0.017608156, 0.024358694, -0.00819415, 0.006442277, 0.0018309143, 0.002042281, -0.018466923, -0.00854627, 0.04682191, 0.019770604, 0.008951917, -0.0037175918, 0.058205526, -0.020917518, -0.010869229, -0.0027965293, -0.11413419, 0.0094669275, 0.0151333045, 0.025341334, -0.0062043234, -0.0018487145, 0.004981783, 0.08803065, -0.004054714, -0.015637808, -0.007846543, 0.01322657, 0.013315485, 0.0032452499, 0.003884553, -0.008107779, -0.037475057, -0.0031948767, 0.044385165, -0.0014819975, -0.008724946, -0.009531367, -0.030419307, -0.0010145451, -0.00066167634, -0.051509555, 0.000865264, -0.025558729, 0.015579539, -0.0066905557, 0.0032451195, -0.013128705, -0.0011783999, -0.00017917254, 0.0073101325, 0.02597684, -0.010023689, -0.012842595, -0.008587988, 0.006020635, 0.021603828, 0.016151778, 0.012248223, 0.009001861, 0.0049624145, -0.017087186, -0.024079587, -0.0070490493, -0.00032564547, -0.0040127416, -0.008610551, -0.013747756, -0.010811433, -0.00046045147, 0.0049748784, -0.002826941, 0.003361974, -0.027500916, 0.02016238, -0.0055323234, 0.009569958, 0.0013857569, 0.00012527678, 0.013087883, -0.011528942, 0.003269927, -0.02425857, 5.3520827e-05, -0.002624153, 0.0037661558, 0.018004043, 0.008721564, 0.006749647, 0.003297332, -0.03003217, -0.0026431151, 0.001081992, -0.006000017, -0.033053003, -0.02230311, 0.01801811, 0.007191983, 0.008146713, -0.020353772, 0.0009737926, -0.019641576, -0.0021936898, 0.0042276466, 0.010694342, 0.013493736, -0.004091441, -0.0008846153, 0.0050979364, -0.00059217744, -0.00037917504, -0.0010795248, 0.0068706153, 0.0061443807, -0.01617753, -0.026208512, 0.006833904, 0.0018463522, -0.005454103, -0.015138425, 0.016695814, -0.010365716, -0.012912081, 0.01057074, -0.0072252364, 0.01365957, 0.020132868, 0.022728266, 0.004396919, -0.0032612744, -0.011129011, -0.0069938037, 0.019634718, -0.005503044, -0.016333295, -0.010943111, -0.006445401, -0.022519436, -0.014364225, -0.026778469, 0.0044474807, -0.016188785, -0.0042912443, 0.006630469, -0.01025006, 0.007175844, -0.013983336, 0.0015635239, -0.0024289049, 0.005070808, 0.022475727, -0.009130772, -0.01524262, -0.0011383552, -0.010090089, 0.007453634, 0.012568648, -0.01577559, -0.010702734, 0.0013927958, 0.01055073, -0.011396995, -0.0005922534, 0.004365638, -0.02018979, -0.008874742, 0.013831756, -0.010926782, 0.016216755, -0.019105759, -0.021994274, 0.004938789, -0.010852006, -0.002715556, 0.019452365, -0.005307331, 0.0019623735, -0.0054437052, -0.015080021, -0.0040213848, 0.0005111454, 0.0007348071, -0.012025217, -0.01879406, 0.018043771, 0.0075917565, -0.003487998, -0.017675253, 0.0062246122, 0.0022845685, -0.0055196765, -0.020744422, 0.002484248, 0.004142964, -0.008850454, 0.0035782284, 0.01667383, -0.014236681, -0.019631013, 0.0051702107, 0.028938472, -0.01143354, 0.010757019, -0.0016301895, 0.010633097, 0.011135761, -0.022960098, -0.027367793, -0.010809844, 0.023601213, -0.0079252, -0.0046076276, -0.01958252, 0.01985122, -0.0073651113, 0.008119251, 0.014622063, 0.0057998127, -0.014204063, -0.03521278, 0.009679891, 0.01957033, -0.021270415, 0.010729725, -0.027928744, -0.0052063228, 0.009425214, 0.0011693737, 0.00092444033, 0.0039072544, -0.017785585, -0.010664599, 0.040717624, 0.014713933, 0.014003133, -0.006430873, 0.026575578, -0.022696847, 0.006834201, 0.00391036, 0.0084897475, -0.019989487, -0.0066495123, 0.008851898, -0.0028235894, 0.013161137, 0.019344017, 0.0041571218, 0.016861781, 0.007971168, -0.014501749, -0.0026777852, 0.015808322, 0.0155184595, 0.008073535, -0.01667437, 0.0013806701, 0.0038927067, 0.040695637, -0.0019136437, 0.003271681, -0.029611038, -0.01369625, 0.01558762, -0.003680327, -0.0045073368, 0.0033165796, 0.009130868, -0.0010908877, -0.014779175, 0.009744597, 0.007407039, -0.012923715, 0.024623863, 0.020349083, -0.009239918, 0.0059758956, 0.010242413, -0.0065181255, 0.034143504, -0.0019990169, -0.010597427, 0.019275682, -0.005940507, 0.0060384395, -0.0055223075, -0.024666946, 0.0013048156, -0.0016247237, -0.038394026, 0.005282882, 0.026699053, -0.029996395, 0.0060187737, -0.007788789, 0.030396339, 0.016216356, 0.0054868236, 0.006542846, 0.002540734, -0.0088784555, -0.016278809, 0.018269427, -0.0074428115, -0.0058221477, -0.0023181692, 0.016830495, -0.022501856, 0.020344472, -0.00833746, -0.008914161, -0.010781538, 0.015410734, -0.005519998, -0.024049658, -0.015308333, 0.029696522, 0.0052586645, -0.015406471, 0.021485163, 0.0060072914, -0.0144385705, 0.011589278, -0.013717877, 0.0034560657, -0.0037604142, -0.015127883, 0.021707773, -0.003971651, 0.0067113857, -0.027959412, -0.018132405, -0.0029661257, -0.00806343, 0.011792016, 0.005078451, -0.00550987, 0.0031258839, 0.028416304, 0.0108782, -0.011775071, -0.002534785, 0.016487507, -0.022853663, -0.006439207, -0.0065106493, 0.0050365888, 0.0039830357, -0.008640209, -0.010425561, -0.00923133, -0.018682892, 0.015936904, 0.014528101, -0.021053126, -0.0113617275, -0.0125216525, 0.016204093, -0.0035499793, -0.016343417, 0.019036805, 0.019041903, 0.019351183, 0.005286504, -0.018276524, 0.0012039749, 0.0062337173, 0.010580691, -0.005725285, -0.0046179234, 0.0062713064, 0.0010818901, -0.009759489, -0.012790163, -0.0022074112, 0.0037463072, 0.0059584845, -0.0021550998, -0.016371587, 0.003441473, -0.0070343753, -0.0051122196, 0.007824267, -0.029766249, -0.0027068951, 0.010530856, 0.008376084, 0.010354473, -0.010131632, 0.025617491, -0.004068581, -0.008898919, -0.012356156, 0.023673762, 0.0020397757, -0.0067197746, -0.012208669, 0.006465917, -0.0022822272, 0.0049705463, -0.016043019, 0.012845052, -0.010782314, 0.0048120385, -0.01408395, -0.00055634545, 0.014269648, -0.0006481511, 0.008952743, 0.0047582937, -0.0026269779, 0.019528659, -0.0016569583, -0.000312863, 0.008738915, 0.012079708, 0.009619327, -0.011036475, 0.009605124, -0.022421923, 0.003871028, -0.012538034, 0.029616501, 0.023217952, -0.00833229, -0.016305445, 0.005360926, -0.005919804, 0.004623579, -0.00741825, -0.021640684, 0.032724645, -0.007225546, 0.0018428819, 0.008955788, 0.004894508, 0.012071001, -0.0055149016, 0.004133499, 0.02044439, 0.00645517, 0.0029369385, -0.016595127, -0.0033746562, 0.0005484482, 0.007889787, -0.0054431595, -0.0161589, 0.018209122, 0.010105291, 0.028838543, -0.0017000912, 0.010257402, -0.007417604, 0.014321847, 0.002986486, 0.0070808213, 0.02952218, 0.011453488, 0.016412506, 0.0045825243, 0.018610276, -0.011056468, -0.025006369, 0.01271111, 0.021841008, 0.0050731176, -0.008635867, -0.015725337, -0.023154693, 0.011518155, -0.018206412, 0.0048114876, 0.0033528253, 0.021868857, 0.009899403, -0.006107566, -0.020476375, -0.006463559, 0.025560105, 0.0023434246, -0.04002957, -0.027485617, -0.012379047, -0.02008501, -0.004228805, -0.0008366013, 0.013282667, -0.034337427, -0.00070656586, -0.020442108, 0.0022863988, -0.0065971147, -0.0077881156, -0.008699047, -0.023716317, 0.022900313, -0.0049285614, 0.009787495, 0.0143124955, 0.0018784247, -0.011166808, -0.005842899, -0.0280558, 0.0034043214, -0.020846274, 0.0046313615, -0.022451978, 0.0008431071, -0.017352562, -0.0023841197, -0.0015208916, -0.012632456, 0.0012352783, -0.0043513686, 0.005182318, -0.00485448, 0.023236781, -0.0038495827, -0.009166201, 0.01389033, 0.007840861, 0.0042984285, -0.0017511615, -0.015421072, -0.024848348, 0.013569636, -0.010406608, 0.02745281, -0.019494774, 0.010665169, -0.01762391, 0.0069020875, 0.01875848, -0.010243648, -0.011540772, -0.007229285, -0.007460921, 0.014898434, 0.0035432426, 0.0043893466, 0.010011219, -0.0021986987, 0.016230453, -0.0023096332, -0.013415651, -0.01503673, 0.0044820295, -0.011278895, -0.01799355, -0.00774623, 0.0010426865, 0.002128031, 0.023070432, 0.0071074087, -0.01981278, 0.0070038023, 0.008174224, -0.0036166033, 0.012847968, 0.039300382, -0.004326906, -0.018543934, -0.0054980456, -0.01676919, -0.0020309251, 0.018733056, 0.0005020178, -0.007570182, -0.010172642, -0.011072811, -0.013141982, -0.0016674047, -0.016507793, 0.02045121, -0.0031504831, -0.03215234, 0.00010231276, 0.0012531177, 0.005944385, -0.0033643013, 0.01723503, -0.007875896, 0.022829907, -0.010216241, 0.01971151, -0.007134344, -0.0015228343, 0.038575094, -0.03174431, -0.0044881892, -0.00790013, -0.012655332, 0.003957356, 0.023183817, 0.0056117205, -0.0029133833, -0.027965026, -0.00554414, 0.011274643, -0.0067890193, 0.005494296, -0.017175244, 0.008359403, 0.009788496, -0.01342549, 0.007150602, -0.013255065, 0.0010408618, 0.008136976, 0.025492696, -0.003772853, -0.020217834, -0.010920451, -0.0020718914, 0.003018632, 0.023164088, -0.010934371, -0.0029362144, -0.016957508, -0.0077168737, 0.0050221095, -0.011087621, -0.0049622343, 0.023913432, -0.016006684, 0.009171761, 0.049999107, -0.0018242967, 0.00497375, 0.011915826, -0.0026763545, 0.009982281, -0.019620199, -0.011635414, 0.005806789, 0.00055491197, -0.0046773874, 0.020449027, 0.0014367775, 0.0049573253, -0.011363926, -0.00093773234, -0.0071106497, -0.015599997, -0.010619602, -0.0029713225, -0.0043446133, -0.0013470512, -0.0072972276, 0.00094641425, -0.005573391, 0.015770266, -0.0028536536, 0.008396896, -0.0054368353, -0.013258535, -0.00809574, 0.01314548, 0.0027322508, -0.003275496, -0.017719258, 0.0033864712, 0.028369164, 0.019695852, -0.0021355625, 0.00409679, 0.00068553543, -0.027514962, -0.010434427, 0.004817177, 0.0053712414, 0.012572059, 0.0026784404, 0.043374, 0.019803079, 0.018238265, -0.0100866165, -0.012381482, 0.008481203, 0.0069306544, 0.014774235, -0.0038042578, 0.003346709, 0.009428445, 0.006439295, 0.0022534942, 0.011416757, -0.027083391, 0.018591927, 0.016186863, -0.0025014065, -0.022941567, 0.01705256, 0.007270622, 0.027166333, -0.0143137975, 0.008507408, 0.00065493624, -0.0018429816, 0.0011909538, 0.0027149783, 0.17424129, 0.1152943, -0.00088456005, -0.010496115, 0.015803415, -0.0009170042, -0.019193823, 0.00014660419, -0.0068122554, -0.006659187, -0.04345556, -0.009781897, 0.011137397, 0.008469074, 0.01757624, -0.0060813925, 0.010657666, 0.005667419, 0.004265613, -0.0043575033, 0.0024974495, 0.007301586, -0.012142398, 0.008154387, -0.030331682, 0.0044326866, -0.01112087, -0.014257296, 0.0186401, 0.0006773022, -0.017765306, -0.007541756, -0.0068407957, -0.0061770524, -0.0011236767, -0.0019995049, -0.017388746, 0.0016720586, -0.007394655, -0.017942201, -0.0035026255, 0.009067743, -0.00643596, 0.0036460797, 0.010075577, 0.015059888, 0.0103101935, -0.004503915, -0.01540772, 0.010660841, -0.017293846, 0.000503395, 0.00830635, 0.00094723114, -0.0079613095, -0.023050971, -0.004994488, 0.018060477, -0.0027552121, 0.010971475, 0.013329161, -0.010187798, 0.0006342226, -0.006927831, 0.023099441, -0.0027867877, -0.008017708, 0.0107741, 0.0060307663, -0.027819332, 0.0010277705, 0.02525503, 0.01639482, 0.019140463, -0.01564277, 0.010600398, -0.0023989982, -0.0012704189, 0.009775299, 0.023831101, -0.0020318474, 0.0011263936, 0.012905387, 0.008463276, 0.00650578, 0.01282779, 0.0014134352, 0.013425935, 0.08647566, 0.0033346978, 0.0075658234, -0.0020841744, 0.010670155, 0.00574515, -0.0016232857, 0.052361183, 0.013016069, -0.0072420635, 0.0002125759, -1.5998574e-05, 0.007497058, -0.0069306456, 0.0011911502, -0.0071235923, 0.0052472507, 0.041865066, 0.026627937, 0.005388282, -0.023148062, 0.012163585, -0.0201029, -0.007282582, 0.015569703, -0.00026083447, 0.022235174, -0.0025187922, -0.022300912, 0.0068489425, -0.10921438, 0.0063532987, 0.0071989917, 0.023703285, 0.010473192, 0.0060781473, -0.020790031, -0.00780372, -0.012369993, 0.005398191, 0.023491431, -0.0003877267, 0.029946452, -0.017616127, 0.0066684205, -0.010581717, 0.0029174883, -0.010299228, 0.0040891943, 0.0051477314, 0.022156363, 0.029452333, 0.0061969114, 0.007839658, 0.0114405, -0.002483206, 0.014586076, 0.036505245, 0.011431219, -0.0074809776, -0.012381001, 0.0050055683, -0.0031541009, 0.0177213, -0.0008804872, 0.029971255, -0.0040004146, 0.004503342, -0.0007856605, -0.0031535695, 0.019319616, -0.018229177, 0.008296673, -0.008721118, 0.028859427, 0.024563212, 0.012309661, -0.007236222, 0.005053846, -0.019511063, 0.030502513, -0.012531226, 0.003077876, -0.009236873, 0.0073688608, 0.042232286, 0.0072327503, -0.012740691, 0.0069768745, 0.0006707063, 0.016840594, 0.011987543, -0.016369699, 0.028105346, -0.0011879115, 0.0067788917, -0.0075678034, 0.0058111325, -0.03460473, 0.010199975, -0.010555333, 0.006851096, 0.0035670793, 0.0003073401, 0.006268054, 0.0099293515, -0.028361546, 0.0016269844, 0.010330316, 0.0074624023, 0.0154208625, -0.013041516, -0.021022033, 0.11599818, -0.0021948998, -0.0065996647, 0.0016276402, 0.0017757772, 0.027536973, 0.018533414, -0.013176519, -0.0005776822, 0.01583228, -0.0032830334, 0.030189803, 0.014768755, -0.007201487, 0.005723416, -0.01514579, 0.01919049, 0.0074212374, 0.00632201, -0.0070774565, 0.008869724, -0.015316261, 0.025746321, 0.0035431988, 0.0016272009, -0.016458446, -0.013505682, 0.0040486795, -0.013924947, 0.01243188, -0.003795826, -0.02226158, -0.005332752, -0.018314654, -0.013617727, -0.016160982, -0.003986414, 0.022674644, -0.018006528, -0.0071489383, -0.030336728, 0.030780364, 0.013506043, 0.0007439853, 0.007724424, 0.19127925, 0.015526485, -0.0058802576, -0.008994363, -0.008722368, 0.01964694, -0.0029244157, -0.0028427544, -0.012858499, 0.010916708, 0.023730345, -0.005661191, -0.01796497, 0.028393397, 0.0044119502, 0.0013697661, -0.006540113, -0.0022107968, -0.0039219516, 0.027207404, -0.0025329187, -0.009037693, -0.016064981, -0.0056690658, 0.0044625592, 0.002172158, 0.01784455, 0.022456594, 0.00018591028, 0.002692286, -0.0016220909, -0.008085929, 0.010950098, -0.010016122, 0.0009411306, 0.021152923, 0.026350254, 0.017013883, -0.0007960481, -0.0060535246, 0.005841392, -0.0062248767, 0.012030018, 0.01267677, 0.009104146, -0.009503804, -0.0071861325, 0.01683647, -0.002517488, 0.01027268, -0.005081318, 0.007550759, -0.016949624, -0.0041518565, -0.027953142, -0.0057832077, -0.011281508, -0.001938508, 0.007933549, 0.024812564, -0.010633301, 0.0027281928, -0.010019067, -0.014358696, -0.0044498243, 0.013779939, -0.0142401215]"
Cofre de leyendas,https://oem.com.mx/elsoldemexico/img/25242331/1755293311/BASE_LANDSCAPE/1200/image.webp,no especificado,Cofre de leyendas se abre cada martes para llevarte las historias que se cuentan en todos los rincones de Mexico,https://oem.com.mx/elsoldemexico/cultura/cofre-de-leyendas-25242739,"[-0.01834251, -0.014089231, 0.024849938, -0.08293613, 0.0029361262, 0.00013194958, -0.023062887, 0.014926118, -0.015496519, 0.02062035, -0.022816636, 0.0060321814, 0.005245943, 0.011459661, 0.13319339, -0.004061975, 0.010686903, 0.0052531343, -0.004505099, -0.024973366, -0.022683773, -0.032121297, -0.0027217316, -0.017289052, 0.0018337289, 0.006178771, 0.00034402017, 0.0063023586, 0.010960012, -0.0013869938, 0.008412139, 0.012604592, -0.0008862007, -0.03566966, 0.0055623087, 0.013765915, -0.012381731, -0.027838457, 0.01772931, -0.0041237744, 0.021288762, 0.03316505, -0.0077394433, -0.012901556, -0.0029891965, -0.028907577, -0.008549757, -0.0047084824, 0.0136788, 0.014100318, -0.026223658, -0.0069896085, 0.032214336, -0.1739382, 0.021403873, 0.001686477, -0.02605774, 0.018039646, -0.024371317, -0.00727831, -0.02893859, 0.014993343, -0.021951161, -0.039781537, 0.03046598, -0.0012531256, 0.013594328, 0.015769904, -0.012109814, 0.008659639, 0.012420726, 0.011434701, -0.028182663, 0.0034400076, 0.0043531926, -0.00557903, -0.022688411, 0.013100449, 0.012007592, 0.014095693, -0.011428538, -0.00816603, -0.010292123, 0.0012351649, -0.016831994, 0.0027545171, 0.0136794755, 0.0024456142, 0.0010510664, 0.012819931, -0.015004052, 0.013364131, 0.0060171545, 0.012964166, 0.007860729, 0.029513653, -0.0009877202, -0.017707257, -0.010215362, -0.001013522, -0.0113785425, -0.02869306, 0.020946428, -0.031706143, 0.026490148, 0.011991148, -0.0039527877, 0.006447921, -0.008905378, 0.024758112, -0.003069469, -0.010562352, -0.012527525, -0.028439138, -0.001278878, -0.12103589, -0.0024775441, -0.02282045, -0.02754097, 0.027540386, -0.0005931873, 0.007669987, -0.015560966, 0.01572629, -0.009499917, -0.0038112435, -0.0040475377, 0.016350789, -0.018594915, -0.024308432, -0.002506702, 0.014987573, 0.03189872, -0.012949271, 0.010608037, 0.018092174, -0.0073347366, -0.018401181, -0.023436338, -0.0065680663, -0.016731145, 0.0024024886, -0.00063617295, -0.0043589557, 0.015001168, -0.024623752, 0.018626103, -0.0007075089, -0.023789389, 0.009042324, 0.02471259, -0.024665244, 0.013208946, 0.006303197, 0.008841548, -0.0034780724, 0.015134489, -0.020510212, -0.006249791, 0.028963938, 0.0155327525, 0.008436359, 0.013329722, -0.011633876, -0.0046865754, 0.018929686, -0.023101686, 0.008548163, 0.025760371, 0.021782968, 0.01670808, 0.024777582, -0.030680364, -0.020174058, 0.0149814775, 0.02176908, -0.026480183, 0.016759899, 0.007451261, 0.00020910332, -0.0018902838, 0.009810765, -0.004875077, 0.00045310438, 0.007820041, -0.015844116, -0.03472309, 0.031921554, 0.0114247305, -0.02136869, -0.011920415, -0.018866425, -0.00995541, -0.016184587, -0.0108141685, 0.000410157, 0.005172414, 0.0021452713, 0.0010007571, -0.0060790107, 0.019297386, 0.0021005943, -0.001389361, 0.016976982, -0.013766996, 0.026734147, -0.034160372, 0.00030438826, -0.0026824193, 0.014658078, 0.023874162, 0.0009809362, 0.0067238673, -0.013115967, 0.013266767, -0.018436082, -0.0152751105, -0.015637306, 0.0092214, -0.016173823, 0.0016627512, -0.008714396, -0.03038843, 0.01722364, -0.013138122, 0.010240743, -0.007959434, -0.00084684405, -0.0006834764, -0.0020758852, 0.002309673, -0.0012550307, 0.010322501, 0.030938996, 0.009600182, 0.0038197176, 0.0017907219, -0.017530328, 0.030074917, -0.0050103925, 0.0065226676, -0.022274023, -0.00377905, -0.0047324393, -0.027863063, 0.006516737, 0.016683735, 0.0027823097, -0.009951965, 0.009492809, -0.015440037, 0.00097305165, 0.011345559, 0.003938282, -0.02228919, -0.004105264, -0.02821039, 0.025348289, -0.024902355, -0.0068307198, -0.019686697, -0.020589087, -0.02879266, 0.021020075, 0.0244259, 0.028366446, 0.009422181, 0.013654636, -0.03504051, 0.0036668964, -0.007240904, 0.03094794, -0.00075905444, -0.005717269, -0.028664565, 0.005552483, -0.0929756, 0.011174887, 0.0058928356, -0.022004835, -0.0066804574, 0.015900271, 0.018254783, -0.0013448568, 0.0053545306, -0.017011791, 0.029448444, -0.02572082, 0.0054408447, -0.025706382, -0.0021926304, 0.027965972, -0.017488537, -0.012748527, 0.016367085, -6.01407e-05, 0.022266993, -0.013609732, -0.006398749, 0.007612313, 0.0026902573, 0.012609273, -0.005108379, 0.03543458, 0.031953033, -0.019428305, -0.0058048507, -0.02754136, -0.017748598, 0.021170117, 0.010802422, 0.012153634, -0.010005797, -0.012962607, -0.019823898, -0.032823868, 0.028161606, -0.026648996, 0.0055476953, 0.011705334, -0.025949327, 0.0049920585, 0.017106026, -0.027935965, 0.009903402, 0.0044261883, 0.0058022887, 0.022512391, 0.011473207, -0.0016277322, -0.004576836, 0.0006347856, 0.0070837256, -0.004089506, 0.021428263, -0.009563161, -0.03012016, 0.0097461175, -0.00987582, 0.02074998, 0.002149995, -0.007494637, 0.008291997, 0.010991583, -0.015501377, 0.010973426, -0.019164432, -0.022197604, -0.010177579, -0.050732765, 0.023583716, 0.013190997, -0.012248913, -0.013590056, 0.014133834, 0.011494714, -0.044754628, -0.02609839, -0.0024942677, 0.00077675574, 0.04491602, 0.0030651824, -0.013665879, 0.009301666, -0.009921849, 0.015957816, -0.0036633287, -0.02139688, -0.014437955, 0.0029996196, -0.017043462, -0.010032859, 0.002433713, 0.0045404155, -0.015191118, 0.0050855624, 0.014393318, 0.015032556, -0.009464396, 0.011892443, 0.014849056, -0.012905426, 0.0025427404, -0.00072484004, -0.022390435, 0.017633537, 0.00052128144, -0.019875087, 0.026666068, -0.013465049, 0.014036634, 0.0012281766, -0.010977671, -0.024162931, -0.041681726, 0.0050273826, -0.022526957, -0.008688273, 0.02071371, 0.010285875, 0.025660781, -0.017237602, -0.0044732275, -0.010203369, -0.013912895, 0.007268422, -0.02792561, -0.044258602, -0.010530123, 0.00071226276, 0.048062693, -0.008358222, 0.026021492, 0.026240729, 0.04848597, -0.028305233, -0.012622975, -0.015114778, -0.004809907, 0.007480874, -0.014472837, 0.018879108, -0.041219465, 0.014191467, 0.015021723, 0.02145104, -0.03654317, -0.03944259, 0.031032415, -0.003513885, -0.020924633, -0.004199588, -0.01259355, -0.023119051, -0.018376002, -0.02580524, 0.010851826, 0.0010745084, -0.0082012955, 0.0007017001, 0.0077352514, -0.004305121, 0.010142512, 0.010326864, 0.018391274, 0.007942402, -0.030467732, 0.019502345, -0.004298838, -0.021972029, 0.0026048357, 0.024023546, -0.022325357, -0.027831586, -0.023703981, -0.0013274185, 0.011340842, -0.023640182, -0.014079807, -0.018483778, -0.011753802, -0.0060042315, 0.04013164, 0.011154696, -0.0037864468, 0.0011545821, 0.0077359662, 0.009813123, 0.0051015015, 0.001701713, -0.012438101, 3.7137783e-05, 0.021887146, 0.0083847735, -0.008899812, -0.0013037769, -0.02712798, -0.009994739, 0.019527009, 0.00987835, 0.02261878, 0.016903065, -0.018881343, -0.0060062506, 0.01552925, -0.019088164, 0.0038547514, 0.040022314, -0.009141961, -0.005619189, 0.00034507978, 0.005287632, 0.0047046416, -0.0036289426, -0.016052037, -0.053582832, -0.007884275, -0.016332783, -0.007892118, 0.014279453, 0.013101968, 0.011382431, -0.0072265947, 0.01081318, -0.019227762, 0.010135937, 0.008435586, 0.008057855, 0.012005233, 0.0021031809, 0.0015683385, 0.013563745, 0.022882082, 0.007993637, 0.0062137186, 0.013020687, -0.002534576, 0.0008911664, -0.014238398, 0.017132806, -0.020707384, 0.0100350045, 0.010958065, 0.017347006, -0.0077042473, 0.011688864, 0.019648178, -0.022461323, 0.013954376, -0.022668231, -0.009467528, 0.032693192, -0.009224574, 0.016340174, -0.003271724, -0.0032263254, 0.02989146, 0.012534229, 0.022420086, -0.017449431, 0.011116601, -0.028420225, -0.014549525, 0.015683535, 0.03261199, -0.069152236, 0.0129263885, 0.0013807666, -0.02116989, -0.010981126, -0.025603894, 0.023756104, 0.005819385, 0.027397223, -0.013018725, -0.0072266683, 0.011559865, 0.0079817735, 0.0089665875, -0.011361711, -0.024908882, -0.00686206, 0.026518393, 0.047445606, -0.0017125683, -0.0010942117, 0.027585728, -0.006601734, 0.0016544829, -0.0054298383, -0.0076731346, 0.0127626415, -0.010854109, -0.0061876606, 0.0059579164, -0.01603684, 0.012887166, 0.012600079, 0.01246658, 0.01971593, 0.014925522, -0.01981311, -0.011230948, 0.02462506, 0.027174845, -0.009823538, 0.0048155473, 0.02490754, -0.013513671, -0.02713553, 0.031968243, 0.015022046, -0.030563295, 0.013255224, -0.025273198, -0.026569042, 0.026281534, -0.011893774, 0.00028986458, 0.008691802, -0.009943855, 0.0016875853, 0.01111351, -0.005484932, 0.0015629536, 0.0007216881, 0.002908555, -0.007761236, 0.017450629, -0.013631018, 0.00266461, -0.018968765, -0.008588111, 0.0353123, -0.013751713, 0.010340735, -0.0065906094, 0.021489281, 0.024210624, 0.013802088, 0.025452495, 0.025033055, -0.006814227, -0.011820554, 0.012283894, -0.02646974, 0.022061935, -0.10753825, -0.020098144, -0.0049169017, -0.014636195, 0.008413841, 0.0059104487, -0.006975259, -0.0064649982, 0.011721096, 0.011343838, -0.029501557, 0.0099289715, -0.027576102, 0.00090551, 0.0045837816, 0.00270243, 0.021610009, -0.020763021, 0.019468961, -0.020421328, 0.0122613255, 0.015761163, 0.026753332, -0.00514555, -0.024112687, -0.0109416405, 0.001590355, 0.004929432, 0.02218813, -0.024108589, -0.013010784, -0.14262655, -0.021336468, 0.02700239, -0.003926298, -0.0095013315, 0.008414205, 0.03671468, 0.01522926, -0.022920402, 0.021312622, -0.024651218, -0.01859388, -0.022439944, -0.005506319, -0.0052596685, 0.09981251, 0.008329625, 0.0028790936, 0.0027123243, -0.015237651, -0.007285478, -0.044290207, -0.00638909, 0.0012803809, 0.003448161, 0.0021853216, -0.0017446316, 0.005235844, -0.010859659, -0.011162406, 0.0063974545, 0.017051153, 0.0038411734, 0.0025717549, -5.865412e-05, 0.013236351, 0.0039043122, -0.0021139327, 0.009286812, -0.008304919, 0.0036609287, 0.016944258, 0.008945465, 0.020011883, 0.0071561425, -0.0070200297, -0.0011121387, -0.029194737, 0.009034266, -0.0078093745, -0.0070349644, -0.05528884, 0.029455034, 0.036106065, -0.010801173, 0.019473473, 0.0025071248, -0.010951746, -0.013968669, -0.0016904677, -0.001495657, -0.014067278, 0.014054752, -0.022584828, -0.02314821, -0.023996076, 0.0011846208, -0.0060891462, -0.003741216, 0.007807985, -6.952494e-05, -0.00034325107, 0.0015755948, -0.028222254, -0.0128469365, -0.012903665, -0.0035502093, -0.017397452, 0.005204119, 6.264288e-05, 0.026940087, 0.0071863104, 0.030842723, 0.010223039, 0.011749594, -0.009728253, 0.017056419, 0.018108152, -0.02132346, -0.013597227, -0.02778301, 0.0113710705, -0.00953738, -0.016848745, 0.022242334, -0.027094694, 0.037413225, 0.030997856, -0.035373036, 0.0072857207, 0.02091633, -0.005243837, 0.0083221495, 0.0339476, -0.0034030597, 0.018191984, -0.0082724765, 0.009659322, -0.0068943473, 0.019133298, 0.011144589, -0.0005813141, -0.009731265, -0.0010751309, 0.0017896504, 0.03302619, -0.0007722273, -0.013443173, -0.010299051, -0.025996592, 0.007997883, -0.0031626858, -0.0051597888, -5.8201866e-05, 0.029091755, -0.010855446, -0.0036201617, -0.0029318605, -0.017490834, -0.032597065, 0.021236354, 0.01202154, -0.0039821034, -0.005981459, -0.004912361, 0.0033978727, 0.0004908767, 0.011975327, -0.00088070915, -0.0011143129, 0.011722383, -0.00053792604, -0.0001862764, 0.010559061, 0.005163152, 0.010202045, -0.0031362285, 0.015895635, -0.015223064, -0.028468248, 0.00783446, -0.011621629, 0.0025838306, -0.0054058204, 0.00040825972, -0.007153098, -0.004420393, 0.014307511, 0.0031490913, 0.003985339, 0.012398672, -0.0051430436, -0.013474605, 0.0029893117, 0.020366084, 0.0011929921, 0.021833282, -0.026693324, 0.0032035552, 0.011010504, 0.00075488543, 0.0069531305, -0.0062965523, 0.008569299, 0.009206305, 0.006430191, -0.007079746, 0.0140143, -0.0011104293, 0.022045871, 0.015831597, 0.0054085758, -0.0026821378, 0.014755827, -0.007300476, 0.034548406, -0.0029647145, -0.0079120975, 0.014885149, -0.0008808011, -0.0014354152, -0.03752286, 0.033436198, -0.0021060023, 0.010184121, 0.0035523602, -0.010589752, -0.004455163, 0.0011515954, -0.0039059068, 0.003140775, -0.016227003, -0.012677193, -0.0168314, 0.00066191476, 0.0066399397, -0.0071837786, 0.016744662, -0.002807551, 0.0019846812, 0.013027223, 0.0016413576, 0.0037475708, -0.013821606, -0.006314188, -0.007507225, 0.0061047673, 0.008466117, 0.00013057607, 0.008315607, -0.0045567574, -0.0015995736, 0.011202476, 0.011250766, -0.003296528, -0.0056680385, 0.009010474, -0.004357331, 0.007005422, 0.016265452, -0.010557442, 0.003916742, -0.00040500687, 0.013850996, 0.008470152, 0.0092661595, 0.0065541267, 0.008164484, 0.02432167, -0.007133339, 0.0013469973, 0.009500136, 0.0043211547, -0.010235081, 0.0103942705, 0.014075029, 0.0091623245, -0.0001851323, -0.011186458, -0.0038314296, -0.0045208666, 0.012149312, 0.0002566191, 0.011015062, -0.010100076, 0.012048963, -0.008907613, 0.03077907, 0.004778243, -0.010814238, -0.009735295, -0.0023815634, -0.008903904, -0.0071952124, 0.012127553, 0.011517137, -0.00603069, -0.013064597, -0.0040104375, 0.0029207075, 0.005291203, 0.02484193, 0.0009026597, -0.0054950784, -0.019068006, -0.0034662487, -0.006066659, 0.0067301015, 0.010913447, -0.011632767, -0.007814863, -0.009987008, -0.006769657, -0.009986825, -0.004314869, 0.0075782104, -0.0012456219, 0.005725692, -0.001022703, -0.019143704, 0.00027849228, 0.009248226, 0.00508257, -0.0035878567, 0.008240298, 0.02567568, -0.008728498, -0.014276849, 0.007872765, 0.0041572833, 0.012741921, 0.0072664632, 0.00801195, -0.0002313452, 0.008304705, 0.0008512216, 0.0016558175, 0.004023073, 0.03136552, 0.015349783, 0.094612665, 0.008251335, -0.0007328804, -0.0001144179, -0.009173739, -0.0048504914, 0.0012811804, -0.011177085, -0.012398234, 0.006109042, 0.0019623442, 0.0042844512, -0.008485305, -0.00034321359, -0.00052995485, 0.0134627735, -0.017243361, 0.0037038464, -0.004741886, -0.020895815, 0.008841412, -0.0057724137, -0.0025031457, -0.00025538754, -0.016229356, -0.017632868, -0.0013715057, -0.010815957, 0.0020785371, 0.004207031, -0.019813508, -0.0005917086, -0.004941851, 0.004436878, -0.019091537, 0.00510171, -0.0025569082, 0.022557002, 0.006685982, 0.02629876, -0.015331871, 0.002590737, -0.009724246, -0.0022133607, -0.000982879, 0.009615662, -0.014025114, -0.0049562827, 0.0006598324, 0.021028697, 0.0055117733, -0.0028519598, -0.00084365666, -0.004959387, -0.0070124827, -0.0033224165, 0.005007908, 0.0053149075, 0.0045703338, -0.025972832, 0.013126709, 0.0071724253, -0.0050429124, 0.013347534, 0.008478887, -0.0077596474, 0.00080039335, -0.039220467, -3.6500816e-05, -0.0053471127, 0.0034167627, -0.0060322317, 0.0015396212, -0.017336464, 0.022814753, 0.0031515278, -0.01959744, -0.014487405, -0.004912735, -0.014244431, 0.002764738, -0.027481765, -0.0066996966, -0.005501058, -0.007124221, -0.006452629, -0.022337615, 0.0042048274, -0.009511638, 0.0017123366, 0.012354885, -0.016061155, -0.0047038835, -0.003164446, 0.0112446565, -0.008109886, 0.05874735, -0.013211235, 0.0185575, -0.017685851, 0.0034084283, -0.01836633, 0.01104521, 0.0069125565, -0.011177488, -0.002301171, 0.00419084, 0.00031773627, -0.0033970207, -0.013167649, 0.0051614535, 0.0016860458, -0.003048505, -0.009549572, 0.006187909, -0.003157545, -0.008194061, 0.0022031579, -0.0030057526, -0.0066417684, 0.01671098, -0.0108155, 0.0058759004, 0.027233472, -0.020191116, 0.005526166, 0.00074501376, -0.0062654265, 0.00088275276, 0.01727951, 0.011334103, -0.006602929, -0.002396077, -0.014302141, -0.021186538, 0.005373201, 0.013300234, 0.0073093935, -0.011314583, 0.0061349072, -0.008675971, -0.0022117633, -0.011814683, 0.0024671883, -0.007860308, 0.0015662481, 0.008604341, 0.017077334, 0.003900556, -0.008679451, -0.0051441235, -0.008408996, 5.3682958e-05, 0.0002322742, -0.014719513, 0.006108869, 0.001230988, 0.007997076, 0.022848835, 0.013487287, -0.011291235, -0.010210546, 0.022087986, -0.02124226, 0.0022784183, -0.0036272125, 0.022178276, 0.015306045, 0.0020151446, 0.00080719736, 0.010750762, -0.015474507, -0.0017008998, -0.01067599, -0.0051681614, 0.012703344, 0.005379296, -0.022211017, 0.0032907708, 0.006690814, 0.006751406, 0.004752069, -0.0057271416, -0.018127458, -0.008882488, -0.0072322832, 0.011829283, 0.0033601332, 0.018723883, -0.018963428, -0.008315691, 0.004964114, 0.023971343, -0.006911043, 0.013481263, 0.006707502, 0.01162099, 0.009872074, 0.0017236217, -0.005094804, 1.9129358e-05, -0.012278307, 0.008611046, -0.004464953, 0.0022803056, -0.017556882, 0.0070054117, -0.0042385305, -0.012858577, -0.004296121, -0.0014946546, -0.020446133, -0.0030575588, 0.01808561, -0.020427493, -0.010170668, -0.004032773, 0.012197194, -0.023857368, -0.012305206, -0.0012687645, -0.0053147343, -0.009930961, 0.005044909, 0.0016238525, -0.0014221069, -0.004495439, 0.0023290564, -0.00879476, -0.006857714, 0.007139942, 0.003504527, -0.02299996, 0.008876356, -0.0066760494, 0.00092420157, -0.00884962, -0.0009681057, 0.0061640013, -0.014767728, -0.0071251113, 0.00072971854, 0.0050718174, -0.0033470567, -0.0037928526, -0.004164972, -0.030880228, -0.0042479127, -0.01214261, -0.008029344, 0.016462447, -0.0038589423, -0.006874237, -0.0010582908, 0.019278063, 0.0019391372, -0.017657677, -0.044470876, 0.0064706965, 0.005185482, 0.02059041, 0.0049175755, 0.0071852254, 0.008762829, 0.008165935, 0.0062842667, 0.003595453, 0.014661219, 0.0060166474, 0.0069998293, 0.01143972, -0.01659227, 0.0033852092, 0.0006545858, -0.00071569474, 0.003838252, 0.0147522725, -0.004017016, -0.011837947, 0.0012267594, -0.009661561, 0.00071864296, 0.002660936, 0.0086787585, 0.0072318614, 0.00676227, 0.0027381466, -0.019438531, 0.0054977564, -0.012720715, -0.0075671542, 0.020747108, -0.0047829784, -0.0068433494, -0.0018079865, 0.0007338013, 0.01354675, 0.0049705454, -0.0014237114, -0.0034669128, 0.0064445864, 0.009471443, -0.018715577, 0.00029917748, 0.014666193, -0.0019885746, 0.010138579, 0.01780775, 0.0023959922, -0.0052569183, 0.0023683393, -0.010789409, 0.008180696, 0.0028155565, -0.014000651, -0.006051822, -0.009215173, -0.00027511377, 0.008797601, -0.0028978982, -0.0108643565, -0.02180758, 0.003351635, 0.023887739, -0.005081321, -0.010827068, 0.0016780166, 0.0072206934, -0.009008002, 0.009240597, -0.011798588, -0.0007044443, -0.0037849492, 0.02693398, 0.008807342, -0.011825057, 0.00539923, 0.006413905, -0.013750493, 0.008470974, -0.0042268485, -0.00681563, 0.004081046, -0.011254855, -0.004392401, -0.021732353, 0.013978733, -0.0012446165, -0.010374683, -0.017064529, -0.0096337665, -0.0052265674, 0.005814662, -0.014128598, 0.0056391936, 0.0034772982, 0.022050306, 0.0014878149, -0.007140902, 0.0035061832, -0.0026761624, 0.0015632355, -0.0005268227, 0.019966347, -0.0056382003, -0.016150571, -0.004771718, -0.0033949986, -0.0034377552, -0.0076885265, 0.018348854, -0.0017375892, 0.006033398, -0.017444406, -0.0060977265, -0.019464515, 0.0063120998, 0.0034861532, -0.01684334, 0.006503205, 0.006979264, -0.015648188, 0.0066964165, -0.0036584404, 0.009562899, 0.0035712903, 0.015688855, -0.006670348, 0.0012734666, 0.008032659, 0.0148172295, -0.015095444, 0.008027909, -0.00013775934, -0.0057737636, -0.005237156, -0.012019947, 0.010042407, -0.0033040985, -0.0005231772, 0.0033633374, -0.008530516, 0.0015996445, -0.008977781, 0.0093386, 0.02168468, -0.021041172, 0.011719617, -0.0031722996, 0.0006757644, 0.0043876325, -0.0021942612, 0.0016475846, -0.00097009435, 0.0047354326, -0.0014432177, 0.009992661, 0.0072396672, 0.00014656693, -0.008906165, 0.0077145183, -0.016888477, 0.00056140305, 0.019438328, -0.017485308, -0.0016263209, -0.013801907, 0.002157314, -0.004600198, 0.00863786, 0.026609141, 0.0033016098, -0.005935895, -0.0029052198, 0.0111276135, 0.026120994, 0.026557935, -0.0069377013, -0.00016864546, 0.017930169, -0.0005554015, 0.009811769, -0.019370746, -0.0024180065, 0.008981503, -0.0001332199, -0.008505235, 0.0012565489, -0.008051898, -0.012253336, 0.0024639778, -0.003826517, 0.003832936, 0.005964497, 0.0032882195, 0.013544971, -0.008251255, -0.0072203022, -0.0045814835, -0.006832583, -0.014243373, 0.0051982924, -0.090834305, -0.004303252, 0.02127429, 0.013058092, 0.011467042, -0.023652475, -0.012263267, -0.007899386, -0.008092618, 0.006280731, 0.00077912956, -0.0058961334, 0.017411003, -0.008728029, -0.018772231, -0.012168673, -0.005352345, -0.010959758, 0.012665923, -0.0001565362, -0.02489251, 0.010094206, 0.0037672622, -0.0025707276, -0.0141990045, 0.012022, 0.011531338, -0.0074002766, 0.0017315634, 0.0085155815, -0.013271963, 0.0017468481, -0.010868638, -0.00092607795, 0.021530474, -0.0034021952, -0.002566683, 0.0010278528, -0.12841612, 0.013361396, -9.791989e-05, -0.010050614, -0.013209006, -0.0026104916, -0.005266653, 0.0087946355, 0.007232308, -0.008771167, -0.0028871594, 0.007096789, 0.0023725857, -0.0023110972, 0.0024919051, 0.012587569, -0.003296102, -0.009659025, -0.018498763, -0.013808453, -0.005138517, 0.008958033, 0.013929153, 0.007075714, -0.006807212, -0.02295431, -0.010797277, 0.0030664757, -0.004125089, 0.00236348, 0.00046798136, -0.0008139473, 0.007700997, 0.020268548, 0.016677476, -0.0068706693, -0.01665147, -0.01490993, -0.008736068, 0.002792968, 0.0023342853, 0.013716363, 0.0061105327, -0.011554307, -0.006993014, 0.021480527, -0.012058713, 0.018442746, -0.0044701872, -0.0018590027, -0.009467598, 0.0048587737, -0.0022859199, 0.003991621, 0.012323506, -0.0012999995, 0.000849689, -0.012605521, 0.0031000138, 0.007688477, 0.0074056666, 0.0019160204, 0.0053755767, 0.0008616329, 0.004677113, -0.012642531, 0.008288513, 0.008210942, 0.012042441, 0.007692791, 0.018387677, 0.040961795, -0.006303489, 0.010420343, 0.0074080746, 0.0078074997, 0.013425729, 0.0054703075, -0.004664554, 0.0020344537, 0.0013509172, -0.009887556, -0.010538827, 0.021800267, -0.002315421, -0.007848257, -0.014883762, 0.01178031, -0.018298512, -0.04172281, -0.0028275244, -0.007316559, 0.0074798185, 0.02340616, -0.0004236378, -0.009659589, -0.013250127, 0.003973675, -0.0063776732, 0.002586863, 0.0028077015, -0.00028468668, -0.009097751, 0.0023431093, 0.0040119905, -0.0030935209, 0.013644138, 0.0006729089, 0.024986248, -0.0041531115, 0.0015398342, 0.005882872, 0.0016781794, 0.0037488912, -0.031816464, -0.0062510762, -0.01791068, 0.0057629375, 0.007662181, 0.002475121, -0.002079814, -0.0068783048, 0.0051987446, 0.0038369002, 0.0036186043, 0.013415896, -0.00086651207, -0.009884568, -0.018269088, -0.013910312, -0.013775012, -0.0055362517, 0.008360864, -0.0052503333, -0.0038588347, -0.0163235, -0.020769836, -0.020126084, -0.005550341, 0.0030979852, 0.011570925, 0.00205964, -0.00950323, 0.0035483458, -0.03167628, 0.0039035422, 0.0003048576, -0.012459857, 0.006644363, -0.011660613, 0.023132576, -0.010238505, -0.0041499916, -6.383004e-05, 0.0022987518, -0.01842578, -0.010406649, -6.718315e-05, -0.017158104, 0.019534055, -0.018933345, 0.024668815, 0.010384766, 0.013649823, -0.0029196178, -0.014622338, -0.01567395, -0.00030926245, -0.011829861, 0.018088996, 0.013609131, 0.0051533547, 0.010748357, 0.0038575188, -0.020337598, -0.0082028685, 0.021714548, 0.019948231, 0.012855609, -0.02826673, 0.0029338188, 0.0073493733, 0.007412845, -0.0133946, -0.0057954364, 0.0037058862, 0.021911105, -0.0010363802, 0.021730805, -0.008060227, -0.016216556, -0.0062105246, -0.010516809, 0.018903362, -0.035760853, 0.0051511168, -0.033786576, -0.00028295984, 0.007845746, 0.0058797444, 0.029870737, 0.019282708, 0.0039695613, -0.16827169, -0.0077234805, 0.015669128, -0.010413006, -0.0031252978, 0.020800143, -0.014878244, -0.013418138, -0.01761647, -0.018612854, 0.012919295, 0.024794186, 0.010691619, -0.01845342, 0.00066699216, -0.022965364, 0.008376568, 0.0019525376, -0.014376768, 0.0074140276, -0.033888638, -0.0039662807, 0.009610638, 0.0016532447, -0.00806178, -0.024522845, -0.0082013095, -0.001741235, -0.01852872, -0.0061669787, 0.011786274, -0.00416189, 0.004709369, 0.0014375462, 5.7810747e-05, -0.0005758485, 0.0023700509, -0.0049359207, 0.0028221132, 0.023174036, 0.0059644356, 0.020699628, -0.0012765342, 0.019553617, 0.010555362, -3.1197367e-05, -0.015250012, -0.018783223, -0.012268251, -0.003160597, -0.001353176, -0.020440938, -0.023017129, -0.0025386245, 0.011423205, -0.019322991, 0.02759677, 0.017194444, 0.012619401, 0.0036125912, -0.021017607, -0.008434466, -0.025545359, 0.022316668, 0.0021812024, -0.014628368, 0.0006944221, 0.12991776, -0.0076037594, 0.004415156, -5.6561137e-05, -0.022574833, -0.0076635797, 0.0024406593, 0.0010280178, -0.0032867573, -0.009528661, 0.01661195, 0.009147806, -0.001486306, -0.008234916, 0.0030045726, -0.007608883, -0.008730398, 0.016222155, -0.017478544, -0.004237023, 0.0036260327, -0.017195934, -0.034398753, -0.029814826, 0.03338963, -0.016319815, 0.011764682, 0.00091729104, 0.017463753, -0.02003488, 0.00057836826, -0.0016883002, -0.0011139977, -0.020940209, 0.025411155, 0.006753265, -0.004667334, -0.0062146075, -0.024737502, 0.007956003, 0.028737051, -0.0076059857, 0.0051931217, -0.02829726, 0.005443628, -0.009951767, 0.0025014065, 0.015367793, -0.008968786, 0.0030484004, -0.015639145, 0.006329838, -0.010666362, -0.008049166, -0.00026099157, -0.009543958, -0.016292594, -0.009225459, 0.017977772, 0.0138531225, 0.005199785, -0.0264598, -0.00897647, 0.013037913, 0.024819767, -0.0019119147, -0.01711402, -0.0118488455, -0.0030044112, -0.12502262, 0.007355012, 0.0021147518, -0.011685642, -0.01546956, 0.0019335481, -0.0020651307, 0.019936243, 0.013067636, 0.015369785, -0.041952737, 0.019602498, 0.0026567352, 0.01871105, -0.001101193, 0.0060070036, 0.0072071515, 0.027527412, 0.026463766, 0.0037645625, 0.014862411, -0.010216506, 0.008332573, -0.005797164, 0.030571748, 0.022774655, -0.010505186, -0.013448597, -0.01039291, 0.015597491, -0.01698337, 0.011991582, -0.012149582, 0.0054142196, -0.02562825, 0.00048908865, -0.0021106645, -0.0081887795, -0.003867203, -0.008990181, 0.0093078585, -0.0139441565, 0.0075172237, 0.0020493846, -0.0041746055, -0.027520284, -0.00036145686, 0.0075870818, -0.020707268, -0.013750626, -0.011119042, -0.012285134, -0.0066807205, 0.01877194, -0.013090794, 0.021153037, 0.0031051743, 0.026285518, 0.010128631, -0.024593843, -0.01040498, 0.0008888233, 0.020846685, 0.009221228, -0.020309601, 0.010867495, 0.0068694158, 0.015310928, 0.03628678, -0.010776267, -0.015512822, -0.018085843, 0.00260029, -0.0045664567, -0.005140234, -0.0018437626, 0.0040574544, 0.00963437, -0.014069219, 0.023910409, -0.016958246, 0.021088095, -0.0005900195, 0.010635257, 0.0067608217, -0.017123763, 0.001716487, -0.006034912, -0.019342404, -0.0014093989, -0.0085950075, 0.0044946903, 0.0007630401, 0.0050245896, -0.0090769585, 0.0016430159, 0.012335159, -0.016532158, 0.004982909, -0.0102156205, 0.006020971, 0.007037796, -0.02332513, 0.004531657, 0.006014352, 0.0069285417, -0.014695628, -0.009646571, 0.017283984, -0.0021255375, -0.015214106, 0.002099674, -0.016818449, 0.005638842, -0.0036232257, -0.013471522, 0.010210637, 0.013266251, -0.003333627, -0.016294375, 0.011579324, -0.01731579, 0.010532162, 0.00676739, 0.02021811, 0.0160309, 0.0065894746, -0.03069628, -0.00014291769, -0.0129374545, 0.025716182, 0.020316068, -0.008960579, 0.0012905793, 0.0062218, -0.016382208, 0.01095875, 0.015293848, 0.02005939, 0.0049390453, -0.016326943, 0.013955722, 0.009615139, 0.0030866815, 0.001024898, -0.008983602, 0.00050459063, 0.0017081845, -0.01317398, -0.00094609667, 0.0018008644, 0.00029225595, -0.0111364, -0.0048065674, -0.0034701629, 0.008944322, 0.0028806562, 0.021378824, 0.009405799, -0.0043961816, -0.022917842, -0.0022619453, -0.012872975, -0.013129075, -0.0036829447, -0.009845202, 0.0009531005, -0.0028623373, -0.015483568, -0.03041111, 0.0183079, 0.0005854461, -0.0026686313, -0.0038659237, -0.0017848575, 0.0066451873, 0.0026867937, 0.009466957, -0.008647225, -0.059850696, -0.0032259042, 0.0003193024, 0.009361136, 0.002357947, -0.020282038, 0.0068433513, -0.0003427449, 0.006720411, -0.0039752396, 0.00773598, -0.005057802, 0.001354683, 0.003743529, 0.0069121784, -0.02122844, 0.0032389902, -0.0022001066, 0.0029484672, -0.034972496, 0.009384521, 0.018088963, 0.0050373296, 0.010047523, -0.0013675003, -0.0105828615, -0.0065944362, 0.021498276, -0.015377321, -0.015360899, -0.013548263, -0.0018727784, -0.0057156794, -0.0041409153, -0.015081933, 0.030733727, -0.010390665, -0.018117711, 0.00821891, -0.066138096, 0.00041956358, 0.014125128, -0.06270537, -0.0066544674, 0.026292808, 0.027195118, 0.001876257, -0.003986499, -0.008371836, 0.0030421836, 0.016258659, 0.024161685, 0.012696584, -0.012114724, 0.021296337, 0.026786067, -0.014490979, -0.007020538, -0.0037078843, -0.0065070167, -0.0013576057, -0.011695854, 0.0015673997, -0.012771635, 0.014327829, 0.02563411, 0.022130955, -1.95471e-05, -0.002690438, 0.015302261, -0.018346263, -0.012538934, 0.00092777604, -0.010600777, -0.0033019434, -0.010599088, 0.0028497288, -0.022508567, 0.02325509, 0.0040235836, -0.00891239, -0.00047235715, 0.014084188, 0.047651943, 0.007308996, -0.0011901181, -0.021153748, -0.11982921, -0.0086466, 0.0007510303, -0.0034291653, -0.0067656613, 0.015251717, 0.006317532, 0.03438878, -0.0064152377, -0.004229553, -0.014843107, 0.012048365, 0.029253116, 0.014281329, -0.0028899754, -0.0009828195, 0.0063349297, -0.009085931, -0.014706035, -0.0045393114, -0.0010032984, -0.0010293733, 0.0061545805, -0.00697271, 2.7053144e-05, -0.043940738, 0.006216323, -0.005082489, 0.014322012, 0.008979684, 0.0016759746, -0.00758669, 0.0021396382, 0.013773075, 0.0045842873, -0.004039023, -0.008300293, 0.0017638593, -0.0077197338, 0.0004288198, 0.021231715, 0.005930933, -0.0013710129, 0.0063099177, -0.001107312, -0.00247404, -0.0004973939, -0.026650911, 0.010693332, 0.001540571, -0.025949273, -0.029767746, 0.014853056, 0.0014588931, -0.0021302628, -0.017413324, 0.007649324, -0.024150928, 0.02623104, 0.0014134105, -0.010800555, -0.0002970891, -0.0022744713, -0.029547472, -0.020996904, -0.013188144, -0.032677416, -0.0088430615, -0.006096777, 0.018957967, 0.010991227, 0.005266998, 0.034522116, 0.0061842827, 0.00015727966, -0.005665135, 0.0039876937, 0.018990638, -0.026159357, -0.022666086, 0.020528084, 0.0065077497, 0.0057500745, -0.015382289, 0.00010063406, -0.011939154, -0.009735493, -0.004050827, 0.01564949, -0.02324377, -0.02357845, -0.008149987, -0.020241221, 0.012717155, 0.013179435, 0.013269867, -0.007703028, -0.017300112, -0.0012442907, -0.017128322, -0.009040226, -0.012947184, -0.01894837, 0.0074157827, -0.0046317563, -0.008520082, 0.0016411347, -0.009354293, 0.0035920092, 0.013638764, 0.004999438, 0.01628376, -0.00069661404, -0.002669439, -0.019181397, -0.009200299, -0.002219715, 0.0019999763, 0.0115778195, -0.0126291495, -0.009051845, 0.0057274303, -0.002936508, -0.016382039, -0.011810732, -0.02073044, 0.0035452368, 0.0069890744, -0.010477315, -0.0070281043, -0.0047412985, -0.0041877218, 0.014947556, 0.014499222, 0.0165369, -0.005764202, -0.010792002, -0.009103644, 0.02261983, 0.026588159, 0.008216798, 0.008475975, -0.008150145, 0.025171677, -0.009325346, -0.024888014, 0.01769349, -0.018090833, -0.014278415, -0.014817909, -0.012913485, -0.004959606, 0.0012173653, -0.010229683, -0.029792374, -0.0072881468, 0.013384612, -0.0047294367, 0.01151996, 0.0020442025, 0.01070223, 0.0020846443, -0.022705803, 0.005150918, -0.031902477, 0.0033129274, -0.01004649, -0.01645735, -0.0023482223, -0.0071256533, -0.0061319233, -0.026786357, 0.031281773, -0.005613534, 0.03152903, -0.046427544, -0.0073827086, 0.013740912, -0.011290945, -0.00096905936, 0.010396667, -0.0069149835, -0.039419647, 0.024987027, 0.0059389975, -0.014823431, 0.015349459, -0.025626285, -0.0025518083, 0.023361068, -0.0055882484, -0.006244619, -0.0016502619, -0.006586721, -0.005894372, -0.013343323, -0.009670221, 0.0062878523, 0.0038485837, 0.025433639, 0.0076197796, -0.010127552, -0.005561664, -0.03377291, 0.004470746, 0.009762963, -0.008421493, 0.009805103, -0.01209212, -0.0065263263, -0.006711044, -0.0010611055, 0.009891638, 0.020872232, -0.011569456, -0.0059470246, 0.03623098, 0.023716258, 0.011144177, -0.001731083, 0.013587723, 0.0027654476, -0.0024933454, 0.011634804, -0.012864457, -0.030997982, -0.022368096, 0.009506446, 0.0012336293, -0.003880471, 0.015581701, -0.0028862192, 0.018549534, 0.01785908, 0.0012095203, 0.009037982, 0.00038005115, -0.0019900785, 0.011204551, -0.01864927, 0.018032253, 0.002514002, 0.0136050265, -0.011337678, -0.017098758, -0.021437796, -0.05482369, 0.03731659, 0.008064054, -0.026277652, -0.0008249006, -0.01475746, -0.0014032273, -0.0117946705, -0.0023312862, -0.00092487055, -0.0047957627, -0.013203552, 0.00041650527, 8.13305e-05, -0.008175541, 0.00015948094, -0.015164601, 0.011755201, -0.015539595, -0.031434894, 0.014677914, -0.0034231439, 0.01143003, -0.010738868, -0.018447714, -0.006302526, 0.034190614, -0.016688952, -0.00590579, 0.0038330478, -0.024828512, -0.012339965, -0.0039704014, 0.016953574, 0.0070469156, -0.007320286, 0.015296958, 0.017845994, -0.0004778509, -0.0055371765, -0.013432424, -0.020649616, -0.0030130905, -0.004672153, 0.015715297, -0.0030294887, 0.01059077, -0.004754542, -0.032934006, 0.0036660046, 0.00062838127, -0.0080939885, 0.009504745, -0.026666602, 0.02028627, -0.02761956, -0.01919536, -0.0018739258, -0.007605281, 0.008189672, 0.04174614, -0.004837942, -0.0086499555, 0.015478953, 0.0074245734, -0.0031125657, 0.009296988, 0.0022119312, -0.015848044, -0.0093828365, -0.021528287, -0.0017661641, -0.009810828, 0.0056313174, 0.0010988242, 0.0056618196, 0.020535763, 0.015149958, -0.011265972, 0.007821775, 0.012504222, -0.009468285, -0.011636495, 0.0087749185, -0.012995142, 0.015619525, 0.0077828392, -0.00888327, 0.008446886, -0.0071472097, 0.00078911346, -0.004075816, -0.009019444, 0.011582582, -0.01721688, 0.0029614486, 0.017720802, -0.0036870867, 0.024230141, 0.0027647442, 0.00957815, 0.015518467, 0.0017133246, -0.009343989, -0.015788987, -0.0050025233, 0.01583641, 0.014272973, 0.007786002, 0.007738887, -0.005343399, 0.008494457, -0.010159744, -0.01886655, 0.007030048, -0.0134026315, -0.029635267, 0.005562075, -0.012579481, -0.0086379405, -0.014204262, -0.025027122, -0.008454653, 0.004181971, -0.0064449064, 0.008855575, -0.0030804086, 0.010202577, 0.010504832, 0.007121474, -0.011352646, -0.0015302704, -0.0040811864, -0.0011318581, -0.011804317, 0.00992389, 0.027991876, 0.01703033, 0.011818102, 0.014488741, 0.0068390537, 0.0017613703, -0.013427314, -0.007819911, 0.012827485, -0.0018923889, -0.0052051423, 0.013148812, 1.5918235e-05, 0.012849996, 0.0012103413, -0.007252898, 0.013270413, 0.0021154135, 0.025198324, -0.0037579287, -0.0008335578, 0.0029715481, -0.003471587, -0.00800274, 0.018326769, 0.0075559695, 0.0063927113, -0.0030943626, -0.0031032125, 0.002513173, 0.032371514, 0.0053722556, 0.0016065808, 0.027309364, -0.01987338, 0.0116134845, -0.007806457, 0.0024934192, 5.8620924e-05, 0.006517393, -0.0050580767, 0.0012014199, -0.0076984568, 0.017020797, -0.019342022, -0.004154815, 0.008967978, 0.0018000992, -0.0073310207, -0.023644378, 0.0013752731, 0.00627524, 0.015564442, 0.010550997, -0.00036236792, 0.008588874, -0.008613156, 0.018129297, 0.007882698, 0.0066999197, 0.013615531, -0.004781846, -0.009976492, 0.0018216051, 0.00059751456, 0.010582403, 0.0115335835, -0.011112471, 0.020873968, -0.00015505949, 0.0015169862, -0.02769535, -0.029804036, -0.027323423, -0.025317019, -0.008729124, 0.014427333, 0.020532196, -0.006429609, 0.0017285135, -0.006408834, 0.022616493, -0.024691893, -0.014746028, -0.028835997, -4.0611023e-05, 0.0004960631, 0.004432185, -0.022831064, 0.024352191, -0.034822438, 0.017787063, -0.010327722, -0.0042572618, -0.0067630615, 0.009040922, 0.007591401, -0.03732314, 0.011055502, -0.0064895363, 0.023971168, 0.0059151766, -0.0066754553, 0.00016416732, -0.012049394, -0.032726742, -0.006323092, -0.01736926, 0.022332601, 0.005554878, -0.0051324787, -0.03657591, -0.00052757584, -0.020814003, 0.009666895, 0.021896178, -0.020087697, -0.016737377, -0.007859118, 0.007861457, 0.004574081, -0.0013695897, 0.019503867, 0.008345913, 0.0072045135, 0.019718466, -0.0060408604, -0.020977248, -0.0006812815, -0.012943768, 0.0039611324, -0.0010831661, 0.007322935, 0.0008704325, -0.010002699, 0.01565897, -0.025294758, 0.014223922, -0.0013060181, -0.009325969, -0.011209377, -0.0013247073, -0.0007362519, 0.014586501, 0.0023029214, 0.019264506, 0.016281858, -0.0052051344, 0.0076879407, 0.012607647, -0.0057852548, -0.012556527, -0.00021495007, -0.004933728, -0.0068876506, -0.012441887, 0.021128234, 0.010885122, 0.015562577, 0.005745744, -0.012874045, 0.0028183924, 0.011671813, 0.0010180956, 0.005590627, 0.0065296786, -0.031269904, -0.008717924, 0.005738341, 0.011325072, -0.012596798, -0.00985503, -0.019285208, -0.009156453, -0.007254995, 0.007038866, 0.026630783, 0.017631872, -0.016690247, -0.0024164207, -0.015300336, 0.016446596, -0.017968347, 0.025932716, 0.0052814553, -0.022430057, 0.00066944375, -0.009001624, -0.002072858, 0.0103228465, 0.03076742, -0.0007724357, 0.014212387, 0.002061424, 0.006922155, -0.0146242855, 0.017971283, -0.005787886, -0.004932627, -0.010479164, 0.0032487358, -0.004229385, -0.010201085, 0.0024247896, -0.011801441, -0.009446805, -0.011033787, -0.011084821, 0.006165346, -0.009145018, 0.0073319087, 0.006235262, 0.006206042, 0.0025076075, 0.012325085, -0.016280744, -0.0025043073, 0.0070990026, -0.004502634, -0.036056355, 0.0010935019, -0.031461082, -0.007772638, -0.015217877, 0.009492169, 0.0098642595, 0.0168234, -0.017088933, 0.0020448565, 0.04794791, -0.021300478, 0.004083232, 0.019985354, -0.022993976, 0.00017642579, 0.020480534, -0.01671932, -0.021984842, -0.0076555447, 0.013999419, 0.004223274, -0.01895006, -0.010942177, -0.018226305, -0.0052152937, -0.021031372, -0.007872396, -0.019518279, 0.009073059, 0.013265961, 0.014538223, 0.0046381014, 0.011060204, 0.0047954847, 0.006034409, -0.0024274592, 0.01380392, -0.0013702437, 0.0007335581, -0.0041205324, -0.0019167329, -0.0063840705, -0.0062262923, -0.0034407761, 0.0060818535, 0.030262835, 0.0060953256, 0.014341622, 0.021817785, -0.009930754, -0.0033334917, -0.011015389, 0.020241885, 0.012393234, 0.008822936, -0.0025628353, 0.012570722, 0.030931972, 0.014544405, 0.007315625, 0.0049750055, -0.0148534905, 0.01544278, -0.0030845471, 0.004660401, -0.010424442, 0.008531176, -0.0065445695, 0.0029424084, 0.0011005575, -0.011662495, 0.011493991, 0.022438366, -0.0032387902, -0.012397405, 0.005689483, 0.029761113, 0.004870452, -0.034977783, 0.0022584226, -0.014986447, -0.0077000507, -0.009652592, -0.017321177, 0.17474578, 0.12539645, -0.0093724085, 0.004336539, 0.01141705, 0.0028752764, 0.004708514, 0.010721193, 0.013372684, -0.013577234, -0.040348288, 0.0050976677, 0.014389585, 0.0017117929, 0.002991896, -0.0044365046, -0.0036513377, 0.0010375901, 0.002767254, -0.0014070284, -0.018837757, 0.021336319, -0.023386437, -0.008668273, -0.045538116, 0.01290932, 0.0111308005, 0.008973663, -0.01233776, 0.009643573, -0.024622723, -0.012965251, 0.00030777656, -0.0012154048, 0.0018023878, -0.0066222106, 0.006587044, 0.023087643, 0.0052385135, -0.0023927824, -0.0065551493, -0.011300444, -2.1239925e-05, -0.005742227, 0.0052767424, 0.0051932484, -0.0027531039, 0.012663558, -0.0006424368, 0.00750326, -0.0008305263, 0.0041236025, 0.008543912, -0.0035966595, -0.019053226, -0.019609643, -0.014374689, 0.008492897, 0.002184365, 0.0063714287, 0.038538177, 0.04703697, 0.0016571111, -0.005317961, -0.0043581384, 0.002422451, 0.014106573, -0.0033271331, 0.001579238, -0.023559552, 0.0068487553, 0.04135863, 0.019536339, 0.009718337, -0.0073784306, 0.025599526, 0.013332897, -0.00044568544, 0.002862476, 0.014967957, 0.0041334173, -0.0118104955, 0.017507017, 0.020942613, 0.008394809, -0.010428562, -0.009641772, 0.03788357, 0.11755845, -0.0010649773, -0.0035311696, -0.010779337, -0.0011848753, 0.009635041, 0.013757107, 0.04449715, 0.039556682, 0.0030744586, 0.01847757, -0.004629705, 0.0020360632, 0.0037829531, -0.010270695, -0.00019203754, 0.009707569, 0.053671975, -0.0013627267, 0.0059531033, -0.015342162, -0.0013569974, -0.015021777, 0.010193173, -0.0033450397, -0.014827314, -0.0029470301, -0.0018586738, -0.029203612, 0.003442996, -0.08582166, -0.0035066155, -0.0042461944, -0.0014411106, -0.008903696, 0.008528501, -0.01885243, 0.008159158, 0.0002533613, 0.0035876546, -0.0026097158, -0.006008444, 0.014123586, 0.0032465619, -0.02492271, -0.0083754575, -0.0010333268, 0.0024759579, 0.0004305974, -0.002437808, 0.010889447, 0.022237793, -0.0138103375, 0.007195357, 0.002836649, 0.011447885, 0.005494908, 0.009731754, 0.018327855, -0.016498646, 0.009327078, -0.030189084, -0.009746463, 0.011476917, 0.0076838518, -0.01404741, -0.008308034, 0.01086411, 0.018750466, -0.024549136, 0.0032581463, -0.037405174, 0.0010868198, -0.019890893, 0.008571063, 0.026576247, -0.0010441105, -0.013883037, 0.0013035714, -0.0046038823, 0.00919676, -0.022051612, -0.010246216, 0.005012731, 0.022398334, 0.0015880434, -0.011479576, -0.01991118, -0.008546502, -0.015698232, 0.012312501, 0.0066294465, 0.0036186806, 0.01447241, -0.011331854, 0.004746039, 0.0045123217, 0.0058680833, -0.015416294, 0.01196462, -0.03011494, -0.0054436987, 0.0067531294, -0.001941282, -0.01022646, 0.008780049, -0.020708656, 0.0031210915, 0.0016142346, 0.0077237454, 0.0107784765, 0.012838274, 0.003595057, 0.112207934, 0.011357511, 0.008377353, -0.0010212896, 0.011715896, 0.02558431, -0.0051379125, -0.020634467, -0.014318846, -0.016391875, -0.0100181755, 0.00540564, 0.002842613, -0.005927614, -0.0070414236, 0.0044528716, 0.009717804, 0.0046191663, -0.016143307, -0.016178163, -0.0035118298, -0.014264901, 0.052273236, -0.028228398, 0.0059630456, 0.007822487, -0.016652592, -0.004895097, -0.023340123, 0.003411632, 0.012769122, -0.009961801, -0.01593007, -0.027611243, -0.017115653, -0.014139994, -0.003980853, -0.013120636, 0.009671537, -0.028226137, 0.011781687, -0.006205605, 0.0135975955, 0.001752242, -0.028914066, 0.19331643, 0.0079538, 0.018281681, -0.020187909, 0.015730152, -0.014685618, -0.020961603, 0.009586566, 0.006731227, -0.0050813467, 0.0029148397, 0.0032658074, -0.024511332, 0.03202885, -0.0076508154, -0.004902077, 0.005585842, 0.018261515, -0.020410458, 0.015396443, -0.0095383655, 0.0106238155, -0.010074776, 0.013548611, -0.012903256, 0.016397137, 0.013999025, -0.002991283, -0.03206435, 0.0032932314, 0.023462778, 0.00025678278, 0.026317067, 0.012330898, -0.0015983918, -0.020151056, -0.008907417, 0.002711611, 0.013447608, 0.014319331, -0.021183265, -0.0066846553, -0.011777335, 0.005171673, 0.020887343, 0.0007281514, -0.0073336074, 0.019986007, 0.0046936437, -0.012981398, 0.021216562, 0.009317095, 0.0018755855, -0.006656192, -0.02236856, 0.00026599987, -0.02140679, 0.013651819, 0.005191687, 0.008529569, -0.008055628, 0.0019059654, -0.005327172, 0.007157177, -0.007759332, 0.013273127, 0.0034124209]"
Economia pesada,https://oem.com.mx/elsoldemexico/img/25191040/1755023411/BASE_LANDSCAPE/1200/image.webp,no especificado,"Luis Carriles, director de La Prensa y experto en sector energetico, aborda temas de economia con especialistas para desgranar cada duda y cada informe financiero",https://oem.com.mx/elsoldemexico/finanzas/podcast-economia-pesada-los-heroes-villanos-y-los-rescates-a-empresas-en-los-gobiernos-de-la-4t-25191297,"[0.045834135, -0.0007962638, 0.01735238, -0.07472307, 0.009532868, 0.0168095, -0.007869422, 0.0056329574, 0.009021445, 0.018474272, -0.03704916, 0.008605055, 0.0033292805, -0.01257947, 0.10967278, 0.024148133, 0.00937719, 0.01059582, -0.013877288, 0.0102146845, -0.006569219, -0.0113978805, -0.021596093, -0.016468456, 0.021753818, 0.012717185, 0.024915172, -0.01710478, 0.026668476, -0.025895216, 0.012377196, 0.007866057, -0.00738495, 0.003266386, 0.014448314, -0.004982513, -0.019699266, 0.0065514506, -0.0008397509, 0.010524809, 0.0002924568, 0.019685742, 0.0004843082, 0.026404742, 0.004898892, -0.02003864, 0.0032375609, -0.02382734, -0.0008100021, 0.015005536, -0.005754379, -0.014978408, -0.026221815, -0.16560708, 0.008627933, 0.0017287763, 0.0024640195, 0.010231665, 0.015008392, 0.006766334, -0.039266173, 0.04809723, 0.017627573, -0.020300483, -0.0059161857, 0.003897233, -0.0044880086, -0.005371033, -0.0042258897, -0.011421047, -0.009956828, 0.004462776, -0.008298485, -0.009218419, 0.01308927, 0.0058044125, -0.0021866735, 0.0208476, 0.008286888, -0.010435549, -0.014053275, 0.0030892612, -0.0074461983, -0.015647957, -0.0149751045, 0.00030681142, -0.018041233, -0.01925928, -0.035799816, 0.0069328537, -0.01446868, 0.016791064, 0.0112818945, 0.005394567, 0.022259513, -0.00049930887, -0.008940827, -0.03001327, -0.008425176, -0.019240556, 0.0046959687, 0.004045847, 0.002181951, 0.028271096, -0.0058872853, -0.009534703, 0.017139178, -0.0023306, -0.026498586, 0.010642621, 0.0055006025, -0.018705858, -0.0046357624, 0.007864854, 0.021927536, -0.13062353, -0.009978168, -0.019654209, -0.0030559825, 0.008981894, 0.0052120625, 0.019411666, -0.011319141, 0.026659146, -0.037716787, -0.026839608, -0.00615756, 0.02029861, -0.019392446, -0.003872668, 0.014227179, -0.011082261, 0.012787712, 0.016804464, 0.007992241, 0.02831052, -0.024646241, -0.0020708933, -0.010786655, -0.015647434, 0.009601663, -0.025674023, -0.010626157, 0.044208266, -0.0037578878, -0.028413927, -0.0048440364, 0.012238394, 0.0013249445, 0.013206306, -0.0011104504, 0.002650754, 0.0037895544, -0.014872083, -0.00938709, -0.040375873, -0.005707393, 0.019182965, -0.009992075, 0.022252575, -0.007591312, 0.0015915227, -0.011741987, 0.038286176, 0.024827015, 0.012139592, -0.013053571, 0.021055777, 0.0008064872, 0.0028130405, 0.0031930713, -0.00068262854, -0.019837465, -0.01691957, 0.0048347586, 0.016712574, -0.03263842, -0.020055534, 0.02099911, 0.010724074, -0.00070055085, -0.0017769461, 0.0005431202, 0.026885819, -0.004818685, -0.023729848, -0.013595375, 0.003469286, -0.027900986, 0.017544903, -0.044609886, -0.006658153, 0.018525906, -0.018858017, -0.014918875, -0.03088562, 0.012638886, 0.013970871, 0.014374239, -0.006872893, 0.023998315, 0.0013906499, -0.012063961, 0.006631167, 0.005667046, -0.007454665, -0.024121575, -0.0054600183, -0.0076109227, -0.0013711512, 0.0034080509, 0.016908372, 0.0036304498, -0.03894652, -0.0043607093, -0.0033445396, 0.0040609776, -0.004266185, 0.02111598, -0.0043402314, -0.016467517, -0.031309344, -0.015993189, 0.01970731, 0.010603536, 0.0018900605, -0.00091964495, 0.025854256, -0.015337636, 0.0036575634, -0.00457848, 0.024623068, 0.03396533, 0.0158037, 0.022364631, 0.003243615, 0.006670727, -0.008491109, 0.024830544, -0.003809371, 0.034438465, 0.0005719667, -0.0077228434, 0.0052396893, -0.011376665, 0.024985518, 0.012881016, 0.018092709, -0.015409737, -0.0058652507, -0.002848899, 0.0055260607, -0.008693721, 0.018679997, 0.0003894524, -0.014281191, -0.016578058, -0.012994459, -0.03375077, -0.010742394, -0.007519002, -0.011844505, -0.0016613752, -0.0030835602, 0.008851154, 0.004255677, 0.0025317816, -0.01756101, -0.034564544, -0.00031078016, -0.0069779307, 0.019085778, 0.015678722, -0.023931988, -0.01311239, -0.016641242, -0.10333554, -0.0013445314, 0.00091476337, -0.0062368475, -0.005950538, 0.016353333, 0.0060137645, 0.007430122, -0.0006335372, -0.019879887, 0.01592952, -0.020374114, 0.024929527, 0.008870064, 0.012412453, 0.0036004765, 0.0018482392, -0.016763253, 0.017108256, -0.010633044, 0.004047258, -0.016687421, 0.0036180313, -0.005029202, 0.0034838885, 0.017661665, -0.008686154, 0.057914764, 0.05752798, -0.0052656517, -0.007087361, -0.004684197, -0.00884133, -0.0044638175, 0.008271309, -0.0018947031, 0.0019988806, -0.0052087917, -0.01425312, -0.0072977124, 0.013141421, -0.0075750137, -0.0031432253, 0.0067899018, 0.027472593, -0.022046896, 0.012653023, 0.012234798, -0.0009616868, 0.010454068, 0.013371882, 0.00744592, -0.0008391406, 0.0072802547, -0.003864309, -0.005411448, -0.016455775, 0.00056248123, 0.018290183, -0.01467841, -0.012353692, -0.027710773, 0.0077617755, -0.0026317188, -0.022773061, -0.0005667549, -0.0055797705, 0.009435264, -0.01312404, 0.023423731, 0.0060592196, -0.0049242023, -0.016602205, -0.024777647, -0.0103127435, 0.011958162, 0.013688713, -0.006695602, -0.029579679, 0.034355476, -0.011686462, -0.0036505442, -0.02197618, 0.019577332, 0.030138006, -0.0074199396, -0.017381046, 0.03375229, -0.022234594, -0.0052634357, 0.023100967, -0.038379487, -0.024532028, 0.0036391416, -0.021376424, -0.010644337, -0.01370757, 0.0011997304, 0.016268635, -0.0051633962, 0.012949756, -0.003445092, 0.015649285, 0.013294919, 0.010683591, 0.023165133, 0.029074196, 0.0028809253, -0.015561926, 0.0116028255, 0.003276046, 0.00079370337, 0.024956334, 0.029779876, -0.0060988655, 0.0062985867, -0.00064009463, 0.009905367, -0.03125472, 0.019891147, -0.014219537, 0.018627468, -0.002964438, 0.013181479, 0.017231321, -0.024805326, 0.009339998, 0.023899887, -0.012918546, -0.0033631655, -0.030988665, -0.011509771, 0.01268852, 0.015931273, -0.0074508064, -0.019538041, 0.032060303, 0.0059347604, 0.031700347, -0.0118799945, -0.022939377, 0.017809456, 0.012972826, 0.016371401, -0.005311301, 0.01043399, -0.0069782804, 0.0059426543, 0.019624785, -0.008152077, -0.009606665, -0.04732504, 0.026044732, -0.00583698, -0.032331243, 0.001630062, -0.009009261, -0.0115559, -0.022921395, -0.02786378, 0.00017301024, -0.03937708, -0.012447488, -0.0031634825, 0.032954212, 0.0015760579, 0.008678511, 0.009752748, 0.019098353, -0.008106393, 0.0045706765, 0.01568331, -0.007446797, 0.015497949, 0.028474882, -0.0072504175, 0.01586991, -0.0042479043, -0.007537516, 0.017586434, 0.017281048, -0.014287719, -0.017904356, 0.033490736, 0.0016285441, -0.019194799, 0.038492363, 0.018420503, -0.032188352, -0.030640177, -0.011642342, -0.024067687, 0.022369768, 0.023059934, -0.024435867, 0.018796312, 0.022180814, 0.012132377, -0.011632596, 0.02134673, -0.008443408, -0.00032703145, 0.0036106084, 0.025185818, 0.026542338, -0.022541933, 0.017104033, -0.01870102, -0.013091373, -0.00071436126, 0.015065639, 0.04100769, 0.021722633, -0.0067366916, 0.0034033419, 0.011542378, -0.016658852, -0.0005835026, 0.002372933, -0.0043377266, -0.010715709, -0.030925062, -0.009719576, 0.0010428498, -0.010444576, 0.032996554, 0.01615573, -0.018133938, -0.0064409007, -0.0038713845, 0.014977609, -0.0027920606, 0.052581146, -0.0076792818, -0.020946365, 0.007515064, 0.00660692, 0.0121403, -0.0054346872, 0.026710644, -0.009706343, 0.013545112, -0.017549522, -0.0061561503, -0.010119291, 0.015708609, 0.0031667068, 0.010113807, -0.01680464, -0.007502109, 0.019695805, 0.011264209, 0.012311363, 0.0240879, -0.03187321, 0.024878837, 0.019256506, -0.01062506, -0.005747541, -0.010004632, 0.012706446, 0.018679883, 0.00871906, -0.0071435515, 0.0040168297, -0.01602811, 0.014468007, -0.008957259, -0.005812139, -0.07579657, -0.010849121, 0.004133423, -0.013454997, -0.0031280122, 0.013890209, 0.017787056, 0.005149739, 0.026144002, -0.0019633616, 0.0055604153, 0.0047952943, 0.0041122627, 0.0076885205, 0.012294482, -0.027941154, -0.022845035, 0.001968939, 0.0076645366, -0.007814447, -0.009145956, 0.0114653865, 0.00945446, 0.00841406, -0.0052697607, 0.012237802, -0.0023298033, -0.01601221, 0.010269135, 0.027212042, 0.010746074, -0.010913444, 0.02014657, 0.026359174, 0.020020358, 0.006838503, -0.0056471736, -0.007234068, 0.015457793, 0.017501686, 0.0141107105, 0.0038495862, 0.016542299, 0.0074299783, -0.022138331, 0.011593327, 0.018675756, 0.0076882388, -0.010856581, 0.00072046847, -0.018479463, 0.0028069129, -0.018861176, -0.006870113, 0.010531276, -0.01569867, 0.0033242318, -0.0069027487, 0.020287395, 0.0036014242, -0.00047307892, -0.013743511, 0.0046147997, 0.01748047, 0.011539471, -0.008900794, 0.0040287953, 0.021326818, 0.029392572, 0.0104410825, 0.032570712, -0.004711413, 0.018624442, 0.0009506053, 0.011983407, 0.013532742, 0.024307128, 0.034277607, 0.008593317, 0.029990615, -0.02576431, 0.029808871, -0.07698624, -0.00063713785, -0.024197996, -0.0031125, 0.015637593, -0.020927684, -0.0070964876, -0.018646002, -0.02676902, 0.01003227, -0.03325491, 0.019484049, 0.004867335, -0.052839, -0.020928215, 0.00093954435, -0.0058820588, -0.0032557873, 0.02485701, -0.012597674, -0.017577799, -0.010619036, -3.9449496e-06, -0.007833179, -0.002941002, 0.0039703446, 0.009671485, 0.008387757, 0.0018381175, -0.013094824, -0.022072366, -0.13701777, -0.0077693993, 0.012753211, -0.002756556, 0.020166524, 0.03337904, -0.0070813433, 0.0046983478, 0.018926036, 0.011119349, 0.0062649148, -0.0058119968, -0.023433497, -0.034740243, 0.02507757, 0.13032289, -0.029154822, 0.011621515, 0.026525842, 0.005370009, -0.002582444, -0.012421115, -0.0048467913, -0.015902514, -0.02724462, 0.021241972, 0.01274057, -0.008556772, -0.0022808576, -0.008835237, 0.0018327133, 0.018141998, 0.008415072, 0.0129714925, 0.022736872, -0.0019696942, -0.018046848, 0.0059816735, 0.012903115, -0.018419784, 0.027936988, 0.0005222214, -0.03902897, -0.0035258096, 0.010108936, -0.0035101222, 0.0033848411, -0.018590556, 0.0037012212, 0.0066295164, 0.013370877, -0.084785216, 0.006838908, 0.04246, 0.009800429, 0.016188368, -0.020202287, 0.013338879, 0.027310554, 0.025098482, -0.00026842763, 0.0055018314, -0.007623901, 0.0032886467, -0.0052626207, -0.038060293, -0.0072328523, 0.035600774, -0.00604686, -0.020799385, 0.0024799572, -0.005044456, -0.025085393, -0.051049743, 0.0071544936, 0.004065751, -0.026699893, -0.0025971148, 0.015211767, 0.04127394, 0.0019572687, 0.0118973395, -0.0030924773, 0.005074388, 0.020900156, -0.0010617516, 0.011466924, 0.017453285, -0.0009436209, -0.0024391955, 0.0154451635, 0.0056679454, -0.01930877, -0.023682065, 0.014326682, -0.004173194, 0.020990225, 0.0068201977, -0.020136034, 0.00059386546, -0.00920372, -0.011549332, 0.014396969, 0.0047870344, 0.017667158, 0.024068344, -0.00058055, 0.011491205, 0.030104097, -0.021309279, 0.009914746, -0.0016824775, -0.0008834043, -0.0025597883, 0.005764694, 0.0202829, 0.0059655146, 0.00060354057, -0.012778184, 0.012967713, -0.0030811825, 0.0007350697, -0.008859447, 0.0024059776, -0.0032062042, 0.0108166635, -0.0020984716, 0.0036668377, 0.006670573, -0.025468769, 0.0041716923, 0.0034023877, -0.0029083334, -0.0035158934, 0.019402575, -0.00349427, 0.017427893, -0.0048872554, 0.00024810884, -0.008709205, 0.0018178548, -0.0022204327, 0.0035262632, 0.002550639, 0.012389962, -0.0092936475, -0.024560029, 0.0031305584, 0.01153685, -0.00913118, 0.005401662, -0.022657292, 0.011380387, 0.0029850502, -0.0044471784, -0.00087891205, 0.003340294, 0.011870668, 0.0033041385, 0.0032383064, 0.003517043, -0.005357152, 0.015766598, 0.0017245653, 0.012717561, -0.011163931, 0.018333606, -0.00045642824, -0.0036959767, -0.00020218769, -0.008364872, 0.0059859464, 0.0029622684, 0.025959324, -0.0033704657, -0.0053301025, -0.007855987, -0.002926417, -0.010196282, 0.009859848, 0.011111299, 0.0029251652, -0.0015910611, -0.004382424, 0.0031282287, 0.0057723634, 0.013867191, 0.0059184493, 0.012226132, 0.008365638, 0.008646341, -0.022331193, 0.03271945, -0.020869805, 0.011463099, 0.006798117, -0.0076428056, 0.0024841656, -0.0014390252, 0.006421547, 0.02331965, -0.02243913, -0.004577559, 0.0055876696, -0.0008619274, 0.006273296, -0.014360719, 0.024743976, 0.0054074046, -0.0010749361, -0.0016314364, -0.00040310438, 0.0101008015, 0.0028700163, -0.0061634476, 0.0029532362, 0.008779725, 0.005262915, 0.014195018, 0.0151327625, -0.028035212, -0.004728106, 0.008467499, 0.008252042, 0.0037545555, -0.008367278, -0.0017575631, 0.013176873, 0.0049820007, 0.016551366, -0.013890038, 0.008688224, 0.025465775, -0.0038123839, -0.0029017664, -0.01170225, 0.03126907, -0.010529173, 0.022171663, -0.0007318113, -0.018047743, 0.0056614815, 0.015061344, 0.0019120469, 0.005369035, 0.019481886, -0.0009642068, 0.00588081, -0.014438196, 0.021218631, 0.005296232, 0.0029438478, -0.0001294379, 0.022691434, -0.015648242, -0.024100296, -0.007958789, 0.011487604, -0.0053537153, -0.0035586352, -0.0015464012, -0.01401769, -0.00398316, 0.004778996, -0.0050452272, -0.004706841, 0.0066437153, -0.014276203, 0.008877719, 0.009007533, 0.0040543163, 0.026100257, -0.0058105034, -0.010453093, -0.004816048, -0.017559314, -0.0042288313, -0.010073026, -0.01618298, -0.013248451, 0.004139194, -0.011585958, -0.012463088, -0.015558244, -0.0017331511, -0.002750807, 0.015435242, 0.015000829, 0.010503204, -0.03089804, -0.00950139, 0.002116877, 0.012936439, 0.010947148, 0.016276373, 0.004334963, 0.012606577, -0.009892012, 0.006300767, -0.0032207025, 0.012613089, 0.008157807, 0.0010467028, -0.01740546, -0.006074841, 0.0031953058, 0.011093338, -0.0035888753, 0.013099081, 0.016168427, 0.09645355, -0.0030426066, 0.0029953455, 0.020471461, -0.0135180075, 0.0017711426, -0.008453422, -0.011413071, -0.0034818123, -0.0066502388, 0.007212146, 0.012396141, 0.0026911634, -0.00112942, -0.006991397, 0.0066800085, -0.0024918693, -0.01111443, -0.015098962, 0.011633927, -0.011971942, 0.008941417, 0.014201895, -0.010301891, 0.0012216296, -0.00726098, 0.0023301847, 0.00083915074, 0.0016976515, 0.014830602, -0.004585735, 0.019829268, 0.0010379769, 0.006039226, -0.03047287, 0.02095851, -0.014611809, -0.007605428, -0.0073397094, 0.016680669, 0.0048093526, -0.009442744, 0.004881025, -0.012247276, 0.0016601552, 0.007399014, 0.009207508, 0.011496577, -0.0046491083, 0.0072179274, -0.024422357, -0.0015994414, -0.0031342322, 0.016040111, -0.01530901, -0.023892418, 0.012275793, 0.0097325165, -0.0028605023, -0.013715844, -0.0051200516, 0.0029712697, -0.008698029, -0.0065426105, -0.004013502, 0.002620552, -0.008173242, -0.01852945, 0.006643779, 0.005388991, -0.00081917475, 0.00057711615, -0.0036929979, -0.0064472505, 0.036814686, -0.022628792, 0.00059994706, 0.0035723937, -0.019392557, -0.0050718756, -0.0037859925, -0.013680881, -0.008084436, 0.0009683792, -0.008685538, 0.004275612, -0.012656838, -0.0011511522, 0.015719803, 0.0057483353, 0.007471044, 0.004743348, -0.007437391, -0.004377569, 0.001997469, 0.006014466, 0.06288439, -0.0026107456, -0.007578779, 0.002700072, -0.009080274, -0.018275332, 0.0049333167, 0.0055793435, 0.014144987, 0.0028300567, 0.029814005, 0.01024162, -0.015297335, -0.0032607282, 0.0048547573, -0.012097222, 0.0018484012, -0.007013427, 0.0022335558, -0.020372668, 0.013949788, -0.012422102, -0.0112971645, -0.008505099, 0.010155347, -0.010591365, -0.0016226993, 0.005108535, 0.006682056, 0.004733903, -0.022860844, 0.0045202696, -0.008785382, 0.01603667, 0.00025826643, -0.005788945, 0.01095654, 0.0014759013, 0.0016027581, 0.006130337, 0.0056552123, 0.01026448, 0.0048155626, -0.003523078, 0.0046224366, -0.000180719, -0.0059847124, 0.0043881293, -0.006025771, 0.0032382389, -0.00394622, 0.00841338, -0.0017060157, -0.029050957, -0.015613494, -0.027476681, -0.007594393, -0.01891762, -0.019300174, -0.0031373028, -0.007907266, -0.007985707, -0.0031409154, 0.008783892, -0.0064415666, -0.0058533256, 0.00999586, -0.007755875, -0.008835372, -0.004202952, -0.0039895857, 0.024922125, -0.009240738, 0.008173467, -0.006656875, 0.012878257, 0.01751708, 0.008737592, 0.0029353015, -0.00456856, -0.001118703, -0.0072556944, 0.0034089996, 0.016662091, -0.0064650346, -0.0020582264, -0.006864803, -0.025844164, -0.0081705395, -0.010234314, -0.017414663, 0.002071013, 0.000727253, -0.012601117, -0.015914323, -0.00052007154, 0.00032201156, -0.0046785353, -0.011105056, 0.0019599854, -0.003975126, 0.032280974, -0.0006361724, 0.02436579, -0.000963271, -0.016875869, 0.010530894, -0.00014104601, 0.00043097857, -0.018303785, 0.011602299, -0.0049694874, -0.001951004, -0.01427872, -0.02327478, -0.020350846, 0.0130425, 0.027730552, 0.01557382, -0.0075365426, 0.016209466, 0.00010325178, 0.015450954, -0.0139399385, 0.008640274, -0.014421664, -0.0010476927, 0.004243434, 0.00079525774, 0.0009962678, -0.0057993596, 0.0054782936, -0.017343229, -0.02309574, 0.009909244, 0.018059483, -0.02082881, -0.002176009, -0.006699291, -0.01013153, -0.0039691026, 0.01120315, -0.0049186917, 0.0040709795, -0.013044873, 0.0044166995, -0.010226252, -0.009747851, -0.0038147615, -0.0067440793, -0.021841824, 0.011868117, -0.008716965, -0.014487283, 0.00041739724, -0.008360345, -0.00015800724, 0.0056391386, 0.005572669, 0.006024434, -0.01073139, -0.064759046, 0.03092501, -0.0120217, 0.010381812, 0.017213412, -0.0108099505, 0.0085981535, -0.002667309, -0.0025327126, 0.013038703, 0.020953542, 0.019001016, -0.0026039153, 0.023845408, 0.011504673, 0.005456422, 0.00050632196, 0.008114812, 0.0027705126, -0.008179045, -0.017096672, 0.008380937, -0.013291895, 0.0022330864, -0.012562799, -0.0067480854, -0.0040187314, -0.0030642222, 0.0017843735, -0.013361383, -0.010476673, 0.011977174, 0.008806498, 0.009908598, 0.0073702666, 0.0015729503, -0.0055830935, -0.020406986, -0.006011798, 0.0017172053, -0.004072886, -0.010603051, -0.012730491, 0.0070426725, -0.008163558, -0.0057932814, 0.0017110694, -0.009487713, 0.0019353568, 0.005369827, 0.0140521275, 0.01550418, 0.0015274915, 0.016430845, -0.009607112, 0.0043946453, 0.024783932, -0.0035781697, 0.01400005, -0.012709497, -0.007837791, -0.0022931308, 0.006338678, -0.0069773993, -0.030386962, 0.0012850661, 0.013825416, -0.00959462, -0.0042848988, 0.005733689, -0.009709359, -0.0077626295, -0.00677703, -0.016700393, 0.0022189596, -0.0037104862, 0.0213581, 0.0051129153, -0.0035067764, 0.010740365, 0.005799277, -0.006075328, -0.004059694, -0.024187163, 0.0075472384, 0.0032982181, -0.016338117, 0.0033699842, -0.024776738, 0.026482338, -0.0102989515, -0.0038444577, -0.017774176, -0.009165659, 0.005474475, 0.015277156, 0.0035966912, -0.0083793355, -0.0049340692, 0.008620594, -0.01630337, 0.0031908697, -0.006037676, -0.0033007432, -0.0071439957, 0.005977033, -0.00019410926, 0.0074887425, 0.007330359, -0.0096858, -7.30652e-05, 0.0005887641, 0.0049085952, 0.0026630068, 0.0035172403, -0.007169242, 0.00043789772, -0.006195552, -0.0071506244, 0.010355943, -0.023231816, 0.0030597206, 0.0099413525, -0.009503668, 0.0046234857, 0.0036133109, 0.003932113, -0.0068446076, 0.014784695, -0.0069241915, -0.00869524, 0.0035688397, 0.012566876, 0.009164848, -0.024012228, 0.020234138, -0.0093654655, 0.0016262023, -0.0030275288, -0.0019720763, -0.0065536113, -0.0020122675, 0.021815145, 0.01230275, 0.0030230333, 0.0010990099, -0.016263304, 0.0060594804, 0.008740745, 0.002396061, -0.0052082264, -0.0015592695, 0.00030894863, -0.0070771608, 0.015199443, -0.008440565, 0.008849187, 0.010020369, -0.00792648, 0.009931721, 0.010648875, 0.017230432, -0.0021606924, -0.010000842, -0.0042608418, 0.014699014, 0.010072178, 0.003786721, -0.010592228, -0.0063492614, -0.0027284988, -0.0017153856, -0.007367675, 0.00807777, 0.013973018, -0.004063259, -0.0017097519, 0.013975354, 0.02078401, 0.026040824, -0.010036642, -0.010672409, 0.005871709, -0.012064748, -0.009437359, -0.021777745, 0.010411233, 0.0024399767, -0.0010843024, 0.008389567, 0.019696012, -0.0025567794, -0.0091564385, 0.0010392773, -0.01176969, 0.01478539, 0.015679581, -0.0034048536, -0.0072264313, -0.0015259541, 0.006564349, 0.015879646, -0.0101634655, -0.0014177012, 0.0025424329, -0.094965905, 0.0040003574, 0.010032533, 0.0069270083, 0.020613536, -0.0037797717, -0.005594152, -0.005190663, -0.02386248, 0.0015223534, -0.008340057, 0.009109514, 0.002907339, -0.006765891, 0.0014754947, -0.0036488746, 0.004340351, -0.0031224177, 0.009409814, -0.0037419233, -0.0057025203, 0.01933808, -0.0047877654, 0.006195954, -0.0038784733, 0.011426447, 0.009668048, 0.0023099945, -0.0003485751, 0.013474182, 0.011351149, 0.008440088, 0.0032085218, -0.01043245, 0.010017971, -0.003352307, -0.024055738, 0.0112909945, -0.13043246, 0.016614456, 0.005624865, -0.005415331, -0.010545208, 0.012269023, -0.0070504327, 0.0025146746, 0.0078318305, -0.0061615575, 0.003752532, 0.0021898865, -0.021634119, -0.007328044, -0.0021446818, 0.015660051, -0.02123604, 0.019938279, -0.028341742, -0.0069066333, 0.006210739, 0.010533027, 0.015176519, -0.00088566216, 0.00077501126, -0.010600904, -0.007957453, -0.0057333875, 0.0048186206, -0.0097106425, 0.0013193391, -0.014378185, -0.0086961435, -0.015437142, 0.003563513, 0.009818135, -0.0020045652, -0.003326011, -0.0203153, -0.005307455, 0.0040856046, 0.004623575, 0.0015681306, -0.015080126, 0.0089264605, 0.0034072283, -0.0054239617, -0.005149068, -0.007704253, 0.0003226204, -0.015718754, -0.009396267, 0.0048737684, 0.0028096258, 0.0090705855, -0.008688846, 0.00012380055, -0.015569636, 0.0061456305, 0.038336247, 0.0052891583, 0.0067488495, 0.010742301, 0.0024838478, -0.00588013, -0.013904632, 0.021355445, 0.012592274, 0.022233112, 0.024934044, 0.014779356, 0.025553256, -0.010909229, 0.00078513136, 0.020118235, 0.00039134198, 0.010789736, -0.0063049714, 0.008106425, -0.014438936, 0.0005270026, -0.015554248, -0.009889576, 0.0009827041, 0.01001131, -0.0012769131, 0.001039125, 0.005164209, -0.0013926177, -0.04536681, -0.008288816, -0.026899684, 0.016448526, 0.005103571, -0.007659175, -0.013740188, 0.0020779353, 0.00073230296, -0.0028861375, 0.0087606525, 0.0021378363, -0.0007200815, 0.005269049, -0.013279304, -0.013561509, -0.0057410495, -0.018423006, -0.020712275, 0.015255175, -0.0068599014, -0.0098094, 0.0053773024, -0.0054801414, 0.030938601, -0.000762806, -0.0071446053, -8.232127e-05, 0.013103292, -0.008402832, -0.0037932878, 0.017589798, -0.008631787, -0.004282216, 0.014682724, -0.018062726, 0.0058900947, -0.0075758575, -0.0011757889, -0.016831746, -0.002651384, 0.004780131, -0.006134627, -0.007935858, 0.011532603, -0.0021001385, -0.019503478, -0.02832215, -0.02548184, 0.013659967, 0.009745095, -0.006209961, 0.02168068, -0.022828925, 0.0040601008, -0.020658964, 0.0011059179, -0.0093039945, 0.005811635, -0.013506474, -0.00072986184, 0.0017359946, -0.004136602, 0.014355259, 0.018885547, -0.008153855, 0.0051160497, 0.009363187, -0.009054796, -0.014597702, -0.006631831, 0.004714019, 0.013310474, 0.023938233, -0.012680236, 0.003566425, -0.0066641844, 0.010393129, -0.014268452, 0.0010411171, 0.016763072, -0.024466025, -0.011467677, 0.019621264, -0.0027271155, -0.019502157, -0.020280708, -0.008672822, -0.0110646775, -0.009535224, 0.004490877, 0.0028430803, -0.011474659, 0.0042380514, -0.00093113794, 0.0020962376, 0.010221544, 0.012647576, 0.008306618, -0.014585607, 0.00027154188, 0.0062944326, -0.00797033, 0.015586766, 0.006791854, -0.026969032, -0.008272621, -0.0085626375, -0.004195635, -0.009014584, -0.00061504665, 0.0008412119, -0.018456632, -0.0037127552, -0.16609783, -0.012522867, 0.009315212, -0.02504644, 0.012060651, 0.009589345, 0.01274982, -0.008059371, 0.024452085, -0.025579514, 0.021021055, 0.008706987, 0.007574579, -0.022033954, 0.018551895, -0.03140943, 0.010031463, -0.010898799, 0.007120387, -0.0035899635, -0.036679886, -0.005292676, 0.0058844066, 0.007627757, 0.0017640011, -0.028009413, 0.0042481017, -0.0032282656, -0.007517401, -0.0049487646, -0.003194523, -0.008882623, -0.02092802, -0.0030082506, -0.004339475, -0.0077060917, -0.01908965, 0.012092698, -0.0026879297, 0.015658947, -0.0064102113, -0.007784931, 0.0047985744, -0.013090255, -0.009121338, 0.0014028751, -0.04558191, -0.020024844, 0.0027116935, -0.014483644, -0.0072436184, -0.0042111403, 0.0070712655, 0.009396601, 0.005675053, 0.000755344, 0.01831921, 0.0032632835, 0.008608827, -0.011216815, -0.015037293, -0.002827489, -0.020359365, 0.0014466406, 0.003935932, -0.009606496, -0.01160307, 0.14764883, 0.012435534, 0.0139709795, -0.01937958, -0.008748254, 0.017784929, 0.009793071, 0.00855678, 0.015346903, -0.0150867775, 0.023264036, 0.0095164245, 0.011522122, 0.0057590976, -0.01779388, -0.00095363223, -0.016900815, -0.0076656155, 0.0076687923, -0.022539118, 0.005497054, -0.019507691, 0.0037347882, -0.028034158, 0.024439886, -0.00627493, -0.0016184062, 0.0076980116, 0.022471162, -0.006880439, 0.008247719, -0.0066466685, -0.014562834, -0.00060660235, -0.0016988531, -0.008371032, -0.01445127, 0.012188231, -0.00812418, 0.009753832, 0.01252292, 0.0011351751, -0.0039926553, -0.029652584, 0.008637691, 0.024431914, -0.008595616, -0.004930509, 0.0071408236, 0.024048416, -0.022978978, -0.0010286459, -0.0031880925, 0.0017269359, -0.016352203, -0.02990467, 0.011166259, 0.010215694, 0.030560734, -0.020983754, -0.004590644, -0.0060715256, -0.008705374, 0.008468126, -0.0021317364, -0.0032957792, -0.0030435552, -0.0036916418, 0.00020818585, -0.120530695, 0.011613901, -0.020216525, -0.018959051, -0.0003101605, -0.022700438, -0.0054223626, 0.01416644, -0.01815542, 0.006580818, -0.030267572, 0.0146423215, -0.0054669315, 0.01390739, 0.016454093, 0.0023306208, 0.007643077, -0.0054643047, 0.03531976, -0.004696671, 0.012387699, 0.012279946, 0.005907931, -0.015788483, -0.00588025, 0.018245554, -0.002148622, 0.0012843763, -0.0022781396, -0.013547696, -0.008726885, 0.0071060443, -0.025851449, 0.016780924, -0.012981176, -0.015120531, 0.007186814, 0.020028133, -0.010988179, 0.0066023436, 0.0028491803, -0.010833132, -0.0019606284, -0.0033963632, 0.0010180025, 0.01234108, 0.0035723979, 0.012765391, 0.0032548194, -0.00030644517, -0.0060183057, 0.015235654, 0.009830839, -0.0037514793, -0.011298865, 0.020180253, -0.0033175666, -0.003364376, 0.010728023, -0.0122660315, 0.0031021342, -0.0033784169, 0.009517881, 0.0049583926, -0.004755578, -0.0056605907, 0.01029181, 0.00480779, 0.029770022, -0.022590164, 0.0070309676, 3.409242e-05, -0.0012297366, 0.0044095446, 0.01119394, -0.00041311778, -0.005533236, 0.0020887253, -0.00872953, 0.012694205, -0.0299975, 0.01583751, 0.036246777, 0.01759196, 0.032799978, 0.005846825, 0.008677241, -0.0008556223, -0.02821841, -0.008552452, -0.0022955916, -0.009784912, 0.0074410997, -0.007813437, 0.010364262, 0.006238289, 0.017398516, -0.010047279, 0.018332915, -0.0057357214, 0.018417632, 0.0064760116, -0.023640424, -0.0028172398, 0.016610866, -0.0044338093, -0.0032838823, -0.008020163, 0.007134484, 0.032747246, -0.010659977, 0.0021905657, -0.01343783, 0.010529363, -0.0032972707, -0.00024727418, 0.02182887, -0.030944461, -0.008381699, -0.011028471, 0.011953707, 0.008766173, -0.0017513433, 6.193921e-05, -0.0039369753, 0.017203888, 0.012308184, -0.016822115, 0.018769665, -0.011476402, 0.00423885, 0.019309768, 0.012824073, -0.01511173, 0.02518847, 0.00077215885, 0.008958166, 0.00030643723, 0.0014644711, -0.0020246222, -0.00051736203, 0.024821071, 0.0017016273, 0.013230595, 0.0052869543, -0.0118532805, -0.00095462956, 0.0027488824, -0.010049145, -0.00556515, 0.005635517, -0.0016872389, -0.024074115, -0.006724373, 0.005620186, 0.023437735, 0.014252466, 0.0059398348, 0.003945251, 0.023782495, -0.035317577, 0.018066382, -0.020076584, -0.0078065936, 0.0060786414, -0.0067859157, -0.009091103, -0.019722566, -0.022788597, -0.009554961, 0.027652657, 0.0026450127, 0.008996275, -0.026093487, -0.0047888127, 0.02519148, 0.014411765, 0.013837805, 0.008225515, -0.08030818, -0.008657207, -0.020580448, 0.009111346, -0.00019652187, -0.010005489, -0.011695332, 0.002947623, -0.01411711, -0.009101574, 0.023808148, -0.024614278, -0.0051580444, 0.0008948014, 0.01366406, 0.00614246, 0.02019969, -0.012710573, 0.019599702, 0.0035305445, 0.013506973, 0.010972065, 0.013571476, 0.003248814, -0.0021935226, 0.010578081, -0.003594623, 0.0040852097, 0.012986407, -0.017064417, -0.0054753316, -0.0077299266, 0.015135243, 0.03792038, -0.005289263, -0.007852399, -0.008022279, 0.013303524, 0.0021835226, -0.04852851, -0.005744252, -0.0020735015, -0.08107361, 0.005505929, 0.031607285, 0.02347217, -0.010025154, 0.0002288626, 0.005291678, 0.0035352113, 0.02589504, -0.0056635486, -0.010262622, -0.010298493, 0.021106584, -0.012181599, -0.021763777, -0.0034268054, 0.01084768, 0.015070249, -0.009980575, -0.0087684905, 0.0018792398, 0.023787038, -0.0055223694, 0.011520999, -0.00038808913, 0.018139923, -0.012301497, 0.01252359, 0.014876296, -0.0110159535, 0.0060700094, 0.0015863179, -0.0034689002, -0.0016239409, 0.020087538, -0.03450219, 0.023163177, 0.017644223, -0.0077274702, 0.013334891, 0.0034755354, 0.050013233, 0.011464636, 0.00697988, 0.005249805, -0.11027624, 0.0041471, -0.011480155, 0.0004518806, -0.017339421, 0.016458165, -0.007814325, 0.06710347, 0.0050735963, -0.0111011015, -0.006854655, 0.021481613, 0.026301615, -0.0061720484, -0.004484599, 0.015081491, -0.014025384, 0.015972309, 0.004248842, -0.0050819055, 0.005528611, 0.00647686, -0.0042552403, 0.0035947363, -0.0012006921, -0.038592648, -0.00017340909, -0.005166893, 0.013636132, 0.018397322, -0.02455846, -0.02120432, -0.0023898948, -0.0061198724, 0.0050252285, -0.01287398, -0.012451706, -0.008177975, 0.015879361, -0.0010336486, 0.011403153, -0.0110094845, 0.0010786013, 0.010986321, -0.008805663, 0.0013825136, -0.020355979, -0.004109593, 0.010785749, -0.01482731, -0.023425575, -0.034166392, 0.010067685, 0.013156152, -0.0058369893, 0.008488141, 0.0014015782, -0.029912764, 0.0034150095, 0.0075506037, -0.005139514, 0.00917395, -0.013379089, 0.0051666615, -0.020935664, 0.021079987, 0.0061884373, 0.017583966, -0.028903598, 0.0044650547, 0.008507369, 0.0066821524, 0.024790904, -0.015844801, -0.01563795, -0.02022336, 0.009328144, 0.009854931, -0.02423873, -0.0011253979, 0.021225462, -0.008894646, 0.014041383, -0.0053359587, -0.0009982097, 0.010746716, 0.007008177, 0.0005009117, 0.013168782, 0.012500615, 0.0035978789, -0.027264647, -0.0050452272, 0.013161565, 0.017706325, 0.014898257, 0.0141778225, -0.014388685, 0.0024452193, -0.026929464, 0.005897138, 0.0056963013, -0.00022746723, 0.00389594, -0.010437143, 0.002914549, 0.002713949, 0.0066497335, 0.004048007, 0.01887575, 0.021682607, -0.0041564517, -0.0032278073, -0.00103098, -0.014655531, -0.0072660614, 0.004967069, -0.019109948, -0.019594371, -0.01989411, -0.012751609, 0.009237058, -0.006177196, -0.022191951, 0.0060041584, 0.0019327407, 0.0037355868, 0.019167515, -0.009252382, 0.0058345213, -0.021825796, 0.007562232, -0.0022446795, 0.011692466, 0.020340793, -0.010301437, -0.008784684, -0.0029980124, -0.008606201, 0.016347032, 0.0022381283, 0.0030890983, -0.0070246686, 0.021719404, -0.00042904195, -0.0025589487, -0.017293971, -0.003620162, -0.008672517, -0.017402824, 0.019368028, -0.014297563, 0.014916095, 0.0050562304, -0.043221034, -0.007549545, 0.009042231, -0.010184342, 0.017865498, -0.019059598, -0.0065142526, -0.0021129264, 0.019921258, -0.012545808, -0.0053907037, -0.0009305592, -0.01642829, -0.015440834, 0.028814197, -0.004277197, 0.010148757, -0.029522799, 0.00092667824, -0.027329713, 0.028954972, -0.010536825, -0.0049193455, 0.012179606, 0.0022842183, -0.012274333, 0.007892665, -0.0024559554, -0.011275527, 0.017666921, -0.002026661, 0.0051847626, 0.00037565915, -0.0030998506, -0.0067092446, 0.022258863, -0.001593935, -0.01981062, -0.00047016807, -0.008202998, -0.0040006973, 0.004432246, 0.0066887317, 0.01888178, -0.0098144915, 0.01852193, -0.0040337117, 0.00070272846, -0.019088028, -0.031330135, 0.024325803, 0.008752386, 0.013298071, -0.013355301, -0.0026780805, 0.014383558, -0.019994063, 0.010595679, -0.023369035, -0.0028414212, -0.020607218, 0.0005349994, 0.0063222465, 0.010186042, 0.009846425, -0.011694279, 0.036300935, 0.027223168, -0.0030925497, 0.0012436967, 0.015657172, -0.02287911, -0.016258571, 0.015478654, -0.0017256434, 0.016327176, 0.0069970824, 0.015040121, 0.014145281, -0.015150203, -0.004072708, 0.013997358, 0.010738658, 0.011712785, 0.002548894, 0.015054298, 0.03094159, 0.011447456, 0.022147592, -0.020784453, -0.002470025, -0.048626594, -0.019304909, 0.024489164, -0.010508405, -0.013411414, -0.0067161927, 0.01332053, -0.014412638, -0.005482281, 0.004128569, -0.012363221, 0.0008338854, 0.011717397, 0.010596287, 0.00766922, -0.0074324687, 0.011276213, -0.021287277, 0.01390634, -0.00051453983, -0.0070507852, -0.0030699864, 0.021410592, 0.005822164, -0.02100003, 0.019400323, -0.011151251, 0.0025274716, -0.0047626444, 0.00300958, 0.013837231, -0.024678554, 0.0068585863, -0.007928558, 0.036985416, 0.010205359, -0.017534032, 0.00064403, -0.0008816361, -0.0017223185, -0.021501599, 0.012417309, -0.002233294, -0.0008356232, -0.008456803, 0.019665942, -0.021486279, 0.021501858, -0.01685418, -0.013953039, 0.003369856, 0.022017092, 0.026304914, -0.02079851, -0.009981755, -0.016920311, 0.0026909648, -0.008999668, -0.0041757682, -0.010436207, -0.023875525, 0.013756848, -0.017008096, -0.0108757075, 0.020231605, -0.002795684, 0.0044260737, 0.00046457048, 0.0033378701, -0.018015493, -0.026815306, 0.002617237, -0.005794557, -0.0022094357, 0.022066034, 0.0047258358, 0.0025416254, 0.020641688, -0.0075466456, -0.00796468, 0.0050307917, 0.013160148, -0.008805532, -0.012835666, 0.010106495, -0.019147674, -0.01766926, -0.00087615085, -0.0029616207, -0.0034601218, -0.019232124, 0.007550683, -0.0069551123, -0.00017734106, 0.013304101, -0.0055334982, 0.016765302, 0.0023339824, -0.021653943, 0.003483713, 0.0011364545, 0.0040309243, -0.00070350704, 0.012671405, -0.018983258, 0.014871871, 0.0025251803, 0.0021879436, 0.002001842, 0.0063212025, 0.009603611, -0.004448791, -0.003104938, 0.01771965, -0.0009205405, -0.012982258, 0.0009938877, -0.013179818, -0.011082186, -0.013126026, 0.0008923564, -0.0109694805, -0.024752714, 0.011593921, 0.005504292, -0.013501598, 0.004675563, -0.006063284, 0.014326643, 0.002737567, -0.0058396165, -0.0035999354, 0.00087749417, 0.011918541, -0.013061653, -0.011509349, 0.0038606985, 0.011084457, 0.015798556, -0.025289688, -0.0023982178, -0.0006598348, -0.0058625927, 0.0054887207, -0.009862851, 0.014538419, 0.0072319126, 0.009068154, 0.006844776, 0.0026578256, -0.0032894216, 0.008406487, -0.006746668, -0.008764303, -0.008025609, 0.0022133605, -0.025179017, 0.016715832, -0.0044280333, 0.0043173684, 0.0038820773, 0.01495846, 0.024708092, 0.021020705, -0.017812172, 0.020084027, -0.0005220851, -0.00070443633, 0.0063015944, -0.029612472, 0.049737547, -0.007549832, 0.034508824, 0.015095881, 0.0022736364, 0.007102778, 0.007872056, -0.0057181646, 0.009071001, -0.003396103, 0.01266496, -0.0010427868, 0.00028390266, 0.021824412, -0.004750804, -0.0069015003, 0.002469072, 0.010956292, 0.0024637931, 0.015044726, -0.0007718285, -7.131946e-05, 0.004684549, -0.013353379, 0.008218008, -0.01757638, 0.024871426, 0.012723448, 0.008808069, -0.0073957904, -0.0021383488, 0.004607141, -0.0011328723, 0.023105212, -0.011010375, 0.03110775, -0.0014873032, -0.012751658, -0.00090524147, -5.1072933e-05, -4.550228e-05, 0.019892907, 0.011268378, 0.0049187304, 0.021028994, -0.0026308775, -0.022381796, 0.004133236, 0.0020357182, -0.006137303, -0.022331476, -0.019455738, -0.0064034215, -0.025200466, -0.002477386, -0.019037835, -0.005436334, -0.045185722, -0.012556294, -0.018980144, -0.001970312, -0.0011520336, -0.00833496, 0.015563016, -0.0590142, -1.2775668e-05, -0.012042939, 0.011799288, 0.023988906, -0.007753871, 0.0032573119, -0.02312497, -0.038223848, 0.00827945, -0.018918939, -0.0074883495, -0.01247839, 0.012495623, -0.023981286, -0.0054515186, -0.005456714, -0.011856446, 0.007923387, 0.015925603, -0.0032643606, -0.024880124, 0.0062030256, 0.0077976477, -0.014959094, 0.006323513, -0.0113919405, -0.0006828083, 0.022655394, -0.0154413, -0.019594451, 0.003247328, 0.0054421714, 2.7392602e-05, 0.0042727543, 0.00459029, -0.0085854, -0.0048577543, -0.010042929, -0.011167377, -0.008499928, -0.027579064, -0.0032905792, -0.008923818, -0.02231654, 0.027413953, 0.0069375243, -0.008682943, 0.027574271, -0.00892704, 0.0040976927, 0.0034233916, -0.007898677, -0.0059461873, -0.014469977, -0.013311424, 0.008730833, 0.00404676, 0.008238005, 0.018969234, -0.0026167606, -0.01833054, -0.013989602, 0.022337649, -0.0067057703, 0.028373295, 0.005358575, 0.0062285336, -0.01932228, 0.009508661, -0.011159225, 0.009340537, -0.0022089353, 0.006084959, -0.026518987, 0.0028948085, 0.003111236, 0.00569102, 0.009157844, -0.0014685093, -0.0068764337, -0.016725004, 0.009089372, -0.018099757, 0.01889461, -0.02128596, 0.0046996125, -0.021116974, -0.0021470455, -0.016265048, -0.007887668, 0.007225906, 0.008174439, 0.025333418, -0.010978407, 0.005176216, 0.01400511, 0.013944009, -0.014783153, 0.0174477, 0.01901484, -0.0010647323, -0.003474327, -0.011606236, 0.02330326, 0.0030581097, 0.001766596, -0.00012913799, 0.003643148, 0.011643376, -0.011791413, 0.014812326, -0.0031874112, 0.009361579, 0.0070082108, 0.0010034794, 0.0018301856, 0.002335862, -0.010951568, 0.013566129, -0.019213002, 0.0047068745, -0.017818872, 0.0019023212, -0.013818591, -0.005383531, -0.005668154, 0.0025452892, 0.022523073, 0.027419241, 0.006483233, -0.008244528, 0.041626316, 0.0057915202, 0.0096966075, -0.0003276536, -0.011484274, -0.009877587, -0.00013871813, 0.0012798244, 0.00529987, -0.0007774714, 0.0152739575, -6.1205836e-05, 0.0012461332, -0.0080038, 0.007983446, 0.026259404, -0.0173516, -0.01084219, -0.0047749802, -0.012184909, -0.006412903, -0.009081117, -0.0027902839, 0.0066468758, -0.013568414, -0.006627993, -0.01019934, 0.02999914, -0.003533217, -0.0056199217, 0.0033689106, -0.014156347, 0.02478014, 0.019613056, -0.0045601423, 0.018136065, 0.0067376904, -0.000107086606, -0.0072760154, 0.0040905112, -0.028226104, 0.0009004584, 0.005544458, 0.014044429, -0.0026091752, -0.0053480053, 0.023452543, 0.021815885, 0.010589142, -0.00088246446, -0.01547876, -0.009517692, -0.017580567, -0.007888775, 0.0003573433, 0.0036235698, 0.0034510207, 0.019252842, 0.0113060875, 0.0053969612, -0.004740815, -0.0012153062, -0.0031016497, 0.026773522, -0.0012109324, -0.00599354, 0.00022032656, 0.0069620083, 0.0011387622, -0.020853333, 0.00043582649, -0.010225066, 0.0014246157, -0.023183137, 0.003848569, 0.16911273, 0.117355876, 0.009137786, 0.0047279336, -0.00940347, 0.016501138, 0.0040315664, -0.010538775, -0.014800495, 0.01937371, -0.0057636322, 0.0010842329, 0.01385488, -0.03273322, 0.0016358785, -0.010768481, 0.0050850445, -0.0037085384, 0.014514471, 0.01463947, 0.017871534, 0.01001112, -0.014790234, 0.008085741, -0.036328185, 0.01838338, -0.0016727136, -0.006815923, 0.012600987, -0.010338189, -0.037876032, -0.0009976513, -0.012901307, -0.008770583, 0.013305582, -0.005984091, -0.01098695, 0.014431473, -0.010341513, -0.007404835, -0.010731609, -0.007564345, -0.0041816607, 0.013972225, 0.021880489, -0.007552256, 0.016279506, 0.013399202, -0.013598343, 0.005516786, -0.017802307, -0.010033855, -0.017656779, 0.014315923, 0.0051520583, -0.0027979002, -0.014628342, 0.021222748, 0.0047385185, 0.014348208, 0.011821176, 0.00996102, -0.012894545, 0.010478052, 0.015564055, 0.0014965989, -0.0010927729, -0.013661771, -0.0183274, -0.0054967506, 0.019098235, 0.024172682, 0.0032167768, 0.00030203522, -0.018545821, 0.016631834, -0.0020574643, 0.002051376, -0.018255943, 0.009423632, 0.011198973, -0.005071627, 0.02330886, 0.021995455, 0.018383397, 0.0076480326, 0.01346828, 0.020453956, 0.110622495, -0.0028745576, -0.004580091, -0.008100004, 0.0026300373, 0.022550343, 0.001451856, 0.041064117, 0.015687076, -0.0004302843, 0.019347735, -0.013213252, -8.6409505e-05, -0.044018302, -0.000295009, 0.0049919877, 0.017327068, 0.04455609, 0.030095285, 0.008730565, -0.030102061, -0.0011260842, 0.0077284668, -0.004802634, 0.0009825086, 0.013331427, -0.0049101524, -0.011794094, -0.03963539, 0.012913785, -0.107648455, 0.0011850594, 0.013456615, -0.0042220773, 0.015050876, 0.030767364, -0.004171398, -0.0074485037, -0.03378383, 0.026726475, 0.01400653, -0.031247726, 0.020121252, -0.0024392565, -0.008689298, -0.006463554, -0.002831035, -0.003390946, 0.006334348, -0.0065113944, -0.0030527748, 0.0020863924, -0.013535166, 0.033180512, -0.0034121682, -0.013846549, 0.0084857885, -0.012233822, 0.0070402604, 0.00014903459, -0.0031624595, 0.015271919, 0.0037267, 0.031078499, 0.008090026, 0.0014719769, -0.022329338, 0.0066637276, 0.013914803, 0.0027856126, 0.0056969756, -0.018164238, 0.012718798, -0.0141692115, 0.020147903, 0.008565679, -0.004859061, -0.010091663, -0.0154885305, -0.0056557152, 0.036956146, 0.00079566543, 5.768912e-06, -0.009351668, 0.015328809, 0.024654727, 0.02041557, 0.008207215, 0.0054280446, 0.015766187, -0.00029262487, 0.014014329, -0.00051117595, -0.0030774584, -0.012650014, 0.0086756395, -0.010537324, -0.009925997, 0.007160378, 0.003256345, -0.013784494, -0.0025722277, 0.01757368, -0.00825306, 0.012670908, 0.0032450876, -0.02082901, 0.0009248614, -0.0038856533, 0.012919581, -0.015359045, -0.012677385, 0.0062811365, 0.10704395, 0.0010957861, 0.01209541, 0.017677704, -0.002015896, 0.011149137, 0.005776506, -0.022475427, -0.007396726, 0.0026117768, -0.024788616, 0.017177373, -0.0034534468, -0.00012660373, 0.009588646, -0.0084084375, 0.0064337286, 0.009857178, 0.015935132, -0.008689266, -0.035482563, -0.0060669463, 0.0347776, -0.0056869755, -0.0055273715, -0.0054784566, -0.01221458, -0.015929064, -0.018836081, 0.011407785, 0.014674999, -0.009862625, -0.0038488507, -0.02009161, -0.0066800327, 0.017755507, -0.000798029, 0.028953273, -0.014697935, -0.021888826, 0.010463826, 0.0060379035, 0.016273156, 0.0112789525, -0.030323757, 0.19154738, 0.011553808, 0.016162492, -0.01629735, 0.034332, -0.006515227, 0.003164663, 0.00048794746, 0.0028986668, 0.029398873, 0.002407444, -0.006480824, -0.007505626, 0.008512602, 0.025858367, -0.022620663, 0.009615771, -0.008534951, -0.015351954, 0.013032204, -0.025116583, 0.014941891, -0.006123097, 0.0025375932, -0.002624029, -0.0072711655, 0.0022026666, -0.007864521, -0.013690499, 0.015945327, 0.0050630593, -0.014835705, 0.00091058644, -0.00679544, 0.0068074767, -0.003777652, 0.017664677, 0.008574443, -0.008028201, -0.012409212, -0.031257108, 4.8217495e-05, -0.010613838, 0.03390508, 0.0136248665, -0.008940344, 0.0018671537, 0.003688045, -0.010269246, -0.010714109, 0.0059911376, -0.0076112566, -0.007579079, -0.01858745, 0.00268973, -0.018793475, -0.014691528, 0.006014896, 0.007795056, 0.0024062183, -0.009615231, -0.020983104, -0.028433336, 0.021803431, 0.016183948, 0.0037322498, -0.0050130635]"
Las claves del mundo,https://oem.com.mx/elsoldemexico/img/25242790/1755295163/BASE_LANDSCAPE/1200/image.webp,no especificado,"Acompana cada lunes a Victor Rico y Jair Soto, editores de la seccion Mundo de El Sol de Mexico, para conocer la historia, cultura, geopolitica y anecdotas del panorama internacional",https://oem.com.mx/elsoldemexico/mundo/las-claves-del-mundo-25242943,"[0.019868437, -0.0122341225, 0.0112735415, -0.07858916, -0.022267122, 0.02277939, -0.009295764, 0.020683957, 0.01509963, -0.021661978, -0.006226357, -0.005347074, 0.0018695147, 0.026340654, 0.11262395, 0.009170617, -0.0048292233, -0.005580491, 0.002789779, 0.022161694, 0.03545003, -0.004403336, 0.011202742, -0.042125188, 0.017524617, 0.00013742522, 0.00019541135, -0.016096428, 0.021058582, -0.011178336, -0.0007891083, 0.011008188, 0.008206856, -0.009545429, 0.00078129995, 0.011479334, -0.0053234333, -0.0050735483, -0.0038436642, -0.010639672, -0.0009289622, 0.02146175, -0.012174891, 0.00046678068, 0.009695673, 0.011319652, 0.001456434, -0.014802684, -0.013722335, 0.0042339726, -0.0053806514, -0.002144838, -0.00030763505, -0.17139502, -0.010208963, -0.006192483, 0.007153583, -0.0068364353, 0.02173372, -0.009871779, -0.03451178, 0.034669746, -0.0025625757, -0.027367316, 0.0037216556, 0.012836615, -0.017631073, 0.009203111, -0.0024462591, -0.0250995, 0.012805114, 0.019780945, -0.011958929, -0.0006766794, 0.008730222, 0.002167864, 0.0028236946, 0.03223485, -0.02867817, 0.00584543, -0.013469411, 0.00298516, -0.005770264, -0.008451611, 0.0022472052, 0.0032740845, 0.033688705, -0.012852584, -0.024316553, 0.021093655, -0.0015589288, 0.021663498, 0.009752855, 0.013544403, 0.01763598, 0.022249758, -0.01616224, -0.038688168, -0.016236756, 0.0063714786, -0.031053875, -0.0025514176, 0.011463922, 0.0019538966, 0.014041285, 0.0051733246, 0.005745936, 0.022287922, -0.03515524, -0.00015904616, -0.0010914936, -0.0060492363, 0.0064044804, -0.006174093, 0.0186796, -0.12852423, -0.01017102, -0.033108875, -0.0003858363, 0.017174797, -0.0010394359, -0.012084691, -0.01775642, 0.009502255, -0.003336376, -0.012824529, -0.020497156, 0.005013248, -0.019340903, -0.0036507996, -0.02164418, -0.0083419, 0.0127417585, -0.009905058, -0.014341402, 0.035744093, -0.017313058, -0.019902233, -0.04200738, 0.005500815, 0.0073757917, 0.01686278, 0.012504291, -0.010741821, -0.0177733, -0.01950068, -0.014619014, 0.011975683, -0.0034651104, -0.00092288107, 0.023950053, -0.008247175, 0.014799151, -0.009971698, -0.01165997, -0.023438731, 0.019328693, -0.017546536, -0.003973165, 0.025094448, 0.0076248576, -0.008269219, -0.0067645856, 0.012820849, 0.0028193702, 0.00075890723, -0.024986863, 0.00424035, -0.0014965758, 0.004140748, -0.020332972, 0.00022544614, -0.024902932, -0.008161854, -0.021166231, 0.015979605, -0.014581535, 0.006165727, 0.006654935, 0.0042738174, -0.011754233, 0.012777166, 0.013256067, 0.015390869, 0.00096577394, -0.015417595, -0.015799707, -0.0076988903, -0.023886124, -0.001520506, -0.020258527, -0.017877754, 0.0079522915, -0.015128904, -0.032378823, 0.00072966196, 0.0047000945, -0.008539945, 0.007462124, 0.0061707315, 0.01697384, -0.013622367, -0.0034192563, 0.003476818, 0.008165542, 0.002258892, -0.03174799, -0.010925355, 0.008897584, 0.0006701071, 0.013133347, 0.00060467084, 0.025783014, -0.0439648, -0.0039345208, -0.009679029, -0.0297716, -0.0060581397, 0.0118087055, 0.009995745, 0.0010534915, -0.051232707, -0.017610028, 0.047087878, 0.002701372, 0.0038714348, -0.014520082, 0.004127028, 0.03145314, -0.038216818, 0.019643089, 0.026877182, 0.0020223022, 0.03437277, 0.01298574, -0.010388607, 0.0096096555, -0.004573842, 0.0002185296, 0.0070444997, 0.032781024, -0.030346492, -0.009267664, 0.0018892227, 0.0055065863, 0.010190221, 0.004561783, 0.034174535, -0.0022738408, 0.006535746, 0.008532127, 0.009940718, 0.020976545, 0.012340353, 0.02376737, 0.005222109, -0.0085417805, 0.009788154, -0.01781276, -0.0033475426, -0.014425214, 0.0010190292, -0.0080979485, 0.0019049768, 0.0067261164, 0.0169584, -0.0058761095, 0.0073675034, -0.009173394, -0.005004415, 0.022252113, 0.021676993, -0.009286065, -0.006611769, -0.03812534, 0.0068216324, -0.08742971, 0.019959608, 0.002911397, -0.017514382, 0.0013283321, 0.0023011612, 0.015057517, 0.017671604, -0.004794779, -0.022109395, 0.040214814, -0.0148532465, -0.002646249, -0.008358886, -0.012039646, -0.0015298697, -0.0010304538, -0.033558022, 0.01601988, -0.016324207, -0.00033776826, -0.0017017202, 0.0097951, 0.010663915, 0.01561149, 0.011978916, 0.032519102, 0.05395755, 0.05254203, -0.0047701937, -0.022440696, -0.010263444, 0.007509214, -0.013304466, 0.018323788, 0.001217275, -0.015144493, 0.0043538893, -0.00049701094, -0.004977462, 0.009236632, -0.0039437506, -0.014935385, -0.011517194, -0.033561964, 5.4976e-05, 0.0239252, -0.024439087, 0.012217882, 0.020353178, -0.005431351, 0.009280762, 0.0010893359, -0.011032079, 0.012596451, -0.006682156, 0.01554726, 0.011235589, 0.014926485, -0.009235336, 0.015064825, -0.0050674584, -0.003197987, 0.01704268, -0.008196722, -0.008683339, 0.014337899, 0.021919116, 0.005728783, 0.022362607, 0.0008150228, -0.012210944, -0.013114383, -0.04672003, 0.01078615, 0.00935643, -0.0052988585, -0.017695652, 0.0060877153, 0.034708045, -0.019543326, 0.0054564383, -0.036725223, -0.023604006, 0.03414171, 0.008732253, -0.023566922, -0.002659834, -0.012772045, -0.0022850872, 0.009736455, -0.02244982, -0.0028269903, -0.005269917, -0.0053797495, -0.019268773, -0.0201282, 0.014782449, 0.018842744, 0.004486717, 0.0053939726, 0.010123152, 0.027916908, 0.021288065, 0.012598108, -0.005809946, 0.039848395, 0.004783237, -0.015047695, 0.020447845, -0.00017391716, 0.017046917, 0.033515193, 0.008009292, -0.007120858, 0.019252807, 0.0037180101, 0.004553972, -0.020997034, 0.0034488754, 0.026132803, -0.015818944, 0.009357278, 0.02290511, -0.014949609, 0.0071577644, 0.0039776075, 0.004738773, -0.0031304357, 0.0045180796, -0.010387554, -0.01240851, -0.005565396, 0.02600975, 0.016721822, -0.029561475, 0.009791752, -0.0036526674, 0.05153331, -0.010414455, -0.016649954, 0.019233363, 0.020945966, 0.021504965, -0.0068775066, 0.015758175, -0.00053115166, 0.0075858636, -0.014434629, 0.0052085794, 0.008760839, -0.052460667, 0.0143005075, -0.00071015063, -0.043826085, 0.0024554254, -0.008518387, -0.0061356793, -0.011192299, -0.015877139, 0.015929177, -0.0030348606, -0.009877503, 0.030230938, 0.016768323, -0.0074175964, 0.0037613628, 0.031773318, 0.0071426057, 0.009152362, -0.004916402, -0.01955175, -0.017884105, -0.008208887, -0.0029579108, -0.0042499863, 0.001203155, -0.022973172, -0.017645098, -0.0066543985, 0.021076433, -0.02018042, -0.017339122, -0.017167097, 0.011499868, -0.016896015, -9.932522e-05, -0.016292464, -0.021921964, 0.013907531, -0.013267262, 0.005813197, 0.018138636, -0.008297984, -0.014818049, -0.006409418, -0.0055077863, 0.03308268, -0.019452294, 0.018781126, -0.02603732, 0.004953657, -0.007499342, 0.009646905, 0.029680952, -0.03949084, -0.016839568, -0.023277745, 0.016891636, -0.0051521393, 0.006393315, 0.026760427, 0.0064605954, -0.0012913421, -0.012253909, -0.012869013, -0.013678324, -0.0016661336, -0.021950701, -0.024804054, -0.0076491847, -0.029165499, -0.00211402, -0.0076254755, -0.015395585, 0.005367968, 0.0010141497, -0.01598967, -0.013559594, -0.0014075687, 0.007060759, -0.009938731, 0.015192808, -0.014425184, -0.0046808682, 0.011267721, 0.020547781, 0.031321537, 0.015336467, 0.026551442, 0.02700913, 0.010689414, -0.0077690603, 0.012122698, -0.058526613, 0.006597554, 0.009360973, 0.010792771, -0.016317453, 0.013193083, 0.014508877, -0.005899419, 0.019385953, -0.024811972, -0.0105689, 0.0279395, 0.009790001, -0.015595398, 0.004641754, -0.0035734589, 0.0061274916, 0.021452079, 0.0040666363, -0.022426749, -0.02884074, -0.022069909, -0.0061806557, -0.013741089, 0.014600085, -0.062338162, 0.015716633, -0.021464802, -0.009734486, -0.027799968, -0.015077983, 0.02283693, 0.009405553, 0.02599116, -0.01821148, -0.017094146, 0.0035277852, 0.005145269, 0.015408704, -0.014242291, -0.032598674, -0.0019045157, 0.015264451, 0.0038149592, -0.00912114, -0.022656223, 0.031188847, -0.030028814, -0.00878067, -0.01946953, -0.015245965, 0.013209438, -0.019717215, -0.00077892374, 0.014582595, -0.021339634, -0.0014053731, -0.012133715, 0.02199929, 0.01604218, 0.021106271, -0.010227959, -0.017170426, 0.027320096, 0.0043675248, -0.00015946261, 0.004341213, 0.022645323, -0.017564334, -0.034394596, 0.0043248152, 0.008545105, -0.0026351758, 0.0042361533, -0.028298918, -0.04034802, 0.0032898989, -0.0035784629, -0.0074869515, 0.014490335, -0.024931325, -0.003550241, 0.01858374, -0.0082709035, -0.0022939688, 0.001513626, -0.0015411682, -0.011683758, 0.0032829656, 0.0054215393, 0.019313997, -0.031286642, 0.025720658, 0.011862588, -0.0062394636, 0.031468537, 0.017520238, 0.0071569355, 0.009706292, 0.020585287, 0.02388495, -0.006716494, 0.012781862, 0.0001533523, 0.017183693, -0.02922727, 0.025304731, -0.093895644, -0.016263427, -0.0075873737, -0.0022464735, 0.009458028, 0.021474807, 0.0066727446, -0.016867394, 0.0004771882, 0.0023365982, -0.011909544, 0.037493214, -0.020018576, 0.0025816036, -0.028540717, -0.0005097018, 0.02182064, -0.005888032, 0.00097285974, -0.01960194, 0.0088799065, -0.010420354, 0.018042346, 0.01366446, 0.00495837, 0.0022251266, -0.012239945, 0.0055761603, 0.034037024, -0.003989605, -0.0038927235, -0.1339497, -0.023427699, 0.034230705, -0.0012926183, 2.1322507e-05, 0.021837065, 0.014549396, 0.028123459, -0.023681058, -0.01632888, -0.020994855, -0.015881618, -0.022665923, -0.023079716, 0.0018859894, 0.09967283, -0.012026935, 0.0005520428, -0.016837664, 0.00013480383, -0.014648542, -0.0027810496, -0.011310058, -0.016166039, -0.0056801103, 0.009675402, -0.0015640581, -0.007311469, -0.016496295, -0.01277811, 0.034835886, 0.016309055, 0.028163534, -0.0045684325, 0.036985673, -0.027829558, 0.015541832, -0.0025726098, 0.035754614, -0.006444718, 0.013830753, 0.019263139, -0.00704568, 0.0044868113, 0.011177542, -0.024964947, 0.012376221, -0.035447054, 0.0027941149, 0.032500234, 0.00085329276, -0.08374908, 0.003958615, 0.040239256, 0.003750353, 0.015342425, 0.00515785, 0.0058725774, -0.016658274, -0.010164723, 0.008159015, 0.008214072, 0.023681847, -0.0055743023, -0.018140802, -0.02114052, 0.00028770286, 0.021465492, -0.0071366276, -0.008724691, 0.016270109, 0.026295988, 0.0019357369, -0.039563596, 0.010613572, -0.009366917, -0.037517622, -0.0049859155, -0.009238726, 0.016463084, 0.007791008, -0.011000863, 0.006064213, 0.026081575, 0.0045908755, 0.00087545364, 0.00362179, 0.017146505, -0.004838463, -0.0024626253, -0.0010681445, -0.014800817, 0.015556514, -0.015314157, 0.0024935706, -0.0103720995, 0.02498564, 6.816643e-05, -0.00011843516, -0.0010498617, -0.0051295944, -0.04510151, 0.021663794, 0.006480273, -0.0186594, 0.009511011, -0.0031673377, 0.015430863, 0.007907758, 0.015595842, 0.0135115385, -0.009602473, 0.010837904, 0.0112709515, 0.010169814, 0.0018985827, 0.0071275597, 0.00074854266, -0.0038037696, -0.006305436, 0.0063759238, 0.0023753, -0.0132020395, 0.017523374, 0.015674682, -0.010834203, 0.0028455388, -0.007812642, 0.0037248647, -0.040100038, 0.015996294, -0.0021528746, -0.0006281934, 0.0010234298, 0.0026192542, 0.0058823936, 0.010810456, 0.00039207411, 0.0076593887, 1.9332008e-05, 0.0029616954, -0.003891125, 0.0027376066, -0.014530594, 0.027080191, -0.009669913, -0.0029805037, 0.0060319137, -0.011595253, -0.0015094372, 0.008588605, 0.00093565055, 0.0002934972, 0.0016411449, -0.011267807, 0.015813183, 0.0043683546, 0.017642727, -0.0003017035, -0.009641892, 0.027257701, -0.017402697, -0.0042017456, 0.005144188, 0.02586271, 0.008384957, 0.007414922, -0.008553106, 0.0023719957, 0.015582001, -0.0037699665, 0.012200607, -0.0023956446, 0.0020642506, -0.014211475, 0.0003173798, -0.01433429, -0.016549347, -0.009015757, 0.008827612, -0.0032652859, 0.00046404148, 0.003350226, 0.00022351855, 0.00643049, 0.00094512006, -0.011279287, -0.0071287514, 0.023255141, 0.004201665, -0.004590172, -0.02030333, 0.036689557, -0.023377607, 0.0055899653, 0.0002505205, -0.0020760044, 0.002480898, 0.007573403, 0.008807117, 0.01808429, -0.014725391, -4.3303487e-05, 0.011556242, -0.004197109, -0.0070065595, 0.00271888, 0.02343811, 0.005180503, 0.0061839246, 0.0021725404, -0.00113616, 0.004305033, 0.002555334, -0.0021495714, -0.012102847, -0.003991443, 0.010507934, 0.01872162, 0.010041021, -0.008806545, -0.016817767, -0.0001454438, -0.012433287, 0.011574183, -0.0031664937, -0.001771024, 0.00052126846, 0.01782177, 0.016577173, 0.0038723133, 0.000975905, -0.00077786855, -0.0024750973, -0.012163909, 0.010071843, 0.0069406987, -0.0013965061, 0.012904733, -0.0049338765, -0.0028914826, -0.004144835, 0.0010031858, -0.0074666147, 0.0023402865, 0.0076423283, 0.014993996, 0.0022628554, -0.007901415, 0.009484027, -0.010969574, 0.0094931, 0.0076918737, 0.012519454, -0.006513831, -0.012968363, -0.01188945, 0.03797315, 0.0067906696, -0.015380328, -0.011693908, -0.0069853673, -0.015354567, 0.0078044944, 0.008121775, 0.005715085, -0.0033005532, -0.02580596, 0.0171089, -0.0046636304, -0.010030035, 0.0170982, 0.005350179, -0.017429864, 0.003911012, -0.006653336, -0.0019950864, 0.0015281071, 0.022026459, -0.030163264, -0.0013388525, -0.0066175302, -0.008083469, 0.004660405, -0.016097248, -0.009138061, 0.02806339, -0.0077729207, 0.009178887, -0.035060402, 0.0032277366, -0.004811947, 0.017251438, 0.0023218463, 0.017158572, -0.0046507684, -0.0068702023, -0.01576394, -0.00652484, 0.024289113, -0.0055911024, 0.015252061, 0.0043016523, -0.0015447363, 0.0007455573, -0.012187774, -0.0038714255, -0.008903813, 0.01676149, 0.017115362, 0.09298336, -0.018357212, 0.023084074, 0.017621122, -0.01487484, -0.008569284, 6.136714e-05, -0.007902522, -0.005294273, 0.012840428, 0.009768195, 0.014562266, -0.011482882, 0.0040426133, -0.0026309956, 0.020071732, -0.009809217, 0.012859009, -0.006909479, 0.01459994, 0.011805173, 0.00037881982, 0.0013144739, -0.004123899, -0.012193951, -0.004354865, -0.0005836365, -0.0029497542, 0.0112413755, 0.0029190937, -0.00886068, 0.019471966, 0.00010072542, 0.012142186, -0.028169444, -0.005905634, -0.008594099, -0.0022533506, -0.00312054, 0.011498303, -0.011358663, -0.012670453, -0.013253253, -0.016743908, -0.00018632472, 0.007251142, -0.0015499013, -0.0150355445, 0.006047131, -0.002096221, -0.011716829, -0.008517645, -0.003934769, 0.019189237, -0.0042363205, -0.0024769737, -0.0049874145, -0.011050239, 0.00064971216, -0.029228905, 0.0055030463, -0.0013513047, -0.009384787, 0.009599617, -0.011253231, -0.0058364864, 0.00068587007, -0.01748298, 0.004375506, -0.004978272, 0.00674686, 0.00067598996, -0.0025078491, -0.0103062745, 0.022855014, 0.0003645232, -0.017060857, -0.014230899, -0.0017243109, -0.0042924765, 0.021849021, -0.006880634, -0.011183486, -0.0026241117, -0.0062919324, -0.006956886, -0.001247232, -0.011599572, 0.00849171, -0.0021884802, -0.002772802, -0.004384526, -0.0071661477, -0.012349912, 0.010135212, -0.0070803873, 0.06177702, 0.0025802588, -0.014067618, 0.008568748, 0.00095618307, -0.0014495732, 0.0010074642, -0.0010666862, 0.007403961, -0.008592158, 0.019520061, -0.00048447063, 0.008753116, -0.01234089, 0.0006730341, -0.0046960376, 0.0071199983, -0.0011620772, -0.0030884908, -0.013492682, -0.021108767, -0.0140545005, 0.005421139, -0.015523495, 0.0049656285, -0.011577043, 0.0023150344, 0.0045299167, -0.028023453, -0.007080086, -0.005031954, -0.008368372, 0.0007941805, 0.014256737, -0.0001414905, -0.010630559, -0.010389753, -0.01887453, 0.0074324515, 0.00021280578, 0.006452442, -0.007569351, -0.0029288067, 0.0060188053, 0.0026468916, -0.0057933363, -0.003356337, 0.0027912122, -0.009100021, -0.0031772398, 0.010820175, -0.0071091056, 0.017870026, -0.0086504435, -0.008798357, -0.0072179576, 0.0012653634, -0.010689437, -0.021451285, -0.00064599625, 0.0005619158, 0.012178356, 0.021124728, 0.022802705, -0.004288883, -0.0041175103, 0.015901856, 0.0017825736, -0.0088304095, 0.012461515, 0.022858255, 0.0042903014, -0.0134619055, -0.0044794357, 0.0017389368, -0.0027176873, 0.010987791, -0.007214039, -0.007982153, 0.00041954167, 0.00035720272, -0.008599063, 0.0038370693, 0.019834094, 0.0019464941, -0.004680784, -0.028847752, -0.021658493, -0.014990223, -0.0076233917, -0.019840688, -0.004972721, 0.009597402, -0.026065823, 0.012972941, -0.0019837974, 0.006955262, 0.01021534, -0.004175887, 0.003112386, -0.0035070144, 0.0068368446, -0.000794106, 9.694577e-05, 0.006888637, -0.015981112, 0.018672835, -0.007876688, -0.004589517, -0.015009666, -0.004457703, 0.00012975263, -0.0055135875, -0.00919024, -0.010948949, -0.00182243, 0.00428341, 0.0058865002, 0.0007628871, -0.001326449, 0.0129013, -0.004810634, -0.008062519, 0.001572285, 0.018690836, -0.008616992, 0.0026156227, 0.0131405, 0.0015591003, 0.007943026, -0.01376672, 0.007860792, -0.0107481005, -0.023882536, -0.008806171, -0.00020182678, -0.013343134, -0.00025223827, -0.0025141037, 0.016810905, -0.0016185307, -0.0007862958, -0.011396169, -0.016793603, -0.00032804895, -0.0054984577, -0.005337486, -0.002991771, -0.0068378192, -0.0075406805, -0.018068064, -0.014839116, 0.0023682376, -0.01873319, 0.006028468, 0.0040975353, -0.006225831, 0.008597039, 0.011444472, 0.0116941435, -0.01715042, -0.055894233, 0.02896596, 0.0135553, 0.018139083, 0.007897758, -0.0076474696, 0.007895981, -0.019912146, 0.008559591, 0.013653538, 0.013950686, 0.033596694, -0.002396106, 0.020931063, -0.010750797, 0.00047774517, 0.00038968638, -0.0073578833, 0.012353956, 0.0023780665, -0.013441372, 0.0005391326, -0.008012549, -0.010980489, -0.009946142, 0.011676244, 0.0098948125, -0.0021063248, 0.00448686, -0.009495427, -0.0152948825, 0.010298378, 0.010009127, 0.006220173, -0.001597723, -0.017158141, -0.019510087, -0.009742156, 0.0009655531, 0.012058167, -0.015024818, 0.009338668, -0.021595227, -0.005453773, -0.011141421, -0.018705392, 0.0052218516, 0.018199233, 0.013135364, -0.0081085665, 0.012438051, 0.0018725917, -0.0059952415, 0.022780718, -0.005980804, -0.0053166845, 0.026419973, 0.004019994, -0.0058954568, -0.0173287, -0.011969238, 0.009550126, 0.010436042, -0.002976227, -0.016511183, -0.00211164, 0.005625352, -0.0067147748, -0.01148384, 0.0007752703, -0.0073995, 0.003182696, 0.00916492, -0.0060412204, -0.0018632307, -0.0020893242, 0.018213062, 0.010714963, 0.0030055598, 0.0071958075, 0.014458263, -0.005934717, 0.0073919552, -0.01659174, -0.020856762, -0.005235679, -0.00066503766, 0.0055432827, -0.010262161, 0.007127882, -0.0021521626, -0.022290727, -0.011720691, 0.010017704, 0.006742319, 0.013077116, -3.9015104e-06, 0.008339783, 0.009571518, 0.02223146, -0.023761235, 0.010032612, 0.02183894, -0.0005830754, 0.007225256, 0.014580513, 0.0063739154, -0.012502591, -0.0052336277, 0.007144662, -0.0066531976, 0.0017466032, 0.002424138, 0.015341205, -0.00085810083, -0.0055818004, -0.009721973, -0.00028780955, -0.0045477697, 0.0084351655, 0.0027510624, -0.012458708, 0.0042137196, 0.008900223, -0.0008811514, 0.013303335, 0.0021990275, -0.007734017, 0.004817485, 0.006214248, -0.028251885, 0.022327717, 0.025225995, 0.021404248, -0.021447493, 0.0067396234, 0.012866764, -0.0020036937, 0.0031249158, -0.006158451, -0.005286219, -0.0065251673, 0.016381567, 0.0007730118, -0.010066301, -0.013469665, -0.0011164069, 0.01127542, 0.0023191746, -0.0037188658, -0.0053524207, 0.0023856484, -0.010438955, 0.015197433, 0.020072987, 0.010706254, -0.006349144, 0.01311192, -0.010382657, 0.024258027, 0.00023645443, 0.016293231, -0.012475022, -0.012363867, 0.0031532685, 0.0014609196, -0.0040851505, -0.009257395, -0.0018831711, -0.0071914475, -0.0022088124, 0.0121419495, 0.011579757, 0.022800123, -0.0010846044, 0.0018704098, -0.003302203, 0.0067414236, 0.0043849233, 0.005861537, -0.002841263, -0.005166068, 0.008931119, 0.0011461172, -0.009845735, -0.02232758, -0.0005677372, 0.025977783, -0.012202937, 0.0019164956, 0.0025142182, -0.0033838288, -0.001003164, -0.009831227, 0.0081779435, 0.02428994, -0.009757005, -0.0018754173, 0.00021074277, 0.0043483316, -0.004528074, -0.0022998513, -0.008326804, -0.0044736494, 0.007454812, -0.108896956, 0.0057342956, -0.010361701, 0.016285548, 0.011336358, -0.004851596, -0.017497696, -0.019566653, -0.010271976, 0.007825043, -0.028255474, 0.010862471, 0.011013664, 0.0028704351, -0.007495543, 0.014403759, 0.008935086, -0.0015892542, 0.0059210537, 0.0012524511, 0.0008215806, 0.002619497, -0.009219943, 0.014889993, -0.0076723886, 0.001184034, 0.015441097, -0.008343885, 0.0034984995, 0.0013756906, -0.0045696907, 0.0009998133, 0.0019475999, 0.0046109105, 0.025715038, -0.010200387, 0.0042193662, 0.020216342, -0.12574905, 0.024411721, -0.029823674, -0.0066393116, 0.0033256595, -0.004201119, 0.0009806796, 0.0138615705, 0.005905729, -0.006053613, 0.005336287, 0.00014318283, -0.006712031, -0.0013201104, 0.007922772, 0.0017166486, 0.0058798804, 0.006045558, -0.009075091, -0.0021854432, -0.005110254, 0.018313292, 0.018393222, 0.007846504, -0.0036428282, -0.003227647, -0.011895418, 0.006993038, 0.014197529, -0.0037476122, 0.0048266742, -0.0077757756, 0.003567081, 0.0036520786, 0.011308771, -0.006692338, 0.00216971, -0.0018567394, -0.0064700167, -0.011350688, 0.01409741, -0.0072941566, 0.01629013, -0.007940514, 0.0023042674, -0.0061991336, -0.010184423, -0.00746138, -0.011726811, -0.0014699016, -0.018413607, 0.006091494, 0.0011162305, -0.0040651085, -0.007686582, 0.020793717, -0.004752885, -0.009280346, -0.007103809, 0.02255886, -0.012240718, -0.007836778, -0.0035163967, 0.0010823627, -0.008323835, -0.0071236477, 0.0033890605, 0.00035831402, 0.022380125, 0.018878859, -0.0005951493, 0.008724447, -0.0011295383, -0.011676565, 0.008229031, 0.00010652099, 0.011035653, 0.011909052, 0.001930564, -0.016892817, -0.017008433, -0.0003558515, -0.006826192, 0.025044868, 0.021943362, -0.032797832, 0.009062341, 0.0023639156, 0.0028077404, -0.045365933, -0.002272491, -0.0021084342, 0.0031588846, 0.018923666, -0.0027025875, -0.022191972, -0.0023153883, 0.0029546092, -0.0087112505, 0.00093004445, 0.0032986195, -0.0057523446, 0.005364012, 0.010216793, -0.021209355, -0.02147164, 0.0016734881, -0.012143707, 0.012742985, -0.0069584353, -0.014813999, 0.00024714734, -0.0117024295, -0.0035375936, -0.023307346, -0.0006082341, -0.01838778, 0.014368559, 0.003234461, 0.007636824, 0.016540315, -0.009956127, 0.003118045, 0.0044032056, -0.010212577, 0.009135688, 0.0051589864, -0.003281179, -0.012085665, 0.005191307, -0.010909108, -0.001204379, 0.012285236, -0.017650161, -0.013575055, -0.0077726264, -0.015450022, -0.02599277, 0.019689282, 0.0226566, 0.01107072, 0.019522883, -0.04003652, 0.009675343, -0.006641744, -0.007792866, 0.0063511813, -0.0053108144, -0.004610906, -0.011850831, 0.030657757, 0.0009335082, -0.008201125, 0.017587239, 0.0068456926, -0.02795861, -0.018073894, -0.01598108, -0.010004669, 0.002846424, -0.0027825274, 0.00961971, 0.0025317261, -0.0012935319, 0.0065228236, 0.004122777, -0.0015678295, -0.010270499, -0.003477334, 0.018715065, -0.013898424, 0.009557454, 0.009222218, 0.0028817942, -0.032372426, -0.01134893, -0.009341004, 0.011093279, -0.0012153264, -0.00422833, -0.023736523, 0.012993786, -0.008670695, -0.009713237, 0.0044793123, 0.00492432, 0.012084018, -0.00456434, 0.0143247, 0.009805205, -0.0067194286, -0.014506319, 0.00056996866, -0.00067661086, -0.029033823, -0.0016919101, -0.012874133, -0.03117181, -0.0061324467, 0.01572178, 0.017599514, -0.025309604, 0.011688699, -0.17145424, -0.00377298, 0.008083934, 0.008429028, 0.018355913, 0.029509453, 0.009025286, -0.020013157, 0.010296158, -0.006237407, 0.021476418, 0.010301119, 0.025025833, -0.02448275, -0.0014851535, -0.02222882, 0.018145725, 0.01102435, -0.0013319234, 0.006350791, -0.046198983, -0.0028405054, 0.0037093211, 0.01810528, 0.012878899, -0.0054270113, 0.0027981158, -0.022218267, -0.013264634, -0.00630498, -0.007913802, -0.007982524, 0.00541774, -0.0068166247, 0.0032980295, 0.021242099, -0.013763956, 0.023141187, -0.025557024, 0.010935685, -0.0013084742, 0.007959415, -0.0036126932, -0.010672698, 0.012307661, 0.0031527823, -0.03305325, 0.0055483426, 6.788127e-05, -0.008226473, 0.011041683, 0.009409823, -0.020364137, -0.01736832, 0.0035521276, 0.011660393, 0.008642414, -0.0034530363, 0.020019807, 0.008990361, -0.023865847, -0.0028436251, -0.019351605, 0.0141256815, -0.010406378, -0.022039786, -0.013808602, 0.14507426, -0.00778145, 0.017999329, 0.009562348, 0.014742838, 0.0043359534, 0.006912314, -0.009629013, -0.006152123, -0.014196682, 0.00746493, 0.005024518, 0.01513501, -0.022627795, -0.012551495, -0.0024199865, -0.003937191, -0.0011046138, -0.0011383317, 0.0052984958, -0.02116595, -0.020072531, -0.007518696, -0.008823395, 0.02730947, -0.010552298, -0.014577613, 0.021671629, 0.029756872, -0.0023956976, 0.0071812896, -0.011470229, -0.009947115, -0.00012445054, 0.008792083, 0.005336937, -0.008464508, -0.00226796, -0.015684484, 0.0140480725, 0.022880545, 0.016785752, 0.0020184792, -0.020700017, -0.0037483287, 0.0154687, -0.00768312, -0.0028511668, -0.019302063, 0.011584066, -0.013163902, -0.0056422628, -0.0012121157, -0.01278374, -0.0050926274, -0.018168982, 0.0014039726, 0.019653434, 0.033105046, 0.0059097097, -0.0019818363, -0.016153475, -0.03071547, 0.028385028, 0.0091356365, -0.0030763377, 0.0022052974, -0.020112976, -0.01340587, -0.10542448, 0.019473994, -0.01647382, -0.01620184, -0.006508225, 0.014913397, 0.0033359285, 0.021542681, 0.006162453, 0.0016734685, -0.0057983813, 0.017560992, -0.0073184455, 0.035430636, 0.005130946, 0.005264187, 0.022713333, -0.0073968885, 0.007366552, 0.00672389, 0.02768733, 0.017006882, 0.016289726, -0.008941045, 0.011230134, 0.0051309764, -0.0042960974, -0.0001331923, 0.0055729747, 0.009129735, -0.016609354, 0.02154932, -0.021908656, 0.006076335, -0.031951252, 0.0012966089, 0.012168443, -0.0030237443, -0.037902396, -0.013397025, 0.0035173362, -0.0026629395, -0.015645599, -0.0075064, -0.0003449612, -0.010586588, -0.025035363, 0.011574857, -0.015511041, -0.0025850944, -0.0020322395, 0.0039061566, 0.007795822, 0.0060586235, -0.025972998, 0.021325793, 0.00047808778, 0.010049895, 0.008995321, -0.009785223, -0.0069888774, 0.0016756571, 0.018850058, 0.029942945, 0.002809705, -0.0043540425, 0.0045746923, -0.01059148, 0.020078583, -0.01863493, -0.00456247, -0.006404332, -0.006841808, 0.0004348894, -0.005059216, -0.007015046, -0.020150235, 0.006006339, -0.021490749, 0.015860898, -0.015234591, 0.009818599, 0.010797095, -0.022033835, 0.027919888, -0.03758099, 0.03753576, -0.007437978, -0.022859657, -0.0014090932, -0.004491033, -0.015437336, 0.0057113175, -0.012894602, -0.0115132425, -0.017416336, -0.0020762142, -0.021999475, 0.017693764, -0.0015606332, -0.0040878775, -0.0065958044, -0.027227791, 0.0011678553, 0.010068799, -0.013754697, 0.004770721, -0.0033169333, -0.0096549615, -0.013306276, -0.001726986, 0.0022789089, -0.010988144, 0.0059310445, 0.018856676, 0.014418759, 0.0080421725, -0.013262559, -0.013703927, -0.017460613, 0.011385184, -0.0035025016, 0.007330615, 0.0030744832, -0.0015968095, -0.004653958, 0.0024073962, -0.005292468, -0.011318839, -0.010055679, 0.014789407, 0.0010785233, 0.0077762087, -0.008430617, 0.020993344, 0.024037218, 0.0060810787, 0.0013106242, 0.0015766419, -0.004230035, -0.01514164, 0.027539225, 0.018977523, 0.013176894, 0.0077324416, -0.0053363005, -0.02536628, 0.0018331502, 0.0056317034, 0.0011436224, -0.0046164803, 0.0066479733, -0.0019916068, -0.015436923, 0.0031645487, 0.0022744378, -0.0014826937, 0.0055420334, 0.0019405514, 0.0119656, -0.018793589, -0.013566151, 0.006427005, -0.019575868, 0.031420205, 0.00032733812, 0.0008065213, -0.014776001, -0.034451384, -0.02715104, 0.010622129, 0.0070615252, 0.020920254, -0.022910947, -0.010461101, 0.010092197, -0.0067105875, 0.0066591525, -0.005440776, -0.06467501, 0.0131268, -0.00720908, -0.0061679017, 0.011527401, -0.005630904, -0.017937124, 0.01361483, 0.006888798, -0.0056593404, 0.0049224533, -0.015278464, 0.0101964185, -0.0052960184, 0.026217695, -0.016414437, 0.0038282569, 0.0030512966, -0.010290774, 0.005376094, -0.0018564983, 0.0133896265, -0.0126279, 0.01333541, -0.0042638457, -0.022381121, -0.0014281977, 0.008054022, -0.0015049716, 0.015536538, -0.012442616, 0.00025046966, -0.00999495, 0.010415745, -0.025633965, -0.0009429646, -0.0195054, -0.012460261, -0.009489464, -0.06089298, -0.018428745, 0.010904247, -0.06293873, -0.0013817362, 0.01270565, 0.0013957045, -0.005873826, -0.004635667, -0.0071717678, 0.005161816, -0.0050036553, 0.009304356, 0.004946642, -0.0054918895, 0.016315013, -0.009392986, -0.001850957, -0.008790196, -0.011655944, -0.0047824066, -0.0016319029, -0.0098740505, 0.003331404, -0.0051612644, -0.0048560603, 0.023294624, 0.015101349, -0.0038897728, 0.0021373753, 0.017372655, -0.0036304242, -0.0047455807, 0.022780668, -0.014191831, 0.029423783, -0.016771017, 0.019602736, -0.025135538, 0.011788949, 0.013470309, -0.009924867, 0.011516572, -0.012282594, 0.045135103, -0.01113853, 0.0064887553, -0.009984221, -0.10033086, 0.00092545844, 0.0019859674, 0.0036786818, -0.036890995, 0.018794436, 0.011947146, 0.06326602, -0.0021500352, -0.014294519, -0.020352893, -0.010727648, 0.0095142955, -0.017272873, -0.0031294974, 0.02144917, -0.027543576, -0.001909067, -0.005616323, 0.005731399, 0.0046735452, -0.0049057985, -0.012867227, -0.0032443644, 0.016809477, -0.05380657, -0.0003834224, -0.004109882, -4.203626e-05, 0.020767283, -0.023565859, -0.009297172, -0.0055249333, 0.013985935, -0.0056185555, 0.0060568005, -0.02560988, -0.0013074987, -0.010673902, 0.0013360713, -0.0021500294, 0.009614706, 0.009553782, 0.0009859963, -0.011138541, -0.002164138, -0.016233267, -0.017400451, 0.015527326, -0.014392119, -0.019206332, -0.023253221, 0.028348751, 0.0025612814, 0.001618935, -0.004426386, -0.0025532106, -0.0516199, 0.025240522, -0.0007229875, 0.020912094, 0.018924363, -0.012495455, -0.010268504, -0.024425643, 0.016025385, -0.009606438, 0.0051836055, -0.020309085, -0.008056819, 0.008805626, 0.010829904, 0.020415956, 0.009971641, -0.025239514, -0.018215947, 0.01980984, 0.01773449, -0.020435473, 0.011821297, 0.01745452, 0.0018885472, 0.007295292, -0.006619171, -0.0049748328, 0.012938671, -0.013897702, -0.02317454, 0.009093615, 0.0034436388, -0.0044609657, 0.007988586, -0.015047985, 0.016950792, 0.019679913, 0.00026824098, -0.004285745, -0.012156156, -0.001632845, -0.02068916, -0.010962931, -0.0067653507, -0.023462914, 0.0035446256, -0.00408134, 0.0011946433, 0.011577886, -0.016238686, -0.0021958982, 0.016090808, 0.014433286, 0.014243756, 0.011247636, -0.0034659689, -0.012268578, -0.0031689745, 0.007710906, -0.012448516, 0.0056994404, -0.0212997, 0.023592921, -0.013207802, -0.00026172234, -0.024663404, 0.01700082, -0.018555736, 0.011169418, -0.010476741, 0.0043560206, -0.007452163, -0.009724716, 0.023536379, 0.0053575276, 0.009363565, 0.0057756505, -0.0059284973, -0.0021525992, 0.0026174544, 0.009063159, 0.003991612, 0.02773489, -0.0043645883, -0.008888643, 0.009751133, 0.009578453, -0.008713315, -0.0088505, 0.0036114445, -0.019903705, -0.009695981, -0.0068882545, -0.00069273566, 0.029635616, -0.013201482, -0.03319467, -0.006853395, 0.014347507, -0.015982721, 0.0093819965, 0.00846328, 0.0051853377, 0.00013327405, -0.008563088, 0.0068228017, -0.008895341, -0.016648369, -0.016666843, -0.013256923, 0.015372513, 0.011013962, 0.006472142, -0.01043891, 0.019753167, -0.0139125725, 0.03369641, -0.028382195, 0.005901811, 0.05441795, 0.002569517, -0.014626149, 0.013676881, -0.013635773, -0.028666992, 0.022697845, 0.02186607, 0.007818594, 0.00029556965, 0.0008786083, 0.0020513928, 0.018128691, -0.012881209, -0.022775406, -0.0023132586, -0.018372122, -0.025276272, 0.0028662016, 0.005684772, 0.013652966, -0.0041783247, 0.016332489, 0.014439014, -0.01345173, -0.0073281657, -0.025815481, -0.018091375, 0.025264638, 0.0069417986, 0.012242281, -0.015331572, 0.008339358, -0.012941891, 0.014998765, -0.010605194, 0.017184071, -0.008505948, 0.02776063, 0.0053108707, 0.01807605, 0.0042329943, -0.0017416143, 0.005803651, 0.019251622, 0.01236396, -0.011697607, -0.021172436, -0.0144735705, 0.0003782785, 0.010688902, -0.029002778, 0.011102867, 0.012192731, -0.007347673, 0.025485273, 0.010001477, -0.0033961826, -0.0038837646, -0.013798372, 0.008800124, -0.0038958832, 0.00091224525, 0.030825758, -0.00064961787, 0.02049368, 0.012359903, 0.0015425397, -0.03174641, -0.03230572, 0.0056416686, -0.011543843, 0.005260596, 0.008837683, -0.0035463278, -0.0067454837, 0.0053626155, -0.0009765845, 0.013214242, 0.0083258, -0.0047617042, -0.010546665, 0.00022701388, -0.016949378, 0.0056929993, -0.01624422, 0.0195202, 0.009008289, -0.008131636, -0.0024635678, 0.010234167, 0.009497362, 0.0019324968, 0.012184893, -0.009896098, 0.010648675, -0.020943401, -0.010990387, 0.006362552, -0.028214812, 0.010630677, -0.0030218915, 0.015760742, 0.02673844, -0.012674539, 0.007051686, -0.004875366, -0.00441138, -0.015673053, 0.012972507, -0.012854091, 0.0025586055, -0.0069926893, 0.019069634, -0.015870852, 0.009774431, -0.0007206798, -0.0369703, 6.0934683e-05, -0.015237468, -0.00863154, -0.003263204, 0.00951948, 0.019758953, -0.008729525, -0.0060140355, 0.0003488373, -0.005698387, 0.012050197, 0.028878352, -0.002826168, -0.0031083492, 0.017848358, -0.0014954627, -0.0059345774, 0.017225968, 0.010604786, -0.047176033, 0.0057634925, -0.0002546119, -0.015669147, -0.014946122, 0.02773336, 0.007652771, 0.005036303, 0.009583685, -0.007146297, 0.0021793542, 0.0049252734, 0.0103228465, 0.012125034, -0.02077404, 0.023906453, -0.023037152, 0.00949023, -0.008620404, -0.007880623, -0.013029756, -0.0030491115, 0.0038530445, 0.010995102, -0.007771062, 0.00862933, -0.0022858065, 0.0134838335, 0.009595464, -0.008859319, 0.010366207, 0.01627555, 0.002890457, -0.011851393, 0.018077714, 0.010493359, -0.007482888, -0.002105439, 0.009985599, 0.00570282, -0.010399913, 0.009563287, 0.019466624, -0.0076457565, 0.006076085, -0.015499124, -0.003373866, 0.014032153, -0.0040837335, 0.014781542, -0.0075245774, -0.010511964, -0.0058505456, -0.012420433, -0.00018891116, 0.010341854, -0.010163584, 0.01073376, -0.015138921, 0.021616787, 0.0148357535, -0.00829164, -0.011313324, -0.005407409, 0.017090058, -0.023583991, -0.030108416, -0.0017897874, -0.009232596, 0.002794977, 0.002708597, -0.0050712004, 0.00812053, -0.003344483, -0.016134562, -0.016173763, 0.015612029, -0.013656542, -0.020144813, 0.012219833, -0.007078539, -0.0067108674, 0.0062005585, -0.0058992025, 0.004961394, -0.002984905, 0.000996062, -0.016298424, -0.007912791, -0.0015707925, 0.004875293, 0.011357229, -0.00021508634, 0.009034495, 0.006860898, -0.0122260945, -0.0013545299, -0.004137133, -0.0041103438, -0.01912721, 0.008082819, 0.033388164, 0.0021266683, 0.017427482, -0.010720095, -0.010877067, 0.011075899, -0.0021710196, -0.017705306, -3.8169408e-05, 0.013191216, -0.0026903441, -0.0010286671, -0.0028633545, 0.0027626532, -0.00712304, 0.0035787674, 0.004999707, -0.005739932, 0.024018519, 0.009527253, 0.02044205, -0.029388359, 0.014067723, 0.011825409, 0.029995944, -0.000769994, 0.01583882, 0.010600783, -0.015093878, 0.0043654004, 0.0064964453, -0.025751295, -0.009145803, -0.00913012, -0.0116884345, 0.012233893, -0.013670031, -0.012835732, -0.025771553, -0.023792963, 0.003018217, -0.010748451, -0.02296745, 0.005587965, 0.023881866, 0.010244455, -0.009027192, 0.008025576, 0.00888525, -0.011568832, -0.010183763, 0.0020458493, 0.013648833, -0.011421605, 0.021944828, -0.020634921, 0.0008885834, -0.03963173, -0.0005436834, -0.021640616, -0.011816238, 0.019675642, -0.011484778, 0.022290548, -0.027743507, 0.0003621251, 0.010215417, 0.009131792, 0.026456034, 0.010767269, -0.0018441515, -0.0060557136, -0.048852555, 0.025218086, -0.0144283455, -0.00063347106, -0.015268293, -0.005649177, -0.04093272, -0.005744183, -0.01353169, -0.0036362333, 0.0010154181, -0.009929569, 0.01220717, -0.013187365, -0.012633495, 0.020733481, 0.0036762403, 0.019445576, 0.009165434, 0.013330678, 0.023532568, 0.0031957333, -0.03284241, -0.012324551, -0.0012892808, -0.0029265273, 0.012124396, 0.013597647, 0.0044430336, 0.007259272, -0.0020610387, -0.028926838, 0.009269704, -0.010023831, -0.0037856179, 0.0076886932, -0.0092408545, 0.008590071, 0.006148445, -0.005738121, 0.028535236, 0.0011998886, -0.0035491223, -0.0064645824, -0.00331266, -0.010186445, -0.01158951, -0.011990776, -0.00922778, 0.00324205, -0.0009413186, 0.022101311, -0.014189178, 0.0023382772, -0.008979794, 0.0015916945, 0.00035610955, 0.007789494, 0.00057150255, -0.00962215, 0.0041420204, -0.041791968, -0.013448746, 0.0049588755, -0.00016924049, -0.010699569, -0.013568782, -0.02325046, 0.017848825, -0.019927109, 0.018699989, 0.01101072, -0.008046227, -0.0072296187, 0.004057784, 0.0010375232, 0.00012446145, -0.0004883356, 0.011296679, 0.007189091, -0.009347424, -0.0021745642, -0.025527176, -0.025356812, -0.0009783913, 0.03269716, -0.0060287924, 0.016602293, 0.0032115323, 0.022524849, -0.037136324, 0.0038564545, 0.013787328, 0.0013396243, -0.0026449393, 0.0031041813, 0.02276074, -0.01696136, 0.0042937943, -0.01005047, -0.0114886165, 0.0122465, -0.025764238, 0.024446068, -0.0028689287, 0.0166622, -0.0076742554, 0.012238971, 0.0052030385, -0.018555043, -0.015557787, 0.0076725534, 0.018865298, 0.0035180647, -0.031806525, 0.016822577, -0.009210998, -0.0112527525, -0.01395031, 0.02031396, 0.02882033, 0.0039287503, -0.003453896, 0.01931834, 0.037169557, 0.0034926562, 0.023168778, 0.0019011457, -0.030319002, 0.0038548242, 0.0073626856, 0.015666418, -0.001780889, 0.00511167, -0.010602998, 0.00050979917, 0.004088286, -0.007556579, -0.0011538062, 0.008660476, -0.024926635, -0.032464907, -0.0007245328, -0.009722911, 0.010259929, 0.0015811812, 0.013120843, 0.0038869905, -0.011285569, -0.009163979, 0.018648751, 0.004115761, 0.01522927, 0.010937768, -0.0075991116, -0.00096966245, -0.00677169, 0.0026965053, -0.0095870625, 0.015440074, 0.023709217, -0.0017193444, -0.0058046393, 0.009985238, -0.013155443, -0.00010203295, -0.018626884, 0.011778754, 0.013000732, -0.0012545347, -0.0065844823, 0.014747224, 0.015546297, 0.012116608, 0.010898963, -0.028522417, 0.01054416, 0.009107463, 0.016856628, 0.005182143, -0.022338549, 0.009321108, 0.0099646095, 0.003544119, -0.0016147187, -0.013517318, -0.0033534786, 0.03074399, 0.011014278, 0.001229566, -0.012690159, 0.023564052, 0.011015335, -0.02491911, 0.010512051, -0.016770838, -0.0044850893, 0.0053442805, -0.015702438, 0.16668671, 0.12629095, 0.008468731, 0.0052201403, 0.010130239, 0.031178674, 0.0029756685, 0.015074348, 0.006560018, -0.007949734, -0.022057528, 0.0039244206, 0.03236404, -0.015615133, 0.008188928, -0.011226229, -0.0011002985, -0.0057799867, 0.004956726, -0.0020368088, -0.012842454, 0.012529542, -0.008184009, 0.0018069508, -0.033132292, 0.012390156, -0.008106412, 0.000410389, 0.010921243, 0.0020686218, -0.013732338, 0.013287008, -0.003042008, -0.01152901, 0.0035011354, -0.00023035449, 0.013016718, 0.009282487, -0.004793087, -0.012522731, -0.008797518, 0.015961856, 0.005097251, 0.011573765, -0.0020269218, 0.00014803513, 0.024807539, 0.01849355, -0.009323841, 0.02333152, -0.002621705, 0.015534325, 0.0014840412, -0.00504942, -0.021633271, 0.008535614, -0.023236478, 0.012039893, -0.0051324773, 0.0046634097, 0.030891385, 0.00024579818, -0.023338927, -0.01096051, 0.004341178, 0.013952829, -0.0095634125, 0.0012315934, 0.00019085193, -0.012919918, -0.002124035, 0.024853757, 0.01558861, -0.002189572, -0.0071427287, 0.021021701, -0.0027577463, -0.016912812, -0.009673182, 0.0025196006, -0.011931546, 0.015443468, 0.03443679, -0.00047489448, -0.013098823, 0.020145295, 0.009733374, 0.028167168, 0.12011892, -0.0026871462, -0.0013666053, -0.009560936, 0.019446356, 0.017667519, -0.003263195, 0.057938077, 0.0007542267, 0.0065427506, 0.033210125, -0.008908917, 0.006825941, 0.00088714325, -0.000662753, -0.0030529834, 0.021603756, 0.04424513, -0.0015780135, 0.0027140402, -0.013781651, 0.010942584, 0.01090625, 0.0037179668, 0.0021632607, 0.00557392, -0.006808202, 0.00069687335, -0.0338219, 0.013408412, -0.10514802, 0.01741333, -0.014644469, -0.0016598231, 0.017862303, 0.014206769, -0.028473437, -0.016823122, -0.00038378514, 0.0108675575, -0.0106691625, -0.019724948, -0.0027807555, -0.020038383, 0.006043284, -0.0076908674, 0.011041407, 0.004368189, -0.0010158385, 0.0013116534, 0.0040835226, 0.01787634, -0.02220172, 0.02052918, 0.005823247, 0.013866344, -0.018651232, 0.0010844282, -0.0010719391, -0.010764859, -0.004852971, 0.003067174, -0.014210284, 0.015403379, 0.011770894, 0.0071032373, -0.01997126, -0.004511877, 0.021829294, -0.027533798, -0.004658507, -0.015219183, -0.006775285, -0.025795773, 0.025047988, 0.011347238, -0.0052198255, -0.024299374, -0.007746649, -0.0060656816, 0.025056109, -0.0071683014, -0.002824072, 0.0050662053, -0.0027401915, 0.024596168, -0.008210436, -0.00572969, -0.006417126, 0.0073562884, -0.00012530547, 0.021739235, 0.0076460964, 0.012647635, -0.0008702757, -0.0017051039, -0.0031356595, -0.024414709, 0.008952025, 0.010398509, -0.004293307, 0.0041579963, 0.0013005886, 0.017342625, -0.01304048, 0.0062207254, -0.018808814, 0.002220463, -0.01252981, -0.01130768, 0.0115359705, 0.015609013, 0.0045859558, 0.10813847, -0.009205231, 0.013765631, 0.0059043807, 0.01710646, 0.030802388, 0.014056741, -0.008275393, 0.001042853, -0.005433856, 0.00069758645, -0.0003535894, -0.0044868514, -0.006498824, 0.0016277407, -0.014331602, -0.007639242, 0.010921342, 0.0065766256, -0.020240223, -0.018908791, -0.001660273, 0.036624942, -0.0014732103, -0.0045094052, 0.008359468, -0.00031642354, -0.011301041, -0.023342516, 0.0035914935, -0.0065931897, -0.0036854518, 0.00090773706, -0.0046334136, -0.010981391, -0.004256963, -0.0021592644, 0.0117842425, 0.024120117, -0.026493847, -0.0089407, -0.008073416, -0.003482289, 0.024055475, -0.020159446, 0.19274352, -0.015641414, 0.0131736025, -0.02771313, 0.0018266045, -0.0019794642, -0.011479083, -0.0029982363, -0.007333204, 0.0021059997, -0.003750882, 0.020261073, -0.014583032, 0.0060523483, 0.009717476, -0.0062279576, 0.0038031435, 0.03095478, -0.011655728, 0.01928647, -0.00682009, 0.020482978, -0.011678954, -0.004258602, -0.00250228, 0.01140976, -0.0026377488, 0.007258405, -0.018366728, -0.0061462694, -0.017834537, -0.01696775, 0.01071421, -0.012470374, 0.016854657, -0.005455077, -0.002512743, -0.013202091, 0.009649687, -0.012510953, 0.0027391003, 0.022093605, -0.019229794, 0.020822821, 0.0049770777, -0.012764825, 0.0067972424, 0.0057683922, -0.027070347, 0.0034903514, 0.011323628, 0.009504905, 0.007937166, -0.0027184254, 0.0034785417, -0.011466892, -0.02386897, -0.0033643635, 0.021721799, 0.022012763, -0.0042925607, 0.0020083222, -0.0138189485, 0.006972412, -0.0031453033, 0.008261923, -0.021862302]"
Archivos secretos de policia,https://oem.com.mx/elsoldemexico/img/25269838/1755448826/BASE_LANDSCAPE/1200/image.webp,no especificado,La Prensa y El Sol de San Luis recuperan la rica tradicion de nota roja en Mexico en este podcast con acontecimientos que conmocionaron a la sociedad,https://oem.com.mx/elsoldemexico/metropoli/archivos-secretos-de-policia-25269938,"[0.016936023, 0.009432062, 0.013390737, -0.06704209, -0.01775656, 0.026830714, -0.005204281, 0.048724566, 0.005917726, 0.001223398, -0.007265725, 0.014605787, -0.015611455, 0.0074115857, 0.12127164, 0.004412133, 0.011769913, 0.00331011, 0.0025794331, 0.0058668954, 0.0025682678, -0.019192794, 0.0038976814, -0.019943291, 0.011997, 0.0073243086, 0.031026702, -0.009474551, 0.01579409, -0.007511353, -0.004899987, 0.012138036, 0.016425204, -0.0072271577, 0.00022417466, 0.0013140208, -0.011937311, -0.024560543, 0.007186171, 0.013237697, 0.015450636, 0.028832996, -0.029885015, -0.0070012556, 0.016671913, -0.016825203, 0.008985591, 0.0042546303, -0.015590303, 0.02790503, 0.012271525, -0.020818852, -0.004830495, -0.16701059, 0.0049480475, 0.0006361388, -0.012581455, 0.013627196, -0.004652291, 0.003613814, -0.010708516, 0.02961831, 0.0022572954, -0.04020808, -0.005146851, 0.009033442, -0.011193308, 0.006811406, -0.035866853, 0.004629209, -0.007414013, 0.036448207, 0.006868516, 0.0009576124, 0.029045878, -0.010211137, 0.0008819288, 0.01326619, -0.003401585, 0.004952435, -0.019315591, -0.008891913, -0.024353247, -0.024064705, -0.038084835, 0.0074437754, 0.005934403, -0.019261774, -0.026280051, -0.005348013, 0.012899909, 0.020018393, 0.0297003, -0.00926164, -0.0011251319, 0.016559869, 0.022798127, -0.012493777, -0.0035620932, -0.006223307, -0.011206311, -0.00075677346, -0.019456146, -0.007956108, 0.017012762, -0.0071455142, 0.006356688, 0.011592973, -0.037573215, 0.020726888, 0.0070337374, 0.009145206, -0.023520889, 0.0010728792, 0.004088395, -0.118099235, -0.004240057, -0.040451456, 0.011831282, 0.009517863, 0.0012049025, 0.0067251897, 0.006684748, 0.009641575, -0.011646852, 0.0042165276, 0.0006835163, 0.021782784, -0.006078937, -0.013689348, 0.0029239487, 0.010013301, -0.0021303522, -0.019808933, -0.0055042645, 0.024955604, -0.01771173, -0.0128096035, -0.011069293, -0.02111886, 0.005006488, 0.00970583, 0.019863479, 0.009891018, 0.011063081, -0.015922034, 0.009497806, 0.0020009654, 0.008541395, 0.018553395, -0.000640526, -0.02198901, 0.013930115, -0.0016144505, -0.017968902, -0.028359756, -0.011790277, -0.016132344, 0.012975077, 0.025023853, 0.019759122, 0.005776176, 0.0068308846, 0.018226786, 0.018144917, 0.01681893, -0.0146328285, 0.025402125, 0.0028607429, 0.009104135, -0.0132912025, -0.003677842, -0.028391859, -0.02227944, -0.0154629, 0.029832724, -0.03243937, -0.014937711, 0.022237046, 0.006925454, 0.0046005584, 0.014925654, 0.004969537, 0.031390954, -0.026025698, -0.028569292, -0.030905277, 0.0047482126, 0.003883924, 0.0013891316, -0.036646694, -0.014600847, 0.025436608, -0.034518473, -0.012119443, -0.0036699295, -0.0041396474, -0.006087593, 0.032437433, 0.002543097, 0.041089945, -0.025017537, -0.004219226, 0.005738698, -0.0033270386, -0.0051374724, -0.023858825, -0.029961566, 0.022167008, 0.0026541925, 0.007556092, 0.012223245, 0.0046625114, -0.031186048, 0.022405129, -0.031052446, 0.00074751896, -0.0062374473, 0.015861636, -0.02797723, 0.0123547595, -0.033793706, -0.012629502, 0.035873566, -0.022470603, -0.0057605784, -0.009474075, -0.0018192291, -0.00029929058, -0.017102841, 0.018657433, 0.028171035, 0.011814134, 0.019043826, 0.021262806, -0.021529252, 0.016048022, -0.017767299, 0.014477066, 0.0031395603, 0.02542216, -0.013006076, 0.001652973, 0.011896915, -0.04195696, -0.0079400875, 0.010111255, 0.012187508, -0.006740283, 0.02525581, 0.017128004, -0.009957648, 0.003333974, 0.022843925, 0.0017989934, -0.0018842225, -0.0074939574, 0.018493822, -0.013901325, -0.00196657, -0.013933364, 0.0050102496, -0.0066756075, 0.013177918, 0.00297376, -0.00562473, -0.008096971, -0.0007111458, -0.022533169, -0.013363369, 0.012635087, 0.036803152, 0.0072575537, 0.0049644783, -0.017923446, 0.0030440579, -0.07145945, 0.023838919, 0.0017679895, -0.012552561, -0.0036691758, 0.003579468, 0.008607502, 0.0034791387, 0.024678253, -0.0009489599, 0.03641457, 0.0053229704, -0.0056423303, 0.0024288858, 0.0010953158, 0.008318084, 0.018444741, -0.01651002, 0.009448847, -0.0009373748, 0.008517591, -0.017463734, 0.01934446, -0.006850302, 0.029284924, 0.004106827, 0.0012472253, 0.0572203, 0.047053922, -0.03066276, -0.0037757477, -0.017617436, -0.0073079816, 0.005408933, 0.026632274, -0.0098849265, -0.011400294, 0.0026099933, 0.005372997, -0.0046725688, 0.021022812, -0.014724814, 0.0023685237, 0.00792926, 0.020468466, -0.013298463, 0.014759071, -0.017954892, 0.002016872, -0.013085955, 0.0049685244, 0.0069269612, 0.01947379, 0.0031292199, -0.012370297, -0.018918013, 0.002778771, 0.008187344, 0.010035794, -0.017166229, -0.008695444, 0.00424103, 0.00981778, 0.02037025, -0.008758927, 0.003324346, 0.017389314, 0.02217299, -0.027429484, 0.023020657, 0.0022371875, -0.008902037, 0.0036276616, -0.042221706, 0.014460917, 0.014005928, 0.0021765193, 0.02732796, -0.0011626126, 0.009005017, -0.010867439, -0.006223021, 0.0063262093, -0.016672885, 0.037380382, 0.033348337, -0.0016807561, 0.018649384, -0.012553549, 0.004354507, -0.00760681, -0.011583115, -0.010270328, -0.0010145063, -0.008992748, 0.026163567, 0.0038304804, 0.009175449, -0.009932514, -0.004756995, 0.0043990584, 0.0029164925, 0.021742893, -0.001628249, -0.0056467326, -0.02591746, 0.03033808, 0.01400591, 0.002574708, 0.01627764, 0.016953865, -0.014263621, 0.0368193, -0.0030726863, -0.0147672985, -0.013941582, -0.008232078, -0.010287456, -0.02531171, -0.011964072, -0.012465404, 0.0017166912, 0.0033568083, 0.030393964, 0.0062323376, -0.006646399, 0.009658012, -0.00862442, 0.0029940964, 0.004645803, -0.016214216, -0.031124454, -0.007527696, 0.017930407, 0.00900204, -0.024918184, 0.00761086, 0.013884884, 0.016164452, -0.0011094473, -0.014428401, 0.0078284005, 0.009895178, 0.0031998951, -0.024823051, 0.014970865, -0.010828603, 0.00999882, -0.022422329, 0.03833297, -0.025186667, -0.048674323, 0.021901986, -0.0009981035, -0.027046753, -0.0064202324, -0.015205366, 0.013152481, -0.020821592, -0.033974454, 0.015034363, -0.004537593, 0.014377432, 0.0032139604, 0.011053458, 0.004510835, -0.000530132, 0.018793393, 0.0315576, 0.005423041, -0.03015455, -0.0122513445, -0.027370801, -0.002933793, 0.0128701655, -0.0058921804, 0.025055617, -0.008541653, -0.01865917, 0.010633637, 0.027634233, -0.017517988, -0.0027950036, -0.01240381, -0.0012095142, -0.045146987, 0.034130793, 0.0063683237, -0.014004517, 0.002417016, -0.03169418, -0.014070393, -0.0061024628, -0.02785124, -0.03009234, -0.016195953, 0.0075254044, 0.04181592, 0.0013687684, 0.024300443, -0.0032537328, 0.0050322944, 0.00054364343, -0.023782188, 0.024754265, -0.0354175, -0.008660425, -0.0039569885, 0.0103292, 0.010715453, -0.0019381493, 0.03326357, 0.009569517, 0.010105035, -0.008354008, 0.023115946, -0.013814551, 0.0012629456, -0.00804985, -0.033843495, -0.013512433, -0.025096241, -0.027911186, -0.0048435666, -0.010083895, 0.047443744, 0.018655304, 0.0011029703, -0.021924369, 0.0034468642, 0.0076768245, 0.014436784, 0.02272257, -0.0087076565, -0.009973516, -0.006891758, 0.018968323, -0.0030556016, -0.01537642, 0.018929556, 0.008486136, 0.03471595, -0.014522201, 0.024942173, -0.010455231, 0.0034298464, -0.00450932, 0.015597875, -0.0067704353, 0.00956099, 0.019608365, 0.008673155, 0.0067144767, -0.01600105, -0.024133176, 0.032216717, -0.0101326965, -0.006057083, 0.0130854305, 0.011636862, 0.0028030858, 0.02281046, 0.01644156, -0.010595512, -0.035334107, -0.027786339, -0.018310707, 0.01878713, -0.0031236305, -0.07301645, -0.0191728, -0.016585842, -0.0077271094, -0.004241244, -0.011549158, 0.032746702, -0.019082481, 0.023700079, -0.018575167, -0.024738003, 0.000619495, 0.0063244845, -0.005580688, 0.01126054, -0.028851358, -0.03296853, 0.01928563, 0.025559211, -0.020278957, -0.006850791, 0.012225675, 0.0012630001, 0.007932777, -0.0076159732, 0.005359332, 0.011236783, -0.0143696545, -0.027017308, 0.0070091435, -0.0033281404, 0.0021357299, -0.0013465984, 0.036348436, 0.002438529, 0.0041749952, -0.033707652, -0.023610735, 0.0276928, 0.012509883, -0.0008087561, -0.01676191, 0.021297745, -0.005896382, -0.046154287, 0.01699311, 0.014153672, -0.0013574279, 0.0040144646, -0.026568143, -0.016977863, 0.012609878, -0.014716389, -0.027357984, 0.010293364, -0.01905426, 0.0022136073, -0.009484424, 0.0029559468, 0.015169186, 0.0013703244, 0.0075414767, 0.00953295, -0.00742803, 0.008026315, -0.0011140612, -0.034928124, 0.00823259, 0.0015569968, -0.007121347, 0.015827958, 0.0003638312, 0.022832735, 0.012648181, -0.004062403, 0.031217465, -0.01832835, 0.020817462, -0.009475771, 0.011162573, -0.013691991, 0.035654012, -0.09144696, -0.004718939, -0.0053633777, -0.0049921507, 0.0031472049, 0.0036612393, -0.020772245, 0.002292972, -0.014832431, 0.013415144, -0.02276714, 0.020474017, -0.027926352, -0.025661755, 0.003459414, -0.0031705596, -0.013498282, 0.011198386, -0.0059352834, -0.020791672, -0.015266478, -0.018687662, -0.0066740885, 0.0053462675, -0.005413882, 0.012112349, -0.00451515, 0.01959356, 0.016563058, -0.017108949, 0.0034310236, -0.14671437, -0.02600222, 0.033471268, 0.0043933005, 0.008290407, 0.023821423, 0.020808754, 0.0121346675, 0.019740198, -0.005941867, 0.010069685, -0.025583774, -0.019526936, -0.012186507, 0.029589165, 0.109617904, -0.01876268, 0.021500846, -0.0029746415, -0.021667175, -0.0073893913, -0.010103711, 0.0010125434, -0.014060046, 0.01170818, 0.03914957, 0.017307485, -0.012831183, -0.019583477, 0.012121606, 0.038068574, 0.013115218, -0.00677231, -0.0095331045, 0.00620392, -0.011310363, 0.013434458, 0.006870144, 0.024765363, -0.012194204, 0.032059032, 0.0055133905, -0.021755733, 0.011418579, -0.004748098, 0.018681975, 0.030523658, -0.0067036003, 0.0014857354, 0.00674947, -0.005043646, -0.07030842, 0.034388673, 0.032543045, -0.0021673336, 0.039663363, 0.022215543, 0.012425317, 0.005627615, 0.019231485, 0.007425434, 0.018054135, 0.024191232, 0.0089675635, -0.017077757, -0.020234548, -0.018654088, 0.021521023, -0.004634492, 0.022446984, 0.002002947, 0.0016913826, -0.00935723, -0.04846304, -0.00026223168, -0.002818758, -0.013466882, -0.011168821, 0.04400758, -0.005867698, 0.006831435, -0.0049179015, -0.0016906186, 0.008455082, 0.0116454195, -0.012853237, -0.0048864395, 0.027900552, -0.008936528, 0.009330345, 0.0017913613, 0.012635018, -0.0026489524, 0.0027460495, 0.027061163, 0.014898419, 0.013520972, 0.007780161, 0.0037004566, 0.01267448, -0.0064515625, 0.011445762, -0.011389923, 0.004363774, -0.006074524, 0.017565114, -0.008372814, 0.020727288, 0.011036636, -0.0021474983, 0.0038196577, 0.011531464, 0.01187469, -0.0032633666, 0.004442334, 0.010680443, 0.015589721, -0.014522367, -0.0027738481, -0.024587998, -0.0020928462, -0.009131402, -0.010210773, -0.00063381053, 0.003852841, -0.0032140512, -0.0008207641, -0.015697664, 0.0062776245, -0.044746373, 0.0020983196, -0.0051811654, -0.014006463, -0.0005372923, -0.0037403968, -0.015651567, 0.013202978, 0.003260378, 0.01640551, -0.016319644, 0.010754318, -0.007817372, 0.0045094765, -0.008864878, 0.00375061, -0.016014267, -0.007231258, 0.0060689105, -0.014256087, -0.009546482, 0.016944205, -0.007622582, -0.00023507387, -0.0019516282, 0.0051480057, 0.009407725, -0.0005335664, 0.011043626, 0.020223951, 0.0014650526, 0.010515079, 0.0042295065, 0.005900803, -0.0022830172, 0.0078283055, 0.014352448, 0.009777055, -0.02218594, 0.0034665875, 0.017468002, 0.0072844326, 0.00070514565, -0.005582686, 0.014131789, -0.0028631154, -0.007944002, 0.0035274106, -0.0018181782, -0.017694168, -0.0003593997, 0.01838935, 0.0056076236, 0.016707245, 0.014124389, 0.011799021, 0.0059660994, -0.0056069354, -0.01972608, -0.0018575822, 0.0071051987, -0.00088490226, -0.01587588, 0.033511005, -0.0067101936, 0.0136498185, 0.00085964275, -0.0010449628, -0.00047018248, -0.0024798855, 0.008880874, 0.004622236, -0.014918076, -0.011638494, 0.012861203, -0.0057348614, 0.006504383, -0.0029856556, 0.010760391, -0.0081674475, -0.008799447, -0.006715558, -0.006700575, 0.008687801, 0.0047051087, -0.007304955, 6.0654238e-05, 0.00018897447, 0.0017110467, 0.008956895, 0.007867493, -0.01910521, -0.016654896, 0.016920025, -0.00567405, 0.00539076, 0.022220569, -0.0045513967, -0.005391481, 0.0016523481, 0.016639844, 0.0020061217, 0.0046418947, 0.032728113, -4.895097e-05, 0.0044205105, -0.021711567, 0.017579898, -0.01095046, -0.0021310744, -0.016993135, 0.004016499, 0.0011583413, -0.0008284457, -0.0048290277, 0.014274794, -0.0072114696, 0.0057555903, 0.002409375, -0.00050849334, 0.009317213, -0.012163456, 0.004727569, -0.0016435413, 0.0071572014, 0.007266358, -0.016949067, -0.013875002, 0.027796863, 0.008106481, -0.00632747, -0.009489049, 0.008637694, -0.010265802, 0.0116115175, 0.0008209467, 0.013771138, 0.00082452805, -0.005133954, 0.011486795, 0.020458758, -0.004369177, 0.023885563, -0.0075840834, -0.009210909, -0.015251912, 0.014376994, -0.027224472, -0.014917919, 0.009650493, -0.0153538855, -0.004812719, -0.0026995274, -0.026170248, -0.0061166426, -0.0038723084, 0.0029510462, 0.014927079, 0.012748024, 0.013046376, -0.035929877, 0.008876001, -0.006634908, 0.012263929, 0.0048569934, 0.0021663741, 1.2217478e-05, 0.0043845214, -0.029443856, -0.009128946, 0.019711623, 0.007272661, 0.011920678, 0.0032499763, -0.0024335294, -0.008919142, 0.009370939, 0.011438192, -0.007095842, 0.016837738, 0.025988117, 0.09076212, -0.0039018209, 0.014803739, 0.0025231983, -0.0055861, 0.0039965687, -0.0025456625, -0.009944293, 0.0058684107, -0.0059252195, 0.010432758, 0.008553618, -0.0076052854, -0.021762028, 0.00716065, 0.027140664, 0.008862206, 0.020740481, -0.010929114, 0.0058252243, 0.002435505, 0.021057932, -0.00086410163, -0.004044169, 0.0027543532, -0.0020408207, 0.0029557324, -0.001849041, 0.0068391887, 0.0060964674, -0.0002303597, -0.000923793, -0.006571602, 0.008002054, -0.036050674, 0.0006608609, -0.007302997, 0.014383354, 0.003035752, 0.025917698, -0.0073257885, -0.014714061, 0.0033388264, -0.012742189, 0.015516989, 0.009465875, 0.0085217515, -0.01397637, 0.0044857324, 0.005677955, -0.0096041635, -0.0061193067, -0.0038752693, -0.0047476613, -0.017854346, -0.015237128, 0.0055169696, -0.009655385, 0.0032325138, -0.011898716, 0.0025154178, -0.0047001457, -0.002832092, 0.015772035, -0.011206103, -0.0035668365, -0.0066354666, -0.029214738, 0.0012735786, 0.0083299875, 0.014162271, 0.015864434, -0.0045989095, -0.007254644, 0.021911753, 0.005722035, -0.0059527974, -0.0022060624, 0.01003056, -0.022519117, 0.01253783, -0.019326594, -0.015845738, -0.011040246, -0.004650136, -0.008627341, 0.010279459, -0.002270241, 0.011774215, 0.0028497928, 0.008871077, -0.0022606615, -0.003789289, 0.004692864, 0.0069561447, 0.006008498, 0.05370691, -0.0038130677, -0.00093750673, -0.008423245, -0.0023225038, 0.0026209075, -0.0016203999, -0.0024860268, -0.008937627, 0.0021257591, 0.010171548, -0.021034807, -0.0068673855, -0.020595092, -0.001919246, 0.003683753, -0.017121628, -0.0130794, 0.008614389, 8.50462e-05, 0.00021851716, -0.009929988, -0.011756483, 0.016123926, 0.006431376, 0.0071179317, 0.0026279492, 0.013965669, -0.0058667, 0.0045004594, 0.013815552, 0.0059585427, -0.015443275, -0.004007811, -0.0068123676, -0.026075726, -0.004236779, -0.00085361715, -0.00372829, 0.016605807, 0.016666396, 0.0042958884, 0.026341124, 0.0105883945, 0.0035611, -0.021557143, -0.009892911, 0.013935321, 0.0020978076, 0.007957144, 0.005243048, 0.0005364494, 0.0022164038, -0.0089798365, -0.0038670816, -0.008254933, 0.012865795, -0.0057600844, -0.020579249, -0.0018413356, -0.003966482, 0.014618868, 0.002046627, 0.00699469, -0.011866419, 0.013477264, 0.013890336, -0.0052928957, -0.00979759, 0.012547926, 0.004440129, 0.0010396136, 0.0007277835, -0.002568598, -0.017868185, 0.018777164, 0.0067012426, 0.009810977, 6.630313e-05, 0.0070282286, -0.009040381, -0.022882096, 0.011624563, 0.01986662, -0.013746517, 0.005420379, -0.01012473, -0.005726529, -0.0073006595, -0.0036886432, 0.009357658, -0.012621585, -0.0027511069, -0.03653947, 0.005244718, 0.0053863567, 0.024656108, -0.006655901, -0.0022156276, -0.0034247055, -0.0038314906, 0.028654391, -0.00920883, 0.020732066, -0.015788993, -0.00922186, 0.020529369, -0.007827234, 0.004958694, -0.015307451, -0.0025921317, -0.0056926548, 0.00041171658, 0.0070742653, -0.012170229, -0.0129731735, 0.0074344897, 0.021485858, 0.0030457187, -0.0060073463, 0.010497125, 0.0037311742, 0.00424292, -0.011991398, -0.0032356891, 0.008524891, -0.01593961, -0.00027242422, 0.0038949982, 7.9567486e-05, -0.008074249, 0.003002633, -0.021308698, -0.025702864, 0.016647121, -0.00023800525, -0.025613472, -0.0074090967, -0.00593009, -0.00014994311, -0.0034760043, -0.0113344975, 7.032976e-05, -0.013046127, -0.0068379166, 0.0087387115, 0.0013776026, 0.00083667313, 0.0027382995, -0.024826195, -0.013412977, -0.00024769295, -0.00614258, -0.021350063, -0.0054217605, 0.0041375565, -0.014900116, -0.0060163173, 0.010891602, -0.0007270562, -0.007400625, -0.046061784, 0.016812272, -0.011121148, 0.01807607, -0.0011324179, -0.0076795523, 0.0006799135, -0.0105586, 0.010236531, -0.008315767, 0.0062495447, 0.019039819, 0.008024534, 0.021640683, -0.0012846706, -0.015464456, -0.014398488, -0.004248758, 0.0057650185, -0.0021993585, -0.0041564265, -0.009609832, -0.010250724, -0.0024243149, 0.013093774, 0.005904127, 0.00718946, -0.0030574682, 0.0077850837, 0.010476494, -0.015926827, 0.02561875, 0.0054887403, 0.0022270286, 0.0071969326, 0.0021619115, -0.0031258126, -0.009746873, -0.003006699, 0.003159421, -0.004221631, -0.017425671, -0.0024301715, 0.004253092, -0.012347904, -0.015662486, 0.01348911, 0.01629298, -0.0018486031, 0.0025003406, 0.016859261, -0.0006766733, -0.00740978, 0.0021003017, -0.012293813, 0.00072356337, 0.017939392, -0.014089972, 0.016764205, -0.004867535, 0.0070026442, -0.0018090709, -0.0055132615, 0.008397145, -0.007615495, -0.01022753, 0.014253614, -0.0040842793, -0.017437913, 0.023834307, -0.014655126, -0.0053179404, 0.01110101, -0.0050049666, -0.013955619, -0.000962508, 0.014917347, 0.019447386, 0.0033358738, 0.027218178, 0.00067049917, -0.0019211452, 0.0002329708, -0.0123422025, 0.0075932313, -0.012642843, -0.0016281802, 0.009084014, -0.026410332, 0.0024676467, -0.015674302, -0.002074561, -0.021454602, -0.0033557317, 0.0009158282, 0.014897962, -0.007784215, -0.01198865, 0.0010547376, 0.006493826, -0.008522074, 0.015730606, -0.00866131, 0.013236639, -0.011545635, 0.01655356, 0.004274255, 0.0065884828, -0.0028495102, 0.010080889, 0.00023796692, 0.013609175, -0.0067116255, 0.019294478, -0.005275624, -0.0058096847, 0.012893299, 0.009419893, 0.0045799264, 0.005255802, -0.002756771, -0.010822942, 0.014820672, 0.016002635, 0.0070025017, 0.0004956921, -0.004942366, -0.005040053, 0.01882079, 0.008938095, -0.017944537, 0.0074585937, 0.01211224, 0.014587623, -0.01308182, 0.024168005, -0.012057559, -0.00016238343, 0.008788558, -0.017696204, -0.00061077933, 0.0034563334, 0.008448882, -0.00077707076, 0.0051049856, -0.004550677, -0.008567264, 0.027454065, 0.01649534, -0.010419043, 0.004594157, 0.0047675115, 0.006709176, 0.0060202084, -0.004112361, -0.013576505, 0.003376, 0.01295146, -0.0013069789, 0.012437412, 0.006777302, 0.004773035, -0.0007482724, 0.0047613, -0.005320017, 0.009185629, -0.00819106, -0.019794013, -0.0017915958, -0.010264888, -0.008556455, 0.0005609811, -0.00027489272, 0.01742088, 0.0115591455, 0.011987034, -0.016445901, 0.0048114886, 0.022939013, 0.02880419, -0.011003336, -0.009214591, 0.013714272, -0.0010762698, 0.0012670578, -0.030387372, -0.0041700434, 0.012230377, -0.017315047, -3.4377936e-05, 0.013736784, -0.011490775, -0.0035042185, -0.0028581603, -0.014537714, 0.01113426, 0.007549179, -0.004130319, 0.009412487, 0.0022205834, -0.002026657, 0.0009804798, -0.00053548673, 0.0039125625, -0.011458589, -0.09341241, 0.005500639, 0.0017995696, 0.0047017187, 0.01198018, 0.021716962, 0.0015884489, -0.007988622, -0.0039843624, 0.011688355, -0.0059040887, 0.0035891288, 0.007961519, -0.0031054742, -0.009184591, -0.00014178881, -0.0051981253, -0.015052234, 0.0048202877, -0.009183665, -0.018397627, -4.143825e-05, -0.011139788, -0.0027222633, 0.00071591354, -0.0008516812, 0.014955708, -0.0067473007, 0.0011820869, 0.028729426, 0.0014968092, -0.013860958, 0.0056280233, 0.0122029865, 0.00254032, 0.013121307, 4.2960193e-05, 0.018375024, -0.13157567, 0.02431769, -0.007731074, -0.010706014, 0.00018325106, -0.003927521, 0.0032547514, -0.007483582, 0.016380752, -0.0056328396, 0.004465271, -0.0077619357, -0.012081039, -0.010978212, -0.005739256, 0.0057083075, -0.0077632205, -0.0032076982, -0.021400712, 0.0003252362, 0.010395818, 0.0053764936, 0.0096982205, 0.023950597, 0.011265497, -0.016581116, -0.0047010947, 0.0028899608, 0.00148846, -0.006815297, 0.005634849, -0.010541584, -0.012919065, 0.0031380847, 0.010032551, -0.011713933, -0.0035588068, 0.009528819, -0.017714275, -0.009331087, 0.0044692527, 0.0043527223, 0.0056183334, -0.007278425, 0.0037553548, 0.014994062, -0.007504472, -0.0018333318, -0.0063638627, 0.015409472, -0.011208098, 0.001969081, -0.0021883366, -0.006836205, -0.0050967596, -0.0006083633, 0.0006285751, -0.004075938, -0.0034978949, 0.019614395, -0.0051614204, -0.0030069323, 0.008541741, 0.015066736, -0.012566798, -0.0054708547, 0.01721293, 0.02122757, 0.011342322, 0.009433704, 0.020215971, 0.044184286, -0.0017982762, -0.007798466, 0.010009624, -0.017593067, 0.024810558, -0.0002223591, 0.019854506, 0.0042303973, -0.019213794, -0.01188021, 0.003707706, 0.016100496, 0.018035783, -0.011482807, 0.012268907, 0.00418838, 0.006098158, -0.044953093, -0.015888875, -0.0025900952, 0.010683318, 0.026299926, 0.00038414475, -0.031737175, -0.009138033, 0.029017452, 0.0073000584, -0.0123552615, -0.008562333, 0.0049798284, 0.02769714, 0.024099423, -0.0050763795, -0.0069403844, 0.0050358153, -0.033024978, 0.026794907, -0.030696034, -0.008184466, 0.00017039622, -0.00035813052, 0.0008272269, -0.022327486, -0.0076231123, 0.0014672198, 0.003297853, -0.011868889, -0.00016355785, 0.009475575, -0.0016411699, 0.008963964, -0.00033574508, 0.003251601, -0.0057111, -0.016551029, 0.0111271115, -0.023123462, -0.013534596, -0.010502102, 0.0035034267, -0.0015552307, -0.0010971447, -0.0052208113, -0.016635006, -0.012694985, -0.016956683, 0.012020144, -0.0059199203, -0.03284275, 0.011337226, -0.01392367, -0.008168482, 0.0086249085, 0.0004336024, 0.0069361483, -0.0024542308, 0.002123338, 0.011987297, 0.007833291, -0.0039109807, -0.0022580458, 0.012041878, 0.014453584, -0.024837902, 0.004498626, -0.005366123, -0.019711142, 0.0074418867, 0.006250888, 0.018529072, 0.012422148, 0.008489006, 0.0026994487, -0.011209848, -0.0094909305, -0.026367743, 0.0026831585, 0.016847555, -0.01656994, -0.00638926, 0.011238072, -0.0070812, -0.027586466, -0.0058434485, 0.012944294, 0.0041136746, -0.014323771, 0.0141172465, 0.0020783062, -0.003477205, -0.009332427, -0.019580126, 0.004007597, 0.0003376785, 0.010865939, 0.009292142, 0.00875745, -0.0021512215, -0.00688896, -0.0048565427, 0.013742068, 0.010748918, -0.01987717, -0.020937828, -0.023320941, -0.01227122, -0.012121606, 0.0011025359, 0.011796805, 0.0022511343, -0.014515706, -0.183193, -0.00030736483, 0.021200731, -0.00096446025, 0.0005018026, 0.008854826, -0.003849492, -0.008456368, -0.010303014, -0.011416486, 0.03156921, 0.018071925, 0.008437063, -0.04186315, -2.5497236e-05, -0.003162376, 0.009200994, 0.01597166, -0.0058944295, -0.012838331, -0.0371385, 0.00089122454, 0.016654091, 0.033104695, 0.007220263, -0.011581849, 0.004112824, -0.015313479, 0.005504645, -0.017760295, -0.00434028, -0.020841697, -0.00015078505, -0.010238018, 0.0097452905, -0.0027104248, -0.015273654, 0.024915695, -0.016809318, 0.00093392533, -0.009563604, 0.014632999, 0.010700571, -0.01097914, 0.013376351, -0.0076218317, -0.03723102, -0.01490181, -0.0048010163, -0.003730168, -0.0044786935, -0.0036984195, -0.011530315, 0.00015849652, 0.01148297, -0.0010747586, 0.023591971, -0.013355346, 0.015910272, 0.009400892, -0.006737557, -0.016340815, -0.0165182, 0.0063056317, 0.0020269183, -0.016290292, -0.013053312, 0.13538025, -0.0038653992, 0.025210792, -0.010339072, -0.0036649238, 0.0010328997, 0.0075855637, -0.010677736, 0.008963747, -0.0097718695, 0.009632829, 0.028701434, -0.0029953816, -0.008664132, -0.009150998, 0.015202128, -0.006548801, 0.0011031991, 0.010984156, -0.009560784, 0.005708464, 0.0074547078, -0.008114774, -0.0058994372, 0.025745133, -0.006270046, 0.006457171, 0.0095886905, 0.018496308, -0.0016952335, 0.027737815, -0.008227075, -0.011397641, -0.021665018, 0.011677066, -0.0025090538, -0.011041595, 0.014895432, -0.0007096205, 0.01302477, -0.0012865049, 0.021517748, -0.02068298, -0.01573741, 0.010805446, 0.0054474566, -0.0118238665, -0.01365127, -0.0065964577, 0.004670989, -0.021121936, -0.0073985937, 0.0026423244, -0.010436123, -0.0061485316, -0.010468825, -0.0046492806, -2.9131203e-05, 0.024289196, -0.009508606, 0.006492006, -0.011946709, -0.03291311, 0.031274337, 0.0035541567, 0.0075689177, -0.013321453, -0.011273617, -0.013458944, -0.11412017, 0.006826062, -0.008277348, -0.012079875, -0.010955123, -0.016960591, 0.011616808, -0.00617676, 0.016685791, 0.0037503995, -0.023898529, 0.024561243, 0.00627928, 0.022002675, 0.017850898, -0.0037996445, 0.0072331904, 0.013192814, 0.0145777855, 0.009245077, 0.024893256, 0.01314472, 0.023417216, -0.009635358, 0.03599577, 0.013458373, 0.01424554, -0.005439657, -0.026642555, 0.011544658, -0.004746286, 0.013958606, -0.038717967, 0.00060268235, -0.0028855174, -0.0027125252, -0.0017403495, -0.004101977, -0.0014852188, 0.0014570535, -0.0047358884, -0.018277133, -0.0009450071, 0.005856843, 0.020102004, -0.004263173, 0.0063464353, 0.0019823606, -0.0040312517, -0.0011007506, -0.021391956, -0.005774751, 0.012221622, 0.012335662, -0.015389196, 0.030455463, 0.0064299353, 0.0021688095, 0.0037882288, 0.0018244208, -0.0003281581, -0.007364484, 0.014240122, 0.00027550303, -0.0066923094, 0.009514643, -0.001143386, 0.0047907494, 0.035851408, -0.014381387, -0.0056657675, 0.0013497471, 0.009838428, -0.0056597455, -0.0036784303, 0.015882418, -0.0078037255, 0.0041313535, -0.01616403, 0.0009022017, -0.028518995, 0.021647334, 0.021207096, -0.016969454, 0.046011835, -0.02764923, 0.018637262, 0.0002694405, -0.012948778, -0.00924895, 0.005286778, -0.016535403, 0.009900672, 0.009274071, 0.0013538597, -0.0027466242, 0.017463574, -0.024635796, 0.018853776, -0.013035585, 0.0006918042, 0.0046076835, -0.024684064, -0.0029442362, 0.016962811, -0.009730962, -0.0066099083, 0.00040846594, 0.0010757414, 0.016304633, -0.023653539, 0.0021496771, -0.022241775, 0.01031058, 0.0049806624, 0.019379176, 0.008181062, 0.013765522, 0.0029951688, -0.021581873, 0.010357914, 0.015966278, 0.0110820355, -0.0055705793, 0.022300517, -0.006970872, 0.0036046095, -0.016911143, 0.00207867, 0.00095897616, 0.010708914, 0.019555937, -0.018808877, -0.013352244, 0.010634116, -0.00053614256, -0.0074923458, -0.009961225, -0.007663695, 0.01784618, -0.012498516, 0.00812731, 0.0154355345, 0.031566262, 0.011328007, -0.016266752, 0.00036608652, 0.004771673, -0.02002422, -0.009030073, 0.0027683054, -0.00082176673, -0.0254357, -0.0032704517, 0.012339067, 0.0028420438, -0.021830354, 0.016261097, 0.005947918, 0.027601767, -0.027564729, 0.004488243, -0.014538403, -0.0059690666, -0.0026727999, 0.0025740322, -0.006477915, 0.0014598375, -0.03181233, -0.026496248, 0.008783497, 0.020045558, 0.00039755294, -0.008038585, -0.0020756205, 0.018074889, 0.00044525703, 0.016163018, -0.0069252998, -0.06425646, -0.0006328651, -0.0055837505, -0.006814538, 0.002338463, -0.00642853, -0.025204217, 0.008098192, 0.008662534, 0.0010632856, 0.010621267, -0.016309137, -0.009967888, 0.0073252507, 0.012778049, 0.0034963973, -0.00047025806, -0.023080418, -0.0001477709, -0.0030385342, 0.0016050899, 0.009200833, -0.0060917777, 0.0054430314, -0.0063513485, -0.022860426, 0.0057621547, 0.013440392, -0.010476464, -0.017562918, -0.015455321, 0.0032271163, 0.01732253, 0.012821203, -0.0070932386, 0.0073202844, -0.017644476, -0.005808539, -0.004464402, -0.061264727, -0.02349742, -0.011942317, -0.050089, 0.0011435824, 0.009584395, -0.006667158, 0.017519135, 0.007424717, -0.012059143, 0.00311595, 0.0020130523, 0.0012705411, 0.0029593422, 0.008618237, 0.0038962534, -0.010960423, -0.024681972, 0.00376646, -0.008608294, 0.012023354, -0.011479605, 0.004485634, -0.00066278735, -0.01875701, -0.018072665, 0.03833854, -0.00070797955, 0.011261245, 0.004628049, 0.011698892, -0.0031010166, -0.008848883, 0.009820817, -0.0150669115, 0.0066010216, -0.008801343, 0.03352824, -0.022349117, 0.025259394, 0.02815228, -0.00033864367, 0.010730753, 0.0052609723, 0.061513238, 0.01688998, -0.017802214, -0.019630698, -0.10668268, -0.017392008, 0.00013545758, -0.002631938, -0.018052585, 0.027006464, 0.005362136, 0.0406221, 0.0016608353, -0.0074339816, -0.012868795, 0.02874507, -0.001714389, -0.011458585, 0.0060234596, 0.008237042, -0.014923202, 0.0060524326, 0.0032409865, -0.0019076893, -0.013561365, -0.0074144336, -0.0019657381, -0.007789214, 0.004500171, -0.04499743, 0.0028777078, -0.0014605018, -2.301691e-05, 0.010157888, -0.004711221, -0.0038018464, 0.0055564824, 0.014744545, -0.0019589653, 0.015928514, 0.0025182671, -0.0049520414, -0.005245196, 0.02219608, 0.0070256786, 0.0036801605, -0.007421183, 0.00753802, -0.007932485, -0.011285539, -0.0326824, 0.002630518, 0.008982164, -0.0077247373, -0.008831061, -0.02837155, 0.007977888, 0.019823635, 0.001703559, 0.0015381008, -0.008683499, -0.035465714, 0.012287251, 0.0011369182, 0.0059077446, -0.00046918468, -0.00867765, 0.0030733016, -0.017768089, 0.007153822, -0.016866064, -0.013462672, -0.027031675, 0.008330634, 0.009190322, -0.012802848, 0.009684296, -0.015032059, -0.0067626154, 0.0042391396, 0.0059887683, -0.011199752, -0.03879762, -0.008855088, 0.04293831, -0.008199632, 0.0073254043, -0.021242207, 0.0031672393, -0.023422226, -0.01913488, -0.01737899, 0.019966725, 0.002613709, -0.015325267, -0.018306037, -0.010255627, 0.0104169035, -0.0024067545, 0.0011378463, 0.024817448, -0.0072278674, -0.0019376952, -0.027836282, -0.008232477, -0.0015308624, -0.025622176, 0.0045192074, 0.004163319, 0.008687817, 0.009525703, -0.0064183674, -0.007905123, 0.0037888454, 0.0057927775, 0.016444873, 0.006886073, 0.013594625, -0.007368656, 0.0064588394, 0.006091922, -0.013772082, -0.001167253, -0.0026169084, 0.0122235855, -0.034681372, 0.004550229, -0.020978145, 0.022088379, 0.0003160078, 0.0021011664, -0.005736714, -0.022074077, -0.010329155, -0.01123129, 0.0095181735, -0.016530378, 0.004515531, 0.0035314716, -0.007243339, -0.011734441, 0.009897728, 0.016713982, 0.01238844, 0.014398489, -0.0022801617, -0.0091135455, 0.009509655, 0.005521895, -0.009702243, 0.008503664, 0.0064516766, -0.008512677, 0.005568377, -0.004190485, -0.004860845, 0.02488661, -0.008558272, -0.035408866, -0.008014946, 0.0026168718, -0.022393389, 0.024814324, -0.000107672684, 0.0021257193, -0.0013674168, -0.0029042405, -0.019363815, -0.008766773, -0.0066789794, -0.00927582, -0.023039086, 0.003972328, -0.0043219957, -0.003595944, -0.024757551, 0.012043628, -0.009341078, 0.035622723, -0.029227465, 0.005760912, 0.017862745, -0.0105989035, -0.0056367433, 0.008084554, -0.00668161, -0.0033923022, 0.013598128, 0.012845228, -0.011228272, -0.00027651212, 0.0016213601, 0.0037323616, 0.008499086, -0.015246275, -0.020781072, -0.0059900177, 0.008021256, -0.017105224, 0.0019115598, -0.0281679, 0.018581854, -0.012583636, 0.012274424, 0.011206619, -0.018021956, -0.007414153, -0.027563198, -0.008741124, 0.010407323, -0.0042608883, 0.015604187, -0.0145777725, 0.013000494, -0.00617385, -0.0013783559, 0.01365763, -0.007415253, -0.027644018, 0.012066126, 0.016933858, 0.00019033394, 0.017791256, 0.007898893, 0.024605101, 0.011848381, 0.0064167767, 0.0015773167, 0.00043876906, -0.012913815, -0.000118127005, 0.020763844, 0.0086389715, 0.009183217, 0.0063058767, -0.005975513, 0.010448489, -0.011217003, -0.008562223, -0.0131477285, 0.0034755573, 0.03481042, 0.0036354093, -0.009760434, 0.0067748358, -0.002951315, 0.009546526, 0.013624421, -0.0032500993, -0.003200382, -0.016852207, 0.017329687, 0.007873338, -0.0014170038, -0.011698837, -0.0002574602, 0.0061540552, -0.005468286, 0.014634067, -0.0020481013, -0.019968864, -0.012324559, 0.006921605, -0.021564087, -0.0016646255, 0.009753462, -0.027313555, 0.03428658, 0.00094999094, -0.0198735, 0.0049275127, 0.00017863525, 0.022519138, -0.00031123523, 0.013593167, -0.028113253, 0.030382106, -0.0018149401, -0.0025256714, 0.016385652, -0.018227015, 0.0042126747, -0.00087576755, 0.04115488, 0.015995244, -0.005038856, 0.0012112898, 0.0022446318, 0.007358723, -0.0060944776, 0.013025463, -0.01713064, 0.00047103822, -0.03679165, 0.020436343, -0.006313629, 0.0054701325, -0.022461433, -0.025989234, -0.012904931, 0.011804321, 0.0042066323, -0.016001346, -0.0024282034, 0.032167386, -0.00040154823, -0.031454574, 0.009341943, -0.0049014254, 0.0054690004, 0.027950127, -0.004205849, -0.00019063793, 0.011581496, 0.0010224478, -0.0011753665, 0.01665765, 0.018210197, -0.03699064, -0.0042451457, -0.014163071, 0.00087952515, -0.012391991, 0.023383569, -0.010715265, 0.009283133, 0.008765781, -0.019465797, -0.0052473056, 0.0137340985, 0.0018794589, -0.0018561527, -0.0009634367, 0.007140175, -0.021160401, -0.0040840064, -0.014820952, -0.021213446, 0.0032967213, -0.009591569, 0.0022926722, 0.0038086665, -0.0075203185, 0.023866454, -0.008078672, 0.021098819, -0.0039232257, -0.0033149975, 0.017147418, 0.0058380594, -0.0018405674, -0.0016989065, 0.022456586, -0.009487385, -0.0056939293, -0.0022164537, -0.002007775, -0.0059403162, -0.015413229, 0.0022447507, 0.012429916, 0.01172088, 0.0027926741, -0.02108481, -0.0051863585, -0.017037317, -0.012139598, -0.009757041, 0.023823272, -0.008169919, -0.018464765, -0.015115135, -0.010546299, 0.0145209115, 0.0112515, 0.021236157, 0.0030558044, 0.0187293, 0.013171283, 0.002868158, -0.0070812902, 0.006765484, -0.0032031743, -0.023144534, -0.012878214, -0.011805212, 0.016208872, 0.010649977, -0.04672206, -0.009243624, 0.008406549, 0.005114367, -0.015048994, -0.00027525384, -0.0009052984, 0.018725721, -0.007198718, 0.009218288, -0.0048697926, -0.010633335, 0.0061068013, -0.023438696, -0.0063931937, -0.027928375, 0.00045955536, -0.004130636, 0.00730714, 0.005242882, 0.011349436, 0.002227582, 0.004717677, 0.010669328, 0.008713198, -0.008275454, -0.028900886, -0.0052371835, -0.0053645656, -0.005825719, -0.0022611541, 0.0356117, -0.0006783484, 0.016666204, -0.007711842, -0.010824954, 0.021748746, 0.013082821, -0.007831684, 0.022211928, 0.00980644, 0.004636554, 0.0019341176, 0.0036402545, -0.005601873, 0.012694597, -0.0127072, -0.01929842, 0.001298601, -0.008537847, 0.03346592, -0.0013797106, 0.0067254403, 0.016948264, -0.016399514, 0.005178963, -0.014405689, 0.006225399, -0.0022644748, -0.017109405, 0.026712868, -0.013837147, -0.00519718, 0.008552765, 0.0050932593, -0.007432742, 0.032418873, -0.013870111, 0.0036828374, -0.018739559, -0.024065115, -0.012836347, 0.019480677, -8.636285e-05, -0.009455423, 0.026803901, -0.0069235754, -0.013463885, 0.008039627, 0.019813469, -0.01657206, -0.02711416, -0.015000273, -0.01718417, -0.011622091, 0.002420477, -0.019360218, 0.01687261, -0.04502021, -0.019514812, -0.015584857, -0.014443276, 0.008769014, -0.016894257, 0.025154397, -0.026709065, 0.012423015, -0.0020763734, 0.025497403, 0.022240289, 0.0012139962, 0.016828472, -0.009651441, -0.026330084, 0.008827412, -0.009371253, -0.000881904, -0.015760886, -0.005731362, -0.03196751, -0.009146688, 0.0057417843, -0.0001278672, 0.01293217, -0.0120882215, 0.0025011941, -0.011649112, -0.014345178, 0.01525224, -0.022113916, 0.015371445, 0.018439218, 0.0031531935, -0.012508258, -0.006434915, -0.010672914, -0.0078658825, -0.0024597347, 0.0031869842, 0.003142808, 0.025627833, 0.013461463, 0.007970395, 0.000674663, -0.01642631, 0.03292083, -0.0066205245, -0.009763906, -0.008354947, 0.002364837, 0.020285469, 0.024446117, -0.0038150826, 0.031714216, 0.016313836, -0.009251665, 0.0005701369, 0.0015699995, -0.010622057, 0.0070999237, -0.00852091, -0.0039158654, -0.012386574, -0.0027815653, 0.023366975, -0.022766545, 0.005744481, 0.010489308, 0.01265175, -0.0035375748, 0.033566058, 0.013569042, -0.0026107118, 0.0012258386, -0.015841661, -0.028069768, 0.012972542, -0.019506734, 0.0041044503, -0.015025432, -0.010392363, -0.001710999, -0.0028131222, 0.011710824, 0.012351512, 0.013569283, -0.009910751, -0.009696894, -0.01925671, 0.016241336, 0.008035769, 0.011213472, -0.003051018, -0.025354296, -0.023729742, -0.002806756, -0.0016670363, -0.0024194946, 0.009003505, -0.01642137, -0.008291655, 0.0032880693, -0.0087083345, -0.010709199, 0.020055043, 0.012004166, -0.0022107693, 0.014805074, -0.0015997351, -0.007573565, -0.030751595, 0.00095674663, -0.009703817, 0.0015007947, 0.010566604, -0.0111670755, 0.012760534, -0.009730299, 0.011257523, -0.008939882, 0.011595988, -0.004919344, -0.00500631, -0.008756315, 0.00849805, 0.0014253709, 0.014727863, -0.040465806, -0.0050713015, -0.023244087, -0.0071732677, -0.01398124, -0.0032448599, 0.012080516, 0.0075361677, -0.010501563, 0.0113145355, 0.05693325, 0.0015461348, 0.0012819001, 0.0053065056, 0.003260027, -0.0075840955, 0.01746065, -0.0042855586, 0.0017809866, -0.0018483656, -0.000385434, -0.0030846286, 0.011515192, -0.0085906815, 0.00605001, -0.010236582, -0.023921374, -0.004014641, -0.015148667, 0.0027602296, -0.010614743, -0.0074447775, 0.006024179, 0.011633609, -0.012596589, 0.0089226095, -0.0102521535, 0.015142275, 0.004192059, -0.027659226, -0.027586563, 0.005855837, 0.0057278927, 0.005034648, -0.0101956595, 0.0066236695, 0.016219413, 0.0027922, 0.01428762, 0.013944221, -0.013165155, -0.007550857, -0.01989882, 0.011548771, 0.011173895, 0.0059465165, 0.008611569, 0.031177688, 0.0317289, 0.0011316886, 0.020513883, -0.018581413, -0.0013409446, -0.0029305678, 0.0041374257, -0.032694742, -0.0061939685, 0.009306941, 0.01272706, -0.0009537906, 0.002546089, -0.010362183, 0.012048419, 0.01310139, -0.009145454, -0.008904317, -0.007415373, 0.010984959, 0.00061708974, -0.03293387, 0.025315244, 0.0057684495, -0.005758105, 0.0036278106, 0.0067161345, 0.16590734, 0.10933384, -0.008915061, 0.0039358083, 0.008749588, 0.025056353, -0.012530423, 0.0021604453, -0.005775946, 0.003974378, -0.022341538, -0.0008895998, 0.011487158, -0.026254572, -0.0061138505, 0.0069665513, 0.009134248, -0.007956492, 0.0044502425, -0.0007217007, 0.0062700156, 0.019837294, -0.006323378, 0.017466055, -0.038697667, 0.007143883, -0.005601518, -0.010894605, 0.025351688, -0.002819363, -0.02410585, 0.006647451, -0.008665306, -0.017146148, 0.0070706913, -0.0010216994, -0.023774905, 0.0072587095, -0.007947503, -0.005693589, 0.00093425816, 0.010477367, -0.0029607872, 0.015364506, 0.0065373965, 0.004020693, 0.0126337055, 0.012706134, -0.022386959, 0.03126102, 0.0124371275, 0.008779328, -0.006596459, 0.0072309496, -0.0005018302, -0.009899695, -0.00019927089, 0.015339506, 0.0016118422, 0.0035646975, 0.008542086, 0.018214205, -0.012177664, 0.00063735887, -0.011832307, 0.006748911, 0.0100898165, 0.0055818115, -0.00790481, -0.026908467, 0.013872609, 0.03275856, 0.029102596, 0.004640023, -0.00025447542, 0.010653296, 0.0019307631, -0.0155904405, -0.022333393, 0.032544747, 0.007453886, -0.01257007, 0.026464297, 0.01642848, -0.014859959, 0.0053701974, 0.0009539618, 0.03208978, 0.10978139, 0.0026038357, -0.005210861, -0.011457234, 0.0051892176, 0.012541863, -0.0018723443, 0.062206127, 0.009287226, 0.003783867, 0.010712278, -0.01719498, -0.007540743, -0.022427153, 0.002262329, -0.0013134256, 0.027336523, 0.04396288, 0.006129695, 0.0014793681, -0.03040339, -0.009584501, 0.0071028583, -0.0005880602, 0.0077379937, -0.0046504443, 0.0056098816, -0.008423045, -0.022700423, 0.0021157241, -0.10364467, 0.0066891573, -0.009161836, -0.0042924266, 0.016252706, 0.03281062, -0.010710799, -0.020905146, -0.010337404, 0.013791907, -0.006364725, 0.02184206, -0.0065255864, -0.0035062353, -0.022729138, -0.0046475627, -0.0029196893, -0.0127462065, 0.0075536924, 0.013153394, 0.015396082, 0.02317547, -0.020383755, 0.016060991, -0.0070596808, 0.0004201858, 0.004928967, -0.011773189, -0.0010660917, -0.0037342529, 0.0002901616, 0.003642802, 0.0046134903, 0.015152824, 0.00026174157, 0.0052944175, -0.009569851, -0.010988225, 0.00663706, -0.03794903, 0.002948765, -0.019722415, 0.006090665, -0.026362753, 0.01448512, 0.019252943, 0.012253285, -0.030711181, -0.019368608, -0.00028922086, 0.016113738, -0.00077740254, 0.006308554, 0.00086152286, -0.0073632076, 0.027646346, -0.0142322015, 0.002328419, 0.009193426, -0.011494518, 0.011373537, 0.017758911, -0.0005171154, -0.0026086434, -0.012076478, 0.0071712155, -0.0024384805, -0.021897655, -0.01126034, 0.010832961, -0.024732862, 0.013135338, 0.018841088, 0.008345654, -0.0011042095, -0.004096278, -0.020892289, 0.014541539, 0.00093312067, -0.00366619, -0.00030087112, -0.00040783684, 0.0077033704, 0.105458654, 0.002507453, -0.0037374333, -0.0120843975, -0.004345756, 0.008097231, 0.0061716293, -0.016924126, -0.00023102878, -0.010568128, -0.032221626, 0.0011810841, 0.0073035373, -0.009930073, -0.0030676883, -0.0032187488, -0.0010329768, -0.0017086061, -0.011651106, -0.020137, -0.019332299, 0.012856345, 0.04850443, -0.0060762013, -0.010935981, -0.008391008, 0.009266716, -0.02654167, -0.010401601, -0.006016192, 0.0002176847, -0.02506755, -0.0035373764, -0.009576071, 0.00015873657, -0.0015014177, 0.0041977926, 0.016907996, 0.0013847112, -0.015499568, -0.009367461, 0.001133481, 0.008128573, 0.00950731, -0.015496421, 0.19273745, 0.0014761405, 0.014430905, -0.017182766, 0.027056696, 0.007087611, -0.008990607, 0.00503376, -0.008920777, -0.009605463, -0.0014626989, -0.0002254277, -0.02978283, 0.01246791, 0.015032047, 0.0007617994, 0.0061691045, 0.028719503, -0.023967411, 0.008772758, -0.019524602, -0.0019582962, 0.01120076, 0.02372202, -0.0012146253, -0.013859832, -0.010460825, -0.014618651, -0.002617597, -0.003962257, 0.00962471, 0.0017531856, 0.008111618, 0.0041543012, 0.0053412872, -0.0124765355, 0.018296264, -0.00043613324, 0.0016935905, -0.007957123, -0.03305114, -0.0039889556, -0.014675278, 0.0036607757, 0.022083668, -0.01135353, 0.0063295257, 0.018409457, -0.0009922636, -0.010632015, -0.0012805626, 0.004749657, 0.0027728842, -0.010423321, -0.0071449964, -0.017756782, -0.022944003, 0.0023088802, 0.011412571, 0.015022978, -0.015411803, -0.010736492, 0.006853869, 0.0006921009, 0.009366699, 0.0020409666, 0.012574435]"
Saca la reta,https://oem.com.mx/elsoldemexico/img/25346464/1755804010/BASE_LANDSCAPE/1200/image.webp,no especificado,"Angel Rueda y Miguel Mujica, analistas de ESTO, le “sacan” sus mejores anecdotas, opiniones y consejos a personalidades del deporte en un podcast quicenal",https://oem.com.mx/elsoldemexico/tendencias/saca-la-reta-25346504,"[0.02236642, -0.018054796, 0.014412501, -0.056937788, -0.00460468, 0.0065130005, 0.006622749, 0.0031211297, -0.0059998143, 0.022294724, -0.03450174, 0.01835247, 0.0074297423, 0.017937738, 0.12084763, 0.007503237, -0.0038070274, 0.0052301795, -0.01269761, 0.0007618549, -0.007124296, -0.0010793488, -0.0069789067, -0.013765975, -0.0033350717, -0.008521971, 0.010732766, -0.0015404081, 0.0464162, 0.00022138447, 0.027709207, 0.005361039, 0.00028674476, 0.00065520464, -0.0010104202, -0.01569753, -0.019551774, 0.01781617, -0.01475562, 0.029605983, 0.0067971107, -0.013644331, 0.01069096, 0.031869173, -0.000445951, -0.006917489, 0.0030198137, -0.008948146, 0.012238884, 0.010727676, 0.0070596565, -0.013244044, 0.006766292, -0.14512628, -0.0034924583, -0.024778835, 0.011222944, -0.011758257, -0.013188028, 0.020707026, -0.0021545887, 0.019938996, 0.0030070504, -0.014830078, -0.014075245, 0.00048589605, 0.015842099, -0.009377823, -0.031138213, -0.003332186, 0.012217073, -0.0067151366, -0.0029862744, -0.021540942, 0.016172078, -0.022146806, -0.00864633, -0.015831286, 0.0072149937, 0.004411363, 0.007952084, -0.006406662, -0.006793929, 0.007794398, -0.016645925, 0.0064126616, 0.013714813, 0.0026364126, -0.026361628, 0.022441754, -0.032400914, 0.02263222, 0.026116071, -0.0034483972, -0.021513317, 0.0072614886, 0.0046644625, -0.009837344, -0.004669676, 0.014473718, -0.010404393, -0.028551089, -0.006497175, -0.020736989, 0.018558528, 0.008953161, 0.011354565, -0.0011623782, -0.029511299, 0.022479322, -0.017110845, 0.0011685793, -0.014289702, 0.0017320291, 0.023394652, -0.11941708, 0.002140275, -0.021407628, -0.0016228075, 0.009682834, -0.009273061, 0.007327867, 0.00056960684, 0.02649565, -0.010333325, -0.0070299683, -0.0034245825, 0.024993112, 0.010859059, -0.025018407, -0.002697315, -0.018959658, -0.018454142, -0.016962323, 0.0028449579, 0.024964806, -0.0063747987, -0.017187893, -0.009559064, -0.0016931187, 0.001510288, -0.0078034666, 0.017097052, -0.0023792447, -0.01949061, -0.014799019, 0.027874734, 0.011884897, -0.009984778, -0.004964582, 0.0077710133, -0.02601135, 0.019049352, -0.006127142, -0.005972538, -0.008805349, 0.008848264, -0.015626093, 0.017434942, 0.021085246, -0.011256755, 0.011843836, -0.011420727, 0.0028663422, 0.00035660338, 0.021432566, -0.026355186, 0.020901414, 0.0031644346, -0.0064079016, -0.019644322, 0.023871033, -0.018152097, -0.018575422, 0.011059223, 0.023904951, 0.007849464, -0.03587988, -0.013580602, -0.026723728, -0.0256634, -0.012929237, 0.023696713, 0.03194619, 0.004337739, -0.015859216, -0.010613248, 0.0015827222, 0.006138049, -0.013444224, -0.03350504, 0.008276858, -0.001556336, -0.006569632, -0.015535702, -0.006493947, -0.015122918, 0.014714539, -0.006266864, -0.0034532596, 0.012305856, 0.011192348, -0.00934403, 0.009775569, -0.024395129, -0.015807753, -0.021330293, -0.015175578, 0.005571258, -3.4321936e-05, 0.046710376, -0.008257038, 0.0026992976, -0.028793374, 0.013897671, 0.003869396, -0.027887356, -0.005926452, 0.014893629, -0.0023251304, 0.005845114, -0.01005413, 0.0013280166, 0.03688519, 0.0018323791, -0.013071347, 0.0034578058, 0.0070116543, -0.009346454, -0.035279762, 0.0037546908, 0.04253922, -0.00088251464, -0.00041135587, 0.02959815, -0.026565768, -0.018304355, 0.016941465, 0.0267192, 0.022825738, 0.016434085, -0.0019327386, 0.0213693, 0.017244248, 0.0018718386, 0.006627752, 0.0029007492, 0.02198252, 0.0038207136, 0.018928671, 0.012673603, -0.0130548235, -0.0047727204, 0.031390484, 0.0023929605, -0.002662366, -0.013142468, 0.009216009, -0.044632148, -0.032362178, 0.0071350145, 0.012067648, -0.025932731, 0.0020686376, 0.0095174685, 0.010835401, 0.014908914, 0.0050004707, -0.036814574, -0.004394399, -0.0019595807, 0.040567495, 0.007590923, -0.01230455, 0.006226911, -0.013583603, -0.09184515, -0.00029595944, 0.01360625, -0.033241626, -0.014998636, 0.0048248544, 0.0047301203, 0.0055153854, -0.00045469496, -0.009565234, 0.0029648398, -0.009817334, 0.011799287, -0.003425093, -0.020390227, 0.011315179, 0.0043231915, -0.011858757, 0.007072927, -0.02146788, 0.0047920765, 0.00253669, -0.012050896, 0.009762303, 0.0069902143, 0.011263638, -0.029919675, 0.068808414, 0.048179515, 0.001038724, -0.019056806, -0.01985758, -0.0028415727, 0.002243338, 0.022741472, -0.025048582, -0.020724514, 0.014234571, -0.020785542, -0.016320959, 0.012712594, -0.01993548, -0.0017909189, -0.021215, -0.0030221632, -0.011774345, -0.0053931293, -0.020663576, 0.018067002, 0.0012360937, -0.0052547297, 0.014642938, 0.032999918, 0.008373174, 0.037995066, -0.012639358, 0.00069953105, 5.6202403e-05, 0.026588874, 0.0145683335, 0.00041239185, -0.025376962, -0.0052131405, -0.00042096974, -0.03706131, 0.022397116, 0.015694275, 0.005973331, -0.018998072, 0.03786094, 0.0059075137, -0.028418614, 0.0017155039, -0.056174245, 4.0945856e-06, 0.022102112, 0.027002702, 0.005839044, -0.0036978074, 0.023605937, -0.034467053, -0.008031882, -0.017473226, -0.008087083, 0.021204488, 0.012019659, 0.02025618, -0.005756968, 0.022537418, 0.030330056, -0.003917149, 0.01144897, -0.010168233, 0.014422109, 0.0038008818, 0.007609326, -0.0031680847, 0.013455068, -0.01418105, 0.0009388046, -0.02024372, 0.018305618, -0.011201082, -0.018097607, 0.0059307874, -0.011494707, 0.022391697, 0.019279284, -0.019168861, 0.0131843705, 0.013257274, -0.012763806, 0.00028125432, -0.011967182, 0.0179203, 0.004125381, 0.0018895137, 0.025928428, -0.020585796, -0.006202349, -0.013482923, 0.01680631, 0.005531165, 0.027566204, -0.00082860625, -0.005072381, -0.017434217, 0.016070148, 0.007208334, 0.029328765, -0.017783998, 0.0062241512, -0.019434413, 0.005688398, 0.034922, -0.020072415, 0.009122867, 0.014672649, 0.035046116, 0.006221568, -0.022891918, -0.00872996, -0.0075627128, 0.05123569, -7.4979456e-05, 0.03995361, -0.024261637, -0.007922389, 0.0048708366, 0.00399531, -0.019691411, -0.038993206, 0.002078381, 0.011413952, -0.018175999, 0.0009996752, -0.012008512, 0.0031850315, -0.02291378, -0.038210828, 0.020537477, -0.022086313, 0.008750647, 0.021007422, 0.010443144, 0.022790058, 0.0016431116, 0.009862022, 0.040240522, 0.016766312, -0.017323855, -0.018109307, -0.014161794, 0.012145876, 0.004075904, -0.008224365, 0.004271047, -0.029223667, -0.013343061, -0.01142829, 0.016249891, -0.036444392, -0.009952446, 0.0036428033, 0.009676659, -0.025472933, 0.03144442, -0.010752496, -0.018164182, -0.0068551763, -0.03219033, -0.032033063, -0.00430435, 0.009688259, -0.030543743, -0.00686085, 0.010847396, 0.019685177, -0.015624221, -0.0041291453, 0.005012877, -0.0045463694, -0.009839189, -0.0030119917, 0.047858458, -0.017280022, -0.018247752, 0.0017617822, 0.012702036, -0.023095889, -0.01047249, 0.008264059, -0.011922258, 0.0034926469, 0.0014938796, 0.0122490255, -0.0023410595, 0.026700888, -0.012045614, 0.0062306346, -0.010536998, -0.05201617, -0.008858738, -0.0140908435, -0.009077579, 0.011414879, 0.011321669, -0.0136619145, 0.013029793, -0.0050050034, 0.0022276577, 0.005451507, 0.021050356, 0.0032288155, 0.009333015, 0.02181447, 0.012744112, 0.009154343, -0.023512123, 0.006614688, 0.016271945, 0.0035734524, 0.016461082, -0.00966472, -0.015016864, 0.009083825, -0.0055060103, 0.024513826, -0.028773252, 0.017525753, 0.014838978, 0.008982794, 0.02486183, -0.0026197066, -0.021786314, 0.044319436, -0.0065918155, -0.002435975, 0.008930614, -0.0012039923, 0.007233418, 0.013003692, 0.0004547744, -0.02784094, 0.015488863, -0.011085926, -0.021532388, 0.011581733, 0.033969324, -0.054660544, 0.0020745972, 0.012117005, 0.002384439, -0.018080872, -0.013689288, 0.02207188, 0.029970385, 0.028822886, -0.0027468856, -0.0021599366, -0.002408631, 0.0084073795, 0.023158215, 0.0034574692, -0.036251634, 0.0045577395, 0.011482262, 0.003421706, 0.008798745, 0.0033815876, 0.012672451, -0.008298606, 0.0016414884, -0.012680672, 0.018267164, 0.0014403899, -0.014730122, -0.02353617, 0.007475356, 0.01270371, -0.009887193, 0.0030230663, 0.011682767, 0.02222124, -0.0036540772, -0.034641773, -0.01567589, 0.0076823677, 0.02389681, -0.010641911, 0.017542854, -0.010233607, -0.018006178, -0.0064793588, 0.0054876893, 0.011156013, -0.010320079, 0.021835698, -0.032856025, -0.027625097, 0.03696158, -0.0044037593, 0.011414307, 0.020938452, 0.005606242, -0.025339747, 0.008131146, 0.0010038868, 0.003832251, -0.014340726, -0.020330505, -0.0105422065, 0.008192111, -0.0055279476, 0.0047706184, 0.007065284, -0.005317767, 0.00039022166, 0.00432663, 0.027979292, 0.008110739, 0.035001412, 0.021301493, 0.011658351, -0.010261781, 0.012496946, 0.019272406, -0.017805053, 0.016955674, -0.032494474, 0.01080678, -0.09871973, -0.007830607, -0.008395677, -0.01194114, 0.019770388, 0.020895882, 0.0041592494, 0.004966144, -0.012018839, 0.021356534, -0.03356365, 0.025750238, -0.0030144027, 0.00018288965, -0.0008407479, -0.01327193, 0.027718231, -0.013174411, 0.010142299, 0.00573962, -0.0012324426, -0.0028919233, 0.00083926687, -0.008401574, -0.010038202, 0.016577305, 0.016641889, -0.009356579, 0.02130468, -0.009956785, -0.005086268, -0.16366221, -0.0023710143, 0.01238147, -0.012263272, 0.0011254471, 0.01733479, 0.0149624655, -0.001267616, -0.00887622, 0.020722874, -0.010446365, -0.01673727, -0.02548751, 0.018024849, 0.02968335, 0.12374858, 0.014920436, 0.0101842135, 0.010334351, 0.0016583436, 0.02633202, -0.01720963, 0.014460172, -0.012963177, 5.2473522e-05, 0.016170086, -0.013081095, -0.007037966, -0.008516494, 0.014761414, 0.029712766, 0.018259762, -0.0044224206, 0.018972171, 0.03290341, 0.014727428, 0.0004061737, -0.036779393, 0.008229233, -0.008884354, -0.00627831, 0.015262719, -0.0061622537, 0.03213552, -0.012273618, -0.0048761233, 0.018418638, 0.0021633145, 0.0101805385, 0.020944098, -0.0013992096, -0.098325916, -0.0065429835, 0.02684707, -0.010061454, 0.028587032, 0.010381023, -0.017237585, 0.010296055, 0.013719705, 0.012817404, 0.021810055, 0.0074874777, 0.0054348106, 0.005143083, -0.005292972, 0.026207617, 0.042383566, -0.03185371, 0.023725472, 0.019089542, -0.0004351466, -0.01817554, -0.028637009, 0.014020558, -0.01859548, -0.011790342, -0.0007156404, 0.0265079, -0.004744144, 0.003214658, 0.017877314, 0.022774521, 0.007384445, -0.023279708, -0.010607038, 0.017922716, 0.011767778, -0.007996302, -0.004154323, -0.008755724, 0.01421996, 0.016884144, -0.0144476155, 0.030910453, 0.016452145, 0.0135453455, -0.004391826, -0.028149411, 0.01010449, -0.0038860152, -0.021407072, -0.028640233, 0.013632832, 0.0028431325, 0.001288422, -0.014052038, 0.015604509, -0.004104477, -0.008972845, 0.020282168, 0.004294476, 0.0025388778, -0.001069677, 0.005595348, 0.005439755, -0.0016623314, -0.005544579, -0.0068869316, -0.021454833, 0.0116841355, -0.008490056, -0.017150521, -0.006568884, 0.021334525, -0.003268939, 0.0067550773, -0.001982489, -0.015019283, -0.027721807, 0.015503359, -0.0011152397, 0.0013840698, -0.012271486, -0.019167023, 0.005077908, 0.021650575, -0.0066495226, 0.009712022, -0.011662087, 0.009309311, 0.0051838118, 0.0023181005, -0.011269659, 0.019549355, 0.014339784, 0.0010024111, 0.0036348412, -0.02409174, -0.013768679, 0.0061378693, -0.009589992, -0.01575924, -0.0040475647, -0.00030592724, -0.013302296, -0.006883758, -0.004623168, -0.009587422, -0.002265359, 0.02795937, -0.01491145, 0.005382587, 0.010822628, 0.006054855, 0.010659664, 0.023453888, 0.0030474963, 0.010120092, 0.002774758, -0.014738632, -0.008359851, -0.0048770215, 0.016929226, -0.0038562752, -0.002552759, -0.0030055938, 0.008564507, -0.014127621, 0.0024786887, -0.0052303663, -0.010235307, 0.0031180843, 0.0050105057, -0.007752591, -0.008656052, -0.005670476, -0.016660398, 0.02181792, -0.01373978, -0.0057699447, -0.018573795, 0.028024264, -0.011629269, -0.00039060842, 0.010235955, 0.011223837, 0.002643321, -0.001469055, 0.016341629, 0.008175937, -0.009713591, -0.0062348126, 0.004632477, -0.01930856, 0.0020211544, 0.009903557, 0.01670606, -0.02413328, -0.009782566, -0.004386204, -0.008889049, -0.027525444, 0.0034703074, 0.0043871324, 0.0015657038, -0.0033083244, -0.005424425, -0.005506549, 0.0026421256, -0.016671464, -0.0039289203, 0.010872665, -0.018558482, 0.00043425025, -0.009551003, -0.015670028, 0.008969921, 0.015575368, 0.009491981, -0.0056137065, 0.012213557, 0.008582762, -0.003191435, -0.00083847594, -0.017029548, -0.001748186, -0.004952994, 0.0072083385, -0.008125318, 0.0031425934, 0.0021712123, 0.01577006, -0.0012775554, 0.010701621, 0.002288265, 0.008929101, 0.0074068564, 0.009605263, -0.0018717849, -0.008399512, -0.01411554, 0.0059251003, 0.012186224, 0.00983432, -0.014797048, -0.0056524714, 0.023998108, -0.0061978116, -0.0085224975, -0.008707865, 0.005923237, -0.003798082, 0.009273441, 0.0039764796, 0.027152399, -0.009695095, -0.011242745, 0.009490762, 0.025783606, -0.00441128, 0.018713703, -0.0058104973, 0.0037326736, -0.011562555, -0.005210277, -0.0035044032, -0.008738271, 0.013197302, -0.019688267, -0.001435208, -0.014171274, -0.010849917, -0.0019646965, -0.000357222, -0.0011954202, -0.0017181864, 0.018009258, 0.0051994515, -0.019305483, -0.0010729386, 0.009499397, 0.007728831, 0.011891356, 0.01583464, 0.006402239, -0.0035656353, -0.02294761, -0.010810897, 0.013721727, 0.0021643392, -0.0005896827, 0.00445173, -0.0050265524, 0.009561687, -0.008479327, -0.004168268, -0.007289184, 0.022382956, -0.0007091872, 0.08968286, -0.0008091661, 0.025766918, 0.003126854, -0.0029426133, 0.0036175034, -0.011449405, 0.0071253506, 0.00030660382, -0.0005901325, 0.004924616, -0.0011227923, -0.019852167, 0.0003642235, -0.0010325003, 0.017326204, 0.011844761, 0.0073116203, -0.018385414, -0.00017190729, -0.0044015762, 0.0022423847, 0.010352943, 0.0034509047, -0.00044607927, 0.01188133, 0.001924219, 0.010233187, 0.0123156365, 0.016876724, -0.008459354, 0.024333537, 0.0017262253, 0.0045837155, -0.024294512, 0.005785016, 0.005008087, 0.031128483, 0.00993656, 0.016320819, -0.018619169, -0.012901281, 0.008040113, -0.00908944, 0.002151035, -0.00212697, 0.0010416171, -0.0040284065, 0.017442558, 0.007224641, -0.0033410185, -0.010530948, -0.01584411, 0.012100964, -0.023413753, -0.009474456, -0.0048226668, 0.013359675, -0.0047521424, -0.0011301233, -0.0015198046, 0.0010850792, -0.0002719658, 0.020624815, 0.0013199726, -0.016598105, 0.0025021175, -0.022609983, -0.0016971934, 0.0043680896, -0.014914826, -0.0021501102, 0.0020433401, -0.008692218, 0.022087734, -0.006878285, 0.0147035085, -0.014927211, -0.00294337, -0.017218633, 0.0012601045, 0.00028978768, -0.02852833, 0.0023005216, -0.016277093, -0.010347199, -0.0005009073, -0.0005268838, 0.010518485, 0.018293558, -0.010039813, -0.029096352, 0.004095987, -0.002254202, -0.0024784554, 0.0026752148, 0.04710607, 0.013241047, 0.0068862904, 0.010633844, -0.0041761063, 0.0037948017, 0.0136855515, 0.005273347, -0.00011776517, -0.013265731, 0.019091692, -0.0020452945, 0.012259207, -0.0057072383, -0.011176944, 0.0006033749, 0.008658308, -0.013796489, 0.0002021558, -0.0010419255, -0.0077403006, 0.01153246, -0.00021581518, -0.0029223675, -0.0006693071, -0.0013093479, -0.0024233835, 0.010469921, -0.005371792, 0.006138081, -0.010160301, -0.0030139685, -0.0010616309, -0.0058536627, 0.013497783, -0.009446642, -0.004651016, -0.013673952, -0.010674915, 0.015422511, 0.0049734553, -0.0030886014, 0.0020574674, -0.016569192, -0.0036175216, 0.010077752, -0.01513176, -0.007024418, -0.004061658, -0.0041288366, 0.009740106, -0.007881198, -0.016965572, -0.015775168, -0.0105011575, -0.0054815714, 0.0066457638, 0.006088791, -0.008835452, -0.011994546, -0.012004568, 0.026250409, 0.011467302, -0.004482204, -0.016259741, 0.0076177577, 0.010462164, -0.0063127647, -0.01910274, 0.009360715, 0.010848502, -0.0010486406, -0.0063487175, 0.0057921656, -0.009252632, -0.0066004945, 0.004400047, 0.016492838, -0.014294889, 0.020142289, 0.00516655, -0.019156136, 0.021884475, 0.0035731054, 0.0015177176, -0.0028882816, -0.01089285, -0.016757993, -0.01728695, 0.005926754, 0.013368576, 0.01265624, 0.0056053665, -0.019552337, 0.009587347, 0.011967962, 0.0023079119, 0.009553547, -0.01896822, 0.0032466718, 0.0033387803, 0.0010690854, -0.007995017, 0.0019765326, 0.0083014555, -0.0126460865, -0.0015370906, -0.0054370984, 0.00013785291, -0.001629717, 0.020613408, 0.007824781, -0.009312959, 0.0047970954, -0.0069675124, -0.027205182, 0.027055066, 0.0023911186, 0.0070287264, -0.002343935, 0.013684249, 0.006811193, -0.0036737386, -0.0067657456, 0.019190103, 0.0074147466, -0.0068203947, 0.010190898, 0.015416634, 0.0039892183, -0.0035796084, 0.00032049505, -0.015682006, -0.024763301, -0.0005768308, -0.0016704581, -0.01601614, 0.011336347, -0.007698127, 0.012068408, 0.007502245, -0.0077032438, -0.001699453, -0.013868629, -0.010658726, 0.0066937907, 0.012037058, -0.0033431845, -0.0028122035, -0.016507784, -0.013119558, -0.01779261, 0.004904755, -0.018860186, -0.002278726, -0.013514324, -0.012822788, 0.004298778, -0.0008549268, 0.013644739, -0.0047120005, -0.06994783, -0.0073391865, 0.0014581679, 0.023665521, 0.00781121, 0.00038653795, 0.0045892037, -0.00053690287, 0.0066992785, 0.013616552, -0.012374267, 0.00088448724, -0.017048847, -0.0053987047, -0.0056405985, 0.0007797607, -0.005289234, 0.010893762, 0.008110652, 0.0040168655, -0.0079681035, 0.00036591213, 0.003251313, -0.0005802823, -0.008086675, -0.006584735, 0.008333427, 8.3033185e-05, 0.00023016738, 0.0040762313, 0.0064249947, 0.009757354, -0.008167828, -0.0026936913, -0.010899039, -0.008488613, -0.016192125, -0.013252609, -0.01341685, 0.026289957, -0.009033917, -0.0009924648, 0.0071890075, 0.010121291, -0.01137828, -0.013809574, -0.0039418666, 0.007418599, 0.013085215, -0.010310577, 0.018987885, 0.021640701, -0.0093405545, 0.005184473, -0.01844028, -0.0032587284, -0.009399543, -0.004441773, -1.4327432e-05, -0.008276208, -0.010956087, 0.005798744, -4.081811e-05, -0.009940793, -0.013996795, 0.010310412, 0.0028680423, -0.006627357, -0.007460463, -0.00017785213, -0.0016432767, 0.0028852178, 0.013436411, -0.026189163, 0.0049828496, 0.0011699257, 0.035754308, 0.010449113, -0.008007138, 0.015038351, -0.0025334076, -0.012950146, 3.908745e-05, -0.013777282, -0.0057434216, -0.0067225597, -0.0055680033, 0.0028142785, -0.017824218, 0.0142745385, -0.003183426, -0.014856076, 0.0013413186, 0.0067235273, 0.012594378, 0.022389876, -0.014279959, 0.00427247, 0.022015622, 0.020440307, -0.015605014, -0.00706822, 0.005254925, 0.0038412337, -0.010568058, -0.0049626627, 0.010029542, -0.013140543, -0.0065010763, 0.004177729, 0.001372264, 0.011652418, 0.01372295, 0.014711295, 0.002354122, 0.015258238, -0.00018452373, -0.008524312, 0.008817633, 0.0066489596, -0.006256214, -0.0043349494, 0.011744208, -0.0074097887, 0.0025968216, -0.008922652, -0.018675879, -0.0104257185, 0.002480828, -0.007170778, -0.010886028, -0.004236233, 0.014557368, -0.012726864, -0.008583692, -0.0021536637, 0.008374745, -0.0064049102, -0.0055006556, -0.0064469413, 0.03236487, 0.0029644512, -0.021099683, -0.0050399173, 0.003295576, -0.008178759, -0.002970851, 0.013789431, 0.0109901, -0.016710462, -0.013234739, 0.0010842882, -0.0022978012, 0.006452564, 0.016698955, 0.0039730677, 0.0023218752, 0.014602078, -0.00879699, 9.890388e-05, 0.018536946, 0.02679411, 0.019192949, -0.0027460286, 0.00790537, -0.0061422344, 0.013470357, -0.0029964058, -0.011653631, -0.010012701, -0.012356077, 0.0036656675, 0.033796564, 0.017762778, 0.00025001392, -0.00050294254, -0.003623284, 0.024320787, 0.027667927, 0.02101924, -0.006461648, -0.0018497462, 0.014448169, -0.0031799232, 0.008096628, -0.019125853, -0.011546401, 0.011131989, -0.014934911, -0.004033155, 0.014278445, -0.010726132, -0.00069545745, -0.00916736, 0.004135737, 0.016722655, -0.0006169948, -0.004615666, 0.0018156318, 0.013884026, -0.011321048, 0.011795588, 0.0076194466, -0.009764787, -0.015985357, -0.09208931, -0.008906824, -0.015381023, 0.010807667, 0.008318578, 0.013001433, -0.0046906588, -0.016489448, -0.008999067, -0.0046680076, -0.02363903, -0.009565138, 0.0065075606, 0.0026927644, -0.017812548, 0.0022777654, 0.0084067425, -0.0042441688, -0.003416582, -0.0008871818, -0.013834234, -0.003425908, -0.01076146, -0.003082433, 0.006151722, 0.0002855145, -0.0021912658, -0.009739141, 0.011012885, -0.0010318111, -0.011575866, 0.0034711186, 0.0034047642, 0.015920272, 0.024665888, 0.005029249, -0.0015235808, 0.020289479, -0.13464288, 0.005751398, -0.011141003, 0.003965422, -0.0052516717, 0.0057469388, 0.012829797, 0.007848009, 0.0048240735, -0.015648471, -0.0019199804, -0.0027405932, 0.0040866937, -0.0157524, -0.01282552, 0.002869047, 0.009651797, 0.015221812, -0.017541846, 0.0120353885, 0.0022803135, 0.017308949, 0.0049459306, 0.013588877, -0.010342345, -0.0097068595, -0.001979779, -0.007606576, 0.006004737, -0.0039793644, 0.013153291, -0.022105025, -0.0002467988, 0.0023071282, 0.015067632, 0.008999236, -0.014382777, 0.0027884892, -0.011879874, 0.009418071, -0.0034409186, 0.010640579, -0.0038343335, -0.009949905, -0.011908457, -0.0073812148, 0.0030821797, 0.0025153942, 0.011588401, 0.007901051, -0.0149047095, 0.008245025, -0.00365152, 0.00029724045, 0.00018550451, -0.009894027, -0.008954512, -0.0057035075, 0.0077155624, 0.018923119, -0.00595029, -0.0111420695, 0.0034969575, -0.0013793409, 0.007154885, 0.00011149824, 0.005482953, 0.021810876, -0.0016445842, 0.0021974763, -0.008480455, 0.020355374, -0.026698641, 0.0022616463, 0.020753345, -0.0071210642, 0.015043691, -0.008434563, -0.005435365, 0.0017577289, -0.008377292, -0.0065225684, -0.006488235, -0.004489075, -0.0034831844, -0.0035863784, -0.0074308687, 0.021230498, -0.01503295, -0.056986257, -0.0054700333, -0.021730298, -0.008611604, 0.011054125, -0.018109709, -0.009758896, -0.0043772976, -0.0043792124, -0.005244678, 0.014554119, -0.008370712, 0.0032929287, -0.0028646805, 0.0022569867, 0.0034909302, 0.01675441, 0.0027534682, -0.013103937, 0.026388323, -0.0076366956, -0.004880073, 0.01878121, 0.008106247, 0.0044423263, -0.018292038, -0.0017727803, -0.008649741, -0.0012465991, -0.02780949, -0.0009830802, -0.014498287, -0.01051882, -0.016191434, 0.0036168208, 0.0074532987, 0.012710532, -0.0016933532, -0.0042397846, -0.014132524, -0.014553381, -0.016382163, 0.0028676975, -0.0010756233, -0.0057045226, -0.0013586509, -0.0024877652, 0.00046765187, -0.0021829898, 0.01800365, -0.014538898, 0.0076056067, 0.0012608615, -0.018488398, 0.015546541, -0.012840032, -0.0043114177, 0.013149788, -0.01592809, -0.009381343, 0.0005320186, 0.029698092, -0.012272804, -0.010294996, 0.017892115, 0.007560302, -0.025148135, 0.008948934, -0.009569564, -0.009109923, 0.00019236018, 0.023469992, 0.0332248, 0.0046778927, -0.00555397, -0.0066028056, 0.002168837, 0.010047603, -0.014610199, -0.018238984, 0.023250114, -0.015291812, -0.010336633, 0.029899009, -0.007220343, -0.021480808, 0.0011238343, -0.0047816667, 0.031354386, 0.014639841, -0.007563899, -0.02345036, 0.008989769, 0.004855545, -0.022194104, -0.0036646065, -0.006288515, -0.00322277, 0.03102804, 0.014028461, 0.009159979, -0.027113441, 0.0008215489, 0.0073582507, -0.0005999704, -0.012146256, -0.006631514, -0.02667184, -0.018164514, 0.025486032, 0.024391228, 0.031688165, -0.0062000705, -0.00011793587, -0.17422079, -0.01071442, -0.01107842, 0.030756248, 0.0026032692, 0.01087771, 0.007372265, -0.010515115, 0.017534932, -0.023958914, 0.0008790937, 0.013572877, 0.011623638, -0.026821572, 0.0066047353, -0.012691839, -0.005227884, 0.016371412, 0.005875945, -0.008083152, -0.043096084, -0.010545516, 0.0018199289, 0.023862068, 0.012302605, -0.010636307, -0.020221768, -0.029618843, -0.0002705373, -0.0033223683, 0.012264542, 0.005212249, -0.0004599506, 0.013011946, 0.0067316964, 0.004205641, -0.009565235, 0.003173314, -0.013668219, 0.0249794, 0.008840178, -0.020000458, -0.025094498, -0.0031044383, -0.0041885236, 0.005681773, -0.014581511, 0.0033555173, -0.01241403, 0.015304134, 0.0050598625, -0.00032955589, -0.022007862, -0.0016903797, 0.0026073453, 0.00859098, 0.008285347, 0.0074114054, 0.009467447, -0.0042882147, -0.009623344, 0.013799763, -0.0017276206, -0.0143562425, -0.00013781172, -0.008797461, 0.011158621, 0.14910777, -0.016091242, 0.020381788, -0.0078760395, -0.008229342, 0.006135662, 0.0057594134, -0.0047940826, 0.010103842, -0.010181045, 0.016607324, 0.02464479, 0.012885526, -0.019885384, -0.019037696, -0.0068503823, 0.0041508186, 0.012424513, -0.0056421747, 0.00094514387, 0.016505683, 0.00044012567, -0.004858563, -0.004066698, 0.017609203, -0.018516693, 0.027034076, -0.014080444, 0.04363557, 0.0040626004, 0.013633889, 0.008207277, 5.5253902e-05, -0.0007019146, -4.3363496e-05, -0.016250819, 0.024542248, 0.0006077762, 0.004112491, -0.00027510838, 0.01289282, 0.012196022, 0.014391471, -0.030024149, -0.016139327, -0.0045929337, -0.003893952, -0.0074025104, -0.013087039, 0.005715066, -0.02093153, -0.017698316, -0.0076298136, -0.009501578, 0.00318164, 0.017404044, 0.013926275, -0.006825895, 0.016599227, -0.009342289, 0.019159904, -0.0010337734, -0.037539057, 0.012604973, 0.010802959, -0.0043237084, -0.015631495, 0.0031193385, -0.0268412, -0.121819966, -0.0024312525, -0.019461932, -0.022724697, 0.0056406064, -0.0068650716, -0.0013284913, 0.003433239, 0.0033310405, -0.0043145088, -0.014261758, -0.011009778, 0.0026337223, 0.0028255123, 0.0010147222, -0.00033308085, 0.0047672843, 0.008295401, 0.008610962, -0.00038543434, 0.003490016, 0.033008095, 0.019896852, 0.00995462, 0.0068776053, 0.024203109, -0.0013701367, 0.0040431344, 0.00032968243, 0.006205501, -0.005757365, 0.0056134276, -0.031650737, 0.0069161295, 0.010675584, 0.0006290089, -0.017533882, -0.016979657, -0.032763485, -0.022339882, 0.014333315, -0.007906427, 0.0045398665, -0.00082865375, 0.021059528, -0.0009737672, -0.012730178, 0.0055850535, 0.0103468895, -0.007870938, -0.006593325, -0.021608673, -0.0025254162, 0.028973043, -0.02691471, 0.018806854, 0.009068535, 0.009218747, 0.012982861, -0.02091292, -0.0026793643, -0.0012695272, 0.016619848, -0.010065212, 0.0039271843, -0.015358259, -0.0008999331, 0.021103218, 0.0004021923, -0.03323976, 0.01569406, -0.0057205968, 0.002771229, 0.0040443614, 0.0041467017, 0.014778099, -0.0053294697, 0.006132845, -0.015542867, 0.023428163, -0.023068912, 0.01963631, 0.009363845, 0.0041398867, 0.028372668, -0.004514395, -0.010493531, -0.010554801, -0.011069481, -0.0001895104, -0.015532618, -0.012915792, 0.000582163, -0.00030479135, -0.0052324883, 0.00059177045, 0.0056490283, -0.005598401, 0.006058014, 0.0028642942, 0.00931963, -0.020646077, -0.014426533, 0.022515893, 0.012859701, -0.025130741, 0.0013873528, -0.027407972, 0.0017698341, -0.01666275, -0.020567756, 0.0297242, -0.017680518, -0.02348959, -0.0033593895, -0.0049709547, 0.01441698, 0.0060497704, 0.007441315, -0.0021868981, 0.0037094518, -0.0048639476, 0.021655219, -0.009273435, -0.0002642611, -0.0016639191, 0.0035296294, -0.007245354, -0.005433225, 0.006347884, 0.010334187, 0.0039519826, -0.014743508, 0.007870271, 0.010506544, -0.008996111, 0.00597978, -0.0051390156, -0.005458565, 0.010857714, -0.018255536, -0.011603855, 0.003078287, 0.019991584, 0.01950005, -0.02535659, -0.025022507, -0.011996108, -0.002231586, -0.0045607034, 0.0031117643, 0.015376351, -0.029853677, -0.0031441639, -0.008764916, 0.0036954323, -0.008938199, -0.0049623717, 0.017725732, 0.0074058427, -0.010437007, 0.017653372, -0.015341458, 0.006095121, -0.017587185, 0.0124245435, -0.01012565, -0.013383119, -0.02026605, -0.0134148, 0.031505503, 0.009167203, 0.0033256717, -0.012855376, 0.023264725, -0.011463513, 0.0065089324, 0.01812122, 0.0014009062, -0.07061464, -0.006166562, -0.0050517446, -0.005544729, 0.0032431989, -0.013332874, -0.007849278, 0.0008675755, 0.012311856, 0.025206843, 0.021761121, -0.026473807, -0.0060252254, 0.004181384, 0.007314556, -0.00030969267, 0.033355538, -0.023734478, 0.012890605, 0.003936092, 0.008054234, 0.028709784, -0.0064801597, 0.02174701, -0.0010428814, -0.013021579, -0.0009571444, 0.009856412, 0.003167239, 0.0076791677, -0.033575326, 0.0076747397, 0.010029626, 0.021877656, 0.001351728, 0.007861967, -0.0155023765, -0.021228684, -0.02152704, -0.034763236, -0.0028201346, 0.01972347, -0.08965187, 0.0155241415, 0.016976072, 0.007844263, 0.0069836862, 0.005479643, 0.0066770916, -0.005787898, 0.009548518, -0.012028741, -0.004766556, 0.0065834974, 0.007972716, 0.0031610536, -0.021637054, -0.0025145027, -0.003306086, 0.004689934, 0.004788487, 0.014670308, 0.0038652583, -0.005959668, 0.016271845, 0.032774493, -0.0024363513, 0.002240609, -0.020165231, 0.013917941, -0.0029962307, -0.0028841775, -0.00018364165, 0.012377809, 0.0009751326, -0.009496235, 0.008443851, -0.023286702, 0.0029952605, 0.005159702, -0.0036010565, 0.005973147, -0.010846723, 0.05882288, 0.019951051, 0.0071364823, -0.01086138, -0.11218435, -0.015635772, -0.0058998736, 0.0062010395, -0.026148153, 0.029981125, 0.00251319, 0.037606146, 0.013389851, -0.034599707, -0.021071829, 0.0038629898, 0.018791761, -0.020219594, 0.0016038738, 0.00035362504, -0.021051511, 0.00048499764, 0.011881428, -0.00877631, 0.0007675342, -0.010835431, 0.0052982736, -0.012761865, 0.012375396, -0.062312122, 0.018550802, 0.002350845, -0.0061738794, -0.0009145701, -0.017478876, 0.0006440382, 0.005126971, 0.00071905437, 0.007164595, -0.008347031, -0.017140413, -0.0135990735, 0.014011072, -0.012637577, 0.0051755453, 0.0019209877, -0.007211862, 0.0240582, 0.0039906427, -0.001710044, -0.0047408915, -0.009351293, 0.0077522914, -0.006308804, -0.0042207674, -0.02980935, 0.021757003, -0.0013313285, 0.0068383114, 0.0042449245, 0.0074014957, -0.03111867, 0.024112424, 0.028845059, -0.005558426, 0.0040970696, -0.024330046, 0.0023179613, -0.018194452, -0.009931652, -0.032063093, 0.01065344, -0.012006587, 0.012871834, -0.00784803, -0.014944048, 0.007775573, 0.0040911534, -0.0026904098, 0.016779471, 0.0039205262, -0.005690227, -0.029826138, -0.0012494416, 0.015684513, -0.0015561456, 0.011430823, 0.00068423536, -0.013171501, -0.0056431075, -0.018023238, -0.00067514466, -0.0018087805, 0.00717711, 0.006039449, -0.014675182, -0.00498211, 0.007955271, 0.013855806, 0.004323479, 0.010410087, 0.000872075, 0.0037189713, -0.016938537, -0.01898486, -0.0033880773, -0.016773857, -0.003586387, 0.019457478, -0.004223202, -0.0077955103, -0.014887899, -0.014119132, 0.009625438, -0.018250685, 0.018436093, 0.011669455, 0.014026939, -0.022634018, -0.013330458, 0.03025466, 0.0022279199, 0.0075559476, -0.008767345, 0.008816518, -0.012389649, -0.0183835, -0.011996319, -0.0076628397, -0.016560595, 0.00573222, 0.0047134957, -0.008277181, -0.0034758907, -0.017798176, -0.008473628, 0.00015898062, -0.0022031276, 0.01467473, -0.0030657954, -0.007783487, 0.009141102, 0.0116139855, 0.011978852, 0.011365163, -0.0045130136, 0.0021796683, 0.0014517204, 0.01372467, -0.0038903211, 0.014518705, -0.010030104, -0.0057640285, -0.002518707, -0.0066927085, 0.012702336, 0.018241676, -0.022927972, -0.026454546, -0.017041875, -0.008474158, 0.006530301, 0.03330989, -0.0025416764, -0.0070979255, -0.022217581, -0.014964215, -0.012175627, -0.015075397, -0.012221732, -0.017377712, -0.018073123, 0.011784631, -0.007809394, 0.002586004, -0.032185543, -0.0071158083, -0.003857042, 0.029056704, -0.020234562, -0.0049275695, 0.015775288, 0.01648145, -0.009300093, -0.011842648, -0.0065880604, -0.02371112, 0.0027349119, 0.022942116, -0.008675732, 0.012786178, 0.00016400256, 0.0050131283, 0.025758399, -0.00231481, -0.022993684, -0.003650882, -0.030155608, -0.0050442694, 0.005184364, -0.011574873, -0.004389482, -0.020028172, 0.014308601, 0.016573856, -0.014846998, -0.010529797, -0.02545233, -0.008497442, 0.01868068, 0.0038031715, 0.0017494031, -0.0015740393, 0.010378682, 0.006479235, 0.009978059, 0.0069975145, 0.016406357, -0.015089645, 0.0030151503, 0.013891747, 0.01854353, -0.014825352, -0.0090476945, 0.018149963, 0.004461853, -0.010236852, -0.016602501, -0.01439837, 0.0053992937, -0.0024080507, 0.026547836, -0.010482805, -0.012840283, 0.006117705, -0.010632887, 0.003825438, -0.009461053, -0.0041605253, 0.025880303, -0.014974716, 0.014901225, -0.004733831, 0.010996429, 0.021806592, 0.0035000893, 0.023327874, 0.014679596, -0.019597396, -0.019578308, -0.038499188, 0.001128835, -0.009072604, -0.0135777565, -0.006339954, 0.0063575953, 0.010403829, -0.0022820407, 0.015038389, 0.018145494, 0.000563782, -0.009108971, -0.0005152966, -0.0142437145, -0.026829166, -0.0021213377, -0.0048295306, -0.0008495498, -0.008169899, -0.022532409, 0.019399231, 0.0025517454, -0.0039019086, 0.009591107, -0.016560225, -0.017519241, -0.0029710669, -0.006447426, -0.003701198, 0.006964932, -0.0111373, 0.014404836, -0.013503245, 0.012190856, 0.0051213326, -0.019970868, -0.0033237112, -0.00026821357, 0.00855717, 0.008488786, -9.568284e-05, -0.008520828, -0.0021347713, -0.0007263702, 0.01840234, 0.0028462536, 0.010957111, 0.00010976145, -0.0124039035, -0.006537867, 0.004032011, 0.0060772486, -0.013491366, -0.00787562, 0.013165673, -0.011485845, -0.007483656, 0.0081660235, 0.015811387, -0.008149107, 0.03090821, -0.0057024206, 0.0005611705, -0.013360975, 0.009800431, -0.0057795835, -0.004490015, 0.029238427, -0.03236193, 0.0100783445, -0.0044975267, 0.0123817725, -0.011672314, 0.022971429, 0.0036364424, -0.0084638465, -0.000120787125, -0.0061315126, 0.007867656, 0.017432569, -0.005750237, -0.002600914, -0.019706791, 0.0014297159, -0.019008948, -0.006419548, -0.015752535, -0.020849993, 0.006093155, -0.019671062, 0.019837713, -0.02890172, 0.0011781844, 0.002808084, -0.015436409, 0.004199158, -0.007604193, -0.008984804, 0.0262179, 0.0005080018, 0.009083249, -0.002558506, 0.016718172, 0.012387944, 0.014015262, -0.023928719, 0.005413011, 0.010297235, -0.009100984, 0.015635304, 0.012696006, -0.0073439204, -0.00094546407, 0.014800109, -0.017386975, -0.010644496, -0.013023617, -0.004103621, -0.0155877415, -0.0005715521, 0.003962544, -0.020758754, -0.0075332765, -0.012594755, -0.015020403, -0.01404927, 0.011804863, 0.0015859378, 0.005303128, 0.004533042, 0.012674914, 0.010338404, 0.018870678, -0.032971498, -0.026873147, -5.6520425e-05, 0.0073778857, 0.026386388, -0.015533459, 0.011448706, 0.006344561, 0.010247196, -0.020089535, -0.0072418223, 0.004763993, -0.008682422, -0.00036986682, 0.009343887, -0.013038818, -0.004951462, 0.011424932, -0.012736279, 0.0025270581, -0.0040089497, 0.004414898, -0.01167172, -0.004374659, 0.006417845, -0.0020068309, -0.004514345, 0.013215697, 0.008784463, 0.012917747, 0.0015654213, -0.004249566, 0.0040614274, 0.011254436, -0.0061948732, 0.0011815005, 0.020370672, 0.0039106533, 0.017347977, -0.017506247, -0.014588984, -0.020054568, 0.007338428, -0.018875305, 0.008574829, 0.0028156578, 0.008600152, -0.0008501715, -0.006488485, -8.781725e-05, -0.0035161285, -0.00080677704, -0.022358596, -0.005307635, 0.012393688, -0.0018742462, 0.01609298, 0.022529632, -0.003059872, -0.0033543876, 0.008377585, -0.018622002, 0.0009135018, -0.0014151026, 0.0070108185, 0.001340477, 0.0068455166, -0.024798518, 0.009772151, 0.009752698, 0.0059245843, 0.023164049, -0.0038502829, 0.003288129, -0.013891632, -0.0074267853, -0.008253919, -0.005058664, -0.007927881, 0.008652607, 0.009351737, -0.025570579, 0.016014146, 0.02130512, -0.00523121, -0.016041696, -0.01853985, -0.012747272, 0.0003845556, 0.0038261842, 0.0008791637, -0.024162613, 0.0020930613, -0.03803794, -0.009223423, -0.0005750711, -0.009614215, -0.00038720257, 0.004561869, 0.026009759, -0.019639108, 0.017502556, -0.00023291472, 0.0015093293, 0.0104490565, 0.0019540638, 0.008834623, -0.019938907, -0.049011607, 0.0023878752, -0.0052177156, -0.0034737147, -0.02954055, 0.008520128, -0.021104842, -0.01429333, 0.0018093935, 0.0016800923, 0.01057521, 0.009160751, 0.010707063, 0.0035741646, 0.018384004, 0.015201394, -0.011281229, 0.016907597, 0.010652993, 0.008352951, 0.0025262104, -0.0034020713, -0.0012114018, -0.032427024, -0.013572401, -0.019182786, 0.0009253168, 0.021028234, 0.010372177, 0.016826753, 0.002260252, -0.005339557, -0.0040999525, -0.003955546, -0.012341468, 0.0031249865, 0.00036587057, 0.013645638, -0.0039943387, -0.009883821, 0.0012680247, -0.007176802, 0.0064294883, 0.00051833584, -0.0003890736, -0.0045522824, -0.010290283, -0.018233933, -0.005269837, -0.0051944572, -0.0103237, 0.010479288, -0.016989691, -0.0038426004, -0.033051793, 0.0055717924, 0.0025541182, 0.029718723, 0.025688611, -0.009160926, 0.008044094, -0.03452351, 0.008185574, -0.017244866, -0.013803123, -0.014581723, -0.03942893, -0.0155361, -6.1009476e-05, -0.0049002706, 0.013599464, -0.0033838346, 0.0014328586, -0.010230048, 0.005350883, -0.004337147, 0.021528566, -0.013087184, 0.03229944, -0.0032233794, 0.0014050538, 0.0019552456, -0.016556062, -0.008491514, -0.002703608, 0.019257868, -0.0030270396, 0.019979432, -0.022318846, 0.0072141676, -0.032672483, 0.01043055, 0.0031385263, -0.0070359553, -0.017300691, -0.021807127, 0.0073096883, 0.0009856159, 0.0015622006, 0.0009717535, 0.008373546, 0.03127178, -0.010445755, -0.007300779, -0.006824743, 0.001497821, -0.0115595795, 0.0039406, 0.010897322, 0.0074115046, -0.0038972753, 0.010272897, 0.002995178, -0.005913486, -0.023725852, 0.0009708302, -0.009210659, -0.0017260936, -0.009234944, 0.016156897, 0.007976367, 0.014558385, -0.006762148, 0.012227061, 0.04591745, -0.008143907, -0.008260833, 0.009520726, -0.0225447, 0.012582864, 0.01449783, -0.021284549, -0.0027802528, -0.01027329, -0.014227836, -0.008331729, 0.000611198, 0.018081496, -0.006105857, 0.008906752, -0.030380072, -0.0067503625, -0.0028282318, -0.0036977408, 0.007404729, -0.019659234, -0.0032232923, -0.0039878124, -0.020683113, -0.004614112, 0.001878898, -0.00075846986, -0.012181426, 0.01750332, -0.015880305, 0.0005595351, -0.009275012, -0.009425956, 0.0027631968, 0.019893456, 0.041828286, -0.0040298956, -0.0066109705, -0.00620721, 0.0017838612, -0.0033129912, -0.027353514, 0.0067475257, 0.017571777, 0.011940205, -0.00034378862, 0.0323526, 0.020859282, 0.020294946, -0.011929542, 0.015524196, -0.016679456, 0.015403623, -0.011385205, -0.014256205, -0.0031682858, -0.0030538952, -0.009287707, 0.0093782125, 0.011841111, -0.021920359, 0.014720719, 0.020515308, 0.0044708545, -0.0068459916, 0.020393562, 0.013385219, -0.0073442548, -0.021101259, 0.012330301, -0.005555262, -0.01119171, 0.015615915, -0.008913997, 0.1662833, 0.11426788, 0.005236513, 0.012711037, -0.0056533865, 0.013338813, -0.012747335, -0.003455105, -0.003967007, 0.0245645, -0.009690253, -0.0024988556, -0.0010211257, 0.00303862, 4.1834985e-05, 0.0017293639, -0.009619783, 0.0075504472, -0.0032267007, 0.008241665, 0.017140958, 0.014494641, -0.01585003, 0.0119313095, -0.03543992, 0.01385049, -0.005995533, -0.019004298, 0.010965193, 0.0016146696, -0.007696643, -0.004855001, 0.0078340825, 0.0069801235, -0.00062637666, -0.004274046, -0.026747327, 0.0076985154, -0.00092952204, 0.00034495347, -0.008699433, 0.008025876, -0.006596425, 0.028871069, 0.019104779, 0.008181343, 0.0060005113, 0.0038115517, -0.002709134, -0.008608462, 0.006681831, 0.0075382586, -0.010556198, 0.0034648876, -0.011765264, 0.0023756798, -0.0038916827, 0.020750495, 0.0015583439, -6.162084e-05, 0.021355074, 0.0015800804, -0.009883356, 0.0003852692, 0.010387751, 0.02655071, -0.00212861, 0.0014395694, 0.012123078, -0.01958457, -0.00057970895, 0.031100322, 0.021790404, -0.012141702, -0.00976571, 0.0134946145, -0.0006310247, -0.018980946, -0.023639506, -0.004865998, 0.010234122, -0.013759828, 0.015288654, 0.0117354095, 0.0040423307, 0.010887294, -0.0057652835, 0.026264634, 0.10314807, -0.009807132, 0.0059138928, -0.027729085, 0.012848028, -0.0041184463, -0.016201513, 0.039392803, 0.040046047, 0.013096694, 0.010690654, -0.005580653, 0.0141767785, -0.025289115, 0.013698124, -0.009561979, 0.015343943, 0.042766057, 0.00045593467, 0.008326981, -0.030369231, -0.007892273, 0.012503321, 0.008445463, 0.016349405, -0.0026854705, -0.0015907035, -0.01693497, -0.011247945, 0.01149889, -0.08961669, 0.018099125, -0.004054874, -0.013457451, -0.00010673161, 0.024087658, -0.007971685, -0.011724019, 0.004113798, 0.011215151, -0.0026852766, -0.0061051752, 0.01776211, -0.014793258, -0.02399288, -0.0063245455, 0.014880175, 0.021433726, 0.02226994, 0.0017633642, 0.022798248, 0.022918899, -0.0060091214, -0.0047821933, 0.0020940744, 0.00013110171, -0.015353286, -0.03168798, 0.008899348, 0.0009111344, -0.0033822432, -0.0037552335, -0.043626428, 0.0018287436, 0.028672922, -0.0003903572, -0.002459853, -0.008121791, -0.005247188, -0.01725191, 0.0153245, -0.036299657, 0.016266568, -0.025324108, 0.013019413, 0.003305699, 0.006453248, -0.011447662, 0.00020202869, 0.0018075525, 0.011611018, -0.0144887455, 0.009679624, -0.0015154443, 0.00826847, 0.007853307, 0.0046317987, -0.017368885, -0.014128334, -0.013908732, 0.03017902, 0.015940389, -0.008788537, 0.008986567, 0.0055447654, -0.01077382, -0.0078046904, 0.027620113, 0.0075938767, 0.010956066, -0.01849557, 0.015658617, 0.00021230728, 0.0033427526, -0.02013957, 0.009676728, -0.009690699, 0.022348277, 0.0023260366, -0.0008736074, 0.0076866797, -0.013797055, -0.018028023, 0.1038488, 0.008186985, 0.0006101772, 0.015856834, -0.006003706, 0.01789082, 0.009453108, -0.040430065, -0.010122411, -0.009133531, -0.020842005, 0.004685685, 0.0013440542, -0.01385183, -0.0025151237, -0.014713847, 0.014204412, -0.0013597438, -0.010978726, 0.0043393318, -0.009626345, 0.013101137, 0.03644869, -0.016582845, -0.0034577565, 0.004203324, 0.008213672, -0.0037204844, -0.0021974177, 0.007163164, -0.0064456523, 0.0019447597, 0.007051052, -0.04099374, -0.007700508, -0.0053109517, -0.006518131, 0.0038957642, 0.0014646312, -0.015186863, -0.008814975, 0.013613992, -0.011008965, -0.0019741808, -0.035276774, 0.19546732, 0.011178757, 0.016513964, -0.025123604, 0.021661343, 0.00833244, 0.0048692357, 0.0049190917, 0.0038199392, 0.012389225, 0.014888811, 0.008985922, 0.0029708, 0.022243703, -0.0009402819, -0.023171913, -0.014765504, 0.03295922, -0.025718339, 0.020957636, -0.021049434, -0.0005929545, -0.014275076, 0.009238548, 0.01343775, 0.005321234, -0.00041193079, -0.010443438, 0.003759329, -0.0019123504, 0.022386493, -0.005410625, 0.016347054, -0.0014396321, 0.006635126, -0.008533618, 0.010004138, 0.002799524, 0.0018333491, -0.013710523, -0.026124341, 0.012714892, -0.012838036, 0.041581474, 0.022397937, -0.0035370921, -0.028140202, 0.017879631, -0.0019492912, -0.01669243, -0.007609411, 0.0011821464, 0.010172953, -0.025361076, 0.004576305, -0.020353531, -0.0039590397, 0.015959522, -0.0016161017, 0.0084900055, 0.004495564, 0.0006092899, 0.0059498814, -0.0007802824, 0.005549294, -0.0035909559, 0.003970756]"
"Agenda astronomica de septiembre: eclipse, equinoccio y espectaculos planetarios",https://oem.com.mx/elsoldetlaxcala/img/21284221/1737555423/BASE_LANDSCAPE/500/image.webp,no especificado,Septiembre llega cargado de fenomenos astronomicos que haran del cielo un espectaculo inolvidable,https://oem.com.mx/elsoldetlaxcala/tendencias/agenda-astronomica-de-septiembre-eclipse-equinoccio-y-espectaculos-planetarios-25505585,"[-0.010377727, -0.0075097987, 0.024468986, -0.048212063, -0.0024910732, 0.027790288, 0.019045379, -0.011657243, -0.04009251, -0.009656694, -0.012579657, 0.001676984, 0.005927503, 0.0016655963, 0.11341396, 0.002777793, 0.009333208, -0.011832535, 0.020756176, 0.017628266, -0.025577536, -0.016787097, 0.034107443, -0.015538995, -0.00062596897, 0.00491728, -0.0030832987, -0.021006169, 0.032201026, -0.008350693, -0.018229129, 0.010344565, 0.0035493162, 0.0030185238, 0.0012224416, 0.0076204278, -0.011595657, 0.0028141148, 0.007917621, -0.008792774, 0.027828302, 0.0040039807, 0.003206651, 0.0042013554, 0.0070467214, -0.028508166, 0.0029932233, -0.0039520897, 0.009429643, 0.015376934, -0.015659513, -0.018115098, 0.020643482, -0.17668174, -0.022916397, -0.012891601, -0.028197356, -0.00017527658, 0.0030229562, -0.031985153, 0.0028061944, 0.061694395, -0.021023383, -0.023547182, 0.011224296, -0.014411141, -0.03023323, 0.012382063, -0.018554207, -0.015616031, 0.006298099, -0.012218192, 0.01056256, 0.0288383, -0.013940305, 0.008376719, 0.0164056, 0.013388554, -0.028207503, 0.0037920545, 0.012082146, -0.0005429542, -0.0040244916, -0.03416231, 0.00043646377, -0.023457913, 0.017556442, 0.0005924135, -0.021321476, 0.033279493, -0.02151811, 0.019913254, -0.0061726845, 0.006811532, -0.021201877, -0.006941584, 0.001467201, -0.014193106, -0.016177762, -0.003740095, -0.0196435, -0.005583925, -0.0047332332, 0.012333647, 0.0129381595, 0.0031542564, 0.03356316, 0.026013946, 0.0004388684, -0.004988667, -0.013593276, -0.0054136645, -0.0010767104, 0.019479802, 0.018835736, -0.13420787, -0.0033780113, 0.00014230187, -0.017377224, -0.020713033, 0.0011208988, -0.0045534465, -0.023469875, 0.015149654, -0.021949591, -0.021582924, 0.0069793654, 0.0003871334, -0.00055803836, -0.015425416, -0.025672773, 0.01482807, 0.00895754, -0.00020122902, -0.012519157, 0.009295153, -0.0072638365, -0.026263647, -0.028893027, -0.009986578, 0.0014193946, -0.00982361, 0.016496154, 0.010700111, -0.0060144197, 0.0039180964, -0.027755305, 0.0044304444, -7.776516e-05, -0.020822542, 0.019409213, 0.0052937786, -0.00219633, -0.017385904, -0.018428957, 0.0026071845, -0.0035796792, 0.0030485694, 0.017665206, 0.010485965, 0.0018333725, 0.019762972, -0.017604433, 0.013954547, -0.011363716, 0.0045263562, -0.021578334, 0.017984936, 0.035845563, 0.0013152736, 0.005016461, 0.021963986, 0.0015094638, 0.015538873, -0.02758443, 0.020895556, 0.0039518676, 0.00989667, 0.0094199125, 0.01649693, -0.019533109, 0.0019408311, -0.01716034, 0.030123202, 0.021665152, -0.0312568, -0.011880472, 0.006803025, -0.009138648, -0.012214082, -0.023096662, -0.0065076603, -0.036455914, -0.041938353, 0.006718214, -0.0028694246, 0.0068845563, 0.0015157711, -0.01468497, 0.0033775826, 0.037492014, -0.017405672, 0.019312484, -0.01937923, -0.008884099, 0.007863353, 0.010995723, -0.019585146, 0.0027618418, 0.017586097, -0.008987783, 0.023484172, 0.0069946405, -0.019134264, 0.030291703, -0.02179975, -0.016315835, -0.0051368107, -0.0006076921, -0.04409895, -0.03844848, -0.014814767, -0.009263625, 0.02668945, -0.026584497, -0.031333923, 0.0006711253, -0.0010799522, 0.02425765, 0.01845242, 0.006759687, 0.011526911, -0.02301099, -0.02580228, 0.002227908, 0.029229574, 0.009351405, 0.030512907, -0.0011460109, 0.00048306407, -0.0041325325, -0.0074864784, 0.0073805423, -0.024658319, 0.009853055, -0.0017783158, 0.028457701, 0.008175817, -0.014724643, 0.0027032478, 0.03799398, 0.017529242, 0.011920014, 0.023064028, -0.03368914, 0.0025609687, 0.015704108, 0.018732492, -0.028544892, -0.0035864299, -0.02548913, 0.007081193, 0.008884915, 0.000710772, 0.0026865287, -0.02228474, -0.005863576, 0.056483798, -0.002834014, -0.023373313, 0.0010812014, 0.005065931, -0.014190377, -0.021139385, -0.015657468, -0.0028322155, -0.07844058, 0.035102036, -0.036452588, -0.014887187, -0.0279515, 0.0010998663, -0.007831078, -0.012742059, -0.0025621282, 0.01960703, -0.01803018, 0.0058005336, -0.0073219696, -0.019981941, 0.022514895, 0.020022864, 0.004090605, -0.013859577, 0.0026326743, -0.04277301, 0.016202059, -0.023417104, -0.007290092, 0.004890778, 0.0071102604, 0.011108292, -0.002987628, 0.047383282, 0.004298935, -0.041605793, -0.013304833, 0.0043846373, 0.010363338, 0.025567075, -0.00084163866, -0.00022775671, 0.026825177, -0.009821033, -0.035040144, 0.022841284, 0.024043636, 0.004423399, -0.030782133, 0.022384707, 0.0005281216, -0.0324412, -0.0018897777, -0.01720363, -0.012719416, 0.0030601304, -0.017748987, 0.015581128, -0.007253778, -0.0135432575, 0.00016836013, -0.0019505203, 0.0033072818, 0.010212861, 0.0075664436, 0.0149297025, -0.01023295, -0.018420521, 0.0016519693, 0.015680786, -0.02252255, -0.0075321617, -0.0060534496, 0.0028767486, -0.008533023, 0.015721645, -0.033891216, -0.035788912, -0.008632547, -0.008240522, 0.027244328, 0.0068988437, 0.009478705, 0.015286253, 0.0062514916, 0.012113598, -0.022852216, -0.0067815348, -0.02022956, -0.010772133, 0.02716478, 0.011837229, 0.004409166, 0.0039459257, -0.008096226, -0.014453037, 0.005249357, -0.010721284, -0.022259142, 0.01175897, -0.0044034515, -0.008066322, -0.05126446, 0.008038991, 0.010566642, 0.015378724, -0.018762661, 0.013004112, 0.017990028, 0.0039770934, 0.009830779, 0.015014115, 0.025441704, 0.0021076354, 0.0045048115, -0.018800393, -0.0048862966, 0.017959144, 0.0056690266, 0.0028101583, 0.0022546246, 0.0035896683, -0.015271303, -0.023096591, -0.025844246, -0.0007402346, 0.025899671, 0.010154072, -0.028848073, -0.04320764, 0.019914253, -0.018649817, -0.0035026195, -0.002830985, -0.00085043255, 0.007036519, 0.0024279358, -0.023347562, 0.00710358, -0.015729073, -0.00401805, -0.0043104705, 0.021269217, -0.009742928, 0.029053569, 0.009858358, 0.0019654322, -0.0064274804, 0.0053752526, 0.03518115, 0.006589448, 0.056319542, 0.030728014, 0.00015860662, -0.006746562, 0.013463894, 0.009532364, -0.009251243, -0.023075908, 0.013421331, -0.02361839, 0.020376643, -0.0054485756, -0.012051964, 0.002396148, 0.011625867, -0.003719805, -0.034342725, -0.002619422, 0.019237155, 0.020247664, 0.02533135, -0.00859428, 0.02381329, 0.022209058, -4.213221e-05, 0.015890848, -0.0056291814, -0.004043528, -0.0015017408, -0.0003579446, -0.0026620526, 0.010572643, 0.0039843223, -0.005218564, 0.02366885, 0.0012315286, -0.035383116, 0.02374303, -0.008921165, 0.014084031, -0.023630569, 0.009719361, -0.00904982, -0.014667568, -0.0032372412, -0.014293278, 0.009531635, 0.004531031, 0.016200975, -0.019903108, -0.01024836, -0.00887138, 0.01933833, 0.0041114883, -0.012062738, 0.034240533, -0.013516651, -0.013456425, 0.008909527, -0.016823718, -0.036334865, -0.0152802905, -0.012885275, 0.0059150904, 0.0046892273, -0.0080195945, 0.010385842, 0.02724285, 0.022208527, 0.034220885, 0.0026929535, -0.016848221, -0.01430272, -0.021583399, -0.005288861, 0.007263327, -0.008887101, 0.00996316, -0.0043900344, -0.026011605, -0.010192935, 0.015864428, 0.006983866, -0.0012430744, 0.0105142575, -0.0064576827, 0.007295715, -0.013150909, -0.011726154, -0.010053216, 0.0015675516, -0.0055344147, 0.020775832, 0.006732945, 0.013848082, -0.0039789225, 0.026286568, 0.007885938, 0.00059803383, -0.008503054, 0.014775002, 0.027685931, -0.0016932996, -0.017640319, 0.0005007993, -0.006255632, -0.014657304, -0.0048386585, -0.008720831, -0.033762995, 0.045505375, -0.013200603, -0.021168644, 0.01581617, -0.00085401273, 0.0043029985, 0.039888643, 0.0151983425, 0.013624173, 0.00017231905, -0.008214391, -0.011270041, -0.010576885, 0.011464939, -0.100617446, 0.006147265, -0.0036771665, 0.013383607, -0.02516109, -0.020701146, 0.005562488, 0.010029814, 0.02773596, 0.024863172, -0.021263437, 0.0009897454, 0.011149033, 0.012527509, -0.0015584682, -0.010731561, -0.022310967, -0.018292498, 0.010225317, 0.011659096, -0.016431868, 0.007921952, 0.017766159, 0.011583664, -0.02162964, -0.016834525, -0.01730986, 0.029893529, -0.008365527, 0.021285659, -0.009374133, -0.005834116, 0.023906441, 0.013770268, 0.019287359, 0.012085128, 0.012020584, -0.028359484, 0.023218771, -0.0017551829, 0.016925732, 0.043834027, 0.021780776, -0.021334315, -0.0433153, 0.024783146, 0.002992172, 0.0039660665, 0.0020911398, -0.0007281135, 0.020806972, -0.0061423345, -0.0023564552, -0.01753463, -0.026474701, -0.011859182, -0.04117324, 0.019828962, -0.00806458, -0.00975836, -0.005021946, 0.00517945, -0.0019259057, -0.008738265, -0.027686363, -0.0051446753, 0.009675039, 0.007149093, -0.004213555, -0.008153359, -0.018361256, 0.00611812, 0.027917607, 0.022083292, 0.009914399, 0.018454514, -0.023473095, 0.011138222, 0.026686104, -0.00865073, -0.014257402, 0.026582155, -0.101791844, -0.012270256, -0.020247633, -0.0091007305, -0.0017924772, -0.00586912, -0.005337034, -0.0052744523, -0.016614476, 0.0049974783, -0.021019798, 0.018853724, -0.007778254, -0.022207389, 0.014030504, 0.015929857, 0.0050166976, -0.0037003907, 0.021270256, -0.009377006, -0.0050355713, -0.0093723, 0.0004953216, -0.009504597, 0.020926492, -0.008112341, 0.0077317827, -0.0015376618, 0.007819409, -0.057694606, -0.00703236, -0.12597731, 0.0018067466, -0.0035311182, 0.011887818, 0.014230584, 0.016519414, 0.021403495, -0.013287657, -0.033650246, 0.0128629, -0.0009810495, 0.012222405, -0.03741078, -0.00034383975, 0.0038839185, 0.08169206, 0.009957567, 0.0028653606, -0.021617537, -0.0031364935, -0.006677204, -0.0394882, 0.0032598102, -0.029331071, 0.00025644084, -0.009925792, -0.023373803, 0.023693297, -0.022083394, 0.013861741, -0.016077273, 0.013852127, 0.0037996406, 0.004096668, -0.007849147, 0.01150512, 0.009952902, -0.02420557, 0.0041874954, 0.030765446, 0.012177016, 0.033745386, -0.008759318, -0.0041708206, 0.021161182, -0.0050066593, 0.025254501, -0.0015765749, 8.5320375e-05, -0.0008962819, -0.007666302, -0.064567305, 0.029685708, 0.017877432, 0.00078439, 0.025483783, -0.024928689, 0.015495204, 0.0046761488, -0.027693149, 0.012506412, 0.019014023, -0.017125983, -0.0029041725, -0.02580912, -0.00704035, -0.004078395, 0.008139362, -0.014700356, 0.024665555, -0.003131418, 0.019784898, -0.027979609, -0.034849674, -0.0058873557, 0.0010519446, -0.02215308, -0.013583543, -0.030658187, 0.010889427, 0.004550137, 0.016531132, 0.0042198217, -0.0005260349, 0.0072568897, -0.02588196, 0.01205142, 0.014179333, 0.008619337, 0.014793322, 0.029852351, 0.028262014, -0.007455929, -0.005056339, -0.003456282, -0.0063451803, -0.0036060177, 0.024044279, -0.025238758, 0.011706494, 0.000844121, -0.0053781476, 0.015145431, -0.0034659107, 0.015798414, 0.018709872, 0.0064834356, -0.0015530671, 0.012870621, -0.014980867, 1.14426375e-05, -0.004181762, -0.006158658, 0.008193862, 0.010019887, 0.004460769, -0.012736796, 0.011327707, -0.015003359, -0.011111577, 0.008392029, 0.010895114, -0.027417252, 0.0071080793, 0.0020213125, 0.01315427, 0.0040757526, 0.017789358, -0.00285682, -0.045755208, 0.015892714, -0.0051340917, -0.015802931, 0.0032434417, -0.005740888, 0.0066679004, -0.000745498, 0.0032727902, -0.011987577, 0.017282512, 0.024402237, -0.002882732, 0.00017391007, 0.0011363738, 0.0011985244, -0.012650944, 0.00078075984, 0.0026140618, -0.024272764, 0.012045022, 0.0005644351, -0.022346282, 0.015195803, 0.009933629, -0.018026536, 0.006931814, 0.0074883653, -0.00082512386, 0.0022668007, -0.010492437, 0.0112056, -0.013222647, 0.004137025, -0.0008506448, 0.019458855, 0.0033317644, 0.026200118, -0.023101825, -0.015907997, 0.004754541, -0.0026873914, 0.0050677103, 0.0008544138, 0.012122708, -0.003553152, -0.00033085115, -0.00042787, 0.009637199, -0.0026900882, 0.020065526, -0.0027644397, 0.0085483445, -0.0035518552, 0.020073587, 0.019888053, 0.014682843, 0.0066618724, 0.010614866, 0.01823812, -0.012477734, -0.0042339535, -0.024223557, 0.019680379, -0.012817165, 0.035647064, 0.01775418, -0.010211463, -0.012438839, -0.011497962, -0.012735244, 0.01624426, 0.0005037287, -0.0045436113, -0.010406161, -0.0049738223, 0.012766834, -0.0013149151, 0.021925882, -0.0015044083, 0.0037499485, -0.005998766, -0.020111654, 0.002215166, -0.0063217506, 0.014029549, -0.032519534, -0.014707548, 0.002394724, 0.011877642, -0.00278612, -0.004958992, -0.017405566, -0.0016488374, 0.0011775875, -1.8985078e-05, -0.0128317075, 0.005444203, -0.0006365531, -0.0005079912, 0.01560418, -0.017367596, -0.00083042984, -0.008460215, -0.01211029, -0.005390188, -0.013078884, -0.015619934, 0.004107857, -0.0013191355, -0.008795986, -0.02176825, -0.00041193212, -0.012524932, 0.0011357246, 0.007204912, 0.005148327, -0.018083517, 0.007987812, -0.010073851, 0.00055562914, 0.008752837, -0.016618349, 0.019829908, -0.0064115217, 0.001719787, -0.026695084, -0.014208551, -0.0059863343, -0.010252731, -0.008239231, -0.014419292, -0.008064855, 0.0075554536, 0.0062674237, -0.01213272, 0.020199591, -0.0052604596, -0.017477846, 0.008110944, 0.014227458, -0.0009072416, 0.005551596, 0.0017203904, -0.019174417, -0.00051726017, -0.00053483015, 0.000922985, 0.003351794, -0.0038305693, -0.026287802, 0.003301722, -0.002253335, -0.009627902, -0.0057931864, -0.00018277139, 0.0036701804, 0.00032602984, -0.011228157, 0.0050828387, -0.030038035, -0.024229217, 0.00918299, 0.007117712, -0.00897346, 0.013075945, 0.008015659, 0.007242812, 0.006540303, 0.00010895858, -0.007272847, 0.0022131943, -0.0052045314, -0.008792746, -0.014972085, 0.022908453, -0.018965065, -0.0077101034, -0.007242552, 0.002254635, 0.009873627, 0.09001955, -0.021015085, -0.0027824505, -0.00773502, -0.0064358898, 0.014520026, -0.002948961, -0.0060387864, -0.013646458, 0.019450238, -0.00054005533, 0.01574928, -0.0018748678, -0.009180645, -0.002511506, -0.004082501, 0.0064722844, 0.008964099, -0.009254858, 0.0065472624, -0.005454709, -0.0008169594, 0.0045142183, -0.002207177, 0.012152417, 0.010221981, 0.01582405, 0.0098717045, 0.0118603455, 0.010188525, 0.01175388, 0.00033747638, -0.013311853, 0.0023943621, -0.021988565, 0.012015623, -0.0018814877, 0.014776306, -0.023970332, 0.0031429697, -0.006324221, -0.01796642, 0.012155474, -0.0028446368, 0.0038693168, 0.0019386061, 0.0008003199, -0.00012782018, -0.014701027, -0.010475113, -0.005452126, -0.01612206, -0.014278425, -0.0018669849, -0.00482352, -0.012635877, 0.008716524, -0.01227447, 0.020217722, 0.00075734, 0.0076138317, 0.0077237342, -0.009963071, 0.017870585, 0.0032232117, -0.0019084162, -0.0109291775, -0.0071103075, -0.005685634, -0.0018774378, -0.006819467, 0.01184192, 0.0032680857, -0.00373074, 0.02625197, 0.011760413, 0.014147166, 0.0010903545, -0.033859137, 0.0007058357, -0.00071113877, 0.005014897, -0.014186162, -0.010950404, -0.002736618, 0.00072972267, -0.003000235, -0.009979479, 0.013500918, 0.0182847, 0.013877636, -0.019406319, 0.008612354, 0.0107444, -0.0094713755, 0.019041482, 0.069088034, 0.0039699264, -0.011228862, 0.008861096, 0.0045717866, -0.008115558, 0.0032184466, -0.0071585765, 0.01215389, 0.0024836664, 0.0060407915, -0.009008857, -0.007733156, -0.0049283346, 0.016271498, 0.012940557, 0.023727978, 0.006085453, 0.0193251, -0.0019937546, -2.736951e-05, 0.0034304012, -0.003211982, -0.018583775, -0.008573576, -0.0031316043, -0.006385505, 0.008729186, -0.012126804, 0.0061129434, -0.0068229716, 0.009604291, 0.002762708, -0.000990954, 0.0015042068, 0.005682143, -0.005965947, -0.000779447, -0.018655516, 0.012543735, 0.008609323, 0.005960825, 0.03363008, 0.0015340816, -0.0037305234, -0.007726323, -0.023518292, 0.0067592915, 0.010566034, 0.009540959, 0.0010634294, 0.013448223, -0.0007821407, -0.008162517, -0.0035458193, 0.00086258096, -0.005251102, 0.005479848, -0.006395704, 0.011337689, 0.0033966273, 0.0064914417, 0.0064267404, 0.005295077, -0.004512554, 0.00297182, 0.01217935, -0.008072965, 0.013295141, 0.015460463, 0.009678944, 0.011086724, -0.004950737, -0.00044443607, 0.0011485118, 0.0008599497, 0.0016466328, 0.0016539588, -0.013763659, 0.015251133, -0.010066727, -0.016971085, 0.0025954978, 0.0037925222, 0.0042971023, -0.00054765434, -0.031124977, -0.013059616, -0.034546405, 0.012772862, -0.005480508, -0.013996915, 0.014177929, -0.011915972, 0.012179704, 0.0075589563, 0.014668803, -0.008456066, 0.019541368, -0.0023988097, 0.0064756493, 0.033388235, -0.017567907, 0.007873849, 0.010094903, -0.0031341375, 0.0006474814, -0.012946107, -0.011981236, 0.004475658, 0.014984177, -0.0073288674, -0.0018535019, 0.017688876, -0.0082792025, -0.014531262, -0.0007701311, 0.0049601668, 0.0028845584, 0.007698196, 0.009678857, 0.009457941, 0.012282014, -0.019876746, 0.017599732, -0.014343945, -0.03134847, 0.007457375, 0.0017370457, 0.012841593, -0.0020553886, -0.006894007, -0.002453439, 0.0020462568, -0.0007320478, -0.0007849386, -0.018304367, -0.0023630576, 0.001652168, -0.0011569153, -0.0061761206, 0.00196447, 0.007985367, -0.0066156765, 0.0071348352, 0.0068758037, -0.0099636195, 0.00045949835, -0.021080254, -0.006578524, -0.012669067, 0.0026149612, 0.00687164, -0.002901089, 0.011135264, 0.0078094667, 0.0044188215, 0.003243575, 0.008688417, 0.014002229, -0.012967757, -0.04766652, -0.004081543, 0.016250795, 0.015063212, 0.015710749, 0.016606187, 0.010535722, 0.010918784, 0.0048856144, -0.011062966, -0.0157886, 0.015588546, -0.011457259, 0.0016161732, -0.018911377, -0.0014714525, -0.0024174235, -0.0038216775, 0.00673288, -0.0032401474, -0.01263628, 0.00095298945, -0.008396707, 0.0076343548, 0.00973318, 0.005804161, 0.007137323, -0.019608576, -0.014324378, -0.008834334, -0.004903598, -0.004983895, 0.007615503, 0.0018058522, 0.00832052, -0.017050419, 0.018927636, -0.013630786, -0.0006827686, -0.02572588, 0.008231455, -0.017130917, 0.0058333096, -0.0028378945, 0.0076342234, -0.008659554, -0.009016524, -0.0011175408, -0.011383961, 0.007045497, -0.0026225196, -0.010884166, -0.005610093, 0.016992278, -0.011404889, -0.021902688, 0.005970722, -0.0018073149, 0.008581169, -0.018434428, 0.0020726044, 0.0065699574, 0.003020729, 0.0034525453, -0.029033627, -0.008250027, 0.013766053, 0.002925367, -0.0052226232, 0.002088236, -0.019485816, -0.0057075964, 0.0051860297, -0.0052248873, -0.012394705, -0.01626509, 0.001920961, 0.0063395393, -0.022514181, 0.020659171, -0.0014057616, -0.014563966, -0.01174009, 0.00581637, 0.013028787, 0.0069709066, -0.020076659, 0.0077442243, -0.0059068063, 0.0058557875, 0.0077622337, 0.008091874, -0.026422266, -0.01342211, 0.021625636, 0.0053667664, -0.0068897437, -0.0005495273, 0.013905402, 0.011330405, 0.00088228704, 0.0077950126, 0.016670665, 0.012758098, -0.0041971384, 0.017638551, 0.002703949, -0.011169646, 0.014113475, -0.0051250346, 0.0008278308, 0.0015601007, 0.013034177, 0.0088682305, 0.0048393407, 0.0038271048, -0.020588698, -0.01667822, 0.0026954014, 0.008988935, 0.004501312, -0.0058236173, -0.018215569, 0.0045817904, 0.0055589, -0.00049481593, -0.007392606, -0.0022182283, -0.005424933, -0.0007531526, 0.008023159, -0.005128364, 0.0036145572, 0.0029229647, -0.00032829714, 0.0067051575, 0.0058089835, -0.0074479925, -0.0019397167, -0.0046688127, -0.00437355, 0.0049042897, 0.0037059137, 0.0130945705, 0.007298153, 0.015904961, -0.013223617, 0.010627446, -0.016678385, -0.010167157, 0.0018563394, 0.003665602, 0.009405062, 0.00920281, -0.0037484257, 0.0064829504, 0.00379186, 0.0033140415, 0.010286772, 0.0052431324, -0.008194401, 0.017170336, -0.0044245026, -0.006409391, 0.026255649, 0.0024541675, -0.013141995, -0.01192002, 0.009355014, 0.004881663, -0.013484018, 0.032037776, -6.643571e-05, 0.024524037, 0.010934926, 0.0046791392, 0.020950383, 0.015340643, 0.014604334, 0.005438718, -0.0050819833, -0.0069509125, 0.017892068, -0.0052764365, 0.007967754, -0.0004708417, -0.007601451, -0.008824561, -0.01090668, -0.010695715, -0.0043957373, 0.0031754277, 0.010550705, -0.016122336, 0.021792352, 0.009398329, 0.007400049, -0.017133927, 0.014145702, -0.0056524407, -0.008229122, 0.0131591335, 0.015758518, 0.018588163, -0.006942955, -0.07859438, -0.004431228, -0.0066098687, -0.0029698322, 0.008834615, -0.021675158, -0.0045425086, 0.00024438082, -0.0009565238, 0.018792326, -0.013924316, 0.01416097, 0.017781302, 0.0003478489, -0.008704609, 0.020339899, 0.0037237424, -0.0030682338, 0.0051831426, -0.019073274, -0.005668991, 0.003259613, -0.0074569276, 0.00341351, -0.010012385, -0.004479321, 0.0027161925, -0.014071252, 0.0070033656, 0.011466081, -0.009813502, -0.009981991, 0.008116594, -0.00043457682, 0.0075708544, 0.012321654, -0.003221557, 0.011225832, -0.13231038, 0.0026512672, -0.006926669, -0.0026911704, -0.0048960317, 0.006479409, -0.0030359079, 0.004777015, -0.0026751515, 0.0053167925, 0.014185847, -0.0065235803, -0.0027781033, -0.005307949, -0.017616125, -0.014898372, 0.013119143, -0.010090929, 3.755927e-05, 0.004836062, 0.016381342, 0.014383717, -0.006537423, 0.010177407, -0.0017140382, -0.00774983, 0.0067510884, -0.001533146, 0.0139322495, -0.0012784338, 0.00406219, 0.02013563, 0.00022828496, -0.0017444124, 0.019568855, 0.004090127, 0.0033025914, -0.027218055, 0.012033419, -0.009107215, -0.00037689458, -0.0035543735, 0.0036195652, -0.0058271927, 0.00071483006, 0.0041662753, -0.01730497, 0.0052058008, -0.007404451, 0.011650725, -0.013516117, 0.0059189354, 0.004331742, -0.018883608, 0.018554961, -0.007833114, 0.0045380327, -0.01087908, -0.004033637, 0.008453751, 0.007892531, 0.015008741, -0.0010737266, 0.009725655, 0.018953778, 0.015064829, 0.0023541248, 0.0027978485, -0.002901626, 0.013396434, 0.03017219, 0.0009293575, -0.013999139, -0.014230598, -0.00079154817, 0.0039218147, -0.008763543, -0.0050389473, 0.008815379, -0.0072030327, -0.012122207, -0.023218863, -3.7558562e-05, 0.001199364, 0.004292222, 0.006556024, 0.027962595, -0.011794124, -0.006980544, -0.07030344, 0.0027485983, -0.0106062265, 0.009170716, -0.0039054132, -0.007508522, 0.009075204, -0.0060009765, -0.010616463, -0.005922047, 0.012267717, 0.0074273036, -0.0010694598, -0.007173809, 0.0032357664, -0.0058848024, -0.0053300043, -0.0038587553, -0.009337668, 0.02208495, -0.007023697, 0.002165551, -0.011794205, 0.011914241, 0.020418733, -0.031560887, -0.013525829, -0.001299264, -0.011602889, -0.012729742, -0.00044712634, 0.021397632, -0.00037774863, 0.0048729223, 0.017734451, -0.011621723, 0.00948449, 0.008348191, -0.017829059, -0.02032084, 0.0017915677, -0.0043870467, -0.004547445, -0.007248418, 0.0044876765, -0.003022648, -0.015860584, -0.010963545, -0.016110824, -0.008471573, 0.01773027, -0.00080019946, 0.015942063, -0.023036456, 0.02592751, 0.011218056, 0.0011341019, 0.004898045, 0.0028995269, -0.0166177, -0.013053202, -0.020770947, 0.00011858524, -0.0007525806, -0.033504862, 0.009686984, -0.011641331, -0.01260849, -0.026240334, 0.0012762893, -0.011551238, 0.01730915, 0.015409082, 0.0143579645, 0.00048622466, 0.005029306, -0.009677817, 0.0067491774, -0.00064710283, 0.024503687, 0.028757503, 0.019298177, 0.010769132, 0.0046990626, 0.003656263, -0.021904903, -0.008139694, 0.0040406687, 0.0073488113, 0.020462807, 0.004124246, -0.004071886, 0.0027441476, 0.0029911129, -0.02798116, 0.001904984, 0.02056364, -0.0068656765, -0.01875761, 0.010353301, 0.0053273416, -0.0027066893, -0.024843879, 0.004113787, 0.009432354, -0.007748904, 0.0030976809, 0.003272106, -0.014283994, -0.014791772, 0.009004698, 0.01174809, 0.00046382548, 0.021627111, -0.15670985, -0.0019645798, -0.008827314, 0.004675411, -0.0041159247, -0.0015861483, -0.026344456, -0.013190659, 0.029337812, 0.0020206163, 0.02495141, 0.017811181, 0.009094935, -0.011307559, 0.019829962, 0.002208228, 0.013780825, -0.012644685, 0.0056602582, -0.017011298, -0.003380012, 0.00528112, 0.0015846661, 0.015694171, -0.0053842035, -0.016444582, 0.028658014, 4.3663622e-05, 0.007626273, 0.007706025, 0.014585009, 0.018018056, 0.0014963056, 0.0008295822, -0.022063319, -0.002468472, -0.005950218, 0.0029340847, -0.022749107, -0.022525948, 0.0055395532, 0.008087343, 0.005695169, 0.019440055, -0.023534583, -0.0009024625, -0.0034676746, 0.0025887603, 0.005519397, 0.019410864, 0.008967115, 0.009493778, 0.0008367964, -0.015125846, 0.007760989, -0.00501424, -0.0003299139, 0.0139918225, -0.007097538, 0.002712061, 0.009283592, -0.011213168, -0.02075171, -2.7316819e-05, 0.016980585, -0.0066485605, -0.0014014025, 0.14234294, -0.014919248, 0.021605553, 0.005800897, -0.030642934, 0.013820455, 0.036268804, -0.008589929, 0.008797425, -0.011490543, -0.01719205, -0.0077895774, 0.010528143, -0.0056632957, -0.0011954276, 0.017145604, -0.005921162, 0.01063138, -0.009518151, 0.008663104, -0.014421432, -0.024041863, 0.0030783233, -0.0049370285, 0.0099484, -0.010431971, -0.009748564, 0.0054659774, 0.02320426, 0.015617047, 0.0062515982, 0.002255465, -0.004525513, -0.01436166, -0.0039928677, 9.243525e-05, -0.0045276573, 0.0048835217, -0.025061479, 0.008082043, -0.007078502, -0.011148013, -0.013590529, -0.0065412163, -0.008584696, 0.0083734505, 0.017382829, 0.0067166667, -0.01976552, 0.0041335816, -0.018945828, 0.016581891, -0.01608441, 0.023243923, 0.003453679, -0.03867455, -0.0023291595, 0.025430404, -0.00677979, 0.011519578, -0.002273987, 0.0024541905, -0.015942268, 0.019333787, 0.011627466, 0.004718465, -0.017877188, 0.014869389, 0.004874338, -0.108398564, -0.0022026289, 0.0012313327, 0.0007914056, -0.0056037367, -0.0013106778, -0.0036707772, -0.013407364, 0.024436532, -0.00395577, -0.0246288, 0.0110703735, -0.00015517478, 0.021282924, -0.000461996, 0.024527963, 0.0059646876, 0.0318107, 0.032209665, 0.011869692, -0.0074281446, 0.00962942, -0.005768794, 0.000112798814, 0.0005234383, -0.0020682157, -0.004743866, -0.014676889, 0.005009232, 0.005477189, -0.0039044141, 0.006605561, -0.008574265, -0.015393366, -0.01738442, -0.0022957467, -0.02094536, 0.009304876, -0.027034413, 0.016690418, 0.006970793, 0.007958983, -0.011429856, 0.010117028, 0.0072400095, 0.00443686, -0.024691215, 0.005097467, -0.008907217, -0.016451983, -0.003910916, -0.0051662135, -0.028344503, -0.00095741835, 0.009067607, 0.023869043, -0.013001631, -0.0120668, 0.029009024, -0.004298045, -0.005169163, 0.009282133, 0.02706674, -0.002392535, -0.0040110983, 0.013005127, 0.003127417, -0.007175106, 0.0062360456, -0.002170005, 0.0059435274, -0.010293425, 0.004914182, -0.012202188, 0.023958359, -0.03427663, 0.0031072462, -0.0029437337, -0.0018835727, 0.005845873, -0.01183357, 0.020496612, -0.0019961044, -0.012971592, 0.038559932, -0.006272145, -0.013024604, -0.008912696, -0.005459425, -0.024237527, 0.025872711, -0.0043178773, 0.0021782725, -0.008530024, 0.0037697852, 0.00974267, 0.012392763, 0.0058859633, -0.00026012282, 0.0020180382, 0.0070550614, -0.008047241, 0.0061650528, -0.0034971375, 0.0039779074, -0.013859123, -0.014240301, 0.00022054675, 0.0087131895, 0.0073675406, -0.020527285, 0.0060309456, -0.02179927, 0.009299177, -0.002971248, 0.008689059, -0.0019242594, 0.0035943773, -0.023205165, -0.014194681, 0.011168467, 0.004721806, 0.026268035, 0.010404497, -0.0034351295, -0.009011089, -0.0018986891, -0.011206124, 0.007924176, 0.016270997, 0.0155740315, 0.0016726444, -0.007307332, -0.0005614179, 0.01447178, 0.010080939, 0.010168816, 0.027732221, 0.032997347, 0.018515924, 0.0158263, 0.01392156, 0.006211571, 0.022898715, -0.017097874, -0.02571741, -0.019178802, -0.0050743152, 0.009741877, -0.008020053, -0.026442837, 0.016296696, 0.0067399163, -0.0064920764, 0.037950564, 0.01607111, -0.012005307, 0.015251317, -0.0018203527, 0.0007237521, -0.01240394, 0.0074562477, 0.010623069, -0.010272339, 0.006039949, 0.010418325, 0.016717935, -0.009302355, -0.0015359732, -0.021640977, -0.007651846, -0.013097036, 0.00923295, -0.0058418186, -0.0028951329, -0.012797664, 0.016369464, -0.0015571979, -0.0034266764, -0.0609185, 0.025224222, 0.006427039, -0.020012297, -0.013916534, 0.005059326, -0.0051475614, -0.006578, 0.015524924, -0.014432748, -0.00061950414, 0.008813125, 0.005050445, -0.022561442, -0.0076690796, -0.006565679, 0.011216257, 0.007968208, 0.003707404, 0.014187385, 0.0008151679, -0.007344152, 0.004077581, 0.008643903, -0.0034102397, -0.019840382, 0.01754013, -0.013059305, 0.015255298, 0.0033373125, 0.0075145043, -0.02645076, -0.014728465, 0.016166857, -0.0019681603, -0.008015516, 0.0077979104, -0.016907226, -0.023604186, -0.07601598, 0.01943538, 0.004583393, -0.052473646, -0.022150159, 0.004997361, 0.0006415421, 0.010840042, 0.0023559835, 0.0023614, -0.015410425, -0.0016100479, -0.0026856742, -0.018022418, -0.010019023, 0.0070736757, 0.0047019077, -0.017954046, 0.011429616, -0.009834875, -0.014282031, 0.0053001894, -0.008800388, -0.012473245, -0.019143688, -0.0015380067, 0.020389816, -0.0019486484, 0.0049250657, -0.002431388, 0.025145536, -0.0109630395, -0.018224671, 0.015573222, 0.0071443683, -0.0021147924, 0.0016236865, 0.0008214708, -0.021363065, 0.0145082725, 0.012360748, 0.00032445462, -0.0063553024, -0.018588353, 0.044767473, 0.018574314, 0.006562123, 0.0026231515, -0.09705755, 0.008146762, 0.0027371962, 0.009351284, 0.0016175763, 0.005504489, 0.00911311, 0.043844998, -0.022175081, -0.007994062, -0.008232789, -0.002288585, 0.013372821, -0.027673509, 0.0006335004, -0.026205407, -0.004852833, 0.0018011718, 0.025698362, -0.008503283, 0.0129695665, -0.008957422, -0.026054945, 0.019374242, 0.015547217, -0.04558308, -0.019091886, 0.0022981963, -0.0024907156, 0.0032135248, 0.005429909, -0.03676319, -0.004250603, -0.017758545, 0.00221773, 0.017972577, -0.019961251, -0.00944086, 0.00057273865, 0.03449967, 0.032935012, 0.017776595, 0.01696406, 0.013871364, -0.00451546, 0.0017878187, -0.008458999, -0.02102982, -0.0051856763, 0.01924936, 0.00073679176, -0.035037637, -0.0026184146, 0.0047703865, -0.0019676033, -0.0011366138, 0.007794339, 0.0023919495, -0.00015040634, 0.0124592725, -0.005702758, 0.013893258, -0.004935642, 0.0056780674, -0.008019552, 0.011436247, -0.010212387, -0.0127202915, -0.011571163, 0.017217632, -0.0011727407, -0.0050845444, 0.019844756, 0.0018340859, -0.009181898, 0.0042177485, 0.018403279, 0.0050454014, -0.027555587, 0.0067778863, 0.01706597, -0.010260765, 0.020783829, 0.011166363, -0.0036412713, 0.0118393265, 0.0051015173, -0.00052454055, 0.029175933, 0.010986196, -0.004034188, -0.0106753, -0.0034747995, 0.030000372, 0.007683595, 0.011296535, 0.014232556, 0.0023719245, -0.017924143, -0.016231272, -0.008365081, -0.021077357, -0.006785663, 0.005002081, 0.021399586, -0.006819704, -0.006904075, 0.0032475155, -0.031225188, 0.0045300396, 0.018385945, 0.001372332, -0.021376137, 0.011769515, -0.00853749, -0.011504562, 0.0048387777, 0.007211198, 0.0016577512, -0.013407056, -0.009733542, -0.026721833, -0.012232608, -0.017907327, 0.035687946, 0.011331312, -0.026995474, 0.00071682525, 0.00473931, 0.016412722, 0.0014567795, 0.011595874, 0.0025079243, 0.0047940672, -0.01121059, 0.011090555, -0.015072127, 0.011721955, 0.010445356, -0.016249906, 0.007363681, -0.013501823, -0.0246274, -0.008259093, 0.02729624, -0.014652055, -0.016936367, -0.0055303546, -0.010294585, -0.023541363, 0.0066750664, 0.011743725, 0.0068868804, -0.005390648, 0.00021394582, 0.028166207, -0.019115994, -0.0008285153, -0.014602428, 0.016873457, 0.018958265, 0.0036333727, 0.02571372, 0.016725814, -0.010167022, 0.0053157187, -0.011992215, -0.045861673, 0.021751735, 0.0075854515, 0.0053954935, -0.0011597872, 0.009152213, -0.003563969, 0.021635948, -0.011088458, 0.010327434, -0.015942289, -0.0082741855, 0.009045539, 0.010315117, -0.008340959, -0.01677066, 0.004439944, -0.00028078974, -0.0108595565, 0.010765083, -0.0055619674, 0.0022727763, 0.012822117, -0.0125670675, -0.018718787, 0.02745749, -0.0019542652, -0.018562531, 0.006711923, -0.001623569, 0.026692374, -0.032321233, 0.016498145, -0.013639678, -0.0061946413, -0.0065137837, -0.019452445, -0.014284517, -0.018912563, -0.012412971, -0.026308795, -0.009743986, 0.0029088424, -0.01163065, 0.0093098935, 0.024349578, -0.0013736122, -0.0037282573, -0.018400716, 0.0018301493, 0.008698948, 0.030278347, 0.002317332, 0.020415636, 0.02607938, 0.009741434, 0.0038003037, 0.014189118, -0.021876598, 0.0163357, 0.021866614, 0.008225422, 0.012754003, 0.00713771, 0.013534622, 0.0019776998, 0.00062382617, -0.0055663167, 0.044906646, -0.0014639224, 0.0039822147, -0.0026510246, 0.020113265, 0.018760411, -0.010445292, 0.022018816, -0.011647381, -0.020190302, -0.02688799, -0.040055647, -0.009310098, 0.0061527714, -0.013892058, 0.0010108548, -0.009002566, -0.013272303, -0.0074589835, 0.02333147, 0.012992572, 0.0005742892, 0.0026233767, 0.013508124, -0.009000906, -0.026153347, -0.0036439928, -0.025855629, -0.0061952495, 0.008511679, -0.014028431, 0.0048447503, 0.0021319762, 0.028139278, 0.005583436, -0.0012023256, -0.0067990776, -0.014915209, -0.020003626, 0.021841444, 0.015439705, -0.0015344198, -0.013602678, -0.027318234, 0.02233923, 0.026025452, -0.0006716451, 0.00980428, 0.007862239, 0.0057746074, -0.0008723705, -0.009568465, 0.005322425, 0.004911702, 0.008736128, 0.0062957807, -0.017572653, 0.01704176, -0.00274527, -0.023986753, 0.0009169949, -0.009349013, -0.0029595313, 0.0071641, 0.005755989, 0.030831708, -0.007492129, 0.006011753, 0.015030159, 0.013484684, 0.02302173, 0.0035780089, -0.013786134, -0.01256653, 0.015582694, 0.0051176865, 0.00011409923, -0.007383412, 0.013307063, -0.011920747, -0.0068654492, -0.0036592742, -0.009404871, -0.010789319, 8.4795945e-05, -0.0056992783, 0.01729244, 0.0079307705, -0.020585343, 0.0071047763, -0.003184048, -0.0007034357, -0.01209076, 0.0010930762, 0.019136185, 0.020897195, 0.016034467, 0.0023614054, -0.025137909, 0.015236338, 0.011797408, 0.015989263, -0.022958448, -0.015146721, -0.014968215, -0.013888766, 0.027691586, 0.026780602, -0.008190702, 0.003529682, 0.0059340666, 0.020731788, -0.012098081, 0.016289374, 0.008887499, -0.0027107808, -0.0076065906, -0.014243069, 0.014092916, 0.03007635, -0.00025592902, 0.0037134686, -0.018227117, 0.011481867, -0.0155337015, -0.009831783, 0.017974935, -0.0036163738, 0.00017796745, -0.019207057, -0.0051747574, -0.014061926, -0.010592455, 0.0025838949, 0.013796869, -0.0011864835, -0.004713914, -0.015979717, 0.013755979, 0.019505594, 0.008982285, 0.016099734, -0.01591531, 0.0025219475, -0.009233571, -0.022220494, 0.034756448, -0.0063308333, 0.016276017, -0.022617592, -0.021335214, 0.01772341, -0.0061043487, -0.0004455621, 0.008767098, -0.011036444, 0.011229022, -0.006158104, -0.003234752, 0.0066421046, 0.00718786, -0.010725855, 0.017259331, 0.009760249, -0.013818775, -0.013560042, 0.010222463, 0.0016165397, -0.0010674765, 0.0005710213, 0.0023234729, -0.00035265458, -0.00040956546, 0.035630625, -0.007631041, 0.014344708, 0.0010828087, 0.0146825425, 0.0049878405, -0.008898204, 0.016773565, -0.020788219, 0.010537791, 0.0029676552, -0.021781208, 0.00066642306, 0.0040657716, 0.011843229, 0.0017847279, -0.02778145, -0.0054239985, 0.023010738, -0.0067637786, -0.017574074, 0.0015585299, -0.0020720442, -0.01617926, -0.007526473, 0.02031871, 0.007292928, 0.018342728, -0.019430295, 0.01440305, 0.0031416053, 0.010593859, 0.0017037584, 0.007015492, 0.011531353, 0.0018911347, 0.002416168, -0.0032347832, -0.016487833, 0.01147117, 0.00796559, -0.014261643, 0.020768153, 0.015492275, -0.016397694, -0.020553844, -0.02418558, -0.011922403, -0.013050969, -0.001003262, 0.012729813, 0.0010159952, -0.0043489416, -0.004568898, 0.008374471, -0.030411579, -0.043136958, 0.003278872, -0.009155546, 0.022582332, -0.021755539, 0.0052512605, -0.048206136, -0.014509326, -0.07292663, 0.0031194938, 0.0011593422, -0.0075940858, -0.0025361464, -0.012059661, 0.0033052175, -0.018826861, 0.00045532183, -0.025623867, 0.0020918278, -0.012548342, 0.027556162, -0.0024960414, -0.0073617366, -0.009569865, 0.003556976, -0.002228139, -0.00947857, -0.020959228, 0.018021883, -0.0014717715, 0.0070568547, -0.0055969143, 0.0087397145, 0.005027231, -0.004118614, -0.0042621014, -0.008799135, -0.009191604, 0.009456088, -0.015721988, 0.018228807, -0.0029139004, 0.01737841, 0.00089356466, 0.0042513846, -0.018839456, -0.022002155, 0.0042408323, 0.0062298873, -0.012941681, 0.01862557, 0.004773556, 0.026509332, 0.0026385982, -0.005814046, 0.00793942, -0.009077373, 0.0018815163, -0.03562208, -0.024455247, -0.0022491328, -0.0039936057, 9.8363256e-05, 0.022935329, 0.006069498, 0.0101698665, -0.017228076, -0.006271071, 0.025209306, 0.010972723, 0.002220202, -0.001252512, -0.009951962, -0.008310238, 0.01384991, -0.00051554636, 0.01588588, 0.008292523, 0.0054623154, -0.014783171, 0.023638258, 0.0058427663, 0.003362939, 0.018162232, -0.0038964355, -0.0027929787, -0.011969984, 0.0095020635, -0.033893388, 0.013521683, -0.006435156, -0.014439993, -0.00026911177, -0.0032790836, -0.0066426434, -0.0012063419, 0.008265008, -0.007767058, -0.003563418, 0.023608726, 0.029130712, 0.016546724, 0.010060506, -0.022344572, 0.010868627, -0.005052831, 0.00053011073, -0.005677957, -0.003439205, -0.018979805, 0.0016296422, -0.015484421, -0.0019747848, -0.0117302425, 0.014660125, 0.009104544, 0.009323033, -0.0012008931, 0.00055076205, 0.015057727, 0.020839013, 0.018108482, 0.0074348575, -0.003492344, -0.0030894952, 0.02582451, 0.011846594, -0.015246523, -0.0017740243, 0.004373805, 0.012863313, -0.0057302727, 0.0018129731, -0.002106937, 0.005634556, 0.00058985525, 0.00796731, -0.03511091, 0.014117225, -0.034119226, -0.010491888, -0.009210537, 0.0053209523, 0.032348797, 0.022810008, -0.008766756, 0.027947584, 0.045317724, 0.015139149, -0.0017724062, -0.011374085, -0.008202575, -0.005115046, -0.010053166, 0.010508636, 0.010907282, -0.0113925245, 0.018270496, -0.0075983373, -0.00070609845, -0.02809575, 0.023843078, 0.007098814, 0.0075548114, -0.006779444, -0.010194942, -0.01238803, 0.011403881, 0.029710133, 0.008661284, 0.008624769, 0.029942714, 0.006506958, -0.0056944108, 0.029660132, -0.013397937, 0.005406358, -0.02068237, 0.014006124, 0.01639336, -0.003134973, -0.010304678, 0.004587494, 0.011272977, -0.002258054, 0.014636501, 0.01258667, -0.0077710873, -0.015692545, -0.0027656981, 0.003996041, 0.007837198, -0.00021663697, 0.0065311743, -0.008457592, 0.0023121694, -0.0042351047, -0.011600981, -0.0047589354, 0.007610651, 0.013077161, -0.020533577, -0.025619201, -0.0022352168, 0.018521048, -0.0011831402, 0.018247891, -0.013678626, -0.0051605757, 0.006853954, 0.020032136, 0.045081552, 0.004574388, 0.003988041, -0.014894671, 0.0018690533, -0.014140951, 0.012112981, -0.018466882, -0.0007327256, -0.014802771, 0.025263753, 0.16195643, 0.12755002, 0.011616923, -0.011667104, 0.013074496, -0.0054066237, -0.009677487, -0.0036297797, -0.0016795539, -0.006609816, -0.028322197, -0.0012694963, 0.00026010722, -0.005126509, -0.00923413, 0.012483625, 0.009129755, -0.005210843, 0.0015053919, 0.00426472, -0.007978526, -0.0011495854, -0.00081659865, -0.0057551726, -0.034695845, 0.024892708, -0.0055638747, 0.01616838, -0.0012943523, 0.004169464, -0.007756544, -0.022823969, 1.7822062e-05, -0.0056287455, 0.013497236, 0.0004593487, -0.022734469, 0.012202939, 0.020268863, 0.0005460507, 0.00742763, -0.030558279, 0.022282308, 0.0059808814, 0.016144592, 0.014232215, 0.030373693, 0.011558825, -0.008388671, 0.026015293, 0.004160535, 0.018029856, -0.0010177703, 0.039185956, -0.020119948, 0.002316354, -0.0060342173, -0.007589081, -0.0040324302, 0.00640575, -0.0049171844, -0.0012425858, 0.00032640764, 0.0057290923, -0.008965443, 0.007980542, 0.0042737275, 0.0017160366, -0.02275303, -0.006724818, -0.0031810277, 0.015122295, -0.009960692, -0.0031976718, -0.0101789795, 0.015807811, 0.029887933, -0.025537943, 0.00953784, 0.0013809202, 0.028407946, 0.014655452, 0.008778047, -0.000104478604, 0.005613295, 0.009601307, 0.002770748, 0.03508113, 0.113617, -0.008113092, 0.0041750497, -0.021695882, 0.00546841, -0.007121331, 0.03210837, 0.043178614, 0.020270202, 0.006359406, 0.02844485, -0.0048263427, 0.002425292, -0.030202694, 0.0056317877, -0.012157619, 0.016397094, 0.016423633, -0.008856923, 0.007851088, -0.0136135155, 0.006820451, -0.006560366, -0.00929463, 0.0042841076, -0.00042323, -0.026502239, 0.012253337, -0.0032204017, 0.0022118818, -0.10162823, -0.00138056, 0.028807025, -0.006227813, -0.0015418848, 0.019090615, -0.021219486, -0.008009703, 0.034595385, 0.011682148, 0.010368009, -0.010022019, 0.0057728076, -0.030942632, -0.005246642, 0.0010540433, -0.005017096, 0.010861558, -0.009344322, -0.032087617, -0.006259146, -0.0022663116, 0.00090630667, 0.012899315, -0.025513565, 0.00044897903, -0.029144254, -0.0008858539, 0.00799685, 0.002183207, -0.0009660187, 0.0065158037, -0.052446593, 0.0005978018, -0.008836925, 0.012677686, 0.0026175096, 0.0013986086, 0.027259443, -0.003357284, 0.0011301152, -0.021438716, -0.0020008024, -0.04218058, -0.007843653, -0.011307437, 0.0044617965, 0.0011259111, -0.008832628, -0.015467409, 0.03445037, -0.0040729935, 0.0012837045, 0.015805095, 0.017233657, 0.009950457, 0.012232452, -0.0069039636, 0.029001988, 0.014918032, -0.0014664036, 0.028646361, 0.012373137, 0.0056814044, -0.029011266, -0.0026291313, -0.0048786057, 0.0057762666, -0.009279365, -0.0031841197, -0.008340357, -0.012408688, 0.009545922, 0.022849867, 0.0011028459, -0.0025134266, -0.010140381, -0.0033845182, -0.010440808, 0.017111536, 0.022482695, -0.0053960294, -0.012025675, 0.10612174, -0.005237926, 0.0014898202, 0.008177488, -0.011653231, 0.021316865, -0.019398423, -0.015886318, -0.009330065, 0.008995304, -0.015166701, 0.011568434, 0.0014023267, -0.014600376, 0.01485052, -0.017317027, -0.012281689, 0.002602003, -0.019004196, -0.016245738, -0.0046001347, 0.0008276635, 0.025683222, 0.007227156, 0.006415628, 0.00543803, -0.009988026, -0.033621855, -0.0032139868, -0.001708027, 0.004287299, -0.007390036, -0.0062178867, 0.00642012, -0.012717611, 0.00909492, -0.003465906, 0.018356157, 0.015686482, -0.010934797, 0.009481533, 0.0034701647, 0.0019407538, 0.0019493594, -0.008591777, 0.19725156, 0.0032981778, 0.008395112, 0.0051958472, -0.0076027703, -0.0028628092, 0.0032440636, -0.0028307529, 4.3294694e-05, 0.012337181, -0.028398067, 0.007802323, 0.007307664, 0.008331201, 0.00024297058, 0.019121747, -0.000690401, 0.00053409714, -0.015043196, -0.001244965, 0.024640316, -0.002751645, -0.009019018, 0.0001142448, -0.0068201628, 0.02918162, 0.013763299, 0.009126622, -0.010764446, -0.0004363953, 0.0056503196, -0.0066472036, 0.015259488, 0.015660206, -0.0016706677, 0.024617054, 0.026497336, -0.015348952, 0.0068632346, -0.0015533201, -0.0044124685, 0.01476793, -0.013796194, 0.025947073, 0.005256008, -0.0063201725, -0.0027673498, -0.01463225, 0.0070878756, -0.008871384, 0.0123055605, 0.0048978534, 0.0075016795, -0.007587893, -0.0016485858, 0.025741506, 0.001370108, 0.029035673, 0.009462871, 0.007868339, 0.0019652331, 0.012857642, -0.01732279, -0.0076000076, 0.012867895, 0.011422914, -0.01727995]"
Violentometro animal: el sistema para identificar actos de crueldad en su contra ,https://oem.com.mx/elsoldemexico/img/25479514/1756507989/BASE_LANDSCAPE/1200/image.webp,no especificado,Actualmente los derechos de los animales se han modificado para garantizar que vivan en ambientes sanos y sin violencia,https://oem.com.mx/elsoldemexico/tendencias/violentometro-animal-el-sistema-para-identificar-actos-de-crueldad-contra-los-animales-25479430,"[-0.0038408132, 0.004823562, 0.016809199, -0.03405653, -0.018996324, 0.04392001, -0.0009970539, 0.026406279, 0.013914807, 0.035408095, -0.03102357, 0.008249476, 0.012400493, 0.027403928, 0.12543175, 0.031254455, 0.009794089, 0.0048772767, -0.0028291682, -0.011265836, -0.004336117, -0.013218242, 0.010029553, -0.028146666, 0.015805626, -0.019941779, 0.020459954, -0.00478052, -0.0060759955, 0.007338221, 0.019553015, 0.020351272, -0.0020827744, 0.01631969, -0.017029041, -0.0019806426, 0.007863842, -0.0025649052, 0.027967073, 0.015729368, -0.01040649, 0.016567718, -0.02784193, 0.012260368, 0.0057849255, 0.024219245, 0.03832201, -0.02926325, 0.0016499724, 0.004342346, 0.0041713053, 0.00307713, -0.011026643, -0.15515591, 0.009000041, -0.0074886717, -0.014996758, -0.011787561, 0.02962979, -0.017508626, -0.0048006778, 0.04606203, -0.0026307604, -0.033510257, 0.024313454, -0.029709915, 0.0018321954, 0.0019450336, -0.0017456176, -0.008786004, -0.02003471, 0.010117945, -0.014081394, -0.0093094, -0.015385618, -0.0059816637, 0.0036296719, -0.0037400508, -0.0016206417, 0.0062792846, -0.0026413705, 0.0022838595, 0.009375716, -0.026827224, 0.029281007, -0.027440086, -0.013891763, -0.0010779356, -0.022122566, 0.010638176, 0.00879264, 0.0024075147, -0.0009038188, -0.027699662, -0.009105047, 0.011699358, -0.017369391, -0.015651213, -0.020442689, 0.007763866, -0.028821917, -0.0039252257, -0.037383135, 0.009468798, 0.019875469, 0.0052366923, 0.019610722, -0.0060927873, -0.0070025963, -0.013251341, 0.0003623217, 0.007986475, -0.0048025073, 0.012076316, -0.0134877805, -0.13953473, -0.0058116955, 0.02307004, 0.017979719, -0.011901249, -0.023288984, 0.042270165, 0.023671668, 0.044070397, -0.007565328, -0.0367237, 0.007876861, -0.02615085, 0.012179745, 0.0131700225, -0.028620854, -0.0062193046, 0.028557807, 0.013480361, 0.036549293, 0.04230543, -0.017509166, -0.014881082, -0.00023110247, -0.006080004, -0.01375239, -0.0020185658, 0.0025373294, -0.008641937, 0.011728903, -0.025421659, -0.021210505, -0.0094810445, -0.0073570274, -0.03256383, -0.022200415, -0.0070289955, 0.005173056, -0.011160108, -0.0068653068, -0.015491926, 0.0061963624, -0.0056582727, 0.007722816, 0.009074836, 0.017954197, -0.02196076, -0.022481216, 0.032597072, 0.0022645905, 0.028767565, 0.00587088, -0.009782582, 0.0068768733, 0.031799134, -0.012625759, 0.022184458, 0.025756646, 0.034814432, -0.017532045, 0.026452173, -0.018504241, 0.023848569, -0.01037346, -0.0010193038, -0.025068974, 2.599635e-05, -0.019596767, 0.0028035175, 0.013655015, -0.029468233, 0.006294454, 0.0043798783, 0.0064594313, -0.0061273817, -0.006374704, -0.00039141192, -0.008803094, -0.027355986, 0.005871386, -0.020893563, -0.013216022, -0.021161458, 0.0081578605, 0.052353375, 0.024570052, -0.0059207897, -0.01091375, 0.013811205, 0.00036515415, 0.00096299656, -0.023294454, 0.0008938762, -0.016182281, 0.0067648846, 0.0219508, 0.008251922, -0.006805488, -0.011954129, 0.023589706, -0.024270192, 0.02520992, -0.005907299, -0.004844481, -0.0057496293, 0.0028276183, -0.009295097, 0.009102496, 0.005097045, -0.02379097, -0.028152326, 0.010304765, 0.0036238688, 0.013359263, 0.01283374, 0.019596731, 0.005966845, 0.013344183, 0.042931665, -0.007057005, 0.016994657, 0.0010364492, -0.026204426, 0.010469699, 0.014968247, 0.015637448, -0.021069229, -0.03730649, -0.01229036, 0.006199825, 0.015660621, -0.031703513, -0.009466004, 0.020942733, 0.008393514, 0.012372489, 0.008475815, 0.025285823, 0.01197815, -0.003868735, -0.010305505, -0.0054790233, 0.02918533, -0.00961619, -0.0028202669, -0.0063631698, -0.026754748, 0.001735536, -0.0076864664, -0.0071961773, 0.008412318, -0.014152265, 0.013991227, 0.00023122148, -0.0019747927, 0.021606132, 0.01259726, 0.009850055, -0.006787043, 0.014836978, -0.016351487, -0.07404736, 0.01724466, -0.007890619, -0.00566193, 0.01140726, 0.0033023634, 0.018209778, 0.013053366, -0.00557513, 0.017599866, -0.021944579, -0.0141349435, -0.02506527, -0.0035748384, -0.0026871022, 0.0008110731, -0.012138964, -0.01589029, -0.013883808, -0.016716268, -0.0071431426, 0.010162024, 0.0039324095, 0.009982043, -0.025545178, 0.021149712, 0.018481836, 0.032735758, -0.0020491278, -0.0035933403, -0.04312493, -0.007458427, -0.026633533, -0.0063755135, -0.008164387, -0.003782326, -0.013468224, 0.01103353, -0.011631839, -0.009065094, 0.004686689, -0.001912894, 0.034525774, 0.017734053, -0.006537749, -0.0029017446, -0.018186785, -0.031046389, -0.017504359, 0.0036126813, 0.0008301355, -0.016413627, -0.010666688, -0.020000251, 0.0021675092, 0.018463125, 0.026668916, -0.029618409, 0.008748024, -0.005025252, 0.019448182, -0.0023235464, 0.0049011074, 0.0011284054, 0.01426939, -0.008530919, 0.00015814832, -0.019309372, -0.021973262, 0.015472524, 0.016922982, -0.010673087, 0.012056809, -0.023328412, 0.029526902, 0.005150463, 0.004187324, -0.002676818, 0.0067980373, -0.00091746525, -0.0012113394, -0.017232701, 0.0007023946, 0.01131962, 0.011082744, 0.0011758922, -0.0025244697, 0.009803873, 0.009035322, -0.026932888, 0.0004928966, -0.0129309455, -0.004075931, -0.0027646285, 0.03749248, 0.0011155932, -0.024552407, -0.002960967, -0.02409226, 0.003069682, -0.017059261, 0.01622554, -0.004011874, 0.031521898, 0.0155215645, -0.0007396983, -0.012921167, -0.011624334, -0.020545319, 0.026083184, -0.01999522, 0.003318887, -0.024132153, 0.015889315, -0.01154859, 0.014489866, -0.012225335, 0.024787111, -0.00015021564, 0.010671521, -0.00424828, 0.0194047, -0.0010672652, 0.012855382, -0.00042629888, -0.014867077, 0.010538365, 0.0011371019, -0.0070793447, -0.0044975267, -0.03014578, 0.020549688, -0.0075250613, -0.018494142, -0.025518863, -0.0063974275, 0.009910786, -0.0023135773, 0.012362813, 0.017808545, -0.006403307, -0.022068188, -0.014474025, 0.013470496, -0.038347673, -0.009796386, -0.024468599, 0.009629012, -0.010420578, -0.0170237, -0.011671168, 0.00045602414, -0.0039238036, -0.0016619035, 0.019496327, -0.016178964, -0.020122793, 0.00071212376, -0.007953102, -0.02368366, -0.0061471234, -0.016111428, -0.0017796621, 0.0067654243, 0.0045097778, -0.013877548, -0.023410833, 0.008354774, 0.01036321, -0.010972, -0.008872598, -0.027865462, -0.028783228, -0.014348564, -0.010994128, 0.022576902, 0.014618955, 0.014699094, -0.009699574, -0.004203452, -0.002014135, -0.0065954644, 0.025719093, 0.005524181, 0.021292116, -0.020097628, 0.009908456, 0.0018854532, 0.0016429888, 0.0015500995, -0.0011940969, -0.012208569, 0.012658381, -0.0051882314, -0.04281002, -0.0064046523, -0.027167251, 0.034274105, 0.0020668283, -0.010960084, -0.0021138114, 0.018932832, 0.033713005, 0.015260177, 0.0254615, -0.010329009, -0.03409074, -0.008069225, -0.00591756, 0.0086365845, 0.01433938, 0.028078625, -0.021823121, -0.0077791777, 0.0072435276, 0.015287627, -0.047280487, -0.027237568, 0.018253356, 0.0011197667, -0.044950094, -0.0024154617, 0.009198827, -0.005774674, 0.010393602, 0.0018976111, 0.018693188, 0.00068206585, -0.036279455, -0.0101956185, 0.008977253, -0.0028982956, -0.017620198, -0.0015065495, -0.017543979, 0.00044146774, 0.006368279, 0.018594194, 0.00048753864, 0.035437472, 0.01987959, 0.026892293, -0.0013213148, 0.0042919437, -0.015910044, -0.008795451, -0.04100558, 0.0072671976, -0.022515068, 0.0033300566, -0.005148594, 0.002899756, 0.027317464, 0.008462963, -0.017695822, 0.017867688, -0.019167412, -0.0034249136, -0.009754474, -0.007838006, 0.023778839, 0.016800214, -0.01936106, -0.01440752, 0.012697802, -0.018932905, -0.030088155, -0.01682858, 0.023786096, -0.09465957, -0.009954175, -0.025747579, -0.030249696, -0.03059643, -0.005514028, 0.0037731943, -0.024751002, 0.0312719, 0.026872577, 0.002856694, -0.015029048, 0.0059795016, 0.035546653, -0.030906288, -0.017825825, -0.0034102192, -0.04044082, 0.027268983, -0.009642805, 0.029044446, -0.014577725, -0.0014673496, 0.012209972, 0.017761836, 0.025568169, 0.029640578, -0.016155163, -0.021450005, 0.013196519, -0.018993644, 0.02638433, -0.0050611557, -0.0075155976, 0.014065425, 0.016319158, 0.0054270886, -0.019103797, 0.02783748, 0.018298002, -0.018038776, 0.0226033, -0.012652995, -0.014548245, -0.008020655, -0.018113082, -0.006343817, 0.01448241, -0.036374573, -0.01410451, 0.0023107897, -0.014849707, 0.00023028864, 0.011324353, -0.015376655, -0.009293779, 0.004805642, -0.022287449, -0.03184953, -0.0019267325, -0.0024066477, -0.012882248, 0.0036650202, -0.00051828113, 0.009392037, -0.017239012, 0.0074092876, 0.024630584, 0.008482716, 0.018953908, -0.0134200705, 0.007021786, -0.01694097, 0.011124995, -0.006105924, -0.0026487643, 0.01587136, 0.016226938, 0.011090466, -0.018078567, -0.010133874, -0.026510315, -0.11193584, -0.0065107336, 0.0063383053, 0.007448779, 0.028117986, -0.009841667, -0.014180651, 0.0028403278, 0.007186389, 0.01046464, -0.005674882, 0.010539256, 0.011308627, -0.029120268, 0.0069813295, 0.03335677, 0.0142845875, -0.013290952, -0.011900519, 0.0026462683, -0.047714964, -0.024503881, 0.037417, -0.03492682, -0.00756019, 0.015051695, -0.0009614554, -0.008082756, -0.007210145, -0.013709862, -0.0059382953, -0.122107394, 0.0037148958, -0.011400352, -0.016884433, 0.00021218296, 0.0015585896, -0.0009842576, -0.008925997, 0.0011003852, 0.022647819, 0.023776403, -0.020215452, -0.0045913025, 0.0019350032, 0.0068863076, 0.12606397, 0.008476461, -0.0034866289, 0.0006580172, -0.026587855, -0.020730317, -0.012004497, -0.008655096, 0.007124756, 0.022822725, -0.0016604695, 0.0025927576, -0.0036058475, 0.0065755644, 0.010969885, 0.021168625, -0.0029371402, -0.016189734, 0.02985098, 0.010414488, 0.012121079, 0.02717117, -0.013811923, -0.018760089, 0.0066867825, 0.0033741733, 0.021256033, -0.015714884, 0.012232087, 0.013070075, -0.027101425, -0.00145585, 0.011529776, 0.013189367, 0.014491419, -0.024738485, -0.094473705, -0.006786126, 0.017519204, 0.0140425125, 0.008693849, 0.01019841, -0.019588763, 0.026177887, 0.039019294, -0.0042194845, 0.00059120054, 0.0108402595, 0.0025662538, -0.01237971, -0.00867348, 0.03263119, 0.005695889, 0.0072888066, 0.0207703, 0.01218785, 0.040256266, -0.032352388, -0.031037405, 0.0033901662, -0.02256315, -0.010346888, -0.0028937173, -0.01824138, 0.022408096, 0.00022607259, 0.011698067, 0.03021688, 0.014269341, -0.013730051, -0.016520431, 0.026797686, -0.0024879088, -0.019754075, 0.029093007, 0.0001413228, -0.0013285663, 0.0013176118, -0.0064254673, 0.011431428, 0.009232893, -0.002904813, -0.01726897, -0.022101877, 0.02206026, 0.024504708, 0.0073673623, 0.008404868, 0.011284842, -0.008295197, 0.02616357, -0.0038026362, 0.01773569, 0.015387763, -0.010067425, -0.00086347567, -0.00524262, 0.013036748, 0.008541463, 0.0024275053, 0.0019803706, 5.461651e-05, 0.012465706, 0.010891513, -0.0146176545, -0.00293096, -0.0056792647, -0.0033074312, -0.0032805875, 0.0062473337, 0.0009977542, -0.014968058, 0.00079504785, 0.007965001, -0.037725482, 0.0125385625, 0.0014727712, -0.007621619, -0.010050856, -0.00083519437, -0.00072146463, -0.007998255, 0.010241459, 0.005168939, -0.017025532, 0.004388031, 0.015554524, 0.002718036, -0.0044221156, -0.00863596, 0.017676417, -0.02201929, 0.008154162, 0.0077567347, 0.0054543857, 4.4967746e-05, -0.015620922, 0.01099345, 0.005160058, -0.00078985945, 0.0038653896, 0.0052231723, 0.016832905, -0.0071975086, 0.0021623527, 0.009487723, -0.014633743, -0.016969638, 0.0005980282, 0.016437214, -0.006280915, 0.0056632697, -0.02133345, 0.0029702121, 0.0008719719, 0.008436511, -0.0019409292, 0.0071843914, 0.0059355516, 0.02496356, 0.01314607, 0.014426798, 0.004691511, -0.012323178, -0.00774152, 0.015929399, 0.008358515, -0.00032099706, -0.004361202, 0.015136184, 0.0054662074, -0.0035476515, -0.00073226856, -0.0039861137, 0.0008531719, 0.009455898, -0.010451826, 0.022253953, -0.016852187, -0.0059305006, 0.0014187837, -0.0027878375, -0.0044587846, 0.006005969, 0.00021435633, 0.014387355, -0.02053237, -0.015422277, 0.011910385, 0.007735715, 0.003971695, -0.0037979756, -0.013358168, 0.0041895774, -0.016610825, -0.0017820933, 0.002162218, -0.0013600998, 0.0088356845, 0.010102117, -0.0081647, 0.004586341, 0.020162404, 0.01993698, 0.012431959, 0.007756651, 0.011232186, 0.02315378, -0.024863692, -0.008016273, -0.0061027743, 0.012501141, 0.0048189736, -0.0009975914, 0.016668448, -0.008262452, -0.006304926, 0.011186702, -0.014085452, -0.011907314, 0.008892644, 0.025490316, -0.0015104112, 0.0006779664, -0.013261125, 0.0033338726, -0.008996264, 0.013182554, -0.0050914693, 0.016839765, -0.0055560977, -0.007097212, -0.012232933, 0.005539381, 0.00866099, -0.004489559, 0.00024806, 0.0060353572, 0.007525712, 0.0028117213, -0.019122306, -0.020322956, 0.011310194, -0.018396445, -0.011028294, 0.022317063, 0.0050412556, -0.00023891727, 0.0038401443, 0.01847997, 0.0056667808, 0.007643031, -0.0027591274, 0.0021094403, 0.02425704, 0.0030570172, 0.004838263, 0.013829072, 0.0033469936, -0.00524462, 0.013193645, -0.017194124, -0.004209112, -0.014981035, -0.01720973, 0.015297789, 0.0036998284, -0.01199147, -0.006206957, 0.005558768, 0.0024560767, -0.009421721, 0.008907454, 0.016192097, -0.010937287, -0.010543099, 0.019881824, -0.0010587048, 0.0108843595, -0.005325317, 0.005867015, 0.0067445766, -0.015266799, -0.017051684, -0.004464069, 0.008894628, -0.024479251, 0.009885303, -0.008668304, 0.017207166, 0.0053747436, 0.005850981, 0.015427092, 0.016057054, 0.0041854014, 0.09171154, 0.008776429, 0.018354148, -0.0008929947, -0.01305632, 0.012950533, -0.0129081635, -0.015753703, -0.0201529, 0.0015636024, -0.012874841, 0.0051615727, 0.007757245, 0.017662052, -0.0018877875, -0.0060852114, -0.010648937, -0.0036544485, -0.0059094853, 0.0048932377, -0.005900574, 0.0147563545, -0.0015148617, 0.0035023554, -0.0049064527, -0.010838071, -0.0018097603, -0.001999366, -0.0011143923, 0.011227489, 0.0031033715, 0.004896619, -0.0052822935, 0.01945889, -0.014234403, 0.0037642096, -0.006895596, 0.020406956, -0.0030364415, 0.009264723, -0.026314437, -0.024368573, -0.010618707, -0.010391158, -0.0115154125, -0.009749576, -0.016009312, -0.015344207, 0.0006575218, 0.006717855, 0.0014302665, 0.0030353991, -0.0046378667, -0.008008338, -0.021337522, 0.003712449, -0.0072635887, -0.005198249, 0.004790196, -0.0060631894, 0.014256107, 0.008882954, 0.00054235716, -0.005076983, -0.013136776, 0.012811807, 0.0013096598, 0.012782689, -0.011636517, 0.004426161, -0.006554266, -0.0002492816, 0.0054950076, 0.0002808941, 0.021724112, 0.010830918, -0.0035483772, 0.004770471, 0.0055562747, 0.0030822225, 0.0075958855, -0.0007595055, -0.0203547, -0.015499624, 0.0076434207, 0.015496816, -0.013659666, -0.02712515, 0.02119678, -0.008687688, 0.015373726, 0.0067266608, -0.006773935, 0.009454046, 0.00915201, 0.0061062863, 0.06809864, 0.016244128, -0.005813277, 0.0070048226, -0.0019475531, -0.008696139, 0.0058907196, 0.008145544, 0.023685174, -0.002664233, 0.03530565, -0.012057752, -0.007918259, 0.006965598, 0.016675536, 0.004128774, -0.0008677012, -0.024870673, -0.01733892, 0.0061437483, 0.025425062, -0.00955579, -0.008766659, 0.00061068806, 0.0031611263, -0.0035248152, -0.0043888222, 0.001443528, -0.0058040535, -0.0015668607, -0.01371666, 0.023755534, -0.010944997, -0.0022404944, 0.0002873791, 0.012176522, -0.003559264, -0.024001135, -0.007972091, -0.008782168, 0.00881354, 0.012091111, -0.0029457181, 0.021880744, -0.0007966412, -0.01311259, -0.008676405, 0.023670685, 0.0021350887, -0.002810639, 0.0073938766, 0.0025544506, -0.010256033, -0.00095362746, 0.0010064975, -0.008575589, -0.0025931327, -0.0017490766, -0.0028323326, -0.0072603724, 0.0076895794, -0.0070022745, -0.018500019, 0.008232032, -0.0016847056, 0.014946386, 0.0023118844, -0.0069979993, 0.004781703, 0.010484668, 0.0036304677, 0.022233259, -0.016977673, -0.0046234936, -0.0017554453, -0.011302135, 0.005287401, -0.002844329, -0.0030810738, 0.028310688, 0.021379814, -0.01211164, 0.011596091, 0.008727666, 0.0035753192, -0.00047854483, -0.008382514, -0.0113176145, -0.016805137, 0.015169438, 0.01616714, -0.00540243, -0.0010593939, -0.023097934, -0.00083236035, -0.009667624, 0.009709626, -0.009654766, -0.004245776, 0.0063813487, 0.0014548651, -0.005752133, 0.0025357383, -0.00991856, -0.01215456, 0.007483705, 0.010364309, 0.003651084, 0.0016300358, -0.01971847, -0.011001698, -0.005632018, -0.010875918, -0.0015908435, -0.00765731, -0.0059805, 0.008187306, 0.0031174715, -0.0018142945, 0.015091293, 0.009399245, 0.012116506, 0.0029856227, 0.0030862899, 0.0061990777, -0.0119492095, 0.0014377086, 0.0063785478, -0.010200298, 0.0012075423, -0.00197001, 0.003972955, 0.00033897167, -0.0017053979, 0.0027325288, -0.015735008, -0.0027341666, -0.0071380674, 0.010970543, 0.009588546, -0.00019776657, -0.009228348, -0.026003545, 0.004509196, -0.0026134388, 0.011639757, -0.012544758, -0.00479439, -0.00046377906, 0.01018992, -0.014049532, 0.00889525, -0.0023032618, -0.011494431, -0.00131636, -0.0070823682, 0.00740594, 0.0026353493, 0.010112928, 0.011776518, 0.003695088, -0.05976638, 0.01358608, -0.0040425216, 0.017115025, 0.009053492, 0.0028262255, -0.021461148, 0.0067112343, -0.01366681, -0.0012844593, 0.012924703, 0.008126188, -0.005093728, 0.000403247, -0.0030700373, 0.00057898706, -0.020495165, 0.00367113, 0.0019732646, 0.005994834, 0.0029235985, -0.0006379798, -0.012472353, 0.0060150186, 0.023610765, 0.0112693375, -0.0008342115, -0.013236294, 0.005844191, -0.004638774, -0.01812356, -0.013931038, 0.0017430431, 0.00058771705, -0.0053977994, 0.002149324, -0.0019305816, -0.024931855, -0.0020911542, 0.0021279696, 0.014336869, -0.020777136, 0.0043466906, 0.0043065567, -0.01088696, -0.014088024, 0.0033591292, -0.012705808, -0.0012441028, 0.003766662, 0.0010835417, 0.013722028, -0.009588435, 0.005306211, -0.0020655459, -0.003524232, 0.024757385, -0.011580347, -0.017284434, 0.0010248612, -0.009315191, 0.013015116, 0.0022731929, 0.0017974783, -0.008993718, 0.004240233, 0.0047980235, -0.0077169426, -0.04655371, 0.017845176, 0.010688919, -0.011868464, 0.0059882705, 0.0007590366, -0.017755652, -0.008519776, 0.020660006, 0.010354345, -0.009012029, 0.015300467, 0.005620136, -0.0011510142, 0.00064817606, -0.001779253, 0.0044409987, 0.0024128456, -0.0047140704, -0.038727116, -0.021934772, -0.0027712767, -0.009412353, 0.016762676, -0.007553023, 0.0005182402, 0.011206759, 0.010886012, -0.0058402284, 0.009203745, 0.019053303, 0.0029335995, -0.0061208955, -0.017865578, -0.020610059, 0.0026760483, -0.010019625, -0.00012686756, 0.017772157, -0.007949162, 0.0017635392, 0.0019320974, -0.021026954, -0.0052020503, -0.0043313727, 0.02331113, 0.0044378755, 0.0009606555, -0.0030954236, -0.00867732, 0.0046070614, -0.003319324, -0.01643801, 0.01757234, -0.006917322, 0.0030922652, 0.0007088292, 0.009961668, 0.008460913, 0.004830266, 0.008289482, -0.014576108, -0.021383634, 0.0032128552, 0.010097191, 0.007837746, -0.01274522, 0.01634897, 0.016780494, -0.0051140883, -0.005869695, 0.0013970569, -0.006738129, -0.0060879504, 0.0036452527, -0.003278059, 0.0009810091, -0.00017528363, 0.004230996, -0.002709476, 0.010821599, 0.015740521, -0.0021079998, 0.0019654206, 0.0054960893, -0.008106447, -0.0105264895, 0.019396838, 0.002526556, -0.007278866, 0.009079948, 0.0041895695, 0.021473872, -0.0030524132, 0.001305472, -0.0019607227, -0.0005929909, -0.0029427074, 0.012238886, 0.007263536, -0.0151232015, 0.006380134, -0.0067798565, 0.005325042, 0.0171608, 0.009460087, 0.0038543642, -0.0108564785, 0.013106288, 0.0070387353, -0.006219863, -0.0016355067, -0.0043912237, 0.0150291715, 0.025348729, 0.015838988, 0.0072376444, -0.015077491, -0.007586284, -0.005157688, -0.0016961774, -0.006213861, 0.0053203865, 0.01609624, 0.0103379795, -0.025466094, 0.0058241086, 0.010614864, -0.0075373654, -0.0064630313, 0.013229921, -0.0061190184, -0.003087024, 0.0015378824, -0.015173964, -0.0061292136, 0.00025698895, -0.088285305, 0.0015306013, 0.0142951785, 0.01842667, -0.0020389308, -0.013638575, 0.015447441, -0.012762219, -0.025408756, -0.01698903, -0.007734585, -0.009630411, 0.0008760905, -0.020401768, 0.0039639967, 0.017168462, -0.00063036376, -0.013909957, 0.022131268, 0.006625688, -0.0073721013, -0.0064889155, 0.011929486, 0.01520964, -0.023443189, 0.0053891595, -0.014137319, -0.005387614, 0.014780843, 0.0057144286, -0.004644006, 0.013855448, -0.0021295487, -0.021850118, 0.008724502, 0.015819909, 0.013084558, 0.007270894, -0.1254443, 0.0027862857, 0.0086535225, -0.006826082, -0.010161778, -0.0040809736, -0.0058221263, 0.01748016, -0.0049729217, 0.001092216, 0.013717983, 0.0061079455, -0.0063875085, 0.0040844497, 0.0053240038, -0.00590613, -0.008288237, -0.009627358, 0.017002437, 0.012718944, 0.011051177, 0.018979963, 0.008957674, 0.013266553, -0.010897791, 0.007901572, 0.0009887418, 0.007873368, 0.011168243, -0.013858391, -0.0060070935, 0.0017294451, -0.016732665, 0.005990525, -0.0065403194, 0.00022296992, 0.0009898791, 0.007248221, 0.016514534, 0.017081166, -0.018847967, -0.020463021, 0.019284721, 0.007824898, -0.0067348024, 0.0079594245, -0.008623072, 0.010365088, 0.0075991014, 0.0018673321, -0.01854683, -0.006714152, -0.0140915215, -0.00050597556, 0.0027194943, -0.00684644, -0.008920035, 0.0012508616, 0.013769042, 0.0040124287, -0.0071864845, 4.809441e-05, -0.0005101932, -0.007609371, -0.0013549384, -0.013458677, 0.011290866, 0.0152488295, -0.0012445073, 0.015991218, -0.000402686, -0.0027600254, 0.018393215, 0.01101248, 0.017937262, -0.013087392, 0.024569254, -0.0143238045, 0.0070395856, 0.011087733, -0.012208674, 0.008590035, -0.007669605, 0.009942186, -0.0017703458, -0.029002432, 0.015052484, 0.0012849983, 0.016923774, -0.075087726, -0.00042789456, -0.02070644, -0.011224705, 0.026281944, -0.007931898, -0.020071803, 0.0089051435, 0.004991232, -0.008474244, 0.021011088, 0.005633525, 0.012634473, 0.0067179846, -0.015073732, -0.011899242, -0.012493986, -0.017044181, -0.016379451, -0.016653355, -0.022778505, -0.0019253887, 0.016324196, 0.007209262, -0.0027206338, -0.011975193, -0.020201208, -0.0142021775, -0.0071208035, -0.022731116, -0.007886545, 0.00054880703, -0.004121127, 0.017348135, 0.0018939984, 0.004705912, -0.008071668, 0.037333507, -0.016754655, -0.011680961, 0.0017259152, -0.015482429, -0.007641087, -0.012968643, -0.019817598, 0.013343522, -0.008813535, -0.008117504, -0.009569471, -0.014766822, 0.02409983, -0.003033448, -0.002373056, -0.025982581, 0.011782606, 0.0063080015, -0.027050039, 0.014124658, -0.0180092, -0.0013790468, -0.006795406, 0.0068492577, 0.0139000425, 0.007101215, 0.010913168, 0.008021648, 0.002947275, -0.00015074221, -0.0016432037, -0.03462889, 0.0047815167, -0.0007532213, 0.011296529, 0.011363998, 0.001941786, 0.025680957, -0.00079704664, 0.0074506383, -0.010111205, 0.005182171, 0.013033169, 0.0045120562, 0.011294575, 0.014938571, -0.0073935725, -0.004014361, -0.009705087, -0.0012284506, 0.002536149, -0.017089296, 0.002772168, -0.020824442, 0.010319224, 0.0076080994, -0.00011188202, -0.012019966, -0.008329451, 0.022642924, -0.019810503, 0.008159495, 0.0072557284, -0.0010261462, -0.0051682303, -0.0038215087, 0.00079370773, -0.018931879, 0.002185117, -0.011014884, 0.010121123, -0.0033137768, -0.0034460651, 0.004393452, 0.015107369, 0.0130904885, -0.15257004, 0.006169891, -0.009016052, -0.0018322442, -0.0040981597, -0.0057779476, -0.01639917, 0.002285569, 0.0045537525, -0.0029646317, -0.009852995, 0.0079080155, -0.011714161, -0.010135727, 0.023635363, -0.0035727415, 0.025021363, 0.014700864, 0.00658064, 0.0033249243, -0.05063589, -0.019313486, 0.015525476, 0.019895134, 0.0076655713, -0.0059611592, 0.0086295195, -0.016761359, -0.0007516388, -0.0063856314, -0.012994586, -0.013204035, -0.011756572, -0.0074041067, -0.014898374, 0.00072716974, -0.0017355705, -0.0067395973, 0.00515722, 0.009850411, -0.008790537, 0.0126251085, -0.008831879, -0.012013695, 0.0045792283, 0.0018499547, 0.010498322, -0.010139062, -0.015639752, -0.0034420772, -0.0039984076, -0.0018212354, -0.0015836282, 0.003950474, 0.02084024, -0.0041535012, -0.0068298555, 0.023752881, 0.012676192, -0.00981189, -0.025872776, -0.019076627, 0.0087918695, 0.0044037066, 0.0011521422, -0.013036498, 0.0040354207, 0.13861048, -0.020389253, 0.00071303913, -0.002474718, -0.0053640506, 0.020154234, 0.025861148, 0.0018605255, -0.016052503, 0.0038499373, 0.020585189, 0.015121737, 0.0057516247, -0.0022207417, -0.008692151, -0.0017327229, -0.007655208, -0.034484453, -0.009160059, -0.008119718, 0.008401901, -0.011366256, -0.007485132, -0.0130625395, 0.0048165596, -0.023852661, -0.0031182484, 0.02283029, 0.014386817, -0.0056021074, 0.044340607, -0.0010148716, -0.0023463648, 0.011609198, 0.0012339229, 0.017490169, -0.02287587, -0.03375845, -0.032745395, 0.008482627, -0.0030784975, 0.0019503715, 0.010454002, -0.01247616, 0.020897958, 0.0048720185, -4.597811e-05, 0.01552426, 0.01722009, 0.015397188, -0.028577514, 0.0063595516, -0.01902607, -0.00505346, 0.0011712686, -0.005534466, -0.006007448, 0.007566539, -0.010344281, 0.02387634, -0.02767472, 0.0007488578, -0.00016288407, -0.0023419508, 0.008940139, 0.017421952, -0.0055241473, -0.002374973, -0.0001555287, -0.10897526, 0.01811673, -0.0242941, -0.0072940593, 0.0035411643, 0.004485142, 0.0132366195, -0.0052007474, 0.016424892, 0.0026429899, 0.0025236325, -0.012445179, 0.0059492085, -0.004795463, 0.00018039979, -0.022615656, -0.0052586724, -0.027572876, 0.004724944, -0.008282669, 0.008548786, 0.0075494777, 0.022045046, -0.017687084, 0.006954808, 0.022568239, -0.008231568, 0.0056010643, -0.0076242615, 0.0048108287, -0.00420255, 0.0064329836, -0.005520011, 0.0003690899, -0.0043826546, 0.014441678, 0.0028494701, 0.013229306, 0.005059387, -0.024595099, 0.024939213, 0.0044785375, 0.00043109895, -0.0025478236, -0.030094087, -0.0041142544, 0.001718662, 0.019325778, 0.0019724916, 0.001262533, 0.003914593, -0.012686884, 0.013010246, -0.009795298, -0.018680979, 0.02134842, 0.016245656, 0.0068154777, 0.019641673, -0.0059347, -0.007919435, 0.012574016, 0.014556353, -0.001165567, -0.021662045, 0.01239804, -0.010491061, 0.010776327, 0.02986903, -0.01250925, 0.0007824858, 0.013813561, 0.013962714, 0.012307457, -0.0075652674, -0.025476964, -0.013480995, 0.018736046, -0.013946065, 0.0070801363, 0.0015091788, -0.0005134489, 0.012849278, -0.003821775, 0.030194856, -0.00036904388, -0.01319939, 0.0011171921, -0.0060758945, 0.004983204, 0.019696267, -0.0021468766, 0.009525548, -0.0008240532, -0.015102758, 0.01806971, 0.005176116, 0.023432449, 0.011670788, -0.013687596, 0.014901565, 0.001009668, 0.00087069214, -0.0104464255, -0.003292946, -0.018625744, -0.020007394, -0.009564673, 0.014856986, -0.0061323997, -0.015473886, -0.007991394, 0.0064406157, 0.011019854, 0.012183044, 0.0038803748, 0.020252125, 0.015441535, -0.008386052, -0.0057456424, 0.020028293, -0.0040142043, 0.010318607, 0.0012827113, 0.011413414, -0.011044368, -0.019460829, -0.017624797, -0.009472724, 0.030263381, -0.008452911, 0.010094755, 0.0019146012, 0.023310557, 0.012883688, -0.0013561707, 0.012041372, 0.021103384, 0.020343782, 6.0151855e-05, 0.0015245946, 0.032075077, -0.0065013715, 0.018384997, -0.013288764, -0.0039853295, 0.024245955, 0.015122218, -0.00684321, -0.034343645, 0.025914881, 0.012837532, -0.01149755, -0.0063062925, -0.004581575, 0.0059096785, -0.00982879, 0.017168956, -0.022656735, 0.006191343, -0.0018077805, 0.0152093535, 0.025567532, -0.012733177, 0.012283094, -0.0083781965, 0.013537081, -0.008564689, -0.023069168, -0.016238684, 0.022520795, 0.010783854, -0.004638585, -0.019080782, 0.002643253, 0.02012688, 0.02250165, 0.007259634, -0.0004176976, -0.07702692, 0.025051136, 0.005734078, -0.0004000108, -0.00020729903, 0.010868966, 0.018892465, -0.0015320918, 0.0029521107, -0.020075947, -0.009055613, -0.008249701, -0.011612241, 0.0081759915, 0.0067840074, 0.015391928, 0.0045631626, -0.008995016, 0.01206844, 0.00052300125, -0.0044786227, 0.027056824, 0.00065338553, -0.0108902855, -0.020071004, -0.0059282994, 0.012784995, 0.021661049, 0.010522945, -0.03103659, -0.0001937093, 0.01163739, 0.006355844, -0.005941423, 0.020763613, -0.003603968, -0.017015748, -0.013072484, -0.007388099, -0.03049212, 0.021114394, -0.021413954, -0.02348463, 0.02426548, 0.008438484, -0.0035727858, -0.0039627235, 0.0023130872, -0.0008173408, -0.00802462, 0.008805236, -0.0080892835, -0.008317683, -0.012064299, 0.0048456853, -0.0017133625, 0.0055800863, 0.01764396, -0.0054522157, -0.015831936, -0.006653028, 0.0066942, 0.013800006, -0.0069830245, 0.0032636297, 0.011912537, 0.004681527, 0.013646075, -0.005988141, 0.032668393, 0.0026108641, 0.003420565, 0.014326058, -0.010338515, 0.0030896515, 0.002669251, -0.013004415, 0.005530011, 0.0090479385, 0.03431421, -0.001135095, 0.016984075, 0.009680209, 0.04211278, 0.014245744, -0.007218418, -0.0020719955, -0.09616424, -0.0066170194, -0.00022666395, 0.010534413, 0.0047024246, -0.0052447654, 0.0052467305, 0.07963097, 0.005483778, 0.020614015, -0.01470284, -0.00016847826, 0.023589903, -0.018525654, -0.003842583, -0.0011573859, -0.023802936, 0.03370474, -0.004298221, -0.0072122146, 0.0065153106, 0.010581855, -0.027366275, 0.013723782, -0.0092050005, -0.06292506, 0.004809365, 0.014865051, 0.0011903385, -0.031720072, -0.020520043, -0.008002617, 0.015179001, 0.03398759, 0.015021643, -0.015168987, -0.03191423, -0.011955687, -0.0021239417, 0.015528002, 0.028998692, -0.0032668984, -0.0060136477, 0.037915092, -0.0061793155, 0.00865904, 0.014441305, -0.0085351765, 0.0002501276, -0.018146759, -0.01825198, -0.008274372, 0.01488036, -0.009434528, 0.013861146, 0.0007699739, -0.0008418865, -0.015095566, 0.010237187, -0.00086508953, -0.014999164, 0.010457117, -0.011199837, -5.9449674e-05, 0.002506258, 0.01674138, -0.011386206, -0.014201056, -0.054749664, 0.0059773014, -0.004524735, 0.014922467, -0.007241787, -0.006842727, -0.0053509357, 0.010273295, 0.012954604, 0.005575297, -0.002981768, -0.026110126, -0.0017652366, 0.009337966, 0.008728636, 0.010927638, -0.00079981744, 0.012051657, -0.016778067, -0.0042393766, 0.012542726, 0.0053051515, 0.019014098, -0.0143911475, -0.010941146, 0.007426851, 0.00794936, -0.017368538, -0.008904744, 0.0023514612, 0.0050311103, 0.002072367, -0.013958869, 0.019114546, -0.00047744522, -0.003549129, 0.0176172, 0.014878129, 0.018728767, -0.0051966496, 0.009753025, 0.02270684, 0.0052939104, -0.008373002, 0.025771644, 0.024113553, -0.007556194, -0.011400619, -0.028456017, -0.00010485967, -0.012939983, -0.024362775, 0.0138246305, -0.014988488, -0.03399407, -0.0046860673, -0.008620845, 0.020607999, -0.010223106, -0.013804627, 0.0013629127, 0.029793825, -0.020970717, 0.031217398, 0.002933202, -0.005174584, -0.005531214, -0.0043965657, -0.011147464, -0.0054190834, 8.9512305e-06, -0.00309056, -0.00350503, -0.016817862, 0.0058293035, -0.030245611, 0.017095853, -0.01703172, 0.0014212646, -0.0015736093, -0.031338084, -0.0007112467, -0.01652811, 0.016194178, 0.017230483, 0.027802765, -0.030420527, -0.001831554, -0.027396694, -0.030650586, 0.039741125, -0.01992221, 0.02072494, -0.01172888, -0.0014891974, -0.016664121, -0.019562582, 0.023211297, -0.020899303, -0.00397498, 0.018704671, -0.005302558, 0.017099557, -0.0047072237, -0.022124296, -0.0034083896, 0.0048922324, -0.008028159, 0.001390321, -0.013772966, 0.0009671453, -0.014811748, -0.009278189, -0.015750129, 0.00017169325, 0.03186866, -0.005040673, -0.02168487, 0.004459078, -0.012524284, -0.00614504, 0.011628624, 0.00766045, -0.0020173194, 0.005056841, -0.02637566, -0.022587309, 0.015999777, -0.017802991, -0.018991293, 0.00060866587, -0.003390549, 0.017733226, -0.026745675, -0.0102806315, -0.009235299, -0.008346072, 0.020813987, -0.021226441, -0.019326853, 0.0014247277, 0.022576172, 0.0020663126, 0.0020174368, 0.003289296, -0.0009808681, 0.019345257, -0.016424516, 0.014510276, 0.008557441, 0.026521442, 0.022312466, 0.033587825, -0.0064478507, 0.009223937, -0.006438374, -0.011535614, -0.010079292, -0.01610963, -0.0060441685, 0.017670419, 0.021996316, 0.007144767, -0.025755951, 0.023775259, 0.017450267, -0.0074870414, -0.0015620115, -0.007890846, -0.012423828, 0.004649808, -0.0009890688, 0.016671695, 0.0029796886, 0.016994882, -0.0065727527, 0.0010870642, 0.013576486, -0.0072761164, -0.006133783, 0.029060699, 0.006821188, -0.0005717981, 0.013611144, -0.021125797, -0.017217444, -0.0013513197, -0.010202897, -0.0025938065, -0.016037608, 0.026474785, -0.017694885, 0.007124604, -0.011847082, 0.027804375, 0.022271864, -0.006240653, -0.018742008, 0.011414082, -0.0049906275, 0.009357642, -0.0070954496, -0.01773115, 0.0008188556, -0.009613195, 0.011476955, -0.015597017, -0.008121141, -0.005078614, -0.0067335516, -0.015737964, 0.022172242, 0.016322171, -0.020401586, 0.0030981093, 0.027984174, -0.0015724855, 0.015431843, 0.004929728, -0.022141246, -0.0077127516, 0.0015391452, -0.009429917, -0.006321032, 0.007979904, -0.016567394, -0.012796097, -0.015500005, 0.010298302, 0.006228653, 0.0051400475, 0.0074248547, -0.009334101, -0.022775942, -0.025415543, 0.0005482814, -0.0011079765, -0.024693817, -0.009627439, -0.020123035, -0.014133725, -0.0040025883, -0.013321828, -0.003269705, -0.012847532, 0.019908922, 0.008506231, -0.024642235, -0.023057561, 0.007591204, -0.0062308176, -0.00957603, -0.021550735, -0.017426817, 0.006725608, -0.009514622, 0.025687557, 0.015542166, -0.0012142932, -0.0074401936, 0.012752009, 0.0024855922, 0.0014060079, 0.0023912652, -0.016695885, 0.0075445226, 0.0035969173, 0.004332378, 0.029176258, 0.0006100944, -0.00692715, -0.009498998, 0.013383937, 0.0151110105, 0.0078044343, 0.008850854, -0.0005115024, -0.009887182, 0.0013730513, -0.0172635, -0.0024352646, -0.013260264, -0.018851604, -0.012306464, -0.0012927353, 0.0041741794, 0.003970433, -0.020984568, 0.021113137, 0.0076592914, 0.0022213298, -0.0048290202, -0.022115614, -0.0060134036, 0.006949496, 0.018607264, -0.017413465, 0.0027110262, 0.0053537064, -0.017007573, -0.002185965, 0.01489847, 0.012020942, -0.0023629603, -0.009020815, -0.0013292237, -0.0069437106, 0.014234628, -0.016612222, 0.0047281003, 0.021300856, -0.008586313, -0.022597391, 0.016756242, 0.008302849, -0.0095436815, -0.015316371, 0.004517079, -0.0028222837, 0.0031571267, 0.0050742854, 0.010499287, -0.008032238, -0.0010236027, -0.0024395932, -0.0011669827, -0.014072411, 0.009628168, 0.014821338, 0.0030860093, 0.004806087, 0.022709318, 0.017205188, 0.0059138597, -0.0057731397, -0.018196873, -0.0067261923, -0.01581596, -0.007871967, -0.015913725, 0.009777204, -0.01741311, -0.024762118, 0.0017866376, 0.0031907083, -0.016607337, -0.019439002, 0.028621739, -0.012661327, 0.018544132, 0.0030311625, -0.0147864735, 0.0134268375, 0.015080253, -0.019079542, -0.0035826857, -0.004855367, 0.014242389, 0.015825754, -0.011155275, -0.011304475, -0.013888062, -0.0017068351, -0.0067503164, -0.0073704505, 0.014525191, -0.0066579077, -0.009086811, -0.0054737297, 0.01821151, 0.004179831, 0.010894435, -0.0044981395, 0.00032706445, -0.02811544, -0.003836124, -0.014274593, 0.011147872, 0.005898141, -0.023938604, 0.025703518, 0.011871346, -0.0058190813, -0.003943228, 0.005795953, 0.0053187422, 0.006317838, -0.017935706, -0.008638855, -0.0023182721, 0.012373504, 0.027421128, 0.007818468, -0.004593994, 0.03627434, 0.018821165, -0.017376242, 0.022922162, -0.00051459944, 0.002126506, 0.011609287, -0.0030909209, -0.028291497, -0.006603302, -0.03691161, -0.005750104, 0.0025442971, -0.02051292, 0.011227123, -0.013154233, 0.012065953, -0.054007884, -0.015591199, 0.0013257744, 0.009157106, 0.023290038, -0.008741817, -0.006645201, -0.0034532845, -0.0037463547, -0.016589403, -0.009263646, -0.00708305, -0.010328918, -0.0066795796, -0.013075296, 0.0048645036, 0.017173767, -0.011714433, 0.0051767025, -0.020119878, 0.0023595137, -0.0031307144, -0.0057214256, -0.0094974395, -0.0026730888, 0.0057029524, -0.008381177, 0.037484467, 0.0065095257, -0.0036860555, -0.047512166, -0.01660262, 0.0074288254, 0.030410413, -0.02186178, 0.023681406, -0.010812271, 0.011211323, 0.0040506544, -0.030653482, -0.010324865, -0.003541357, 0.02269252, -0.003795181, -0.0054529784, 0.01731224, 0.017742127, 0.009340732, -0.0020567952, 0.020325638, 0.013396504, 0.017913977, 0.01052277, -0.013363845, -0.004260902, 0.027314395, 0.0037544305, 0.00055545155, -0.01477428, -0.00076155557, -0.0038536165, -0.015446255, 0.0025115986, 0.012855992, -0.004558635, 0.03681564, -0.01856879, -0.014493454, -0.0025032351, -0.006593809, 0.008392995, -0.002252704, 0.004825396, -0.004821553, -0.0004763932, -0.0068526897, 0.017698748, 0.005486114, 0.005562417, 0.0017044897, -0.0043804715, -0.02001457, 0.0012098624, 0.0003386779, 0.00799008, -0.015368267, 0.010382535, 0.02248576, -0.0088107325, 0.0014829248, 0.017187169, 0.004456456, 0.004355363, 0.025670389, -0.0005499122, -0.0045058685, 0.00292162, -0.0057916935, -0.007912888, 0.005296235, 0.013533092, -0.00465397, -0.005658635, -0.01460788, -0.00783086, 0.0068317447, -0.006857649, 0.0021852432, 0.0046921577, -0.008950211, 0.016117344, -0.00047910903, -0.027878314, -0.003210923, -0.014445168, 0.005643306, 0.012529086, 0.004836233, -0.012636782, -0.011166116, -0.012812254, 0.005627583, -0.013144802, -0.0031837008, -0.0069280644, -0.03594352, -0.013473298, 0.015920224, 0.0024007584, 0.014920155, 0.00721832, 0.012122922, 0.0322023, 0.0065722303, -0.014589393, -0.019419149, -0.001365112, -0.0033569543, -0.001556152, 0.015206104, -0.010965317, 0.014190964, 0.012090017, -0.012994868, 0.0058357627, -0.0009872261, 0.0042797453, 0.0029625176, 0.012302405, -0.0016460927, -0.016855186, -0.0018193816, 0.020968419, 0.007783715, -0.0024552185, -0.009959731, -1.7764127e-05, 0.034042496, 0.0058004325, 0.0061100526, 0.010704741, 0.0016519699, 0.0074630626, -0.0062167454, 0.0023506072, -0.015344514, 0.0036604472, 0.010697883, 0.0069227987, 0.03117602, 0.009298605, 0.000488406, -0.003525312, -0.015587798, 0.0046906983, 0.0055100746, -0.012980666, -0.002889582, -0.021838471, 0.034501433, 0.022499818, 0.0081119165, 0.009842738, -0.011034569, -0.0023519218, 0.016228905, -0.007597775, -0.010998012, 0.0031951212, 0.009419514, -0.010926676, 0.02822399, -0.011743845, -0.0038537974, 0.0043104985, -0.011936437, -0.02164126, -0.012233561, -0.00574553, -0.004475127, 0.021527193, -0.030148227, 0.01205582, 0.009221897, 0.0035513733, -0.026872408, 0.0027190545, 0.16330387, 0.12699041, -0.0020838552, -0.0017742771, 0.016896194, -0.0036903853, 0.0036695986, -0.00012283614, 0.0037754262, 0.017868109, -0.0028949503, -0.00070953986, -0.006633376, -0.02216753, 0.011141671, 0.011906533, 0.021866372, 0.009194261, -0.0024638548, 0.004222998, 0.010659513, 0.019319523, 0.003595055, -0.023795959, -0.021511251, 0.009809413, -0.0103661, 0.008301455, -0.0059902975, -0.00030975623, -0.017812686, -0.002540735, -0.005852741, -0.020837242, 0.016501976, -0.010417967, -0.003881201, 0.008572577, -0.002799391, 0.02122631, -0.009788292, 0.005367859, -0.0024255002, 0.005638262, 0.0095939515, 0.00701281, -0.009202585, -0.0045085056, -0.009414387, 0.017987426, -0.020305334, -0.0091518, 0.0124154985, 0.02218951, -0.02557315, 0.017999493, 0.012677597, 0.005137614, -0.008576795, -0.004277001, 0.00035718948, -0.012373012, -0.010880579, -0.004879004, 0.0009672872, 0.0072425636, -0.027184866, -0.01509869, 0.010710286, 0.0012612945, 0.0031809018, 0.02390521, 0.0019698294, -0.0055708215, -0.009702972, 0.013567702, 0.0025616612, -0.00572944, -0.021530688, 0.00017918563, -0.020804645, 0.0052862936, -0.010609641, 0.00959197, -0.009518538, 0.007945103, -0.009074451, 0.037146755, 0.124163985, -0.012539352, 0.0013048361, -0.046682958, 0.020340301, 0.009608783, -0.009865678, 0.05373676, 0.00085321616, 0.02271439, 0.004294414, -0.0018966866, 0.016208779, -0.0010785853, 0.0066896905, -0.008500582, -0.002006294, 0.016842557, 0.02078679, -0.0019662883, -0.040997613, -0.0026900303, 0.028639743, -0.014327015, 0.005183787, -0.0043189507, 0.024204304, 0.004401581, -0.00542632, 0.018754913, -0.10719184, 0.0055089486, 0.0010894586, 0.0046484717, -0.008803431, 0.023891393, -0.011234284, -0.008054164, -0.005695856, -0.0016924542, -0.01778813, 0.027182067, 0.02157662, -0.01056227, 0.012267072, 0.006584538, -0.017985249, -0.009348485, 0.009246979, 0.0033528698, 0.019896975, 0.012616655, 0.0012643209, 0.00018265405, -0.019349426, 0.02157811, -0.01641559, 0.008212595, 0.0029362536, -0.0028684984, -0.001498749, 0.030454198, -0.018666469, 0.026160255, 0.014927135, 0.022581423, -0.0044766646, -0.0008766926, 0.0053586243, 0.012751151, 0.00080802495, -0.026963972, -0.011275028, -0.02839692, 0.004046742, 0.004343723, -0.008370118, 0.0035416707, -0.002000993, -0.008251109, 0.027721463, -0.0125355255, 0.0068848133, 0.007102511, -0.003545493, 0.017178467, 0.010154213, 0.010253406, 7.90829e-05, 0.014507115, 0.0006709604, 0.00096302613, -0.009694515, 0.016021905, 0.011900661, -0.023837216, 0.0009884585, 0.012884691, -0.00038075028, -0.00044861578, -0.014284874, -0.00089440687, 0.011323807, -0.021185778, 0.0044410466, -0.0023807199, -0.004475776, -0.007068754, -0.0016023874, -0.00091408985, 0.0127797, 0.0054359403, -0.002722203, 0.11580614, 0.021168409, 0.004463831, 0.006622996, 0.002042644, -0.003084681, 0.0015203548, -0.02426833, 0.0040417607, -0.008651873, -0.012255854, 0.013698977, -0.015645988, 0.01173072, 0.013154778, -0.01949448, 0.007848028, -0.0035469914, -0.014513287, -0.027149212, 0.013138136, -0.007355818, -0.000259447, -0.014889505, -0.025507376, 0.011597597, -0.006353869, 0.002127724, 0.0009038908, -0.0080203945, 0.016757345, -0.007762389, -0.0008326043, -0.010240069, -0.004025454, 0.019854775, 0.001464098, 0.026613373, -0.00031200197, 5.342179e-05, -0.0013766142, -0.012526698, 0.015136981, 0.011505059, -0.038903173, 0.19336662, -0.024746176, -0.02522919, 0.0063090785, -0.0011092128, -0.0029958803, 0.02459576, -0.0130238505, 0.0024462526, 0.025264615, 0.01172637, 0.013381831, -0.008007384, 0.016451398, -0.0033778665, -0.011805079, 0.0014806908, 0.002195891, -0.00597569, -0.01797967, -0.0041324096, -0.013741053, -0.02341455, 0.009730519, -0.0047646067, 0.016765762, -0.00058335206, -0.007851109, -0.0039496813, -0.0034484803, 0.0097855665, 0.021330548, -0.0008870238, -0.018414592, 0.010087766, 0.0014350209, 0.0012827923, 0.0146260625, 0.0038166507, -0.0091963485, 0.013917825, -0.007364942, -0.03014823, 0.009787493, -0.008494984, -0.011506204, -0.005771983, 0.004796124, -0.008613023, -0.0010249875, 0.016300896, 0.0031080085, 0.007363687, 0.010488656, -0.0050726663, -0.0011580797, -0.029398434, 0.013979844, -0.004232658, 0.015146003, 0.0059920754, -0.015845452, -0.022471795, -0.008484727, 0.016457526, 0.004410468, -0.022546116]"
¿Quien es el Conejo Toys? La hermana del youtuber cercano a Markitos Toys fue asesinada en Culiacan,https://oem.com.mx/elsoldemexico/img/25460062/1756408406/BASE_LANDSCAPE/1200/image.webp,no especificado,"La hermana de Conejo Toys, hijo del tambien youtuber conocido como “El Loco Mailo”, fue asesinada frente a un mercado abandonado",https://oem.com.mx/elsoldemexico/tendencias/quien-es-el-conejo-toys-la-hermana-del-youtuber-cercano-a-markitos-toys-fue-asesinada-en-culiacan-25459429,"[-0.022979265, 0.032473497, -0.008729106, -0.045478493, 0.0052531026, 0.016879307, -0.00558373, 0.023218727, -0.03314045, -0.00038151443, -0.017226694, 0.0038273756, 0.01862635, -0.007728048, 0.11838224, -0.0125466045, 0.0027049072, 0.00051716133, 0.012089199, 0.0065794894, -0.015982987, -0.025784262, -0.0224959, -0.011676671, -0.014709821, -0.021531958, 0.0074282093, -0.009000326, 0.019397704, 0.00491431, 0.0057227206, -0.013881165, -0.008887671, -0.00967233, -0.031340633, -0.00068314065, 0.0027485979, -0.010891558, 0.009529627, 0.020651003, 0.004570692, 0.010529304, -0.0065173446, 0.0031332902, -0.005820419, 0.0035044213, 0.029462714, -0.010954045, 0.021591684, -0.021096539, 0.017895067, 0.0041998676, -0.0060353195, -0.16490224, -0.017576465, 0.010875479, -0.01750321, 0.0060949544, -7.027702e-05, 0.0059756036, 0.01101917, 0.025492067, -0.04422183, -0.034471773, -0.020753479, 0.0095973695, 0.026008049, 0.0008156127, 0.0075925733, -0.0010212736, 0.0123817595, 0.0040981947, 0.018636705, 0.0057469043, 0.0029038147, -0.008968438, -0.012939319, 0.0044163405, -0.006721119, -0.011996858, -0.020941397, -0.004836195, -0.004064453, 0.0015166787, 0.013370865, -0.019195868, -0.012426401, -0.022174409, -0.034634482, 0.02040749, -0.028232519, 0.012020334, 0.025508892, 0.0062016263, 0.007077145, 0.014798784, -0.009889795, 0.015089107, 0.02010564, -0.0127709685, -0.009903427, -0.034802325, 0.023223598, -0.017534522, -0.01179237, -0.021013476, 0.03478348, 0.005541019, 0.011611862, 0.01919494, 0.0039716857, 0.029749844, 0.0119756, 0.008385026, 0.010841946, -0.12197427, -0.025226377, 0.019616544, -0.014846588, -0.008212017, -0.012532431, 0.032135997, 0.024216423, 0.017918296, -0.032937575, 0.012618189, 0.009355686, 0.005431395, -0.036814652, -0.0041495804, -0.003339968, -0.011045992, 0.0079619, 0.00824292, 0.009369533, 0.05583049, -0.0049332115, 0.0013255308, -0.0054706684, 0.0081035355, -0.0045893616, 0.004369961, -0.009667082, -0.027327336, 0.009313145, -0.008051797, 0.008303632, -0.0045224964, -0.0053728437, 0.013978144, 0.023118973, -0.009906081, -0.035235457, -0.0100882985, 0.002567272, -0.020839015, 0.0009098615, -0.0051280474, -0.03520962, -0.0062660375, 0.011600103, -0.016900199, -0.004436725, 0.011747471, -0.0032658987, 0.0021032037, -0.015914187, 0.023504835, 0.026135467, -0.03048159, -0.02297102, 0.018615576, -0.008852736, 0.011262434, 0.011146682, 0.0077615324, -0.041587375, 0.018183673, -0.019735472, -0.008781109, -0.013176417, -0.019680927, 0.019907918, -0.0014878078, 0.01781946, -0.028559066, -0.03321557, -0.026076771, 0.04109216, -0.022249756, -0.015162162, -0.026982319, -0.0089702355, -0.0035263645, -0.023733161, -0.0065187677, -0.013974991, -0.024969475, 0.00842668, -0.00017328633, -0.0135089215, 0.012413, -0.0023037412, -0.0032184997, 0.0038370353, 0.020454396, -0.030430121, 0.013162943, 0.008065898, 0.0015029314, -0.020344514, 0.009539476, 0.0083466945, -0.0006636058, 0.010038668, 3.108013e-05, -0.017889919, -0.027661594, -0.0068998723, -0.008257587, 0.01195188, -0.037365116, 0.009943219, 0.0065712496, -0.026505003, -0.03799318, -0.008758969, 0.016016178, 0.009202346, 0.0137360515, 0.011704354, 0.0317935, -0.008166107, 0.00354025, 0.0011496148, -0.014389255, -0.012970959, -0.009288958, 0.021904752, 0.011102614, -0.010230997, -0.020267395, 0.021768099, -0.015536243, 0.012021133, -0.012664174, 0.014756839, -0.007844747, 0.0093626985, -0.0010777715, 0.029710768, -0.00820235, 0.0022820658, 0.009405096, -0.0010968015, -0.014549521, 0.001009178, 0.026746208, -0.024437787, -0.019784397, -0.025353426, -0.024573833, -0.00063988694, -0.0022345174, 0.005143101, -0.012342099, -0.021925548, -0.0031938395, -0.029287776, 0.008535375, 0.011922161, 0.024382997, -0.027406015, 0.0016430651, -0.00968091, 0.004614697, -0.05511158, 0.008506017, -0.013712464, -0.012292199, -0.0039651357, -0.006969955, 0.008501558, -0.00035324655, 0.024277478, -0.034329586, -0.031583097, 0.0023142963, -0.0010227141, -0.023188923, -0.0022728345, 0.024558844, -0.015688187, 0.008719451, 0.006137051, -0.0074990233, 0.021075621, 0.027177166, 0.01138258, -0.014483277, 0.009055454, -0.013726737, -0.0024184163, 0.011240765, 0.01867905, -0.0168231, 0.013862401, -0.02974144, -0.018294897, 0.004244889, 0.0073820464, -0.006594627, -0.0046114335, -0.0087073315, -0.0024459516, -0.01550855, 0.006143044, -0.03603398, -0.019807162, -0.0024191616, -0.02181793, 0.0020658236, 0.019980745, -0.011699404, 0.008231848, 0.0073011974, -0.020797167, -0.016854199, 0.003798336, -0.021291405, -0.0055953204, 0.012762302, 0.015063212, -0.007864011, 0.013151155, -0.02101692, 0.01984003, -0.015069135, 0.009418592, -0.004335888, -0.018740986, -0.034708764, 0.02180764, 0.03314876, 0.004915399, 0.0019898997, 0.0055359993, -0.024748402, 0.0116685955, -0.031735636, 0.0036946305, -0.029958239, 0.0332462, 0.0054861326, -0.012043354, 0.010704967, -0.014748743, -0.010334379, -0.0036638512, 0.024381828, 0.04536216, 0.035595626, -0.006177794, 0.036430404, -0.016324176, -0.013613451, -0.010714031, -0.0010326069, 0.0024973173, -0.04482617, -0.02395073, -0.005341365, -0.011645471, 0.019197466, -0.019029738, 0.010565497, -0.03044163, 0.009603716, -0.0040953592, 0.023639012, -0.0035727783, -0.003068339, 0.0047224252, 0.021922685, -0.030231835, 0.0153062465, 0.013866291, -0.015606687, -0.000275427, 0.021530738, 0.011108317, 0.010665112, -0.023652097, -0.010675162, 0.0067812186, 0.016011694, -0.0018425077, 0.00050380855, 0.012226026, 0.002395701, 5.2354782e-05, -8.617606e-05, 0.024259243, -0.004252, 0.01355158, -0.013380759, -0.021539485, -0.027372818, -0.031710096, 0.006325055, 0.02591842, 0.00072021893, -0.0069129737, -0.0056318487, -0.0020586164, 0.002871797, -0.01392423, -0.024797373, 0.0026191173, 0.036044084, -0.006462999, 0.021000205, -0.014361105, -0.012224064, 0.01444321, 0.027604682, -0.007924974, -0.005115152, 0.011505153, -0.0023666117, -0.010430991, 0.008089085, -0.015223374, -0.006190325, -0.025957461, -0.017317813, 0.015694903, -0.03081496, 0.00770971, 0.034272615, -0.0046546985, 0.008407988, -0.0039357543, 0.0031547905, 0.015158325, -0.0039916215, -0.006366288, -0.012986206, -0.026983278, -0.01822802, 0.0011177994, -0.003797166, 0.022018852, 0.016174426, -0.0013857434, 0.027882988, 0.0014680128, -0.03357958, 0.017829625, 0.00016605578, 0.0035083103, 0.002964403, 0.02638342, 0.03908031, 0.00790897, -0.0131186275, 0.0048262672, 0.007049377, 0.0058756643, -0.031054132, -0.016912602, -0.009594461, -0.0057043405, 0.035365656, -0.016917763, 0.010537506, -0.019729549, 0.0082190335, 0.005174247, 0.019277489, -0.036774974, -0.015921015, -0.008389012, 0.02134098, 0.018013818, 0.041228525, 0.0052754497, -0.012665246, 0.013181892, -0.009082251, -0.017934727, -0.0020685291, -0.0070606857, -0.0056891353, 0.012217312, -0.050918225, 0.0044565857, -0.015249808, 0.0011105037, 0.0046046027, 0.022594346, 0.05645127, -1.9724152e-05, 0.004405839, 0.011987227, -0.007183399, 0.002318118, 0.017514316, -0.019365689, -0.03768634, -0.014961448, 0.007847963, 0.0143515505, 0.002069937, 0.0037753682, 0.02878156, -0.011663376, -0.0066898074, 0.014017797, -0.00010683845, -0.02508463, 0.018633192, -0.027445836, -0.01804903, 0.035971686, 0.017496694, 0.0050588273, 0.035358954, -0.0075815124, -0.011249669, -0.0024149644, 0.03653604, -0.015490217, 0.018542584, -0.020213416, 0.022971742, 0.013477304, 0.018591143, -0.01995657, -0.0040442883, 0.012841099, -0.028503507, -0.022475755, 0.011629895, 0.014188149, -0.10282506, -0.01647313, -0.006532092, -0.0006459728, -0.013364301, 0.025493719, 0.010771575, 0.005979998, -0.0024131946, 0.020523246, -0.009688884, -0.012619807, 0.020080738, 0.008182162, -0.010042817, -0.016477225, 0.0061117364, 0.00011438755, 0.019821828, -0.0048259017, 0.027885497, -0.013280134, 0.010144173, 0.013531781, 0.020714829, 0.006858861, 0.042615812, -0.008717951, 0.008800811, 0.009731882, -0.014971412, 0.03913174, -0.01737278, -0.015814431, 0.010309705, -0.0014786427, 0.000111661684, -0.017994694, 0.010561414, 0.01733367, 0.021836432, -0.004731389, -0.016582849, 0.00056082587, -0.0022504914, 0.0054404438, -0.015644439, -0.015124227, 0.0010940226, -0.05050695, -0.021100111, 0.0021843703, -0.009421254, -0.015181753, -0.012259429, -0.005684966, 0.0015831032, 0.002368948, 0.0069531417, 0.0058653154, -0.009014002, 0.027227754, -0.0016071672, 0.02001494, 0.005672974, 0.02024299, 0.026230115, 0.037099954, 0.0017615112, -0.010605437, 0.007298106, -0.0055279974, 0.0023518072, 0.016625497, 0.008112791, 0.034929957, -0.024157513, 0.019706447, 0.004187385, 0.031464603, -0.032042153, 0.0027344432, -0.084191725, -0.004745916, -0.007432475, 0.010266062, 0.006288522, 0.023367962, -0.024005251, -0.014448553, 0.024619598, -0.01615426, -0.008300404, 0.038479425, 0.010054785, -0.0028164887, 0.027860316, 0.008120247, 0.012659245, -0.011273168, 0.0017286293, -0.023125103, 0.007772564, -0.0044951392, 0.005139848, -0.025305858, 0.013569142, 0.010559633, -0.008712898, 0.032453362, 0.020515539, 0.007991151, -0.026831957, -0.15589528, 0.002930591, 0.019174475, 0.0043842057, 0.00282517, 0.00031150834, -0.004624427, 0.012817738, 0.007891944, 0.03545349, -0.009399509, -0.01072599, -0.010325663, 0.013960131, 0.023518093, 0.11688164, 0.014136757, 0.008608086, 0.028012982, -0.0017218973, -0.024409486, 0.015664985, -0.021795126, -7.980993e-05, -0.025486762, -0.02037024, -0.0091001345, -0.020862807, 0.008968339, -0.006585441, 0.014295799, 0.017217046, 0.021687737, -0.01644156, -0.021569181, -0.009335434, 0.019199338, -0.014520148, 0.025585238, -0.002552708, 0.023389151, 0.02632141, 0.006885351, -0.0060573863, 0.022453863, -0.014145908, -0.013223828, 0.01877212, -0.01965693, 0.025987756, -0.017662872, -0.075731605, 0.019329248, 0.0013181329, 0.044450656, -0.00096897414, 0.017621852, 0.005727465, 0.0020417909, -0.0016138052, -0.02255976, -0.015373488, 0.03455439, 0.0056046587, 0.016581297, -0.0133142285, 0.01359698, -0.011008141, -0.012560041, 0.019702056, 0.007737859, 0.014749679, -0.011622511, -0.019959575, 0.005001839, 0.023344576, -0.026341988, 0.0009931425, 0.0008214917, 0.0045479382, -0.016766584, 0.0151753845, 0.0059435926, 0.0023507422, -0.0011299694, -0.0048203696, 0.003945483, -0.0069280504, -0.016597548, 0.0059985956, 0.0158517, 0.026828866, -0.018612849, -0.005037339, -0.0027756854, -0.00585022, 0.011324591, -0.008090875, 0.0063972627, 0.004172656, 0.002500544, -0.0016694991, -0.015361327, 0.006308787, 0.0011069067, 0.0079480745, 0.003807201, 0.016861474, 0.015445585, -0.0145148765, -0.0035336667, 0.009169789, -0.010111155, 0.002742771, -0.012292001, 0.024751022, -0.0044176746, -0.012599535, -0.009955598, -0.012990819, 0.0073471093, -0.006764167, -0.012134489, 0.009810328, 0.01881824, -0.01870723, -0.013903123, 0.015049214, -0.005024532, -0.03516321, 0.018928485, 0.005712832, -0.021341698, 0.007285793, 0.009046085, -0.0070018796, -0.0019523646, -0.011969802, -0.007112562, 0.00043916708, 0.02517863, -0.0034942543, -0.02591488, -0.0019060986, -0.009160992, -0.005254462, 0.0057339086, -0.0004266757, -0.009249181, 0.0030169873, 0.0050090523, -0.016652957, 0.005584869, 0.0038199092, -0.012635138, 0.012830775, 0.020226667, -0.013458694, 0.00304111, -7.7677745e-05, -0.000542971, -0.009403612, 0.012360552, -0.008808278, 0.020352317, 0.010822077, 0.0092106005, -0.010977707, 0.012607635, -0.014462903, 0.010795929, -0.008569248, 0.0028110074, 0.013722457, -0.0049328255, 0.008117422, 0.0055692513, -0.011442822, -0.030258616, -0.0075548426, 0.003048641, 0.0030557893, -0.001464805, -0.005166435, 0.00044351956, 0.012304643, -0.0049505536, -0.0075608282, 0.00345749, 0.007976626, -0.02892169, -0.01643088, 0.021667887, -0.012074243, 0.009834872, -0.0020882857, 0.011497891, -0.007925753, -0.010705537, -0.0142118605, 0.00085516775, -0.018337332, -0.022693744, -0.0010963242, -0.0029011038, 0.009205883, -0.018055065, -0.010785401, 0.0084923655, 0.004108645, 0.009234668, -0.015564719, 0.021658542, 0.006654037, -0.010626006, -0.0068468503, 0.0073236474, -0.0074007437, 0.001376161, -0.015119653, -0.011028907, 0.0057678823, -0.004076703, -0.0013922245, -0.007831932, 0.005117814, 0.025778297, -0.00535228, -0.0010956199, 0.0034194253, -0.004457727, -0.006567278, 0.018950384, 0.010352473, 0.0043522106, -0.00063663116, -0.0041067055, 0.010367868, 0.014323294, -0.00085193577, 0.035528883, 0.010134442, -0.0036912565, 0.010350192, 0.008812922, -0.0019612892, -0.0048347157, 0.018545374, -0.0048678597, 0.01974882, -0.021313567, -0.016814522, 0.001527349, 0.020806422, -0.010130606, -0.017698644, 0.002085786, 0.02545097, 0.007840975, -0.010827221, 0.008654051, -0.0014865228, -0.025249545, -0.001625756, 0.018712472, 0.002042539, 0.0025538662, -0.01004601, -0.0038787394, 0.02219111, -0.0072732456, 0.011892037, 5.03576e-05, 0.01292351, -0.008334717, -0.009216024, -0.007576401, 0.005326799, -0.00011798313, -0.009508469, -0.0050188666, -0.0043667774, -0.020191211, -0.016009618, 0.006026838, 0.014813277, 0.0021199093, 0.019493805, -0.013049486, 0.002799064, 0.0021950738, 0.004947762, 0.0067532687, 0.0065486673, 0.00061945076, 0.01425345, 0.0023954543, -0.0039938036, -0.0074226614, 0.009805723, 0.014297729, -0.00993365, 0.014202662, -0.0065739327, -0.0018667948, -0.012214413, 0.0009721322, 0.008752391, 0.022703681, -0.0018861379, 0.07127253, -0.0077697057, -0.0040140287, 0.020079324, -0.001635566, 0.015002635, -0.002003174, -0.003945029, -0.0026247222, -0.0019658834, -0.013404178, -0.012929653, -0.003926966, 0.0014870039, 0.019885616, -0.0076611154, 0.00031698955, 0.0035710074, -0.0098921815, -0.0017417788, 0.0032771993, -0.011329488, 0.005636359, -0.016600523, 0.003957365, 0.00080116786, 0.0045394097, 0.01324427, 0.0034363442, 0.0038000117, 0.0045930212, 0.0083577605, 0.019306174, 0.006584158, -0.028755067, -0.0044349404, -0.014106626, 0.010978357, 0.00046698746, 0.017314123, 0.00057701, -0.002744765, -0.010729404, -0.01592753, 0.002499854, -0.00070397917, -0.0047034696, -0.0062182522, -0.004220032, -0.008548563, -0.0030208481, -0.01047336, -0.00511083, -0.0023559432, -0.0064850776, -0.020502217, -0.010673995, 0.0029154534, -0.0043429844, 0.010292178, -0.00067991484, 0.0032653639, 0.003010019, -0.00090398884, 0.014704925, -0.0076219817, -0.0059707034, 0.0147568965, 0.012345111, 0.008019572, -0.024256196, -0.016424187, -0.0039489875, -0.0043766215, 0.024878789, 0.009335255, 0.008886965, -0.005658759, 0.011451268, 0.013780087, 0.006155434, -0.017511811, -0.0075727478, -0.0060475376, 0.0071071223, 0.0033623134, 0.01047877, -0.0073016956, 0.0324508, -0.0081784045, 0.015516658, -0.012475729, 0.02334432, 0.007829851, -0.012472047, 0.023462689, 0.043969937, -0.0018049425, -0.007120724, -0.003237577, -0.003118332, 0.0027152598, 0.007920335, -0.01498112, 0.0091710705, -0.009314005, -0.02447925, 0.011807277, 0.019069783, -0.007916686, -0.00818788, 0.008522004, -0.004446084, -0.0013669564, -0.0066007227, -0.0023667014, -0.0059258398, 0.013654688, -0.005539012, 0.022290846, -0.00047915668, -7.419738e-05, -0.012767309, 0.009921464, -0.019622495, 0.009754915, -0.018742463, -0.0028884087, -0.0050784037, 0.007894243, 0.006598487, -0.007786901, 0.0035325417, 0.0017504583, -0.018527564, -0.012980956, 0.0073206727, -0.0019005891, 0.0012451278, -0.009971606, -0.0119989365, -0.0026284237, -0.018464353, 0.018476175, 0.015797421, 0.011248309, -0.0032455483, -0.010990865, 0.0014921918, 0.018263042, 0.0075940606, -0.026074043, 0.001513873, -0.0023761936, -0.0036574479, -0.017776866, -0.0035574322, -0.003077547, -0.009477819, 0.0033748162, -0.0019078902, 0.00414958, 0.000469338, 0.0009666743, 0.0017983554, -0.0021301145, 0.0023086607, -0.0013088513, -0.0025328621, 0.00981991, 0.014839135, 0.012673086, 0.02183944, 0.0092463195, -0.013562976, 0.00891526, 0.0021974507, -0.01227849, 0.005047378, -0.0017757823, -0.0107112685, -0.006751877, -0.0072036665, -0.026117316, -0.003203332, 0.0077458224, 0.024175523, 0.008041001, 0.0031687182, -0.009923687, -0.007820512, -0.01121764, 0.012168877, -0.0070014023, 0.019670503, -0.01521719, -0.017782507, 0.0039024865, -0.014928255, 0.011420866, -0.0057689417, -0.0030357388, 0.00072701444, 0.0037962494, 0.00659636, -0.006387636, -0.017053314, -0.020391453, 0.015774757, 0.007557288, -0.0063627814, -0.005687255, 0.015183265, -0.0044083027, -0.010739908, -0.000439094, 0.004654611, 0.007922884, -0.010217585, -0.0072831903, 0.007157858, -0.01111732, 0.012369286, -0.01542825, -0.013600329, 0.00785424, -0.0078788595, 0.016139673, -0.009598025, 0.004247267, -0.0017998022, 0.0067457305, -0.009341975, -0.0005986882, -0.0094889365, 0.00672272, -0.009183614, -0.006964138, -0.013844252, -0.015297304, 0.010982984, -0.00786867, 0.011043347, 0.01361921, 0.012743984, -0.017551983, -0.0010040153, -0.008344594, -0.010057925, -0.009934122, 0.005373402, 0.005856612, 0.007653752, 0.011581084, -0.010673383, -0.0021392452, -0.008672096, -0.046339273, 0.013717754, 0.0037947008, 0.030329637, -0.00614711, -0.011482475, -0.008199025, 0.0027114083, -0.003961917, -0.0021107604, 0.021184286, -0.0018714486, -0.013411073, 0.0067652664, -0.001371168, 0.0029717197, -0.02220644, 0.016718723, 0.0031994684, -0.00070170703, 0.005463532, 0.00760415, 0.00036356985, -0.002920306, 0.0070761787, -0.023740461, -0.0022002265, -0.013668162, -0.0058829947, 0.0012452189, -0.013383402, 0.0063512227, 0.0048483866, 0.010776716, 0.0015041823, -0.0049435636, -0.003041924, 0.0015558951, 0.012143867, -0.00018402198, 0.015398969, -0.013017749, -0.0057287076, 0.0142040085, -0.015313047, -0.0024314323, 0.012789711, -0.0050418363, 0.007400126, -0.011857775, -0.0021862206, -0.0021486827, -0.016845375, 0.01900265, -0.0022100573, 0.002905615, 0.011999235, 0.0053881644, -0.0008945974, 0.0010722855, -0.0059477137, -0.004168537, -0.007863454, 0.006625503, -0.010734401, -0.0012977836, 0.013963062, -0.006952038, -0.006368012, 0.0018571058, 0.0036483484, 0.001660644, 0.014828487, -0.010338658, -0.0019732174, 0.0026311276, 0.02417271, 0.0038286988, 0.008429526, -0.018848201, -0.00874462, -0.0073083425, -0.014523201, -0.0064980183, -0.0022611367, -0.0067814994, -0.01778203, -0.013628156, -0.02696789, -0.0052843094, -0.011188531, -0.00063785515, -0.0033103544, -0.0011725086, -0.0025905245, 0.0035892855, -0.00072724523, -0.01758151, 0.004697581, 0.0060006604, -0.010448388, -0.012555091, 0.0037763277, -0.0009824147, -0.019057633, 0.020687865, 0.011809615, -0.015464347, 0.002678381, 0.00806144, -0.0067863874, 0.01022371, -0.014713125, 0.01146613, 0.01778238, 0.005727385, -0.0010706258, -0.016497608, -0.020846806, 0.0077886186, -0.004019013, -0.0019802032, 0.005379971, 0.00017447863, -0.008638702, -0.0019409511, 0.006330771, -0.0098251, -0.007793077, -0.006571038, -0.025098639, -0.0030736686, 0.016216425, 0.0159531, -0.0061922604, 0.016316488, -0.019970428, -0.0048018727, 0.0012453054, 0.0075778225, 0.008844479, -0.0043997443, -0.0025673518, -0.018230112, 0.020741306, -0.0057940846, 0.025745155, 0.0032960307, 0.013584463, -0.007848047, 0.007971699, -0.0018051476, 0.003973448, 0.0062987325, 0.012467217, 0.0027662043, -0.009323631, 0.0050339135, -0.015640723, 0.0015386016, 0.006323955, 0.0006291909, 0.0003490593, -0.0069252816, -0.012470662, 0.0072259973, -0.005062609, 0.013745814, -0.010155764, -0.006644913, -0.02743123, 0.007302055, -0.0003971825, 0.012050348, 0.012156488, -0.008571548, -0.00013641808, 0.001294776, -0.005571446, 0.006961769, -0.007558207, -0.007936892, 0.019409569, -0.005881521, 0.015423326, -0.0002223192, -0.012249472, 0.0119713545, -0.019312788, 0.00132074, -0.0075719506, 0.0016198482, 0.010207655, 9.306866e-06, 0.002695257, 0.015009426, -0.004170194, 0.018552845, 0.031770237, 0.001164008, -0.0078836065, -0.0005713618, 0.013359471, 0.0062834267, -0.006903086, -0.1060134, -0.0015221682, 0.021234557, -0.0024125671, 0.010277467, -0.0024317806, -0.018141888, -0.009803807, -0.0008879092, -0.0008814357, 0.0047455872, -0.0034095498, -0.005716174, -0.01412455, -0.019975437, -0.0025143449, 0.0007760147, -0.020098886, 0.004234369, 0.02360365, 0.0047796564, -0.0020495628, 0.0037717733, 0.0069320174, -0.0141651975, -0.020615192, 0.0027739918, -0.016113894, 0.0141548775, 0.010052055, -0.02917683, 0.008926378, 0.01814564, 0.00819463, 0.023101704, -0.016446155, 0.0029244241, 0.016311271, -0.13912041, 0.002467004, 0.020716311, 0.008331229, -0.0072073652, 0.013601825, 0.003379675, 0.014244487, 0.0028163618, -0.005069061, -0.0109755285, -0.020049682, -0.0048312545, -0.0037045178, 0.0025635965, 0.0024672325, -0.006685131, -0.005220965, 0.0020609826, 0.010153021, 0.018453198, 0.003587486, 0.0051901652, 0.009102267, -0.0049196067, -0.0029139458, -0.00039688594, -0.0041019656, -0.0093431445, 0.015287525, -0.0078416215, 0.00045288596, -0.0032136387, -0.006273449, 0.000640953, 0.00995384, 0.019224536, -0.01728621, 0.010908605, -0.016428392, 0.0029575133, -0.0010620579, -0.0039442456, -0.0073425397, -0.0073425104, 0.012639216, 0.00973252, -0.0007985799, -0.016867863, 0.0049299747, -0.0031243188, 0.0057745147, 8.677542e-05, -0.008378276, 0.015530525, -0.02457518, -0.0006779554, 0.0054547586, 0.0050538736, 0.007974427, -0.007186496, -0.0070407107, -0.0025453235, 0.005817056, 1.550723e-05, 0.0034759224, 0.004528466, -0.006527541, -0.013257153, 0.0037029968, -0.0033007618, 0.0097943945, 0.0077491505, -0.008963872, 0.0017808233, 0.0070168776, 0.005085664, 0.0014139204, 0.015240843, -0.02138062, -0.03977829, -0.00413123, -0.004266725, 0.0032939988, 0.0027934837, 0.0011895883, 0.009896744, -0.002021121, 0.018542426, -0.055974722, 0.0017327153, -0.016685013, -0.019592255, -0.015197955, 0.005601217, 0.00027179535, -0.012341711, -0.014011799, -0.0014012826, 0.0149287535, -0.008514967, -0.008464604, 0.0015900097, 0.015384379, 0.0028574124, 0.008602995, 0.0024664195, -0.021998832, 0.013835295, -0.025840938, 0.0031519637, 0.013813865, -0.002774523, -0.015670221, 0.013444, -0.007291077, 0.0032466196, 0.00046163725, -0.011285897, -0.0056542894, 0.011727076, 0.02652086, 0.008409781, 0.0017248599, -0.0025363099, -0.009865736, 0.011765904, 0.009639713, -0.00042959442, -0.0015729038, 0.014095773, -0.013677187, -0.0022762949, 0.009038426, 0.002009139, 0.00042023664, 0.012065522, 0.0051924936, -0.026983267, -0.017417913, -0.0010973961, 0.014141327, 0.010514292, 0.02083801, 0.003866647, -0.0046517206, -0.025541034, 0.016358731, 0.015642364, 0.019053763, 0.0076966174, -0.016389526, -0.012409101, -0.00096480513, -0.012515105, 0.0028972724, 0.0066432524, -0.0144540705, -0.0146709895, 0.006940576, -0.012341735, -0.00036731162, 0.019010352, 0.013629933, 0.001454731, -0.006537227, 0.00425217, -0.02750525, -0.00639145, 0.0019898217, -0.009045691, -0.021794967, -0.00031139093, 0.00079052086, -0.01755122, -0.016158044, 0.0032398498, -0.0074849776, 0.0003226556, 0.00045932058, -0.011345645, 0.001162517, 0.007116839, 0.014565481, -0.008092992, 0.009762556, 0.008341491, -0.004517582, 0.018068947, 0.029779654, 0.0027862089, -0.021394508, -0.019655526, 0.018500518, -0.035346612, 0.005895804, -0.005645602, 0.003733783, -0.0060024275, 0.017618699, 0.0057830256, 0.004273361, 0.012688111, -0.17993264, -0.016903527, 0.0136833815, 0.013376722, 0.0039280914, -0.0150303915, -0.017491324, -0.0058918744, 0.019518157, -0.017548554, 0.020092756, -0.0006618578, 0.006613014, -0.0062212166, -0.0055120843, -0.0018285745, 0.024342246, 0.0063317153, 0.010248805, -0.00912857, -0.044656806, 0.002187531, 0.009530857, 0.012271574, -0.0027260862, -0.0020477588, -8.6523e-05, 0.018015034, -0.0077573294, -0.0042399857, -0.028010406, 0.011089117, -0.013971752, -0.0061093713, -0.0041606924, -0.010258457, -0.00044340306, 0.016292173, 0.010871124, -4.8621816e-05, -0.0032853063, -0.0062240474, 0.00071587524, -0.010093132, -0.025405142, -0.0016667928, 0.0022194302, 0.015927337, -0.013876239, -0.00096519495, 0.009533145, 0.0023042245, 0.00070390623, -0.036223512, -0.000590719, 0.012785112, 0.00725522, -0.013331225, 0.0033251639, 0.017566936, -0.010262561, -0.027371546, -0.009236654, -0.008888109, -0.0040667444, -0.026809962, 0.014529449, 0.13827679, -0.016532218, -0.008639761, -0.0026164954, -0.0026027157, 0.028792815, 0.011796457, 0.0048827096, -0.013062647, -0.008066783, -0.0067957067, -0.006862646, 0.013875799, -0.029757416, -0.004321835, 0.004633529, -0.013452489, 0.0045937477, 0.0015589036, 0.014546938, 0.0045205522, -0.008176138, -0.043731857, -0.016653517, 0.025630774, -0.02157841, 0.013736154, 0.0031857975, 0.008467073, -0.009101348, 0.048626598, -0.01200425, 0.0011785624, -0.01615248, 0.019838989, -0.010198276, 0.012157115, -0.0021849282, 0.015334144, -0.008566525, 0.008506078, -0.00882324, 0.004663697, 0.0067010247, 0.0037504528, -0.019637143, 0.0060220864, 0.00059562403, -0.0017245105, -0.0006078364, 0.002530459, -0.022529112, -0.033126947, 0.028868876, 0.0011966788, -0.019822815, -0.028649159, 0.0024944418, 0.0144821275, -0.009814234, -0.0063120243, -0.0024339594, 0.007380605, -0.022017486, 0.0128345005, 0.011752497, -0.016814927, -0.00081367226, -0.0013597816, -0.108932324, 0.011536826, -0.022673605, -0.0033508765, 0.0013347043, 0.0047492604, -0.0015039083, 0.006501374, 0.001801665, 0.0006872647, -0.010453514, 0.019557599, -0.007157349, 0.00018879777, 0.010665052, 0.0017351805, 0.005634862, 0.014651297, 0.024520334, 0.0034552168, 0.01804625, 0.013058944, 0.008913804, -0.016848885, 0.015255956, 0.006671676, -0.014604628, -0.0078094685, -0.0040369574, 0.011478337, 0.006608928, 0.015044496, 0.014095266, 0.026862914, -0.017401004, -0.01417774, -0.020155802, 0.014141937, -0.009559786, 0.0080920635, 0.008701607, -0.008863668, 0.0038384234, 0.007178474, -0.006216173, 0.018885273, -0.0052638557, 0.030412402, 0.0043580197, -0.016410688, 0.0006510369, -0.007715762, 0.013254795, 0.0012221303, 0.0002403464, -0.002198188, 0.021346023, -0.015244271, -0.013323594, 0.0025501226, 0.013189965, 0.011108372, 0.013694081, 0.0023677466, -0.0069046565, -0.0070054205, -0.013319539, 0.0041510765, 0.012436351, -0.019739687, 0.008820014, -0.022534437, 0.028098518, 0.0267554, -0.02404394, -0.017805004, -2.0228621e-05, 0.002109858, 0.017409364, 9.575788e-05, -0.030215222, -0.0033501075, 0.015570637, -0.028163375, 0.032791134, -0.013668563, -0.011275338, -0.004523077, -0.016982485, -0.016219584, 0.004871404, -0.025845971, 0.024902802, -0.008507739, 0.012398589, -0.000554291, 0.018481553, -0.0005675554, 0.012017813, -0.02662946, -0.0017958964, -0.0012287437, -0.027465694, -0.015235074, -0.0041258745, -0.011336624, -0.00245431, -0.010706325, -0.0077629113, -0.017325314, -0.02540784, -0.0022034908, -0.008394654, 0.020590845, -0.02518096, -0.0066810274, 0.01664153, 0.00025801713, -0.0034696667, 0.0043892516, -0.0039756247, 0.014657554, 0.020714805, -0.0076447143, 0.0035694928, -0.0132203065, 0.022656193, -0.01786449, 0.021281488, -0.009188131, 0.013390656, 0.01833754, 0.0038973023, -0.012654185, 0.009299929, -0.025871096, 0.018551357, 0.014761448, -0.0004352088, -0.014350818, 0.005795599, 0.011746845, 0.0076610744, 0.009090512, -0.0016223077, -0.026329849, 0.020960791, 0.0090205055, -0.011388592, 0.019863065, 0.009081366, 0.012354708, -0.021122625, -0.014955853, 0.0045689177, 0.005741994, -0.00071433437, 0.001026508, 6.274624e-05, -0.0024372423, -0.0068092113, 0.020351931, 0.017309377, 0.007497068, 0.0038185432, 0.0065234695, 0.0063216216, -0.00081264955, -0.020852149, -0.031418044, -0.012748114, 0.0071582706, 0.013834704, 0.003137529, 0.007637387, 0.016220236, -0.003645216, 0.03536768, -0.0038408248, -0.057218663, 0.006192014, 0.008210285, -0.011032456, -0.0014703608, -0.003743329, -0.0068812366, -0.010792729, 0.020583423, -0.019808942, 0.0069330316, 0.0013152285, -0.010949032, -0.0029280973, -0.003322, -0.0009154898, -0.027053231, -0.006907175, 0.035191476, -0.007197612, 0.018272378, 0.00972632, 0.0028805526, 0.015058929, -0.009748705, -0.008227145, -0.0060131364, 0.01772027, 0.02152645, -0.014652028, 0.006446294, -0.005713089, -0.006341653, -0.02406701, 0.012831061, 0.015751068, -0.00054592366, 0.01999141, -0.010702896, -0.05481258, -0.020701874, 0.004459475, -0.059209187, -0.0008770647, 0.015163667, 0.0081460625, 0.01683523, 0.010499452, -0.013701959, 0.015328432, 0.016955825, 0.01159862, 0.028180711, 0.01901755, -0.008585793, -0.0019148964, 0.0031956502, -0.010858793, -0.0047613517, 0.0060359705, -0.024670916, -0.0110150585, 0.008014958, 0.0051369146, 0.0139767, 0.014133951, 0.014050452, -0.0064443, -0.014967395, -0.01161977, -0.0028617792, -0.01693095, -0.0036370058, -0.0026896368, 0.0006891587, 0.01466312, 0.008029263, -0.003293324, 0.020109173, 0.015865754, 0.010787545, 0.012242129, 0.0028292863, 0.029470393, -0.0012463952, -0.018869115, -0.013975772, -0.11034208, 0.021365797, 0.0017696079, 0.0089291595, -0.015286926, 0.006984084, -0.0015406, 0.056155596, 0.0066647604, 0.007452245, -0.03413522, 0.014813164, 0.021368654, -0.008804223, -0.010500389, -0.022230228, -0.0116048725, 0.0053057247, -0.0104913935, -0.0071797487, 0.027198398, -0.01648387, 0.0015306415, 0.007828272, 0.005297561, -0.061049398, -0.0052646813, 0.015237316, -0.008743298, 0.01744419, 0.003669749, -0.008888554, 0.013949671, 0.0009033177, -0.012841682, -0.021182425, -0.00708196, 0.007290561, 0.021733986, -0.0012909565, 0.035354912, -0.0022527766, 0.016307985, 0.00574242, -0.0066647665, 0.008285606, -0.006674626, -0.0055238027, 0.016865423, -0.019153997, 0.017146379, -0.028552417, -0.02035392, -0.013294383, 0.004846908, 0.013830585, -0.011300184, -0.032372106, 0.016629748, -0.001936353, 0.029845452, -0.0057147327, 0.009581026, -0.0058706617, -0.0021752764, -0.0024564136, -0.025566744, -0.015752241, -0.036692724, 0.019782308, 0.00974086, 0.00093255535, -0.004319109, 0.012234884, 0.014534314, -0.0104180295, -0.010675821, 0.011499397, -0.032387592, -0.011652335, -0.003578363, -0.0076074307, -0.01522375, -0.004568251, -0.015564199, 0.00023770315, -0.003219201, -0.0035911943, 0.02158561, 0.012350411, 0.004516718, -0.02751451, -0.021233242, 0.0033668755, 0.009507765, 0.004636385, 0.00088276743, 0.021578705, 0.0017637596, -0.016373668, -0.004268142, -0.0019710492, -0.0034144202, -0.0011881131, -0.007564098, -0.0036709856, -0.01251054, 0.0066583026, -0.0005924034, 0.0021690363, 0.011448715, 0.015519421, 0.008927793, 0.0055300877, -0.013708642, 0.0068925875, 0.0030728383, -8.173512e-05, -0.007483866, -0.0022472087, -0.0051582493, -0.035895236, -0.03307201, -0.023424733, 0.0037794453, -0.030189421, -0.009992632, 0.022527773, 0.0068979408, 0.0213855, 0.00048081626, 0.0069745732, -0.0029795752, 0.012022921, 0.018926993, 0.0026036766, 0.012425565, -0.018275129, 0.009247524, -0.005640606, 0.006536949, -0.011443852, -0.0018211962, -0.0010306657, 0.0051409523, -0.02398227, -0.002162604, -0.015774308, -0.004951789, -0.01469325, -0.00037491458, 0.016070727, 0.01066493, 0.008488417, -0.024515891, -0.019031988, 0.0009673542, 9.472421e-05, 0.02066163, 0.008670177, 0.027347853, 0.016454458, -0.014588374, -0.019640852, -0.020871244, -0.007121294, -0.010273729, 0.007575132, -0.016674649, -0.0033508542, 0.004648213, -0.023400303, -0.0115869865, 0.0026991882, 0.026894527, -0.023250883, -0.0071374434, 0.013136988, -0.02083735, -0.01973007, -0.0025790986, 0.0024117364, 0.01671504, 0.017269356, -0.015180919, -0.003814849, -0.014038789, -0.04539015, 0.0115391305, 0.010509902, -0.019623172, -0.011246861, -0.0075056935, -0.012088098, -0.02250635, -0.021395853, -0.014358707, 0.0066763535, -0.007661418, 0.037426244, -0.004105111, -0.02477607, -0.016639955, -0.0051265988, -0.0056657037, 0.010852176, -0.016277606, -0.0025024528, -0.028220357, -0.006798405, -0.031966794, -0.009366886, 0.003498881, 0.0036319485, 0.019649172, 2.1579735e-05, 0.0071026897, 0.013271964, 0.02450434, 0.0057210107, 0.008861796, 0.0044762865, 0.020232089, 0.018905483, 0.02601429, -0.009384122, -0.0070717363, 0.005843646, -0.0051236334, -0.015383994, 0.016499266, 0.002264889, 0.0067734895, 0.015167527, -0.021733753, -0.001061345, -0.0058013164, 0.010194309, -0.010706165, -0.01155298, 0.013176747, 0.0131829735, -0.008450208, 0.02514917, -0.005151987, -0.00036596527, -0.019996025, 0.009632033, -0.01663254, 0.008196766, 0.011506089, -0.0070346673, 0.0053370325, -0.02211863, -0.008944668, 0.009493294, -0.0071489615, -0.015643677, 0.0029897478, -0.0090154745, 0.009092206, 0.00949651, -0.006264416, 0.031878553, 0.009823523, -0.020419791, 0.001322997, 0.018574836, 0.0009672258, -0.009346539, -0.017095983, -0.008664354, 0.009360812, 0.0010228745, -0.0058887904, 0.033314563, -0.014682568, 0.00874924, 0.0093116835, 0.003875595, 0.001130498, -0.006663397, -0.007814025, -0.004329158, 0.0049653635, 0.015389898, -0.0028658486, 0.012355461, -0.0031233337, -0.027079625, 0.0018197963, -0.0063370406, 0.01727273, -0.0025854446, 0.011750593, -0.015382008, -0.025598556, -0.009348586, -0.021119809, -0.009938482, 0.042019058, -0.025099674, -0.016609522, -0.011995761, 0.0019608687, -0.006310159, 0.027563492, -0.01677709, -0.016255612, 0.0016706613, 0.019328987, -0.012444519, -0.0022121626, -0.009185407, -0.013557691, -0.03669211, -0.006048502, -0.0052513485, -0.0126649225, 0.024415163, 0.015346304, -0.034134243, -0.009499289, 0.009400545, 0.0101323705, 0.0134690115, 0.0077455146, -0.0016057054, 0.024049843, 0.008963113, 0.011173984, -0.0045125023, 0.0017468698, 0.00018170882, 0.003128274, 0.015075572, -0.0010393736, -0.012605366, -0.0030066671, -0.004236253, -0.0031733564, 0.006318603, -0.013450816, -0.009207882, -0.00047241757, -0.020562287, -0.0090788845, 0.008249826, 0.008970588, -0.014727526, -0.016150078, 0.0036067574, 0.007564449, 0.02312638, -0.007185811, 0.0051555405, 0.018070085, -0.009371084, 0.0074728723, -0.009133888, -0.00549104, 0.006588852, -0.010537769, -0.0023599528, -0.006184523, -0.012156042, -0.003911921, -0.018817961, 0.0017116228, 0.0062600942, -0.00041465962, -0.0060072416, 0.009765368, -0.0012816972, 0.00092188455, -0.0035851132, -0.017612807, 0.008748573, 0.0032608537, -0.002028855, -0.028494528, 0.01174707, -1.5723928e-06, -0.0018122572, -0.0041900757, -0.019914124, -0.00040545533, 0.0013957337, -0.039397586, -0.013859015, 0.013963159, 0.0071332334, -0.002391397, 0.0025566516, -0.022851609, 0.013683742, 0.00635087, -0.0053768135, -0.010656919, 0.0050754063, -0.0073772683, -0.01617143, 0.012966332, -0.009125789, 0.0064774742, 0.008762161, 0.020815218, 0.019864814, 0.0007899039, -0.024698103, 0.0067678876, -0.012243308, -0.0008788727, 0.0056421817, 0.00026776324, 0.03490187, -0.03347371, 0.02007871, 0.012885601, -0.016822612, 0.02502395, 0.0125607, -0.016512463, -0.010873916, -0.018551491, -0.0010551334, 0.010993558, -0.009221388, 0.0066629252, 0.016586754, -0.006080954, -0.007447679, 0.013894388, 0.0012749077, 0.005894829, 0.007921176, -0.028056651, -0.0078636715, -0.004180218, -0.0004224778, -0.017041003, 0.018294765, -0.008656157, -0.01113537, -0.007606588, -0.024730958, 0.015206596, -0.001857552, -0.015742358, 0.0063631907, 0.008309501, 0.0022070927, 0.0153405545, -0.008453366, 0.003958557, -0.00045508042, 0.009552672, -0.008495554, -0.0073016905, -0.004169095, -0.020151393, 0.0009934211, 0.026601939, 0.009987933, -0.010985861, 0.0032979136, -0.023349354, -0.009750089, -0.01988911, -0.0011215366, -0.027012618, -0.0015009441, -0.02964899, -0.024678988, 0.0030895302, -0.0012049043, -0.003226334, 0.017193865, 0.018935693, -0.0038081878, 0.004963838, -0.023980135, -0.0054170187, -0.000590613, -0.003840979, 0.01808691, -0.000757368, 0.007174912, -0.012588635, -0.01401317, -0.004263818, -0.011729438, -0.0016851571, -0.0010784112, 0.01037475, 0.010781038, 0.010851701, 0.022892902, 0.0104159685, -0.00306088, 0.00053242367, -0.009822798, -0.020141382, -0.015269433, 0.015365704, -0.0030474742, -0.0029706508, 0.007942334, 0.014498806, -0.010217718, 0.0015203577, -0.002708325, 0.01029165, -0.008839988, 0.029182734, -0.017092139, -0.008519348, 0.013255999, 0.01051376, 0.01810284, -0.0022737738, -0.012469186, -0.016294332, 0.023944236, -0.0045230184, -0.00032385797, 0.01430425, 0.020187981, 0.02368407, 0.012449859, 0.0033285706, 0.017054362, 0.0024760454, -0.008322199, 0.005108267, -0.009449514, 0.012356845, -0.022734549, 0.029218113, 0.011805126, 0.0010483555, 0.0105632655, -0.010121227, -0.0051970277, 0.04645829, -0.00087575184, -0.02713073, -0.012630066, -0.016364867, -0.03042132, -0.006997422, 0.0012767053, 0.00032253066, 0.0024087846, -0.015447033, 0.010354747, -0.0036788767, -0.008477115, 0.0058440296, -0.006140236, -0.017480694, 0.0056296987, -0.01909615, -0.0026518416, 0.005382024, 0.0005502463, 0.011110092, 0.0026965255, -0.005444988, 0.007896296, -0.0078618545, 0.008920227, 0.0030861706, 0.004927969, 6.348884e-05, -0.006173422, 0.021124562, -0.015163013, 0.0073260185, -0.010462829, 0.011507959, -0.008748729, 0.0032902583, 0.01122391, 0.006452599, -0.02988303, -0.01048579, 0.012728057, -0.004111289, 0.00344933, 0.022973651, -0.018988099, 0.0015021994, -0.0021911496, 0.01151588, 0.010779933, 0.003672202, 0.030397648, 0.008721003, -0.0038491157, 0.000630875, -0.04278903, -0.016193314, -0.0019596338, -0.015182755, -0.0141993575, -0.006433459, 1.4111969e-05, -0.0048576747, 0.0066320864, 0.004924298, 0.03067744, 0.0075173816, -0.030489175, 0.016943077, 0.021551453, 0.016841933, 0.005322681, -0.012187584, -0.018677672, 0.002553626, 0.0041499403, -0.008788144, 0.010189707, 0.004746896, 0.0119423, 0.0014886862, 0.0066319476, -0.019396488, -0.022922173, -0.004419872, 0.0059386515, 0.0097343605, -0.0011671686, 0.0024901484, -0.020405142, -0.0072815106, -0.003929795, 0.010191064, 0.0035025622, -0.03382541, -0.0075558275, -0.007803767, -0.005771096, -0.0016728732, -0.02451144, -0.0006413106, -0.0013583397, 0.025665307, 0.017810293, 0.0039024428, 0.0035535842, -0.0132946735, -0.014515428, 5.1618594e-05, -0.0010714186, 0.023698153, 0.006974384, 0.030781211, 0.006704186, 0.015652664, -0.0077918335, 0.007806493, 0.010598145, 0.013432223, 0.0030217408, -0.023032501, 0.040498175, -0.014060685, 0.0077205827, 0.010019805, 0.0023283297, 0.01225677, 0.0046639154, 0.03359561, -0.0076643145, -0.011139218, -0.0036836064, -0.020461632, -0.009276859, -0.0145162465, 0.032661915, -0.0150234355, -0.0049671656, -0.0036135898, -0.0084468005, 0.1769362, 0.124616474, -0.016851505, -0.0064027607, 0.017456975, 0.002963474, -0.0091676675, -0.019094989, 0.019192982, 0.023736028, 0.016035663, -0.013153048, 0.0019661773, -0.011864014, -0.0035140275, -0.011996707, 0.009917502, -0.008950718, -0.023040378, 0.014399811, -0.006564692, 0.03675841, -0.01091556, -0.012001775, -0.035129063, 0.0073146173, 0.0036190446, 0.0016213392, 0.0006554028, 0.017658856, -0.015081687, 0.01897317, 0.009276816, 0.007797299, 0.008512686, -0.035446826, -0.011792304, 0.001129495, -0.018732278, 0.0033354159, 0.006950759, 0.011502148, 0.004958782, -0.00043452188, -0.0022651833, 0.03610974, -0.013439513, 0.013556286, -0.0064330027, 0.013613004, -0.017331086, -0.018030515, 0.01510784, 0.02425141, -0.03082882, -0.0036557012, -0.0034726984, -0.011693736, -0.016491925, -0.0097258445, 0.03358096, 0.0356033, -0.0019627356, 0.024524061, 0.0047524907, 0.028968519, 0.0024877684, 0.017721083, 0.010962032, -0.0074871983, -0.005249887, 0.0065229186, 0.0045140986, -0.00683405, -0.0010192848, 0.0051276134, 0.012411043, -0.02013807, 0.009966771, 0.003033137, 0.008792869, 0.014376491, 0.011662623, -0.0022781638, 0.009378769, 0.014558909, -0.023576986, 0.017445274, 0.109623335, 0.0009825514, -0.00050251174, -0.0155430315, 0.023215678, -0.01124292, 0.004199244, 0.03573665, 0.023697777, 0.021906316, 0.011680754, -0.0033885476, 0.015782855, 0.003959092, 0.0006269308, -0.0039117946, 0.026498934, 0.038549803, -0.0012609895, -0.010387022, -0.003909878, 0.0051234732, -0.0044690026, -0.0048919213, -0.0035701208, -0.010201894, 0.010759394, 0.009927869, -0.00085729733, 0.019599821, -0.08800087, -0.0002502897, 0.005007583, 0.0032459297, 6.347565e-05, -0.006136427, -0.01760661, 0.0015019091, 0.0054221195, 0.004669559, -0.02181974, -0.015947789, 0.01935658, 0.007884526, 0.018168958, 0.02567081, -0.00263695, -0.00601705, 0.004534319, -0.008655657, 0.015940754, 0.0007875585, -0.0026152837, -0.0080612, 0.0059906193, 0.031423096, -0.010703433, -0.001125319, 0.009849338, 0.010238292, -0.008062669, 0.028763156, -0.021182368, 0.00026362346, -0.005857808, 0.004659993, -0.0037188034, -0.004184013, 0.012810488, -0.012215947, 0.014634281, -0.033498913, 0.02067297, -0.0119729815, 0.0115252985, 0.0036086254, -0.0031654788, 0.014261647, -0.008598893, 0.006378738, 0.03527761, -0.0041973772, -0.0120752705, 0.0128528075, -0.020766148, 0.020206532, -0.013097037, -0.0019991924, -0.0048265383, -0.007121175, 0.020084674, 0.021902435, 0.013634475, -0.011056589, -0.008269214, 0.004056702, 0.013242849, -0.009749027, 0.010130595, -0.012069357, 0.011429473, -0.0020086924, -0.02961572, -0.0136265615, -0.009624768, -0.008104367, -0.020649713, 0.01093699, 0.0009594976, -0.016060028, 0.0043271263, 0.016602773, -0.0077016666, 0.1067051, 0.02237682, -0.0061551332, 0.007696607, 0.011663748, -0.019361736, -0.016788052, 0.006592869, -0.015328409, 0.007698557, -0.014737044, 0.011454382, -0.010045102, -0.0016562231, -0.008441218, -0.01669526, 0.02741295, -0.00671467, 0.009661862, -0.012188871, 0.0018856884, -0.021512229, 0.015892157, 0.0054589054, -0.005163717, 0.0054342533, -0.017032329, -0.010597273, -0.010021024, -0.0059321704, 0.00069830194, -0.033760935, 0.013849071, -0.029837484, -0.008220949, -0.02558027, 0.0343767, 0.0005442816, 0.008202782, -0.019124258, -0.000897796, 0.009679855, 0.0140569825, 0.004097209, -0.022108063, 0.18460263, -0.0110517265, -0.0063413437, -0.019519469, -0.008477388, -0.01667739, -0.010387288, 0.00905293, -0.019910429, 0.005878262, -0.0059143007, -0.020935684, -0.022062346, 0.009102152, -0.016302034, -0.015227751, -0.0020159145, -0.0049838307, 0.019527806, 0.0077892337, -0.008322174, -0.02432879, -0.01174231, 0.020209208, -0.038384885, 0.0084061595, 0.0017157007, 0.0054155905, 0.0006163267, 0.0014379832, -0.008178452, 0.0040319897, 0.00037722362, -0.016826833, -0.021680156, -0.003020887, -0.0017656902, 0.010424865, 0.0033848346, 0.016590247, 0.0015801126, 0.027251994, -0.008737006, 0.019383006, 0.002922906, -0.025783274, -0.01167287, 0.004931144, 0.009004366, 0.007381934, -0.015061968, 0.014550935, 0.008265966, 0.015542228, 0.0045404285, 0.006503014, -0.017738944, 0.018923182, -0.017973749, -0.006581012, -0.0024406123, 0.014307076, -0.023427814, -0.0018883162, 0.006680078, 0.011180666, -0.0053584804]"
¿Adios a las monedas de 50 centavos? Por que cada vez las vemos menos en circulacion ,https://oem.com.mx/elsoldetlaxcala/img/25457900/1756405517/BASE_LANDSCAPE/1200/image.webp,no especificado,"Aunque su uso es cada vez menor, las monedas de baja denominacion siguen siendo validas, de acuerdo con Banxico",https://oem.com.mx/elsoldetlaxcala/tendencias/adios-a-las-monedas-de-50-centavos-por-que-cada-vez-las-vemos-menos-en-circulacion-25457846,"[-0.011590582, 0.007231568, 0.015415275, -0.04820211, 0.015805297, 0.01643619, -0.01327297, -0.0055302046, -0.010541936, -0.014609455, -0.012272743, 0.021629777, 0.01134368, 0.001292711, 0.13477167, 0.015151214, -0.009652832, -0.00563908, 0.034068298, -0.018180916, 0.003218466, -0.0013231968, -0.030260488, 0.0076049822, 0.0067994506, 0.012007532, -0.009690791, -0.0035925189, 0.02491009, 0.007243254, -0.0033233066, -0.006941016, 0.0047374847, -0.004453423, -0.0017327968, 0.0073726024, -5.984257e-06, -0.020177322, 0.043902017, 0.0123739205, -0.023957694, 0.02722418, 0.008231052, 0.0038162223, 0.0011214355, -0.013178576, -0.0056516877, -0.010098992, 0.007470382, 0.001961391, 0.0075652297, -0.013666635, 0.015982663, -0.17188963, -0.010343926, 0.00021258736, -0.0073343674, 0.032121077, -0.017023234, -0.0020948749, -0.015960222, 0.019321479, -0.030423125, -0.01495593, 0.019351821, 0.0064722896, 0.009083417, 0.03965813, -0.049512558, -0.003601338, 0.03388953, 0.008172942, -0.0072045424, -0.017250951, -0.008261761, 0.014543907, 0.0100070555, 0.030549109, -0.038910445, -0.015801126, 0.0042863, -0.021888604, -0.014010127, -0.02432377, -0.0069918367, 0.017029593, -0.015922118, -0.018490992, 0.0016355759, 0.013566638, -0.028997675, -0.01297961, 0.017190477, -0.004053856, -0.002221144, 0.02893009, -0.028631521, -0.0042411243, -0.027560936, -0.020010838, -0.02082995, -0.0011426081, -0.0011701422, 0.017491559, 0.017258966, -0.02379483, 0.028493598, -0.00073677156, -0.0066565294, 0.030990614, -0.023348993, 0.00937145, -0.03204411, 0.00013175399, -0.009775867, -0.12041984, -0.027328454, -0.0055531436, -0.009242585, -0.0087303, -0.013013977, 0.0031356975, 0.034933176, 0.023079464, -0.03279822, -0.0051278276, 0.0065660942, -0.018714497, -0.02466489, -0.0069373795, -0.036606904, -0.0019680497, 0.017564673, -0.010140272, -0.00625749, 0.019411338, -0.014480611, -0.03302893, -0.011548995, -0.023353167, 0.004139496, -0.015988788, -0.017615113, 0.0076798615, 0.007863157, -0.0024686793, -0.017562957, 0.02216519, -0.005498241, 0.03574912, 0.028950663, -0.004907614, -0.02897342, 0.021935167, 0.0018384338, 0.0014139072, -0.002388001, -0.0070724767, -0.0150009245, 0.03099053, 0.020034086, -0.020188946, -0.005546452, 0.0024890201, -0.0002953305, 0.015241119, 0.003395511, 0.036450226, 0.035823703, 0.002136215, -0.020623982, 0.01562901, -0.012353548, -0.03857468, 0.0070675253, 0.021488907, -0.020260246, -0.020073708, 0.014354148, 0.045803297, 0.011565117, 0.004052569, 0.018777246, -0.008926589, 0.009109426, -0.025412077, -0.006034505, 0.0047529307, -0.0029542192, -0.018446298, -0.024030603, -0.007917016, -0.0065926528, -0.03420343, -0.001324438, -0.007720675, 0.009513394, -0.017292563, 0.008431138, 0.02429196, -0.0077086682, 0.025651846, 0.0047340114, 0.017574796, 0.01401636, -0.0064916005, -0.014282445, -0.0046562953, 0.022795154, 0.02279686, -0.0059935655, -0.002569023, 0.031454332, -0.0006911454, 0.0068136365, -0.01018389, -0.017254652, 0.0047375676, -0.020327497, -0.027228048, 0.012508372, -0.012958796, -0.013329727, 0.012211243, 0.0040574926, -0.02274395, -0.001764533, -0.009591162, -0.00480195, 0.022670077, 0.017427964, 0.0069048186, 0.017632015, 0.0023696085, -0.002494629, 0.02108538, -0.010425896, 0.009440247, 0.025885098, 0.00063883455, -0.017282294, 0.0009931893, -0.007068591, -0.0010784836, -0.005153001, 0.0041595665, 0.011380438, 0.0038694718, -0.00238311, 0.00869342, 0.023585841, 0.01723656, -0.008369626, -0.00026660232, -0.01541564, -0.0019297239, -0.044292625, 0.022947105, -0.035440948, -0.004295767, -0.010950022, -0.00041893328, -0.01304335, 0.0020414258, 0.01400687, -0.016591616, 0.033042707, -0.0011611746, -0.034293402, -0.0016216501, -0.018169034, 0.009230388, 0.019527504, 0.007288961, 0.017790666, -0.0050115422, -0.052489765, -0.011074695, 0.013402224, -0.018810984, -0.0021982167, -0.007378148, 0.03468541, 0.01704129, 0.0024263803, -0.028354343, -0.015386904, 0.011977825, 0.007025635, 0.009918734, 0.026467387, -0.0022698406, 0.0017068358, -0.0029810378, 0.0026410897, 0.004479273, 0.0055874125, -0.011445516, -0.0099689495, -0.0019613642, -0.00737711, -0.0015246638, -0.005515461, 0.054394893, 0.028850505, -0.023126002, -0.018841157, -0.012487959, -0.05276397, 0.019620504, -0.011373409, -0.009175373, -0.026344944, -0.014437965, -0.0014443297, 0.0053847977, 0.017443864, 0.0010674339, -0.012521664, 0.029188268, 0.011668727, 0.01513949, -0.013855991, -0.01988201, -0.0043829884, 0.0062490553, 0.01284804, -0.011891998, 0.022635002, 0.008999745, -0.0021872437, 0.027998906, -0.0025640263, 0.0006236798, -0.029341986, 0.01887407, -0.0026449263, 0.008770715, 0.012182021, 0.014521587, -0.017918954, -0.007493648, 0.0005723634, -0.0057838913, -0.02056299, 0.022161089, -0.006287868, -0.0031133965, 0.012863975, -0.000718151, -0.013632592, 0.022256438, 0.007873959, -0.008527941, -0.014351108, -0.004257253, -0.018876247, -0.004973802, 0.015139107, -0.0061875824, 0.0033962522, -0.017536039, -0.0035372255, -0.0025720897, 0.012283779, -0.0061199428, 0.0037297881, -0.019817026, -0.010103162, -0.010482999, -0.010872323, -0.022844391, -0.005046871, 0.030250784, 0.008217681, 0.024773868, -0.018900521, 0.0014051279, 0.010036433, 0.026768638, -0.01699891, -0.013277304, 0.013398443, 0.019863844, -0.019050313, 0.00054553396, 0.016405443, -0.0025780797, 0.0067853946, 0.004729647, 0.00015248873, 0.0048588985, -0.0030556747, -0.0067600505, -0.0073824446, 0.026862506, 0.0036574109, 0.0045463145, -0.005093669, -0.00053249963, -0.012143271, 0.023892878, 0.00021179096, 0.0007290202, 0.0010193167, -0.004331067, -0.019710805, -0.019125149, -0.02035777, -0.0049458677, 0.027909474, -0.020433692, 0.0075485418, -0.0061183856, 0.033475023, 0.0016606334, -0.031785756, 0.0048088282, 0.010971284, 0.022513436, -0.0005024732, -0.008912132, -0.0025413258, 0.01924788, 0.023442743, -0.006372793, -0.010885496, 0.050669927, -0.0037620314, -0.017752783, -0.007042655, -0.0054549263, 4.123983e-05, -0.013897396, -0.004687266, 0.006914733, -0.022974405, 0.008550157, -0.021346582, 0.009820453, 0.017664611, 0.011783443, -0.002798831, -0.0051808646, 0.048021883, 0.008343124, -0.010293964, -0.01734953, 0.0076760994, 0.013066729, -0.001109168, 0.031783186, 0.028310867, -0.019231873, 0.006146857, 0.020553825, 0.008388468, -0.0073046763, 0.013051122, 0.008797357, -0.015709234, -0.0049719578, 0.0023193108, 0.005625113, -0.014300477, 0.034791302, 0.0054715625, -0.021390626, -0.014139446, 0.03373846, -0.02609012, -0.008896491, -0.020760117, 0.035027944, -0.015679581, 0.027994333, -0.003279874, -0.027692182, -0.011754774, 0.015342933, 0.032395795, -0.013987878, -0.0053465758, -0.0047764424, -0.011088403, 0.022435032, 0.026941951, 0.0012693334, 0.013737055, 0.00088850624, 0.011711399, 0.009963014, -0.016046276, -0.038332757, -0.0070716725, -0.014848596, -0.007916261, -0.008106961, 0.021510668, 0.022811182, 0.0036899196, -0.002727981, -0.015430994, 0.0027123806, -0.017988019, 0.041567363, 0.010904819, -0.0028881184, 0.0073786085, 0.008627422, -0.025675306, 0.03490844, 0.020993765, 0.024659146, 0.017515322, 0.009471946, -0.0034912934, -0.0073637185, -0.009709279, -0.007611775, -0.017410778, 0.0027506354, 0.0058590174, 0.006211528, 0.0020463327, -0.010603561, 0.016608465, -0.0047229566, 0.0379857, 0.0071174386, 0.014865406, 0.017733645, 0.0043045725, -0.026771137, 0.005143039, -0.007151189, 0.025948443, 0.017970243, 0.0105136065, -0.015614711, -0.0012405997, 0.0045607733, -0.010754514, -0.00039157917, 0.033172946, -0.08444658, 0.012365918, 0.0015047493, -0.008557865, -0.04324603, -0.012783061, 0.027773337, 0.0023274694, 0.01836727, 0.011109914, -0.012717153, 0.019214332, 0.0065082805, 0.0055829715, -0.011833115, 0.009536551, 0.0012625057, 0.0058177705, -0.0075823013, -0.0077289287, 0.020273209, 0.016017437, -0.011628729, 0.027356107, 0.017807549, 0.001244692, -0.011396288, 0.0052954154, 0.0012133329, 0.006794231, -0.008653414, -0.000379287, 0.011030318, -0.0026473356, 0.03510411, -0.012240728, -0.022462403, 0.0122216, -0.008917288, 0.028348846, 0.00625454, -0.00014157823, -0.005882742, -0.037111245, -0.0062164194, 0.003194156, 0.01070405, 0.010977428, 0.034861542, -0.026419647, -0.01379592, 0.0053531597, 0.012241907, 0.013922232, 0.018633984, -0.019419992, 0.023706038, -0.008053928, 0.003007669, 0.011996446, -0.009903673, 0.014430813, -0.0015501833, 0.0032223323, -0.008306618, -0.020114016, -0.01660981, 0.032874003, 0.052052666, 0.039206196, 0.0042611714, -0.002919163, 0.017620835, 0.03350507, -0.012512521, 0.0044416497, 0.014462191, -0.0040702187, 0.027013192, 0.019493552, -0.02194845, 0.00758995, -0.113436565, -0.015384105, 0.007112638, -0.02937573, -0.016544277, 0.0076425117, 0.0017397784, 0.011326642, -0.011860406, -0.002950043, -0.013813943, 0.019080123, -0.0081244325, -0.022190765, 0.022995224, -0.016962377, -0.018258337, -0.0360351, -0.009550528, -0.017356832, -0.008996197, -0.0029585501, -0.003106432, -0.007762956, -0.034223687, -0.008344999, 0.004416696, 0.0008207132, -0.0033337898, -0.022022013, -0.02748459, -0.14290456, -0.0019632112, 0.0003749572, -0.00318864, -0.023083188, 0.03172107, 0.0226558, 0.008376969, -0.025602253, 0.011925299, -0.024495656, -0.0055030524, -0.028574912, 0.015589794, 0.03762374, 0.091993846, -0.0021621722, 0.010839037, 0.014113584, -0.0015653105, 0.017175438, -0.012949297, -0.008062348, -0.0040512285, 0.0046511902, -0.0029107376, 0.0023916336, 0.011084827, 0.0023090711, -0.0058341143, 0.005873331, 0.021224199, -0.011850229, 0.019061945, 0.0037544158, 0.0042035393, 0.014073921, -0.0044501824, 0.0213923, -0.0023620813, -0.014684764, 0.03040799, -0.0006023177, -0.021599714, -0.001555921, -0.025154984, 0.0057102693, -0.021537317, -0.007388002, -0.0059186015, -0.0074016647, -0.08182906, -0.016292986, 0.022288814, -0.001389034, -0.011049315, 0.0018120173, 0.043479525, 0.0039502345, 0.0059008165, 0.018618878, -0.010746281, -0.028342996, -0.014323713, -0.001535189, -0.014701089, 0.0298734, -0.0061901966, -0.015541563, 0.019487021, -0.017507663, 0.017520294, -0.030647036, -0.019289989, 0.0030725424, -0.033289835, -0.033378124, -0.0023962618, -0.0037573797, 0.002335517, 0.00928249, 0.0055331215, 0.019176334, 0.011014191, 0.020278376, -0.011369664, 0.032546397, -0.029229175, 0.0060420656, -0.029481666, 0.021438992, -0.007842917, 0.009390016, -0.027361935, 0.012219511, -0.024755647, 0.02087409, -0.013337588, -0.0010368599, -0.008053386, 0.027749268, 0.0027220263, 0.021932343, 0.0060061933, 0.0057052425, 0.016765077, 0.005530331, 0.018430617, 0.009896684, -0.027379788, 0.009259859, -0.00018692041, 0.00617662, -0.0045773317, -0.027544774, 0.012610302, -0.0044672214, -0.013669561, -0.001965237, -0.0031562508, 0.021067837, 0.00017701484, -0.023353301, 0.0036981287, 0.017636677, -0.01017079, -0.0007790843, 0.0019824759, 0.006779702, -0.049773343, 0.020662552, 0.0015890338, -0.002709829, -0.030983713, 0.011318738, 0.009204578, -0.00032022444, -0.025890775, -0.0025850812, -0.007153025, 0.028366955, -0.015874702, 0.001987352, 0.0016774463, 0.007723939, 0.0021339746, -3.1336058e-05, 0.010116939, -0.00859513, -0.014542296, 0.014931262, -0.03499607, 0.010004435, -0.0068913554, -0.010258025, 0.0071965493, 0.01623721, -0.0005388782, -0.014344595, -0.0014893891, -0.0062941955, -0.0033004505, 0.015913147, 0.016833233, 0.005468854, -0.0014789575, -0.00012651317, -0.011107538, -0.0014363549, 0.020738974, 0.024635429, -0.022617755, -0.015338576, -0.008489419, -0.001670963, -0.0049675247, 0.0035127585, -0.00026237083, -0.0026828616, 0.007454434, 0.0067319684, 0.006026643, 0.015570083, -0.0050956137, 0.013859997, 0.002304574, -0.018754832, 0.0017228696, 0.016968232, -0.0027498717, -0.008856371, -0.013094732, 0.01965359, -0.01718242, 0.0067515145, 0.011380142, -0.008279093, 0.016241724, 0.0019123958, 0.015340951, -0.0017132733, -0.01136826, 0.010600709, -0.0019143029, -0.0041322676, 0.006165193, -0.004030475, -0.015892364, 0.015578803, 0.0076381327, -0.0071757003, 0.00814802, 0.025528897, -0.013904011, -0.020897822, -0.017202359, 0.0024870294, 0.009477068, 0.020496257, -0.0039045918, -0.003977263, -0.016883846, 0.005815188, -0.0043483167, 0.001363065, 0.010104149, -0.0023463888, -0.0036860155, 0.02302247, 0.00960178, 0.003531466, 0.0026669013, -0.0050856476, 0.011451909, -0.00962849, -0.01041064, 0.0058300975, -0.014243312, 0.007274406, -0.0040595257, 0.0016380546, 0.00021298946, -0.0034155722, -0.0033868777, 0.0064732917, 0.003359085, 0.008415023, 0.0024072507, -0.019091766, 0.010539326, 0.009879413, -0.0033856211, 0.008045197, 0.012659011, -0.009128052, 0.0030271388, -0.020966427, 0.019420732, 0.0026618075, -0.007900312, 0.001364683, -0.00093124114, 0.003840768, 0.0018680122, 0.0020958802, -0.0054880385, -0.009019604, 0.0042807967, 0.013740136, 0.012086921, 0.0039017359, 0.0003150849, 0.016877357, -0.0011915925, 0.0024459416, -0.00052892906, -0.011317088, 0.0070916777, 0.00081621413, -0.01647312, 0.018103937, 0.0004653532, -0.028053394, 0.00032078597, 0.0042072022, 0.0108285425, 0.0050723297, 0.0040652733, -0.0017052423, -0.02451344, -0.012540566, 0.012896765, 0.01720212, 0.0111595625, 0.01836684, 0.014476788, 0.010976567, -0.030512841, -0.005798471, 0.005450875, 0.020164859, -0.014970018, 0.00404047, -0.0055543687, -0.004025774, -0.02130291, 0.0008088054, 0.0075797187, 0.022352695, 0.017669067, 0.094024666, 0.0058149733, -0.013373829, 0.02899881, -0.0051146126, -0.0041106786, -0.0024019144, -0.001950358, -0.015956452, 0.0050751534, -0.003920693, 0.014796569, 0.012637419, -0.013075004, 0.012409738, 0.01718726, -0.011312481, 0.010628478, -0.0002857768, -0.0053135315, -0.000962043, -0.0058885664, -0.0013516888, -0.0065690908, -0.025855903, 0.001044256, -0.0017853493, 0.0023669044, -0.0042487085, 0.014553487, 0.0025319075, 0.019766472, 0.015659904, -0.0045105303, -0.025237901, 0.005798754, 0.022325307, 0.014387096, 0.004771115, 0.019143516, -0.02111958, 0.0016646049, 0.0050455597, 9.923747e-05, 0.007909018, -0.006169269, -0.01835246, -0.0037428678, -0.0047378577, 0.005127573, -0.00548463, -0.0076514687, 0.0011796727, 0.0044714436, -0.0038242617, 0.0131010255, 0.0013624494, -0.019570045, -0.0031723697, -0.01662443, 0.005024545, 0.023488296, -0.013694667, -0.0025202257, -0.0037182318, -0.0016544566, 0.0042212363, 0.0038001202, 0.0013490365, -0.009449558, -0.009423153, 0.0020528217, 0.0014438819, -0.017415846, 0.020328848, 0.002467011, 0.0005737636, -0.021694982, 0.0028505106, -0.012563186, 0.019701073, -0.0111252405, -0.0002708951, -0.013583097, -0.0069558085, 0.025888072, -0.001575774, 0.008590989, 0.0076781106, 0.012199718, 0.012258721, -0.019765025, 0.008877362, -0.005660843, 0.01874487, -0.0069048656, 0.052777454, 0.02521273, -0.014536483, -0.0045928373, -0.0023233155, 0.0013208574, 0.004593404, 0.0036348826, 0.032381494, 0.0054763504, 0.021383144, 0.0055539836, 0.0051931995, -0.008580175, -0.007214212, 0.0061029326, 0.01245784, 0.0014961263, -0.0016036597, -0.00020011343, 0.005387358, -0.011577975, -0.00079541036, 0.0018180152, -0.0054863286, 0.005610693, -0.0052420814, -0.011432849, -0.00497556, 0.012155641, -0.029139927, 0.003885261, -0.014033567, 0.014202688, 0.015729837, -0.010059826, -0.0068432754, -0.008209197, 0.0025832695, -0.004899437, 0.0055542327, -0.009817947, 0.0036719248, 0.008469369, -0.000795555, 0.0021142128, -0.030161502, 0.01852961, -7.3953495e-05, 0.013540913, 0.014426561, -0.02169467, 0.010884102, -0.006022632, 0.013099003, -0.01843524, -0.008081585, 0.008684588, -0.017180195, 0.014523355, 0.00028063983, 0.004409876, 0.012438815, 0.009496817, -0.0037346806, 0.017457249, -0.0012659885, -0.007918393, 0.0016814398, -0.012579645, 0.008076144, 0.018629001, -0.013961147, 0.010300221, 0.010491823, -0.0012345751, 0.02436383, -0.0057821893, -0.003688379, -0.008626619, -0.0046091164, -0.02869292, -0.0023278221, 0.011637749, -0.010144927, 0.011701956, -0.010998223, -2.671566e-05, -0.012045578, -0.017784208, -0.0014890673, -0.023818843, 0.009536298, -0.010583775, 0.005542557, 0.0014016113, 0.0067454195, 0.0011934622, 0.0029201226, -0.010126912, 0.024832472, -0.0046361764, -0.004243424, 0.016178327, -0.0031765252, -0.0035198906, 0.014595927, 0.020584373, -0.004020605, -0.015659591, -0.0067090043, -0.0061675413, 0.015104914, -0.0033991747, 0.0023676641, -0.025247967, -0.0020749578, -0.0050467392, -0.008722174, -0.0013559423, 0.013931893, -0.0011721406, 0.008468035, -0.007213092, 0.0005150757, 0.011019998, -0.03493537, 0.0040239478, 0.0011549813, -0.009306903, 0.017098669, -0.013562626, -0.005078437, -0.01171579, 0.011452248, 0.016444264, -0.024493141, 0.0033697665, 0.0061077103, 0.016460292, -0.015649516, -0.015147645, -0.0072312313, -0.005308335, -0.010444916, -0.0106882565, -0.014390814, -0.0044681556, -0.0049838363, 0.010442556, -0.019163374, 0.006584981, -0.02200304, -0.007642071, 0.010427355, -0.009216421, -0.012739226, -0.019242315, 0.010152261, -0.008921267, 0.0023219204, -0.035290405, 0.012146783, 0.009762635, 0.019035054, 0.011362926, 0.0075934026, -0.005805067, -0.0013593454, -0.010226715, 0.0006537255, 0.0026007744, -0.0035034113, -0.018399114, 0.019863833, 0.015391363, 0.007187701, -0.0017661399, -0.008045796, -0.017533904, -0.018913811, -0.004422694, -0.015100068, -0.014359943, 0.020406898, 0.005504138, -0.018820453, -0.014809548, 0.0025695798, -0.00041059888, -0.008579565, -0.013216661, 0.0029684792, 0.0044912407, -0.019773679, 0.0018634998, -0.002113799, 6.489275e-05, 0.0028965157, -0.002894987, -0.0072625587, 0.0024706575, -0.006261621, 0.0007909086, -0.0067615067, -0.0008943058, -0.019406501, -0.002156722, -0.009135646, 0.0011970798, -0.015945531, 0.016718356, 0.018886782, 0.0022444627, 0.013933422, -0.006313742, 0.01235208, 0.02310868, 0.0076261368, -0.020267496, 0.006841547, 0.0037614629, -0.00363248, -0.0038387482, -0.0046373126, -0.019985635, 0.012534361, -0.002387067, -0.01054993, 0.005035444, 0.0073949266, 0.014869037, -0.011065433, -0.0051201396, -0.0061587356, -0.0063346536, -0.016095573, 0.005295295, -0.0011424058, -0.009268222, 0.012384003, 0.0035283302, -0.018175421, 0.00133624, -0.00714963, 0.0016803162, -0.0004832752, -0.018920865, -0.015973214, -0.016549343, 0.016566155, -0.0065082493, 0.0062285084, -0.02890256, 0.0054154904, -0.005266945, -0.0007033841, 0.008751343, 0.017911447, -0.0060210126, -0.0030583984, -0.008474253, 0.0023216463, -0.01056109, -0.01394058, -0.009243699, 0.002912369, 0.00080992177, 0.00033050653, -0.00095164776, -0.010583582, -0.012170241, 0.008873693, -0.015932867, 0.012542834, 0.0019976306, 0.0009475454, -0.0020471346, -0.003826342, -0.019197451, 0.0048555653, 0.013433133, 0.0066124303, 0.009208954, 0.00068543415, 0.009791567, -0.002032975, -0.008149537, -0.012716503, 0.005900235, 0.006650585, -0.011329098, 0.016603123, 0.019899717, 0.0012629179, -0.011837966, 0.0122393, 0.007148549, 0.0051207137, -0.006599129, -0.008800191, 0.0113847, -0.0021696694, 0.019520158, -0.011440231, 0.0029480308, 0.0031481637, 0.005471455, 0.019479183, 0.025558904, -0.0037925455, -0.0041628433, 0.01750508, 0.014625462, 0.0010212064, 0.0042276084, -0.0005332221, 0.012926355, -0.0014409616, 0.009861164, -0.00012501497, 0.005644261, 0.008102283, 0.015417292, -0.012454427, -0.0048418967, 0.009454741, 0.022032568, 0.013861645, 0.0075697233, 0.0019654674, -0.008529487, 0.0145474905, -0.008989461, 0.023094088, -0.0016980827, -0.010236153, -0.012168136, 0.008908669, 0.010897642, -0.008486854, -0.014135048, 0.0030118676, 0.024793416, -0.0077651152, 0.017392252, -0.00511358, 0.024521414, 0.01182874, -0.0015526313, 0.015280044, 0.01009936, -0.0025110936, 0.0103329625, -0.008906572, 0.010661404, 0.0054825977, 0.017091837, 0.0001171685, 0.022094654, 0.005970494, -0.01257853, 0.00910929, 0.0056528794, -0.008266221, 0.012566177, -0.08049384, 0.009569768, 0.016351616, 0.009451363, 0.010905677, -0.017845526, 0.009635044, -0.03317726, -0.019101389, -0.0042309393, -0.007182282, -0.010108867, -0.005652509, 0.0075323833, 0.009317994, 0.0011590744, 0.003915062, 0.0075406367, 0.007101344, -0.011572134, -0.0030213958, 0.009391276, -0.0029184935, -0.0022690187, -0.024288777, -0.0118827205, 0.012138178, 0.0032779926, 0.0015744668, 0.0028173614, -0.016023295, -0.01216659, 0.0014533234, -0.0069409637, 0.0037981977, -0.0022770723, -0.014165939, -0.008207096, -0.1365382, 0.015779812, -0.011187256, 0.002569239, -0.0041195666, 0.0012713355, -0.0043773223, 0.0068216403, 0.003955352, -0.017286537, -0.0037642978, -0.008464715, -0.0102038365, -0.010393239, 0.0024755797, -0.008947667, -0.007926703, 0.006979999, -0.004774305, -0.032749195, -0.0022363279, 0.0028954975, -0.010325499, 0.023167647, -0.01663409, 3.8538867e-05, 0.022626884, -0.0028024535, 0.0210338, -0.014372272, 0.008786279, 0.011713757, -0.012567786, -0.005398027, 0.023121042, -0.011631459, 0.014091467, -0.0016138185, 0.0062155006, 0.004742814, 0.011258968, -0.0075012185, 0.019762564, -0.0038679836, 0.005052203, 0.00085749483, -0.0053220377, 0.0045509157, 0.019196821, 0.003718872, 0.005196352, 0.009422572, 0.012933023, 0.008282085, -0.0023653873, 0.0050770533, -0.006323096, -0.00065053406, -0.013199994, 0.015540475, -0.015535779, -0.009608477, 0.012488962, 0.005401867, -0.009765274, 0.013390568, 0.0022803477, -0.0057412144, -0.009545679, 0.016329436, 0.009525425, 0.018325396, -0.014206142, 0.00299304, -0.013754582, 0.0236963, 0.0044839997, 0.008042606, -0.007478862, -0.012467253, -0.010525585, 0.0018848351, -0.0278649, 0.0067103133, 0.00019080463, -0.020596085, 0.010982454, 0.011722232, -0.008690616, -0.050930817, -0.012366418, -0.012703408, -0.0029660044, -0.005162689, 0.0047900537, -0.010412957, -0.024135103, -0.0040965197, -0.006185518, 0.012954331, -0.0008007566, -0.00012472733, 0.00028087545, 0.005302558, -0.002697758, 0.0056181806, 0.018319111, -0.0014962757, -0.0072361473, 0.0003012919, -0.017955428, 0.00016200267, -0.0005968316, 0.004343451, -0.017131453, 0.017953906, -0.011584716, 0.008235179, -0.0042474326, -0.0027236147, 0.004234974, 0.00095161726, 0.019344026, 0.0048661726, -0.028425155, -0.0015649488, 0.0041800505, 0.011283154, -0.0059051136, -0.0120113995, 0.023289192, -0.030080892, -0.015121038, 0.0265836, -0.0048005986, -0.013944384, 0.017768541, -0.0066458452, 0.01864532, -0.000637545, 0.012291731, 0.009573567, 0.0073490576, -0.006199763, -0.018602926, -0.0065594013, 0.024264317, 0.0011197922, -0.00814155, -0.0057859304, -0.014230825, -0.00713093, -0.004262538, -0.0026804886, 0.0063401274, 0.0020371804, -0.0058067203, -0.007658481, -0.0059127905, 0.004368222, -0.0099259745, 0.008249307, 0.032071237, -0.010333567, -0.018794531, 0.010715251, 0.00035802668, -0.022924727, 0.008107207, 0.0022030787, -0.001717238, 0.00408552, -0.0076801158, -0.0038693151, -0.0083197495, -0.014138556, -0.004542529, 0.016098393, -0.022705112, 0.0025462506, -0.0103268605, -0.005141625, -0.01722462, -0.0066019357, 0.0016835361, -0.014159159, 0.0025983418, 0.0026852014, 0.028779738, 0.018260522, -0.022095673, 0.0072491444, -0.013646606, -0.006620486, 0.003514215, 0.012802207, -0.012334964, 0.007049495, -0.000883784, -0.00447779, 0.0176613, -0.007948952, 0.0011694857, -0.17836605, -0.01551884, -0.008661241, -0.015844207, 0.010814732, -0.016114132, -0.008311054, 0.025375348, 0.008370027, -0.022760615, 0.023212165, -0.00073956524, 0.00025323592, -0.028829811, 0.009017073, 0.0021871508, 0.012293471, 0.0043595643, -0.01129307, 0.008960591, -0.022430208, -0.00084414036, -0.009964946, 0.021836365, 0.006372883, -0.022517676, -0.010762001, -0.003017297, -0.006229599, -0.009661939, -0.005743942, 0.014365484, 0.00057185255, -0.005288163, -0.0068295226, -0.016165007, -0.015368645, 0.0039470647, 0.005399254, -0.007392922, 0.007045009, -0.0015696562, 0.017872104, 0.028331297, -0.019005384, -0.015402219, -0.018674996, -0.009439958, -0.009327477, -0.023627313, -0.010339482, 0.032824293, 0.008152477, -0.0059012068, 0.018091789, -0.0024922118, 0.03288006, 0.03397393, 0.022812419, -0.004094782, -0.0031435993, 0.00057142647, -0.010776823, 0.022494348, -0.0009002725, 0.0010347781, -0.025739105, 0.14466651, -0.022650149, 0.0032446205, 0.008313213, -0.0046953172, 0.03239863, 0.011141317, 0.01347056, -0.01858724, -0.040131934, 0.00570275, 0.002622004, 0.024798287, -0.014858584, -0.02781861, 0.005992274, -0.012175741, 0.013169612, -0.015393547, 0.01942759, -0.0020328253, -0.018968344, -0.0071424306, -0.008749355, 0.010789162, -0.012957886, -0.00783513, 0.01952806, 0.005550487, -0.008487622, 0.0054658693, -0.012838798, 0.006938328, -0.015853424, 0.015332403, -0.004307088, -0.0075316923, -0.005048821, 0.0025512194, 0.0061949487, 0.018420493, 0.02926623, 0.013669234, -0.01741543, 0.0009289144, -0.0009246244, -0.0044024414, 0.0008123104, -0.01940493, 0.00045410675, -0.008157005, 0.024755882, -0.014073567, -0.0089128865, -0.015398061, -0.017644724, -0.010843824, -0.006890831, 0.027598262, 0.009186197, -0.004187349, 0.018089937, -0.023360118, 0.007594905, 0.010465767, 0.017165726, 0.011260116, -0.0056204456, -0.009330243, -0.09221618, 0.005785392, -0.012841425, -0.030665876, -0.0013046862, -0.017533306, -0.0032855023, 0.003865856, -0.00021477399, 0.004562377, -0.007638442, 0.0017472744, -0.011319771, 0.004914401, 0.023357036, 0.030543422, -0.0027332993, -0.0008469643, 0.0076040667, -0.004772345, 0.00603998, 0.009191926, 0.015137299, -0.0037715237, 0.0070012575, 0.017871367, 0.0025440792, 0.012565918, -0.004845459, -0.007637746, -0.02020245, -0.0057942965, -0.010654642, -0.0025284428, -0.013386589, -0.013618847, -0.020173375, 0.020872978, -0.0058508357, 0.020234805, 0.016611265, 0.0038845472, -0.0076194275, 0.0026875918, -0.013846533, -0.01446807, -0.006139185, -0.0017312322, -0.0004140316, -0.0031711054, -0.014359265, -0.0015084186, 0.03634617, -0.0056276615, -0.031603318, 0.0038182093, 0.0040495205, 0.0002459327, 0.009015241, -0.0021420452, 0.0001911521, 0.0009424274, 0.0028738484, -0.005922509, -0.0038676283, 0.0060574044, -0.024321323, 0.009573059, 0.03296014, -0.017012248, -0.009282385, -0.00338259, 0.0053342422, -0.0036959094, -0.0086873, -0.014424566, 0.009126548, 0.016039046, 0.00013298425, 0.022514988, -0.01502602, 0.0070688454, 0.005557728, -0.0025596058, 0.017157339, -0.0059333798, 0.0073151174, -0.01982229, -0.0135264145, 0.0014595202, -0.0043676966, -0.019475246, -0.010155477, 0.0069790795, 0.014897081, 0.0005168551, -0.0035030814, 0.016195737, 0.004151605, -0.008934204, -0.006909777, 0.00013610793, -0.010521184, 0.026735943, 0.016983462, -0.007648536, -0.021990186, 0.013938026, 0.011471662, 0.026540022, 0.004208575, 0.015870554, -0.0029678277, 0.0041579194, 0.004451143, 0.00020899822, 0.0020987494, 0.017075462, -0.0061104544, 0.006027504, 0.03062307, 0.0045057125, -0.0038263309, -0.017689409, -0.0022460415, 0.0047005718, -0.006184988, 0.0027246913, 0.02229575, 0.012156399, -0.0010098206, -0.00042103697, 0.005328722, 0.030739922, -0.007286098, -0.005299677, 0.007712349, 0.040308356, 0.038522337, -0.005332448, -0.009201371, 0.010870445, -0.001216809, 0.01579014, -0.0028207758, -0.023991846, -0.013529934, -0.026132997, -0.009254558, -0.006812245, -0.014130826, -0.01220219, -0.0013126786, -0.008364046, 0.016886005, -0.016103651, -0.0047757486, 0.023938738, -0.021079257, -0.021390395, -0.020647652, 0.0118966475, 0.01097637, -0.016100407, 0.0072596525, -0.012582032, -0.00019913615, 0.0027794281, -0.017730294, -0.019065145, 0.00957606, 0.016288606, 0.00576724, -0.01148441, -0.009120436, 0.010233127, 0.015695287, 0.00039312104, 0.007824914, -0.05792003, 0.014616545, -0.004482201, -0.009458469, -0.02268641, -0.003584842, 0.013730585, -0.008880503, -0.0070680454, -0.014349737, -0.0034747496, -0.025355406, -0.00796087, 0.0047839894, 0.01875214, 0.01750502, -0.021216486, -0.0010079101, 0.027175065, -0.015549717, 0.0052471445, 0.0005178302, -0.012794795, -0.017081408, 0.0015280744, -0.013029137, 0.0002001714, 0.006513836, -0.0075020003, -0.00011400004, -0.00858562, -0.008368949, -0.029191116, -0.016480818, 0.0031010814, 0.014016041, 0.012857145, -0.021294132, 0.014828712, -0.04681519, -0.00013825294, 0.009194073, -0.045137934, -0.0031608439, 0.020712925, -0.0050115483, -0.0007526276, 0.015161988, 0.006405673, 0.009525507, 0.017261911, -0.01195958, -0.0032217177, 0.006778162, 0.00803713, 0.0028491959, 0.008686388, 0.0029223338, -0.00601635, -0.0048919925, 0.0036146573, -0.026188781, 0.009508307, -0.010144321, 0.01496624, 0.005784373, -0.016938126, 0.0040067444, -0.011369298, 0.027723968, 0.020462953, -0.031333305, 0.026255889, -0.018707814, 0.0018346392, 0.0069029843, 0.009631999, 0.011651456, 0.0019503311, 0.015331744, 0.0013732015, 0.01073647, -0.009536911, 0.04484875, -0.0010966967, -0.015617208, 0.005381258, -0.0963371, 0.009873192, -0.0020889535, -0.018983722, -0.011357175, 0.0137193035, -0.009678761, 0.031836387, -0.011817282, -0.014632005, -0.009159398, 0.016923824, 0.020971261, -0.005481167, -0.022778828, -0.016508477, -0.019660711, 0.015310832, -0.009298477, 0.005210139, 0.031783897, -0.012386726, -0.002231285, 0.00969278, 0.006161212, -0.034135386, 0.0044403137, 0.0025609022, -0.01215258, 0.027854808, 0.014606925, 0.015569359, 0.001962993, 0.0042000143, 0.026586175, 0.021001792, -0.023693105, -0.024787448, -0.012921992, 0.009766242, 0.02365357, 0.006148346, 0.0050908932, -0.005826747, 0.015287592, 0.0040235627, -0.0070860316, -0.012530283, -0.021401746, -0.003500871, 0.014315563, -0.00921944, -0.005468965, -0.0068011824, 0.0015513808, 0.013534968, -0.005653384, -0.056238987, 0.012280229, -0.00968603, 0.0025937192, 0.009468128, 0.019795392, 0.007987885, -0.018678255, -0.0016687314, -0.029414179, 0.009646958, -0.024834704, 0.012262654, -0.0015288183, -0.012713335, 0.025285918, -0.004543842, -0.007528358, -0.014668899, -0.0046314388, -0.0003045594, -0.017997911, -0.010948096, 0.021412507, 0.007783384, -0.010115066, -0.0010150728, -0.0149152875, -0.013302591, -0.013351935, 0.017549759, 0.008901438, 0.0025204539, -0.00459168, -0.0027375198, -0.0011716405, 0.004944456, -0.005451431, -0.00014325278, -0.011849718, -0.0140134385, 0.015634775, 0.00013150462, -0.0092386035, -0.0037375337, -0.008811258, -0.004542466, 0.011805181, -0.011358694, 0.0046573062, -0.0045025107, -0.009366743, 0.01418537, 0.011440354, -0.010106309, 0.0031164745, -0.0029704436, 0.0011002857, -0.02474665, 0.022073219, -0.011066994, 0.011557039, -0.004117067, -0.0018567728, 0.0026362045, -0.03537734, -0.008196037, 0.018158471, -0.013703502, 0.0018347866, 0.014796851, -0.004033479, 0.0023741836, -0.022780133, -0.015049305, -0.0029058962, 0.013523386, 0.019188384, -0.01714714, -0.0009186158, -0.0039339447, 0.0048717447, 0.016857838, -0.007337915, -0.0032850953, 0.0017240589, 0.0009650487, 0.010501472, -0.010712674, 0.023383664, -0.006400641, -0.01981527, -0.00060200016, -0.012527653, 0.0066740992, 0.016346784, -0.002024944, 0.010562902, -0.00042284536, 0.0019026154, 0.011809229, 0.0077849138, -0.004632492, 0.0067063263, -0.0030946115, 0.019715635, 0.0050561726, -0.016389767, 0.016519632, -0.02937837, -0.016122827, 0.026298452, 0.015962146, -0.014525412, -0.013823239, 0.0044778534, 0.0067238095, 0.01036128, -0.028583627, -0.007872306, -0.011464867, 0.006553884, -0.019731496, 0.02480834, -0.02721802, -0.0026879124, 0.025191937, 0.012603091, -0.024340026, 0.007905366, -0.024016857, -0.01962747, 0.010087553, -0.012710993, -0.00051709806, 0.008401694, 0.011367953, -0.016654475, 0.013306278, 0.01563055, -0.011674972, -0.0022394387, -0.0059271273, -0.007028537, -0.025334466, -0.0066561354, -0.05091144, -0.014844075, 0.0011274746, -0.0004002672, -0.014618817, -0.0099636465, -0.004710857, -0.008825588, -0.0112217525, 0.0061701373, 0.0129392445, 0.010271196, 0.00056968245, 0.011131275, 0.012873651, 0.0041929544, -0.012876483, 0.002370238, -0.00216139, 0.0023541101, -0.0038949184, -0.003256839, -0.030287381, 0.0010654238, 0.010850133, 0.004719638, 0.021169234, 0.0043076766, 0.01836908, -0.0041288445, 0.014351581, -0.011861245, 0.002129918, -0.029220428, -0.003999773, 0.0014315149, 0.015736392, 0.021463491, 0.003106142, 0.014782834, -0.017113594, -0.0038385135, -0.02962648, 0.0010250958, -0.013536098, -0.004821354, -0.025139742, -0.0040210304, -0.005543379, 0.0055701863, -0.012370974, 0.026959078, -0.009754834, -0.0031624767, -0.011440021, 0.015036381, 0.0022914612, 0.017980421, -0.0073046307, -0.0054947417, 0.03228866, -0.026836362, 0.009283061, 0.012211421, -0.0048145363, 0.0072475784, -0.009878408, -0.0077440664, -0.0036258895, -0.02442886, -0.01853298, -0.0032164736, 0.01341052, -0.002026472, -0.0021255275, -0.012711644, 0.016787147, -0.020019498, -0.025896668, 0.007185625, 0.009498964, 0.003477537, 0.012717193, 0.013182878, 0.005167048, -0.002729389, -0.021931538, 0.013925991, -0.0022749768, 0.0061745094, 0.0060953614, 0.007875248, -0.007247254, -0.01586341, -0.011930105, 0.010067503, -0.027795862, -0.0033666464, -0.009291782, -0.0200434, -0.0022721027, 0.016684098, -0.007872258, 0.021525156, -0.004362819, 0.009534957, 0.032636862, -0.005976723, -0.016341606, 0.00844744, -0.0042344416, 0.0012208129, -0.027661262, -0.017376779, -0.011122849, 0.0074698636, 0.0016412725, 0.003050281, -0.0078105847, 0.021714889, 0.024652924, 0.0021294993, -0.01814385, 0.0032046046, 0.02087677, -0.00090404245, -0.002701469, 0.014588065, -0.009258267, 0.009465073, -0.012783913, 0.007362263, -0.012096995, 0.0072132815, 0.009121632, 0.009723574, 0.001523629, -0.010230738, 0.024904499, 0.0155342035, -0.009102064, -0.0026456562, -0.0018672546, 0.008901148, 0.001740373, 0.011605515, -0.008131624, -0.019858338, -0.019964634, -0.015941812, 0.012353511, 0.014826441, -0.0014842892, 0.022077236, -0.018825328, 0.0075367317, -0.012892791, -0.013464306, -0.015830802, -0.021065066, -0.008412222, -0.0068742298, -0.00032049426, -0.02757424, -0.010834238, 0.015619187, 0.014200697, 0.00030721893, -0.004574395, 0.0058650766, 0.007417735, 0.01072973, 0.008084847, -0.00056877383, 0.0012875779, -0.001167722, -0.011824894, -0.015037833, 0.004310279, 0.004117173, 0.010360308, 0.0061687822, 0.02238787, 0.011232238, 0.0034686408, 0.009232938, -0.019173948, 0.0010948526, 0.009766693, -0.025831494, -0.016631898, -0.007540605, 0.014067174, 0.0022800297, -0.015409982, 0.016759785, 0.020428507, -0.012434038, -0.028162966, -0.0045823352, 0.016179547, 0.010111415, -0.001917121, 0.014790532, 0.003567425, 0.0023705524, 0.007613968, -0.0013474055, -0.010386473, 0.009954504, 0.0080997925, -0.003551149, 0.028995825, -0.006177652, 0.002885623, 0.0032119104, 0.013864624, 0.015998458, 0.019534746, -0.0024636972, -0.0018304903, -0.023059515, -0.0021701385, -0.0055071977, -0.012808709, 0.018019775, -0.015922792, -0.011644149, -0.006028172, -0.00604961, 0.019973619, -0.012663876, 0.0043220376, -0.014108513, 0.008624284, 0.012543749, 0.009110839, -0.0006250883, 0.027599532, -0.0055697383, 0.013142644, 0.012163297, -0.016408946, -0.00648494, 0.0021774992, 0.0013101483, -0.024757111, 0.025520166, -0.014127978, -0.024085294, -0.026241591, -0.014086547, -0.0013950795, -0.0039348737, -0.0030577937, 0.019127384, 0.005763979, 0.007980637, -0.004577225, 0.020922255, 0.005888367, -0.04010714, -0.020526782, -0.0011879335, -0.005165621, -0.00908939, -0.0059456453, -0.0034344306, -0.008216436, -0.037829127, 0.0016253906, -0.0076905782, 0.017274661, 0.0025048838, -0.013223152, -0.0007994511, 0.000705159, 0.01236291, -0.013112672, 0.0019318071, 0.027478643, 0.0025308218, -0.017775001, -0.030083554, -0.023188177, -0.009187201, -0.007446287, -0.023257535, -0.031394873, 0.0018915152, -0.031661447, 0.0072333617, 0.0071800724, -0.008503067, 0.008169652, -0.0029711956, -0.014778676, 0.014909796, 0.0014902559, -0.028334683, -0.0037264577, 0.021322144, 0.0027154298, -0.006614741, 0.016621321, -0.021012139, -0.0432522, 0.0016832155, 0.016713345, 0.016484143, 0.0019355353, 0.01599726, 0.0002901039, 0.00037221797, 0.014410208, -0.022569247, 0.0047526327, -0.014248432, 0.00018681005, 0.004535262, -0.021326555, -0.0064173765, 0.0007701404, -0.010200829, 0.030536262, -0.0065149874, 0.0020312478, 0.02107001, -0.011592041, -0.0105842855, -0.0047537684, 0.017593745, -0.017272316, -0.02153087, -0.011633349, -0.00022983144, 0.0023385452, -0.0088428, 1.5342486e-06, -0.001571606, 0.0017898484, 0.062705874, -0.007184094, -0.0035594304, -0.023489237, -0.04489289, 0.00980122, -0.010575378, -0.019295774, -0.016760677, -0.00911189, -0.030622179, -0.012819996, 0.014691107, -0.004984173, 0.013536554, 0.007776437, -0.009149463, -0.009526532, -0.014922459, 0.019953249, 0.0046477574, -0.005614002, 0.006909652, -0.00026101663, 0.004339983, 0.0035923272, -0.012454999, 0.010485326, 0.032297835, 0.008862135, -0.007896884, -0.0003522038, -0.007566511, -0.0038546857, -0.006903529, -0.013487302, -0.0002910702, -0.02561923, -0.0053697773, 0.00467463, 5.7527726e-05, -0.022219436, -0.019196292, -0.004181926, 0.0036433842, -0.018522693, 0.003423249, -0.009054091, 0.0020370232, 0.0045743356, 0.012409942, 0.0018255444, 0.00072447973, 0.010228641, -0.0043016057, -0.008457925, 0.020633334, -0.0056514908, 0.026883576, -0.00058008346, -0.011920988, -0.0021635483, 0.01452805, -0.0017709361, 0.02047318, -0.012293426, 0.020216828, 0.06768797, 0.010496927, -0.0042428323, 0.014581894, -0.009284098, -0.004288708, 0.0068090344, -0.0028922383, 0.005455463, 0.0084840385, 0.010255635, 0.010434545, -0.013737069, -0.0072242, 0.008226885, 0.016456941, -0.009738314, -0.019994164, -0.015328659, 0.01966624, 0.011706009, 0.010563664, -0.009094424, -0.00029670997, -0.0076769884, -0.0061009037, -0.008368611, -0.0054674814, 0.0010519609, 0.014119973, 0.019186182, 0.0141867, 0.01009637, 0.03326037, -0.019928588, 0.0085245315, 0.024637142, -0.00333574, 0.0022102117, 0.019289639, -0.020354314, -0.010879274, -0.022832464, 0.0027972634, 0.017573675, 0.017526336, -0.006210103, 0.0036950123, -0.0039814077, 0.0038914608, 0.0027033396, 0.018612007, 0.0055741514, -0.010094176, 0.006633585, 0.014380948, 0.011740966, 0.023341678, 0.0014845053, 0.021786796, -0.023622146, -0.014591484, 0.018346896, 0.017553955, -0.00012362881, -0.0096299, -0.001715461, 0.0033748816, -0.00042493726, -0.003327324, -0.008145816, -0.005635934, 0.0054234113, -0.013311475, -0.013386559, 0.16684131, 0.13303682, -0.027344812, 0.018594649, 0.008494928, -0.0043512485, -0.039633565, -0.010278758, 0.014494607, 0.0054281605, -0.013497053, -0.0134272175, 0.024179455, -0.0066626263, 0.011853637, -0.0069845743, -0.0067361766, -0.009912625, -0.010500865, 0.029006172, -0.007773771, 0.012430863, -0.031310737, 0.027590606, -0.02270961, 0.010365538, -0.017783, -0.0031574634, 0.01302935, -0.0060675973, -0.021446979, -0.007118356, -0.021442333, 0.0040157964, 0.020057954, 0.020747082, -0.03190187, 0.012328082, -0.012038271, 0.008087328, -0.009505282, 0.00861896, 0.008766523, -0.005602938, 0.034233816, -0.0011086375, 0.00940944, 0.011654373, 0.0050861156, 0.012125652, -0.021249227, -0.017368846, 0.0006750939, -0.0029948386, -0.016659167, -0.008365168, 0.005568017, 0.010701398, -0.0065594963, -0.00776345, 0.008042052, -0.0008627996, -0.013181817, -0.011319603, -0.008957497, 0.017166933, -0.0076428833, -0.011314778, 0.0064164214, 0.0075753895, -0.01607258, 0.004343282, -0.00020685617, 0.01819531, -0.010412075, 0.010593576, 0.0110933855, 0.0154584395, -0.029254481, 0.02021295, 0.0006959683, 0.011970286, 0.0021249773, 0.024690878, -0.0039851754, 0.0024647512, -0.0055017015, 0.015814364, 0.09214174, -0.014184111, -0.009243188, -0.030783074, 0.013776544, -0.007895015, -0.0056211874, 0.051628888, 0.013941865, -0.0060787424, 0.022832217, 0.012284423, 0.034981456, -0.018266972, 0.008237855, 0.006828873, 0.023837622, 0.03974993, -0.00038038104, 0.015271532, -0.01730293, 0.01746329, 0.008693999, 0.003345704, -0.004753575, 0.0005092479, 0.0034918613, -0.008153162, -0.0078574, -0.0115883695, -0.09653072, -0.013895508, 0.017992921, -0.016551854, 0.0021004132, 0.023608452, -0.016172804, 0.0058935145, 0.00052988937, 0.0040842216, -0.0162853, -0.004345872, 0.031003902, 0.01045891, -0.00702097, 0.020664072, -0.021387843, 0.012751286, 0.01391428, -0.0013768562, 0.00896103, 0.016491435, -0.00642786, 0.0007551565, -0.022110302, 0.011393954, 0.007528528, 0.007439886, -0.0072818063, 0.016594997, -0.0033498616, 0.0054675834, -0.014095908, -0.013252254, -0.0076238425, -0.016535588, -0.010846927, 0.006648138, -0.01259932, -0.0092408005, -0.0029112932, -0.029552076, -0.008271876, -0.018689552, 0.007590403, 0.0184239, -0.004510025, -0.01577887, 0.008707627, 0.007884794, 0.012926732, 0.012685562, 0.01425422, -0.0054328777, -0.022126319, 0.019599617, 0.012669509, -0.014528648, 0.004074977, 0.009289246, -0.00015602009, -0.006836197, -0.0019003372, 0.0054179877, -0.0019833404, 0.02030561, -0.003377637, 0.0074649123, -0.010101971, 0.002167011, -0.016864344, -0.0040994366, -0.008033084, -0.005766489, 0.0071571344, 0.004303289, -0.03109105, -0.016136173, 0.009096895, 0.025027232, 0.017186299, -0.0010219289, 0.0042742044, 0.12464718, -0.008387512, 0.0130655905, 0.0033614265, 0.017249865, 0.01898955, 0.005749917, -0.0418752, -0.0029440154, 0.00540071, -0.009056623, 0.035035893, 0.0063757817, -0.0061619147, -0.005366043, -0.023963047, 0.000638708, 0.011476983, 0.009031819, -0.006602065, -0.009083597, -0.0066932617, 0.021931175, 0.000903657, 0.022004968, -0.0042373594, -0.02021066, 0.018785808, -0.013883326, 0.00060434995, 0.0035099208, -0.025078496, 0.002303123, -0.008139759, -0.00324086, 0.0061146216, -0.0015245563, 0.014754125, -0.019805433, -0.00547455, 0.01116869, -0.01307696, 0.005930998, 0.012086989, -0.020849433, 0.20067672, 0.0060922736, -0.008349251, 0.001118871, -0.0009690535, -0.0050844895, -0.019484026, 0.018977659, -0.0035309056, 0.036923867, -0.009064917, 0.0091231605, 0.011450799, 0.029115465, -0.0029186155, -0.012347548, 0.0057685627, -0.0051430753, -0.019033553, 0.016879851, -0.02600475, -0.01192612, -0.0012087428, 0.0056198095, -0.00060060126, 0.022940282, 0.010000034, 0.0107862605, -0.009152929, 0.0012719336, -0.0072836243, -0.005563899, 0.012430478, -0.0102800615, 0.0031157623, -0.0077058156, 0.0026999223, -0.019286113, 0.011766374, 0.009613852, -0.0104560815, 0.00038639244, 0.0001260059, 0.0139219975, 0.0035753257, -0.025063545, -0.013566266, -0.0043686065, -0.02336385, -0.013542816, -0.015696602, -0.011339827, -0.0053007286, -0.009532238, -0.005299295, 0.001307664, -0.01635941, 0.029534124, -0.0066211033, -0.01643508, 0.00014608714, 0.0008905123, -0.0010501794, -0.0039597056, -0.0061190254, 0.010363183, -0.0064574997]"
"Hoy es Dia del Abuelo, un homenaje a la memoria y la experiencia",https://oem.com.mx/elsoldetlaxcala/img/25451483/1756383550/BASE_LANDSCAPE/1200/image.webp,no especificado,Desde 1983 en Mexico se instauro el 28 de agosto como la fecha para reconocer a los pilares familiares ,https://oem.com.mx/elsoldetlaxcala/tendencias/hoy-es-dia-del-abuelo-un-homenaje-a-la-memoria-y-la-experiencia-25450646,"[-0.026193006, 0.006644532, 0.0032209023, -0.045187995, -0.0028160762, 0.009903818, 0.0020665359, 0.0077225105, -0.015161216, 0.011583917, -0.007481352, 0.026687752, -0.011474405, 0.018600235, 0.12562172, 0.006752583, 0.022288132, 0.000844088, 0.03381356, -0.009727772, -0.023561798, -0.019958854, -0.0052437386, -0.041099403, -0.0113527, 0.044842258, -0.0018197837, -0.026018381, 0.038312383, -0.0038033116, -0.008096951, 0.010651604, 0.0022285026, -0.025599558, 0.01189908, -0.015775518, 0.021410283, -0.005445429, 0.01363995, 0.010651401, -0.02334785, -0.012334384, -0.030559381, -0.0022209324, -0.018913217, -0.008832603, 0.002932105, -0.008569963, -0.0045505054, 0.009471409, -0.005108026, -0.015813688, 0.00985716, -0.18250412, 0.0048927413, 0.01033552, -0.03430133, 0.0152164325, -0.023177348, -0.008102266, -0.019692177, 0.03114813, 0.013477083, -0.012225559, 0.011816761, 0.025598705, 0.0039206455, 0.015116525, -0.026340345, -0.007919075, 0.012440383, 0.0009795298, -0.01007331, -0.004054534, -0.012792729, 0.008550417, 0.0018404506, 0.00788588, -0.0014018451, -0.0060715354, -0.0010302003, 0.012614378, 0.014550596, 0.00093335006, 0.0015083475, 0.014888313, -0.0018789145, 0.012518311, -0.0025413965, -0.0024020795, 0.005438527, 0.020780759, 0.00991397, 0.01649553, -0.016650954, 0.016721262, -0.004777612, -0.0062791696, -0.029579582, -0.0071214205, -0.011270607, -0.0053281104, 0.024534782, 0.017427757, 0.036030143, 0.0031895638, 0.017245324, -0.017965116, 0.0059217555, 0.033584014, 0.008548462, 0.006022897, -0.020428926, -0.018090986, 0.024042245, -0.12927195, -0.0005649998, 0.008906379, 0.0011478711, -0.0028676335, 0.028099047, 0.006070267, -0.016204484, -0.002360344, -0.004920071, 0.0020568478, -0.0039119734, 0.017314453, -0.037047394, 0.005298891, -0.02359964, -0.012655002, 0.029787667, -0.008800454, -0.00919269, 0.009355336, 0.016695183, -0.013131952, -0.030288048, 0.0077905324, -0.031779606, -0.027406331, 0.008024476, -0.015332029, 0.006562637, -0.016950918, 0.0012124594, -0.0026322755, 0.019568669, -0.010417373, -0.023211395, -0.027959693, -0.02534955, 0.010728233, 0.0098224, -0.041568577, -0.00188404, -0.014450757, 0.00764326, 0.010378004, 0.031574156, 0.020816017, 0.010637222, 0.006874782, -0.002927195, 0.011897381, -0.01937259, -0.00016580765, -0.00298659, -0.008506418, 0.02976193, 0.01024003, -0.009520701, -0.012820807, -0.011331183, 0.038629238, -0.0203493, -0.011945229, -0.0053228275, 0.00092061335, -0.0026413559, 0.018716466, 0.014677932, 0.009582635, 0.039342593, -0.0005235022, -0.022435566, 0.046860073, 0.025814993, 0.004687575, -0.0095933685, -0.00011325046, -0.029154278, -0.008583911, -0.017138362, -0.008296565, 0.014219201, -0.01174823, -0.016977515, 0.009571098, 0.055418514, -0.005321889, 0.024744848, -0.0070477924, -0.049932595, 0.0019017737, -0.006286085, -0.013111991, 0.016491732, -0.016447157, -0.006822501, 0.020801319, 0.0011105869, -0.025982207, 0.018340018, -0.030495847, -0.016230011, -0.014989054, -0.01947546, 0.0023840046, 0.019213662, 0.005376757, 0.003873078, 0.011315174, -0.03322907, -0.009387339, -0.0055844933, -0.001227258, -0.0010367632, 0.007849561, 0.008691679, -0.0032624772, -0.002191003, 0.005863626, -0.021354046, 0.0017281849, -0.0088078, -0.018237974, 0.0071942494, 0.0060297693, -0.008664009, -0.024052218, -0.0152342245, 0.024130246, 0.0054811724, 0.0010204978, -0.006775675, 0.010387575, 0.00096014113, 0.003581229, 0.006529317, 0.026735133, 0.013583294, 0.012500971, -0.01396557, -0.013296726, 7.116496e-05, 0.014272376, -0.0049198265, -0.015097949, 0.0009793853, -0.0021737486, -0.035713978, 0.033997238, -0.016284473, 0.03582425, 0.020302814, 0.021932561, -0.007848221, 0.024944691, 0.0160211, 0.035203993, 0.019500576, -0.005201044, -0.0020931833, -0.0038907875, -0.06615792, 0.009748663, 0.01132386, 0.001429314, -0.0077329483, 0.0160645, -0.016723067, -0.0140704345, 0.0062012887, 0.005624192, 8.7209715e-05, -0.04301821, -0.022684537, -0.015575405, -0.00056289724, 0.004106655, -0.017557906, -0.008670945, -0.005194017, -0.005531232, 0.016328363, 0.0057770154, 0.025489006, 0.006926276, 0.0023665468, 0.003965107, -0.0059102434, 0.023091264, 0.030865971, 0.018392503, -0.00015019396, -0.030904071, -0.035594124, 0.022561349, 0.0036459975, 0.026228366, 0.005601304, -0.0068174694, -0.00200941, -0.005319008, 0.006362368, 0.0019965167, -0.023106502, 0.022564672, 0.003671473, -0.019779695, 0.01655207, -0.030659862, 0.005967109, -0.0069871508, 0.005798265, -0.0046822564, 0.013102127, -0.008524832, 0.013988494, 0.0008351944, 0.029956615, 0.024753794, -0.018455572, -0.0046376525, -0.021626584, -0.005257672, 0.0039591314, 0.0007308339, -0.012765891, -0.042764444, -0.010104694, -0.01062611, -0.013791905, 0.053567823, 0.0056756176, -0.044593826, -0.008625465, -0.033451755, -0.020838883, 0.015426377, 0.017013641, 0.01550815, -0.0063960846, 0.025343658, -0.038055606, 0.01212516, 0.027143417, 0.010762875, 0.030630704, 0.0072518117, -0.025946245, 0.0148177035, 0.011251695, -0.022051707, 0.003929457, -0.002683843, 0.0010739197, -0.014965569, 0.0006408835, -0.017319625, -0.009994864, -0.007824325, 0.0109376, -0.008644845, -0.01443116, 0.011220169, 0.012779128, -0.0059166104, -0.026183348, -0.014996685, 0.0045604296, 0.0070222197, -0.024631193, 0.0010253083, 0.0116115, -0.006831959, 0.029709369, 0.014765868, 0.032789346, -0.005694114, -0.0026355153, 0.00023612856, -0.027760986, 0.0076388717, 0.003755613, -0.01792691, 0.017325021, 0.0040222933, 0.00687601, 0.0028094877, -0.007218269, -0.0027315533, 0.005219365, 0.0063775317, -0.017312128, -0.038866024, -0.003214007, -0.034880195, 0.0007699564, 0.0084050335, 0.024276938, -0.0085757, 0.021242289, -0.019597674, -0.010256804, -0.007354227, 0.008382315, 0.020859662, 0.012011497, 0.011187994, -0.0028780855, -0.020937499, -0.0030397966, -0.022817543, 0.019902583, -0.002090328, 0.0021120738, 0.0068278885, -0.044229332, -0.005407317, -0.014437352, 0.0013359741, -0.0035164545, -0.012088798, -0.02157452, -0.036753707, 0.0047766473, -0.0019539364, -0.0053067314, -0.012353741, 0.020238273, 0.03190641, 0.024492603, -0.009790859, -0.0025721733, -0.0053236033, -0.008265187, 0.008086916, -0.010476655, 0.0142179355, -0.0052347155, -0.016884618, -0.023181316, -0.007632121, 0.015725171, -0.0046438635, 0.019782754, 0.010397243, -0.0021696466, -0.023382543, 0.021489214, 0.003982243, -0.015895616, 0.0007201808, 0.016479446, -0.011721976, -0.012450066, 0.036490336, -0.025228553, -0.010584392, -0.022709759, 0.027244855, -0.009722785, 0.009501411, -0.021383006, 0.009188434, -0.0066356426, -0.023056552, 0.027380796, 0.0038190808, 0.002032998, 0.00285046, 0.009127427, 0.02367826, 0.008530351, 0.028009938, 0.010807925, 0.018560147, -0.0034450116, -0.0053262888, 0.008465501, -0.013474851, -0.015613548, -0.045447193, -0.0019308948, -0.022381993, -0.0044568633, 0.005811261, 0.00048337257, 0.035041466, -3.2661228e-06, 0.0038320816, -0.028792543, 0.008260548, 0.027268082, 0.01732864, -0.0046427073, 0.0032149605, -0.023925891, 0.035128687, 0.03361497, 0.0079884175, -0.0069453395, 0.01952928, -0.011838942, -0.00967819, -0.029935712, -0.0072853635, -0.0053736893, 0.018582385, 0.015403162, 0.033925388, -0.0064846156, -0.008392383, 0.008666283, 0.00050214, -0.0065152473, -7.644005e-05, -0.012879002, 0.012122981, -0.016731272, -0.0054442217, -0.022654342, -0.007115374, 0.019488132, 0.04363957, 0.019231558, 0.023051567, -0.020897543, 0.008050853, -0.023989655, -0.007087117, 0.0056473617, -0.078580394, -0.0146368705, 0.012228974, 0.008164156, -0.051204287, 0.006776702, 0.031632762, 0.006551425, 0.025247114, 0.017996043, -0.047523446, 0.006517505, -0.018514967, -0.009040382, -0.020399183, -0.008740086, 0.00031718623, 0.018064927, 0.031730723, 0.009523587, -0.006945327, 0.01718758, -0.009130085, 0.011232364, -0.02925501, -0.010615168, 0.004850415, -0.020827046, 0.0110261375, 0.01662501, -0.020475244, -0.027115026, -0.005248688, 0.012448241, 0.010613012, -0.004852699, -0.009629255, 0.0023493918, -0.004344558, -0.0018974524, 0.0006491344, 0.019792028, 0.0063493066, -0.019963149, -0.0032757262, -0.0015980849, -0.0134609025, 0.002125057, 0.013904953, 2.4730857e-06, 0.009109213, -0.0064146053, -0.0043648747, -0.020629166, -0.014482675, -0.023286723, -0.012983661, 0.0099630235, -0.015959535, -0.005620227, -0.04386532, -0.008111455, -0.0071271136, 0.00951524, -0.013225978, 0.013573657, -0.017553708, 0.00868053, 0.009983184, 0.010138309, -0.017154539, 0.007890268, 0.015285733, 0.009365211, -0.00056666625, 0.007414297, -0.0142960185, 0.039215557, 0.028037768, 0.0041093417, 0.012043532, 0.0149589395, -0.086067595, -0.023565605, 0.004870518, -0.01919641, 0.01647752, 0.021723729, -0.010385427, -0.0071776253, -0.0052112564, 0.023378056, 0.018916221, 0.003706047, -0.022718152, -0.012179584, -0.004518731, -0.0065766787, 0.0042047515, -0.012173483, -0.01185321, -0.036569886, 0.024374152, -0.002840306, -0.00015299021, 0.0017030005, 0.030032162, 0.032338392, 0.0053504943, -0.006047143, 0.007701363, -0.02742126, 0.0075128796, -0.14066553, -0.0021008626, 0.020152707, 0.01638403, -0.013448812, 0.0170686, 0.012429379, 0.023427002, 0.01377447, 0.00971634, 0.020327998, -0.006427145, -0.03863589, 0.021867467, 0.015428184, 0.10562201, 0.023793621, -0.008492408, 0.036807038, 0.001926819, -0.018645275, -0.0397427, 0.003892031, -0.03462822, -0.0007674284, -0.0062472983, 0.003733437, 0.010004297, -0.032192435, -0.010363986, -0.009521077, 0.018004091, -0.001684625, 0.04278495, 0.015964005, -0.003673898, 0.0047454936, 0.0019302318, 0.0039915955, -0.01273204, -0.015374192, 0.035845466, -0.019255793, -0.012524565, 0.009606357, -0.035011914, -0.017624449, 0.003673624, 0.017563608, -0.020494197, -0.007502886, -0.062124442, 0.02901552, 0.02030576, 0.012642453, -0.0038884808, -0.00570058, 0.0011747214, 0.018233933, 0.015072043, 0.005311835, -0.0019458652, 0.004968487, -0.013574562, -0.0057102186, -0.004875187, -0.019331768, 0.0034481029, -0.0047003664, 0.015164361, -0.012168999, 0.017763909, -0.03844955, -0.031013431, -0.0029692529, 0.0153992195, -0.008695278, 0.03679007, -0.004180896, 0.06121305, 0.012807743, -0.0023656285, 0.023696564, 0.006726985, 0.011383741, -0.008345603, 0.045756225, 0.0023377256, 0.0038939305, -0.019573333, 0.009756657, -0.016955903, -0.0028000576, 0.011270414, 0.031828575, 0.020137943, 0.0030186458, 0.018309867, 0.0165499, 6.208431e-05, 0.013328415, 0.0035363014, 0.010806763, 0.0038280108, -0.0021090258, -0.01186813, -0.0026355681, 7.953759e-05, 0.015733795, 0.011301945, -0.005796266, 0.004913561, -0.0028421301, 0.0011648883, -0.009634183, 0.008883605, -0.009499643, -0.0024592567, 0.0090800775, -0.025540585, 0.007467183, -0.0017365043, -0.0040328023, -0.0035599398, 0.009898612, -0.0024619224, -0.01612437, -0.0123085575, -0.0011562782, -0.04226005, 0.026121724, 0.00629877, -0.0068947147, -0.0075218156, 0.010959462, 0.00172556, -0.0039769174, 0.011865823, 0.0082342075, -0.0074678175, 0.012244967, 0.0021086195, 0.01806013, -0.005939246, -0.00243925, 0.005968363, 0.021014014, 0.007440653, -0.015754761, -0.0093890745, -0.0051297178, -0.021851087, 0.008779367, 0.011970086, 0.00884053, 0.0041573076, 0.00088625884, 0.00034795364, 0.009738133, 0.009765201, 0.011829913, -0.021465056, 0.014021602, -0.0064661205, 0.013191582, 0.00955768, 0.01388678, -0.027623564, -0.00063200324, 0.022929976, -0.007940325, -0.0026318838, -0.017288147, 0.010075958, -0.002152883, -0.016151829, -0.005169867, 0.008088266, 0.0031022558, 0.025326245, -0.013432893, 0.006643157, -0.011857844, 0.016699111, 0.007117448, 0.025911005, 0.0030413852, -0.001765499, -0.0057049915, -0.017451419, -0.0026832318, -0.012573644, 0.028188886, -0.009118876, 0.010165804, -0.0065810718, 0.003126808, -0.012085148, 0.007945972, -0.0066164117, 0.0015770216, -0.008546123, -0.0027794293, 0.0052504367, 0.009622743, 0.004256749, 0.0002432885, 0.013424022, -0.0026141559, 0.0013635608, 0.0057968376, -0.009167271, 0.013341697, -0.0002574015, -0.019866113, -0.015978426, -0.007909418, 0.022129728, 0.00011333063, -0.010080178, -0.015826505, -0.012742255, 0.026792245, -0.011812825, 0.017781675, 0.0036817314, 0.0075223353, -0.0037772132, 0.010849536, 0.0050587407, 0.017511558, -0.00594125, -0.006228191, -0.003980426, 0.0024000502, -0.0024923345, 0.019650955, 0.0011052334, 0.013611115, -0.0073880954, -0.008637757, -0.017672684, -0.004243106, -0.0076646893, 0.0017065773, -0.005703356, 0.010221388, 0.0022923625, -0.000951431, 0.022660485, -0.0012076843, -0.009342926, 0.0067506297, 0.007314695, -0.013555244, 0.00257326, -0.007969149, 0.016146468, -0.014357308, 0.00861179, -0.0021775793, 0.00013533571, -0.010541029, -0.0060606995, -0.0013413948, 0.009833819, -0.025659451, -0.005368469, 0.005822989, 0.0011297816, 0.000722607, -0.0065422165, -0.010304082, -0.0025741148, 0.011744557, 0.0021138545, 0.00169847, 0.0013683046, 0.013069967, -0.014661466, -0.0006704957, 0.004820629, -0.0043771393, 0.015749332, 0.014840734, -0.008384889, -0.0072831856, 0.010785401, -0.010573102, -0.018830303, -0.012789565, 0.0069624013, 0.011649522, -0.0063581048, 0.0071425945, 0.007258257, -0.0030331442, 0.0033848023, -0.009558921, 0.009765667, 0.003925059, -0.002475793, 0.0025415285, -0.006551405, 0.017893683, -0.019363206, -0.009502389, -0.00063849473, 0.026485082, 0.010599846, 0.08560973, 0.017778015, 0.016789975, 0.011955206, -0.011378957, 0.0032863158, 0.0013635008, -0.0030230575, -0.015005874, -0.0034609737, 0.009958168, 0.009246889, 0.0040287664, -0.005028976, 0.0019330911, 0.008996484, -0.006942609, -0.0058986433, -0.016640553, -0.005406702, -0.0035475546, -0.016627902, -0.011414725, -0.013348589, -0.013497326, -0.018996954, 0.00810157, 0.004160669, 0.0025650808, -0.017979685, 0.002485978, 0.026064025, -0.007868661, 0.0025919469, -0.016509736, 0.008730905, -0.0118472045, 0.019341264, 0.0074255005, 0.016674282, -0.009597044, -0.0152874235, 0.011896652, 0.008462495, -0.008105815, 0.02254086, -0.0047315825, -0.015366138, 0.0017300997, -0.0005549205, 0.0018683064, -0.0008265013, -0.008628843, -0.017433481, -0.011939475, -0.007282868, 0.0037866987, -0.0045920094, 0.019555988, -0.014716233, 0.014467715, 0.0058806273, -0.006747233, 0.008734161, 0.009605582, -0.015289892, -0.0021997916, -0.020280976, -0.006993078, 0.0065423152, -0.012890899, 0.0053914213, -0.0039152815, -0.0044181715, 0.03370022, 0.0041093724, -0.0026859986, 0.0011925233, 0.005402262, -0.011387565, 0.0012782688, 0.003238907, -0.003610314, -0.0108767245, -0.0015342488, -0.008716445, -0.014781735, -0.0039823963, 0.006676573, -0.010050927, -0.012569468, -0.007123094, 0.0001157691, -0.002498546, -0.006613456, 0.006943391, 0.061267514, 0.0009783539, -0.007874567, 0.00020043364, 0.0036658947, 0.0018610146, 0.024855817, 0.01229694, 0.009871397, -0.001970671, 0.014929864, -0.0044496935, -0.00301513, -0.0066854805, -0.013371174, 0.0037007895, -0.00031974827, -0.0050084046, 0.0021471146, -0.00094523234, 0.00068294106, 0.0019918762, -0.004845431, -0.01405637, 0.0004811493, -0.0016075119, 0.009171207, -0.002028942, -0.021606164, -0.0038701624, -0.025216343, -0.00081603933, 0.007778698, 0.013764384, -0.0012591328, -0.0037306182, -0.0033671972, -0.010262783, -0.0028709078, 0.0038321414, 0.013741079, 0.008065772, -6.163094e-05, 0.0032565226, 0.01049082, -0.011592166, -0.020743305, 0.015875965, 0.00025629165, 0.0043576607, 0.0057849027, -0.009673071, -0.0051857787, 0.00089107006, 0.026931737, -0.009244391, -0.0074310442, -0.0011079585, 0.0016614008, 0.009193086, -0.010061216, 0.01758519, 0.008214153, 0.017453799, -0.0035662407, 0.0012232598, 0.019167589, -0.02373904, 0.014563007, 0.005674921, -0.013214775, 0.02425239, -0.004188077, 0.009149254, 0.00024613066, 0.0020524487, 0.020900713, -0.008652351, 0.0077277604, -0.0018198845, 0.0018125336, -0.011023411, 0.008184427, -0.0043802895, 0.012044297, -0.013675735, -0.02243353, -0.0075322334, -0.017913572, -0.005672656, 0.014362611, 0.012085869, -0.0023341968, -0.020216022, -0.0057416754, 0.004674094, 0.004087851, -0.008049054, -0.0077921185, 0.012684734, 0.008219221, 0.012105002, -0.00506054, -0.005294038, -0.006596142, -0.012622192, 0.008167882, -0.009742575, -0.0007287683, 0.002874844, 0.004313183, -0.0005603526, -0.013806243, 0.009716015, -0.010196016, -0.008203861, 0.0075944853, 0.0017015141, -0.007583471, 0.009546065, -0.0041146465, 0.0031023275, 0.009753676, 0.012415842, 0.005595829, -0.0040353294, -0.020298412, 0.01426398, -0.016601369, 0.0035122184, -0.013718988, -0.00034845434, -0.027685741, -0.0048001027, -0.0007791041, -0.0021866085, -0.012553308, -0.012570721, 0.0009534705, 0.015718406, -0.020070326, -0.016336396, -0.010432024, 0.0025250702, -0.00034666347, 0.0139692295, -0.009527698, -0.005739167, -0.010378239, 0.006116187, -0.005901763, -0.0042166323, 0.0014888276, -0.010109544, -0.00434935, 0.0026961276, -0.00047350192, -0.0119922515, 0.011065488, 0.019042801, -0.01047421, -0.03285043, 0.00013387464, 0.006279071, 0.0276708, 0.02338775, 0.005275633, -0.00078637234, 0.012637728, -0.0057175844, -0.0058623226, 0.015497055, 0.01579396, 0.008655662, 0.0069053923, -0.0028237351, -0.0029460602, -0.0037461354, 0.009493642, -0.008850335, -0.005547194, -0.0054770494, -0.003983038, 0.0027621598, -0.00062875845, 0.014386364, 0.01352582, -0.004022753, 0.008550052, -0.007226813, 0.006208892, 0.002347836, -0.0006232497, -0.0020407313, 0.023536114, -0.001017684, -0.0115609225, 0.008645157, -0.019776547, -0.015645178, -0.0010446715, 0.0014164016, -0.01137362, 0.0020640786, 0.013953, 0.013576757, 0.00022414011, -0.002492028, 0.011471279, 0.01046119, -0.0032972202, 0.010669238, 4.9930684e-05, 0.007477843, 0.010748018, -0.021644648, -0.017691607, 0.015049302, -0.006277182, -0.008858869, -0.00082250236, 0.019811912, -0.017011676, 0.013457215, -0.0072749634, -0.0049448097, 0.014483174, 0.009551849, -0.0052130655, -0.008718155, 0.002801893, 0.009304492, 0.008261045, 0.011230463, -0.025882155, -0.0068318676, -0.0018316909, 0.0017953784, 0.0026701787, -0.013811179, 0.0138799045, -0.005995492, -0.029383913, 0.0011889426, -0.014117803, -0.008918817, -0.004985294, -0.014399426, 0.010323577, -0.02985821, -0.0086296005, -0.011984391, -0.020308413, -0.005484729, -0.011851331, -0.00789543, 0.021099068, -0.014240114, 0.011146555, 0.01502239, 0.0052144225, 0.0011861514, 0.008853591, -0.0017142034, -0.0011561674, -0.0027253202, 0.0036819363, -0.0022138082, -0.01891789, 0.0006451464, -0.014774911, 0.0074016373, 0.016029187, -0.016550794, 0.006728014, -0.006634033, 0.0064266683, -0.006606808, -0.008111263, -0.013106982, -0.0029921918, -0.010406421, -0.0017096872, 0.0020512217, -0.006126859, -0.011887218, 0.011431421, 0.012989856, -0.010250946, 0.0023365312, 0.0070452644, -0.020071436, 0.00709057, 0.041352406, -0.018259682, -0.007700681, 0.008883894, 0.0030562277, 0.005045721, -0.001349916, 0.007790408, -0.0077252937, -0.0028427506, 0.0012152176, 0.0051615876, 0.018288262, -0.00276386, 0.004236785, 0.012697024, 0.025703462, -0.0018542204, 0.00031232685, 5.4613763e-05, -0.013880637, 0.016503077, -0.015503549, -0.0028388132, 0.0118403435, -0.020440012, 0.002444332, 0.003609603, 0.0017865052, 0.0131335575, -0.0048058457, -0.013579744, 0.0010614659, 0.019320728, -0.0075491285, -0.00945917, 0.030989666, -0.00048248877, -0.010216625, 0.015738223, -0.017258653, 0.017941646, -0.0010352982, -0.0070146527, -0.0037467773, 0.017350063, -6.627224e-05, 0.0049061086, 0.0016329829, 0.013256062, 0.006365073, -0.001519113, 0.0013099865, 0.0094510345, 0.01331922, -0.0033647586, -0.005003894, 0.007298946, 0.003733956, 0.00793554, 0.0120160235, 0.00013486763, 0.01679694, 0.022464886, -0.011465713, 0.00027510503, 0.0027647312, 0.0015327743, -0.03112214, -0.0030157447, 0.008571436, 0.010671972, -0.005115077, -0.08533563, 0.002907098, 0.011366591, 0.008294493, -0.00070344366, -0.0018084844, -0.0046503562, -0.0017104438, -0.0017807527, 0.011110538, 0.008404904, -0.026097178, 0.0035234985, 0.0032539433, 0.010580824, 0.00073154876, -0.013882117, 0.0074201394, -0.004018745, -0.0044446243, 0.0020646593, 0.020650493, 0.0012986863, 0.0051907357, -0.0040800422, 0.003513619, 0.0011551087, -0.010316007, 0.017250603, 0.004706703, -0.010188058, 0.0060787555, 0.0076445467, -0.0019212338, 0.020572213, 0.010055022, -0.0060352907, 0.010536371, -0.13754568, 0.0040521873, -0.010908357, -0.01330728, 0.0027642676, 0.003661079, 0.018779011, 0.0021150853, -0.005247077, -0.0046495427, -0.017589428, -0.017806282, 0.0008668571, 0.0045309784, 0.0074835178, -0.019929996, -0.009705125, -0.009260709, -0.0002739221, -0.0112661645, 0.00888979, 0.0105508985, -0.001536134, -0.0011924339, 0.0138287805, -0.002368342, 0.002483195, 0.002248373, 0.014892704, 0.007900884, 0.002281517, 0.007286636, -0.0034339784, 0.00582702, -0.0093408385, 0.0030938892, -0.0007266182, -0.008629745, -0.009407087, -0.010190452, 0.012907924, 8.1929255e-05, 0.01529278, 0.005537419, -0.021788735, 0.009718549, -0.014846422, -0.006429374, -0.01495643, 0.0071543753, -0.0061670234, 0.005850124, -0.019819476, -0.025085695, 0.018979274, -0.0110063525, 0.012144226, -0.004724362, 0.0056321244, 0.025108077, 0.004499228, 0.0005038466, 0.014191731, -0.003716903, 0.0019716127, 0.011529314, 0.012002306, 0.0057910434, 0.009639696, 0.002441009, 0.014061686, 0.023462143, -0.017460223, -0.01098794, 0.0021473486, 0.006834933, 0.0021956824, -0.011035388, 0.012236255, 0.0020493597, -0.005413659, -0.0090062395, -0.02037716, 0.03337609, 0.0023091396, 0.0062796893, -0.00167111, -0.0083235735, -0.009249427, -0.055190943, -0.012281595, 0.018950485, -0.014891366, 0.0035025384, 0.010387291, 0.008740319, -0.0027202808, 0.01141983, -0.021049412, -0.017714672, -0.011201489, 0.020159196, -0.0034308452, 0.002574477, -0.012270069, -0.010880776, -0.005243787, -0.012930756, 0.018198172, -0.029630184, -0.005373139, -0.019872367, 0.0042465446, -0.0026724152, 0.0026364892, 0.004846329, 0.0026364261, -0.018977705, -0.013755903, -0.0063581965, 0.0100382585, -0.021838356, 0.003948814, -0.006205334, -0.0027299873, 0.025653888, 0.0058453646, -0.025738291, -0.006879743, -0.010350566, -0.0001555343, -0.018963542, -0.0018306769, -0.012184484, 0.0032947562, -0.018127464, 0.007948587, 0.0032920288, -0.0005700742, -0.002651789, 0.013057258, 0.015619428, 0.012147461, -0.010643153, 0.0071403165, -0.002809445, -0.004664634, 0.0067606084, -0.010116303, -0.0060639377, -0.02509991, -0.005874632, 0.008603108, -0.006831874, 0.009902445, -0.015610351, 0.0065213433, -0.014164125, -0.014786869, 0.002148477, -0.020008469, 0.0303989, 0.019616254, -0.02447224, -0.0030039598, -0.015089558, -0.020862825, 0.0014303523, 0.0045612133, 0.0050472887, 0.0102321105, 0.0016585233, -0.003037058, 0.0034194223, -0.013931027, -0.0042391345, 0.015051683, 0.035634942, -0.023854459, 0.0027930117, -0.014467416, 0.0035939238, 0.0073024905, 0.003415018, -0.0018494317, -0.0067218486, -0.008276423, 0.0015949985, 0.019391388, 0.01737433, -0.016796773, -0.0038163983, 0.002075106, -0.011147736, -0.020386403, -0.0010816606, 0.0033902442, -0.0029023215, -0.011306042, -0.012001149, 0.024928685, 0.018225778, 0.026903223, -0.16448662, -0.00812105, -0.0022491694, 0.008478998, -0.016768772, 0.0005171551, -0.023100968, 0.0022897858, 0.0002919935, -0.0065067145, 0.016370947, 0.012249377, -0.016592871, -0.0076511363, -0.0088510895, -0.009206696, 0.0059157247, 0.004230437, 0.02264823, -0.006462336, -0.01898098, -0.0053797914, -0.011084519, 0.042970877, -0.004771979, -0.0075781285, 0.00080106955, -0.0013318654, 0.015421816, -0.014131328, 0.01286748, -0.0007299186, 0.0002410923, -0.0104479, -0.010846622, 0.0034047577, -0.0032615226, 0.007824937, 0.007299767, 0.01144173, 0.0066293147, -0.0028918467, -0.0061158426, 0.010806164, -0.010753162, 0.010431646, -0.028776255, -0.0031608688, -0.019715799, -0.015898928, 0.0077211712, 0.026299447, -0.009005978, -0.007216906, 0.0026424187, -0.000463377, 0.017988991, 0.02001825, 0.0039577847, -0.009655612, 0.00232287, -0.0037465324, -0.022871872, 0.024583666, 0.014424588, -0.009454716, -0.008663989, 0.1379035, -0.013856037, 0.0154084, 0.00103967, -0.011714567, -0.003844445, 0.013617322, 0.005011873, -0.0026515194, -0.026611349, 0.02914868, 0.022074545, 0.014331751, -0.01640613, -0.014531142, -0.0101665845, -0.012750915, 0.011225655, 0.0056804135, -0.0039264583, -0.022492832, -0.019051025, -0.009451089, -0.016588785, 0.0056111664, -0.0055739237, -0.0050929873, 0.02221023, 0.015280562, -0.005130982, 0.024274334, -0.013601225, -0.013439976, 0.017162476, 0.010247321, 0.00276471, 0.016888717, -0.02363845, -0.041238986, -0.010599331, 0.023336729, 0.0063607777, 0.003816995, 0.009646507, -0.007547678, 0.0004899084, 0.000509654, -0.017240606, 0.0011445825, -0.0044179526, -0.021696143, 0.020349605, 0.0024494648, -0.0031712533, 0.0020450077, -0.0001414196, -0.0073049613, 0.0142450165, 0.013093949, -0.0019743657, -0.022020286, 0.0038507185, -0.0031388237, -0.0063541974, 0.0058680256, 0.02010743, -0.0016021639, -0.010785744, 0.008781397, -0.11278776, 0.013116209, -0.008907889, 0.008214408, 0.0023596515, 0.005914618, 0.001479748, -0.0070639174, 0.027616907, -0.01171828, -0.017370088, 0.023227647, -0.002747805, 0.01624621, 0.01690073, 0.017894974, -0.012683067, 0.018444587, 0.027466651, -0.032301445, 0.010968062, 0.0015966605, 0.00023419241, 0.0014128381, -0.020304626, 0.014888077, -0.010750401, -0.0011581631, 0.00750169, 0.024645884, -0.013609114, 0.0076331594, -0.009173176, 0.02850734, -0.02927331, -0.01640506, -0.028287277, -0.004534668, -0.014655616, -0.00081956014, 0.0049933046, 0.015781727, -0.0173505, -0.016295075, 0.009158409, -0.001450461, -0.008634391, 0.014065668, 0.00033605236, 0.0086874105, -0.000544624, -0.011128943, -0.0045899297, 0.010698608, 0.02095198, -0.0053824284, -0.01765076, -0.013801165, -0.0020433096, -0.0009844276, 0.008640751, -0.0050236764, 0.013404438, -0.015737582, 0.028997311, -0.01471716, 0.0058713024, -0.011702251, 0.017478202, 0.021343928, -0.0073057953, -0.02963938, -0.006432392, 0.011474697, 0.0066738715, -0.001951887, 0.01693411, 0.0059585855, -0.007682909, 0.018891798, -0.0018229622, -0.012976092, 0.0056959074, 0.008760636, 0.030677592, -0.03202105, 0.01348146, -0.0032209954, -0.0161751, -0.01291226, 0.007995815, 0.0030533557, 0.0028764484, -0.021363588, 0.009120228, 5.262884e-05, -0.012779484, 0.0042511164, 0.014571594, 0.0049681775, -0.0051504076, -0.00061362796, 0.0031152489, -0.0013635823, 0.010825228, 0.005446121, -0.024199191, 0.0013434885, 0.0014020767, 0.0012973438, -0.014015866, -0.0022667414, -0.011848426, -0.024369005, 0.0026027914, -0.0012564785, 0.024338758, 0.0019773035, 0.009878917, -0.020570971, 0.016907431, 0.0033095602, 0.020009931, 0.0048382366, 0.008326497, 0.0020365515, 0.015404971, -0.0028370856, 0.021393223, 0.005387407, 0.0074550915, 0.00011663495, 0.008413441, -0.01169833, -0.0010047155, 0.0138164, 0.013178646, 0.0154184075, -0.007561977, 0.008680478, -0.008668402, 0.01823631, 0.010507166, 0.0035335633, -0.024292137, -0.026657084, 0.0041905786, 0.008378474, 0.0024541921, -0.0072667683, -0.0012970228, 0.033127468, -0.030864362, 0.008054915, 0.003278447, 0.0073463777, 0.022094263, 0.00697542, 0.014064136, 0.034346484, -0.019929191, -0.0039012248, -0.00018492511, -0.010343302, 7.148132e-05, -0.0019611001, -0.013378219, -0.025125382, -0.023966454, -0.027822254, 0.006571797, -0.016680602, -0.012134257, 0.01971954, -0.0026086308, 0.020581787, 0.0028105408, 0.0012951788, -0.0227761, -0.049644083, 0.02087581, 0.017646816, -0.0040087854, -0.018748371, -0.002393651, 0.0061290306, -0.0017888194, 0.012820739, -0.013829538, 0.020033263, -0.0043215933, -0.0035091722, -0.001021701, -0.004563614, 0.021961788, -0.0022193075, -0.0021708894, 0.0018641162, 0.0028572741, -0.004999749, 0.0014895153, -0.018353408, 0.01816916, -0.00039111625, -0.008749202, 0.019702686, 0.019899176, 0.0026597918, 0.012499594, 0.0011489701, 0.011886931, -0.02960387, 0.0071892603, 0.016472159, -0.010613834, -0.010531177, -0.03290631, 0.0012437569, -0.07261795, 0.018572155, -0.013978999, -0.036398035, -0.025894001, 0.0013454783, -0.0024710547, 0.014152406, -0.011050123, -0.015343518, 0.004317114, 0.0056308736, -0.009670034, 0.008964423, -0.0038000504, 0.007869869, 0.017822117, -0.029659312, -0.02453892, -0.0061353454, 0.007914363, -0.009985041, -0.017051302, 0.010643873, -0.0054117898, -0.00786738, 0.040198047, 0.014803796, 0.011806052, -0.0017825532, 0.027727516, 0.019271774, 0.011247137, 0.025245737, -0.0064169755, 0.0005586835, -0.013588827, 0.02763262, -0.010360016, 0.005374532, 0.019102847, -0.0053842687, 0.014570577, -0.018393109, 0.035600893, 0.007846059, -0.020515082, -0.0008185537, -0.0957201, 0.005099298, -0.011496812, -0.013564398, -0.009199813, 0.031905174, -0.016305441, 0.04692192, -0.0017137834, -0.023456277, -0.0021340456, -0.0072752926, 0.0041286163, 0.0045584454, 0.0005393152, -0.018493704, -0.016423041, 0.0076915952, 0.008936284, -0.011488724, 0.014189092, -0.007590593, -0.0062356205, 0.005718244, -0.0031523455, -0.06245301, 0.01735993, 0.012510544, 0.0030541604, -0.005231132, -0.0014747223, -0.03014735, -0.0054190136, -0.01360286, 0.011528569, 0.0028535957, -0.017145973, -5.9383645e-05, -0.007407197, 0.011607055, 0.035817876, 0.0025489216, -0.001923477, 0.029455874, -0.0014521342, -0.008630702, -0.010497563, -0.014666741, -0.040632952, -0.014445629, -0.021685045, -0.032618806, -0.010836458, -0.019541126, -0.012015287, -0.0062834164, 0.010535097, -0.017046804, -0.0026418362, 0.012763139, -0.023335913, -0.010804393, 0.0037984385, 0.0253137, -0.037841793, 0.008139879, 0.003963732, -0.017420271, -0.015980337, 0.02127603, 0.014691797, 0.0142830415, 0.022393031, -0.019499628, -0.008209164, -0.0078206, -0.010867994, 0.024667729, -0.034073453, -0.0127434665, 0.010274532, 0.005194325, -0.01502252, 0.0052655526, 0.019136531, 0.018422028, -0.0077416613, 0.005717745, 0.018608289, -0.008220529, -0.00826767, -0.020437872, 0.0058382777, -0.004803333, 0.0071814717, 0.013702876, 0.009753273, -0.0057752, 0.0060588163, -0.006250022, -0.006661631, -0.0052056047, -0.026894337, 0.007434218, 0.010779837, 0.012791061, 0.0052336883, -0.00070538896, -0.018309193, 0.010122268, 0.013118099, -0.0051459162, 0.0011607952, 0.0034472027, -0.012080965, -0.017150536, 0.017094752, 0.003998444, -0.0069874674, -0.01840227, 0.018260641, -0.020703608, -0.043533295, -0.014623211, 0.012195105, -0.0029882628, -0.003878488, 0.019034078, 0.008757398, 0.0102835, -0.020635622, 0.0027173562, 0.00041345006, -0.0141329635, 0.0068843574, 0.009610367, -0.009690061, 0.002520307, 0.009014275, 0.0016413858, 0.007624928, -0.0023683617, 0.0010596485, 0.021471018, 0.002316433, -0.0041728066, 0.0067309835, -0.02447826, -0.041709214, -0.0061750775, -0.020247098, -0.012936927, 0.010782114, -0.028893238, -0.01646288, 0.008865587, 0.0012940802, -0.0119603975, 0.008629378, -0.0039752224, -0.004568758, 0.0024967804, 0.007153192, -0.0024467618, -0.017079975, -0.004307405, -0.022826541, -0.008449805, 0.012049705, -0.0040900153, 0.0040988624, -0.0143841645, 0.00017163968, -0.006269438, 0.05250153, -0.00029794208, 0.016358256, -0.011011654, -0.006128159, -0.01774798, 0.027062092, -0.011128621, -0.015090512, 0.015493985, 0.002166037, -0.026501639, 0.00210999, -0.0057401466, -0.00017755068, -0.011818853, 0.000180093, 0.0053038574, 0.0020352195, 0.021408366, -0.015430743, 0.009587901, -0.016432539, -0.0060758526, 0.0005001666, 0.012427829, 0.011107217, -0.008110332, -0.0024916418, -0.024824396, -0.011729173, -0.0092699, 0.00037676553, 0.014755473, -0.031818673, -0.00091482716, -0.0078772325, 0.0009856845, 0.008775692, -0.0022884712, -0.0057187225, -0.007821671, 0.022355596, 0.009262465, -0.005609138, -0.0012774464, 0.020111345, -0.009909945, 0.02242249, -0.0040122606, -0.02022752, -0.011636991, 0.0078108967, -0.0048591876, 0.0068373755, 0.0057560974, 0.02561597, 0.011548572, -0.009797993, 0.009080763, -0.0021461814, 0.00064111553, -0.009593134, -0.014094799, -0.0008024196, -0.013169804, 0.018575018, 0.024626242, -0.0049178386, -0.017908365, -0.019640932, -0.023736792, -0.04318161, 0.018557455, -0.004628846, -0.004591196, 0.011364018, -0.0022090862, -0.00080712227, -0.021279741, 0.008259968, 0.013118177, -0.020267805, -0.0005741942, 0.008698185, 0.0013232145, 0.008721893, 0.009354212, 0.0024430843, 0.026181856, -0.008201419, -0.011558341, -0.013325757, 0.0017271125, 0.01313846, -0.009225009, -0.004566532, -0.0083791055, -0.005378831, -0.020883705, -0.00011792243, 0.00811511, -0.017854497, 0.0078076106, -0.012772344, 0.011563003, -0.005671622, -0.00097559945, 0.022848949, 0.0082250945, -0.014909394, -0.005475027, 0.016001416, -0.010286973, 0.016612552, -0.016803712, 0.013668896, -0.00599102, 0.0045391647, -0.0025860057, -0.026357088, 0.010650932, 0.013526497, 0.0027413804, 0.012486705, 0.0016960044, 0.009606455, -0.020302769, -0.0080803735, -0.011679537, -0.017958688, -0.0007023411, -0.0007160363, 0.006667202, 0.012120949, 0.035731595, 0.012737815, -0.001966795, -0.013916526, -0.0049135108, -0.0033008982, -0.017429318, -0.03008999, -0.006898192, -0.001702541, 0.019984927, -0.0068571027, -0.007831575, 0.005241784, 0.0057736314, -0.0019880722, 0.01220019, 0.0067346767, 0.001839754, 0.0025296723, -0.0022679758, 0.009377739, -0.003018153, 0.021365898, -0.006362266, -0.0076307454, 0.010179467, 0.005440706, -0.008331591, -0.013055463, 0.021101918, -0.008558623, 0.027838828, -0.0012285004, 0.008460922, -0.0026305083, -0.002275511, 0.0078080264, -0.009473209, -0.017529856, 0.013692411, -0.004755731, -0.0031063408, -0.011594088, -0.0053692427, 0.009004977, 0.007259743, 0.0025918775, 0.009368919, 0.005658667, -0.01108575, -0.02124226, 0.0205098, -0.010218354, -0.013428142, -0.010423521, -0.0004168019, -0.0061804643, 0.00864136, -0.013957724, 0.022015035, -0.002685276, -0.007750483, -0.0045147594, 0.006949146, 0.0024038893, 0.0072899736, -0.0030284761, -0.0012128048, -0.013507736, 0.0015487851, -0.0071642236, -0.0064302157, -0.004504052, 0.012334026, -0.0009895032, 0.012167247, 0.009382619, 0.0072728787, -0.014085043, 0.0040113362, 0.017885895, 0.005064011, 0.016245259, -8.766093e-07, -0.0022490018, 0.0019779282, 0.0050922027, -0.0031567027, -0.01449844, 0.02080701, -0.0072275167, 0.004724896, -0.002492148, -0.0029067225, 0.013239016, 0.0019092609, 0.032871462, 0.020002987, -0.005336186, -0.008239625, 0.012882938, -0.00605932, 0.036638953, -0.001365802, -0.022628369, 0.031935424, -0.030729262, 0.0037608268, -0.010140459, 0.007623728, -0.032066055, 0.030399296, -0.010791639, 0.012104622, -0.006305543, 0.015723366, 0.0056847357, -0.0021271657, 0.008171407, 0.030358, -0.0076076174, -0.01665143, -0.018215256, -0.0033247166, 0.01603406, -0.011492222, 0.0037675772, 0.012990114, -0.005413336, 0.008743791, 0.0151881585, -0.002959026, -0.0049108006, -0.0026743708, 0.004435112, 0.0104913525, -0.012730711, 0.0026964934, 0.005694755, 0.00077010953, 0.017858699, -0.0076181544, -0.008708564, -0.008052218, -0.030121053, -0.010484498, -0.0043039564, -0.00363023, 0.026689379, 0.010562618, -0.011634895, -0.024322836, -0.0043234434, 2.8263835e-06, -0.032619946, -0.0090078, -0.023435034, 0.009336094, -0.003697376, 0.017598163, -0.033186175, 0.0077091306, -0.036248975, -0.0033776758, 0.0089717535, -0.008431484, 0.011668536, 0.013077407, 0.032652043, -0.0038138023, 0.0034627144, -0.011146621, 0.0135597605, 0.016940648, 0.0003820166, -0.01586539, -0.014696612, -0.014098532, -0.0068732053, -0.0047083325, 0.0042326357, -0.0030151752, -0.0012498463, -0.007059523, 0.00721308, 0.013229059, 0.014682606, -0.0008866247, -0.019883735, 0.024367062, -0.019679034, -0.0010488315, -0.028797066, -0.019777767, 0.0082356585, -0.003677765, -0.023723902, 0.010174853, 0.027647045, -0.020638466, 0.012722237, -0.0025573792, 0.016791288, 0.012938926, -0.00019004488, -0.011322915, 0.004981426, -0.0035111732, -0.011253057, -0.0025753283, -0.004542752, -0.002015621, 0.012554262, -0.0033162108, 0.012158036, -0.00654556, 0.0020896457, 0.026471708, 0.016502457, 0.006631203, 0.014809207, -0.019555377, 0.0041484796, -0.021505961, -0.0071692322, 0.0017850901, -0.0076138433, -0.016040053, -0.0021749085, -0.0060114292, 0.0007333723, -0.0007951205, -0.023500957, 0.009946271, 0.0395695, -0.0061930683, 0.004323314, 0.010181695, -0.0190479, -0.01126916, -0.0039673056, 0.0056588016, 0.0038154807, -0.007780298, -0.0102028, -0.0063019707, 0.015857097, 0.0029471377, 0.017703298, 0.02276885, 0.0017031963, 0.0011921313, -0.011940679, 0.008924047, -0.01230886, 0.024379354, 0.004648467, -0.0064895465, 0.010978223, -0.011448583, -0.005634722, -0.0077762413, 0.008475466, -0.00870931, 0.0026078115, -0.015309256, 0.0022809799, -0.0012683575, 0.006285427, -0.012620578, -0.025780236, -0.033806983, -0.0041195615, 0.0051652556, 0.00842874, 0.012108753, -0.008453885, 0.012888699, -0.0070050946, -0.014531112, 0.0078273, -0.011268516, -0.0035040865, 0.010728177, 0.012350134, -0.008673777, -0.004189217, -0.011242963, -0.0010013134, 0.00016127387, 0.027512861, -0.0025203077, -0.008540563, -0.023442961, -0.019833889, 0.014883246, 0.0066883275, -0.009575347, 0.009988413, -0.008800565, 0.037274174, 0.053875133, -0.04237052, -0.00952854, 0.016506284, -0.01052993, 0.027316289, 0.0030821303, 0.021357069, -0.009814079, 0.006915561, 0.0074833506, -0.019342855, -0.012410138, -0.009267482, -0.0013695792, 0.02480127, 0.0027528983, -0.031958714, -0.01434953, -0.0109982975, 0.013499168, 0.020865463, 0.004518419, -0.0025915036, 0.014604636, 0.02310686, -0.018684708, -0.00031850976, 0.007875393, 0.011238737, -0.0011727595, 0.008454323, 0.013420452, -0.008640702, -0.010020361, -0.008948468, 0.026458606, 0.0035338877, 0.0052199396, 0.013609899, -0.0043434687, -0.005488968, -0.020429745, 0.015806297, 0.023740822, 0.0141845485, 0.009202672, 0.015946474, 0.008739567, 0.0011982454, -0.013440266, 0.0145361405, -0.0012018861, 0.011474884, 0.008021834, -0.012495083, -0.008329789, 0.011138315, -0.004788928, -0.0022031472, -0.027167486, -0.018516576, 0.002119161, 0.016713906, 0.0067322664, -0.0086391345, 0.005764374, -0.0020598555, 0.012199718, 0.02062982, -0.0036019757, -0.00080530555, -0.015152407, -0.00518439, -0.024937458, 0.17066891, 0.13307826, 0.011399671, -0.005837336, 0.025518762, -0.006393704, 0.027913587, -0.0028951624, -0.007913229, -0.0010231008, -0.014158017, 0.010068921, -0.007166911, 0.010216789, 0.007794235, -0.0046187937, 0.011331375, -0.0022684024, -0.012119713, -0.006940734, -0.01993799, 0.005395773, -0.010916376, -0.01710505, -0.006170213, 0.014696705, -0.021500332, 0.010207759, -0.018808482, 0.018377038, -0.017185114, -0.015146314, 0.007440001, -0.008275239, -0.012007941, -0.017310197, -0.008121613, 0.019384122, 0.005083814, -0.012653453, -0.01001602, -0.010636463, 0.021638656, -0.008979436, 0.008371834, 0.007089922, 0.011849128, 0.0039221314, -0.00593928, 0.01738679, 0.010065434, -0.012849907, -0.004723179, 0.017318329, -0.014662785, 0.008142159, 0.02068028, -0.008672956, 0.00085766555, 0.0040558204, 0.037375506, 0.016753953, -0.011375976, 0.0058969464, -0.019657288, -0.0010490919, -0.002811167, -0.015894111, -0.0028769132, -0.00927672, 0.017352844, 0.020801067, 0.01795061, 0.015061622, 0.001588222, 0.01730499, 0.0027624757, -0.0020068786, 0.019662144, -0.001725604, 0.009310964, -0.0066678217, 0.0041199806, 0.009543763, -0.0055854167, -0.0031753834, 0.0008554414, 0.013138155, 0.109296806, -0.014318594, -0.012301159, -0.018966015, 0.012514767, 0.015568383, 0.017923282, 0.065565236, 0.0060867434, 0.026681244, 0.025081012, -0.0212585, 0.021285709, -0.016417595, 0.008728819, 0.022727909, 0.011607999, 0.053259082, -3.5334815e-05, -0.00046829515, -0.0032330097, -0.00015320792, -0.0057531227, -0.019360418, 0.0112486435, -0.0007775525, 0.0073408354, -0.0022225091, -0.025647003, 0.022965986, -0.087597035, 0.0018900005, -0.004370914, 0.0012295257, -0.011726381, 0.023722472, -0.004128171, -0.0109713245, -0.0010262254, 0.003152911, -0.002772113, -0.00050659553, 0.0264675, -0.0110606905, -0.0018435345, -0.020136226, 0.0089307325, -0.017049728, -0.011657736, -0.0038475627, -0.0013630493, 0.013696244, -0.031965967, 0.00020321697, 0.008210145, 0.004480316, -0.021740226, 0.014221248, -0.005224525, 0.024376025, 0.0027188705, 0.012911263, -0.029124668, 0.014743674, 0.009841783, -0.015088022, 0.014860071, 0.015116742, 0.013560762, -0.0043621263, -0.00043796364, -0.03207156, -0.009827279, -0.005584573, 0.01749299, -0.0018586463, -0.003600139, 0.00706191, -0.017520472, -0.0036237983, 0.006470556, -0.0014600978, 0.008924033, 0.0033309981, -0.00077223324, 0.028335353, 0.010983285, 0.005292376, 0.00019899919, 0.0007371508, 0.0091480175, 0.02436296, 0.008168448, 0.017930051, 0.011807606, -0.000923337, 0.010902662, -0.019686073, 0.008031469, 0.005529865, -0.0022310521, -0.02167868, -0.002853861, 0.021872988, 0.0010480937, 0.009058, -0.030127618, 0.020048011, 0.005095638, -0.0058028884, -0.0039616562, -0.009447258, -0.0070376764, 0.12019229, 0.0130465105, 0.0043041175, 6.007858e-07, 0.004988529, 0.014538356, -0.004670939, -0.015311702, -0.013782874, 0.01198413, -0.017574186, 0.03042273, -0.01347618, -0.017330186, -0.016077977, 0.0045683994, -0.013213991, -0.00030672207, -0.012227023, -0.00081190205, 3.9062917e-05, -0.012505023, 0.032286957, -0.013612902, 0.008012172, 0.019205492, -0.011412205, -0.012053903, -0.0044694673, 0.010438796, -0.010331208, -0.012447927, -0.020362422, 0.007887074, -0.012097755, 0.008935588, 0.01744925, 0.0107908165, 0.0036765672, -0.002749853, -0.001987119, -0.0016763414, -0.004208535, 0.03343334, -0.03703771, 0.2007063, 0.0025647052, 0.012287166, 0.0037362564, 0.006378334, 0.0020161693, 0.0005131133, -4.986128e-05, 0.0072560254, 0.017224597, 0.018925099, -0.0015574502, -0.003814952, 0.013103149, 0.016143678, -0.0033383456, 0.0070088156, 0.02378758, -0.010997649, 0.026979038, -0.02588528, 0.013542285, -0.020583585, 0.012503413, -0.005173488, 0.022740226, -0.0020494775, 0.0018286903, 0.0020057503, -0.023180332, 0.010423124, -0.014938902, -0.0016106857, 0.014387935, 0.013076568, -0.009899048, 0.00709386, -0.006880135, -0.02227487, 0.0037700664, -0.023462232, -0.0237357, -0.004628785, 0.004433523, -0.013660481, -0.017534487, -0.0039472105, 0.006579026, -0.0034200533, 0.011568942, -0.025033098, 0.020423427, 0.00048993994, -0.011646833, -0.025905035, -0.01077736, -0.0031946255, 0.0022464567, 0.004665347, 0.0050984006, 0.0079406155, -0.0147207435, 0.021949673, -0.00709537, 0.0042621316, -0.014953644, -0.0071555837]"
¿Es correcto arrojar residuos organicos a la naturaleza?,https://oem.com.mx/elsoldetlaxcala/img/25437866/1756339352/BASE_LANDSCAPE/1200/image.webp,no especificado,"Ademas de dar mala imagen, los residuos organicos pueden provocar la proliferacion de fauna nociva y alterar el ecosistema; la composta es una manera ideal de aprovecharla ",https://oem.com.mx/elsoldetlaxcala/tendencias/es-correcto-arrojar-residuos-organicos-a-la-naturaleza-25437727,"[0.019212125, -0.013337658, 0.03315136, -0.06573565, 0.00929083, 0.022158926, 0.0025425702, 0.06486625, 0.00076177187, -0.008437113, 0.01246225, 0.039966904, -0.017890677, 0.0021579207, 0.1327692, 0.0055041644, 0.001569981, 0.0042300173, -0.0071732444, 0.004243632, 0.025650872, -0.00049088337, -0.021236258, 0.012437761, -0.0028710074, -0.010512038, 0.02029978, -0.008226944, 0.000605072, -0.01617824, 0.020039188, 0.018516272, 0.012016482, 0.01350659, -0.0061406014, 0.019249763, 0.0056862477, -0.006897446, -0.017311955, -0.0069516683, -0.020893127, -0.0017099543, 0.0073079593, -0.008189766, 0.021360131, 0.011927044, 0.0025358417, -0.015416403, 0.008315421, 0.0045273155, 0.020876927, -0.009758876, -0.015552134, -0.16515206, -0.008860099, -0.0113950325, 0.01932938, -0.011803174, -0.009454108, -0.015468203, 0.01190406, 0.027806466, 0.01650896, -0.029566238, -0.018679602, -0.035344113, 3.109538e-05, 0.013345256, 0.013548633, -0.0042894925, 0.023648946, -0.012449093, 0.010237206, -0.01369139, 0.025072888, 0.018243069, 0.03072884, 0.04817426, -0.0046713785, 0.015059434, 0.015881892, 0.020171117, -0.021252265, -0.008299285, -0.01821037, 0.013402723, 0.0071634473, -0.02544764, -0.0035952707, 0.021270394, 0.005429338, 0.007255457, 0.015677158, 0.0072639366, -0.00263154, 0.0006046833, 0.00183599, -0.019617483, -0.020844536, -0.023981277, -0.020439884, 0.01338115, 0.006045568, 0.026247181, 0.0076857447, -0.019332696, 0.0102773495, -0.0078089973, -0.02957733, -0.016455574, -0.02759866, -0.0037558768, -0.018599015, -0.017458785, -0.032075122, -0.12075365, 0.006045253, -0.003684766, -0.017183477, -0.024328176, -0.004217973, 0.013546289, 0.013299142, 0.011372235, -0.004357077, 0.007495198, 0.0071413517, 0.006300242, 0.022788042, -0.004365076, 0.010794613, 0.002748772, 0.014404471, 0.01821052, 0.008131993, 0.04002758, 0.02322796, -0.01543441, 0.021504344, 0.012107069, 0.013293364, -0.004955654, -0.0014996512, 0.011863467, 0.014685167, -0.010852881, -0.013355687, -0.00991632, 0.039728474, -0.021353222, 0.007697848, 0.02799818, 0.00049039355, 0.011036845, -0.005217951, -0.028984897, -0.014822507, -0.006687488, 0.03421491, -0.0149104735, 0.010281855, 0.017984595, -0.022264654, 0.0095522255, 0.037902895, 0.009361198, 0.014129949, 0.017821271, 0.02375093, 0.02879666, -0.0063473443, 0.017430115, 0.010499261, -0.0102884285, -0.017284308, 0.0122220395, -0.0153262215, 0.0006353471, 0.011674562, 0.01119567, -0.00039153712, -0.03209211, -0.0076944646, -0.0049489774, 0.036038484, -0.00955678, -0.0055248025, 0.015080004, -0.018573675, 0.0046538687, -0.0041146283, 0.017341137, -0.00092624826, -0.023038179, 0.020252524, 9.0317135e-06, 0.029307904, 0.0073789135, -0.01077221, -0.0015893826, 0.021666313, -0.020670444, -0.012066145, -0.0048479615, -0.00019499981, -0.007483591, -0.0225649, 0.01364642, 0.006446112, -0.016371893, 0.04439925, -0.006970224, -0.011801961, -0.011909147, 0.007915873, -0.023491066, -0.008867068, -0.010385338, -0.02487471, 0.0124780135, -0.0011006554, -0.029956074, 0.005254954, 0.0074513475, -0.034540508, -0.017172186, 0.037028506, 0.010895766, 0.021453705, -0.010211682, 0.02536502, 0.02403225, 0.018622715, -0.0032379464, 0.0009354923, 0.017667003, -0.0059435167, -0.023516485, 0.034025315, 0.0038199602, -0.024040133, -0.0055516977, -0.006155298, -0.02388756, 0.030314, 0.0049592284, -0.02380398, 0.0024809083, 0.017716687, 0.022202695, 0.002092296, -0.014456815, 0.0042798924, -0.0050837453, -0.010626785, -0.0066735493, -0.007851608, 0.0053619137, 0.019270398, -0.013124071, 0.011634558, -0.00059915456, -0.00024273965, 0.0077541554, 0.009120094, 0.0087904595, 0.0017516795, 0.027422313, -0.006829169, 0.010624417, -0.020090537, 0.01818567, 0.004793488, -0.016497148, 0.0077189133, 0.012919286, -0.0637592, 0.001515208, 0.005463268, -0.03015254, -0.014179895, -0.003853522, -0.0012257618, 0.0025574844, 0.01810449, 0.022986656, -0.047698025, 0.00044198422, -0.010741554, 0.009497462, -0.009410308, 0.019673843, -0.018869048, -0.0020194505, 0.012446946, -0.02752227, -0.0070538744, 0.001287309, -0.0015541575, -0.020604927, -0.004546896, 0.013858714, 0.003959658, 0.046879582, -0.004865015, -0.018571947, 0.001860519, -0.016434336, -0.013798688, -0.005209007, 0.004819133, 0.021646352, -0.034695577, -0.0031339685, -0.02405372, -0.0017268845, -0.010222547, -0.009057417, 0.0065941443, -0.009359202, -0.018392695, -0.023216186, 0.0074402844, -0.010106408, -0.023652926, -0.003359025, -0.012619652, -0.019764276, 0.010644464, -0.009766084, 0.010583921, 0.03311419, 0.029974468, 0.022775596, -0.0054255314, 0.01125634, -0.018948492, 0.009295181, -0.0129031995, -0.022626353, -0.024686147, -0.0015717304, -0.014966383, -0.007948303, -0.0066491547, 0.010408003, 0.0029207985, -0.029042542, -0.007993211, -0.020119093, -0.008748128, 0.010366304, -0.0117962565, -0.0046965904, -0.008536758, -0.0053899754, -0.01842152, 0.00019891787, 0.02093156, 0.021645758, 0.017824966, 0.018485356, -0.007935886, 0.020066751, 0.0174358, 0.001075061, -0.010160462, 0.0040964107, -0.028425345, 0.022653034, -0.013065092, 0.014541367, -0.029574566, -0.0061160335, 0.00655141, 0.02826635, -0.014476267, 0.017473998, -0.018821638, 0.00096004904, 0.015011923, -0.023979591, -0.017707251, 0.027931033, 0.005832883, -0.00012678099, -0.004008255, -0.003426908, -0.025273846, 9.048189e-06, 0.008565287, 0.028801903, -0.017227203, 0.0012060677, -0.01246113, -0.017576562, 0.004691781, 0.013830257, -0.0082429275, 0.026803393, -0.0025491712, -0.036838263, -0.0077740545, 0.011796023, 0.0009372668, -0.012489395, -0.0022316203, 0.016128933, 0.02502297, -0.00823227, -0.0048270435, -0.026301052, 0.0358361, -0.004277733, 0.016225161, 0.012398667, -0.016585696, 0.00876832, 0.0027695044, -0.012874684, -0.0010905291, 0.020911127, -0.0025746964, 0.0076530827, 0.011553948, -0.012399762, -0.014841214, 0.009125495, 0.0009069862, -0.034399606, -0.021351183, 0.0005099173, 0.0137127675, 0.013766424, 0.0052996343, -0.008941803, -0.0068597314, -0.004794725, -0.029537171, -0.006698627, 0.010301611, -0.003829188, 0.025905315, -0.02085553, 0.040948693, -0.005504725, 0.0024630695, -0.032275263, -0.037167724, 0.0073957522, -0.0021210597, 0.016575914, -0.005118987, -0.019672811, 0.027429558, -0.023216646, 0.002753769, 0.00062008074, 0.028019058, 0.020313034, 0.0041273935, -0.027140187, 0.011802165, -0.010133902, -0.0019053296, -0.0015815796, -0.002601519, -0.021573927, 0.008590907, 0.0063028764, -0.00837689, -0.004644773, 0.014607392, 0.020160789, -0.005553892, -0.020892486, -0.035848353, 0.045393005, -0.01754199, 0.016312115, -0.021693604, -0.020288957, 0.007184461, -0.0047342894, -0.017917898, -0.003745187, 0.017253652, 0.018790467, 0.007372339, -0.0086774705, 0.028291292, 0.008239662, -0.011459928, -0.034300573, -0.006695894, 0.015064849, -0.019443244, -0.0029434084, 0.034046367, 0.01462634, 0.00852553, 0.026029835, -0.002235888, 0.019369045, 0.0042009824, 0.030118074, -0.027464304, 0.0076762163, -0.008608728, -0.011109138, -0.024699379, 0.028212937, -0.009360506, 0.0021378864, -0.0074411654, 0.002969461, 0.0017158646, 0.024135532, -0.0028961406, -0.00275494, -0.04135226, 0.021883208, 0.01415431, 0.02546968, -0.015389111, 0.013630533, -0.015506427, -0.004711752, 0.020233952, 0.018466864, -0.0030416048, 0.012963057, 0.0034014247, -0.0012252942, -0.00056204974, 0.0045602378, -0.011588247, -0.0046665454, -0.011577435, -0.017326143, 0.0003610901, -0.004337966, -0.015737308, -0.02635504, -0.004250335, -0.08985321, -0.0035558057, -0.011290524, -0.01804307, 0.00048093873, -0.014239788, 0.022010999, 0.016770799, 0.05145457, 0.019927766, 0.021931803, -0.01685769, -0.0013112206, 0.0035225302, -0.024416745, -0.017931659, -0.017229289, 0.00416504, 0.012103556, 0.01325939, -0.0018419009, 0.009984349, -0.007221508, -0.022476746, -0.008095366, -0.004156317, -0.0021153975, -0.03732475, 0.008459259, -0.0090692425, -0.013823985, -0.00020440074, -0.0015253365, 0.022237092, -0.010209391, -0.022619808, -0.019850783, -0.032770865, -0.012346298, 0.02848343, -0.015803916, 0.017791346, -0.020892099, -0.02584857, -0.032538258, -0.0148429, 0.0026971002, -0.012103525, 0.022797195, 0.027660105, -0.010502442, 0.0034964394, -0.012057989, 0.018218387, 0.019912574, -0.029183898, 0.007164606, -0.040508006, -0.0012455253, 0.0015043324, 0.011125102, 0.021370396, 0.010450824, 0.010244258, 0.013018655, -0.02762373, -0.005997459, 0.016821312, 0.020456232, -0.0068220785, 0.017978154, 0.029524297, 0.014383935, 0.02410074, -0.004104343, 0.0045871683, -0.0076035606, 0.006009134, 0.009215385, 0.020628037, 0.010313891, 0.023315478, -0.10157777, -0.0355481, 0.028849231, -0.019482687, -0.013863072, 0.010551802, 0.025042078, -0.008337655, 0.0037732292, -0.0017674312, -0.016658762, 0.028316336, -0.012645612, 0.017929848, 0.02135697, 1.1250699e-05, 0.034643017, -0.026560204, -0.016789367, -0.03272033, -0.018977916, -0.012973559, 0.026025198, 0.032464884, -0.032638818, -0.016240997, 0.0037075153, 0.008013715, 0.012894906, -0.00801093, -0.012258975, -0.12751022, 0.017517129, 0.01936752, -0.004517525, -0.0055602198, 0.03275424, 0.0051380703, 0.0213562, -0.030270321, 0.01708609, -0.032379553, -0.001152156, -0.0390239, -0.017263146, 0.0029189321, 0.110278934, 0.015100176, 0.0023278787, 0.0033233527, -0.012928126, -0.0121413795, 0.0076697967, -0.011552107, -0.019772591, 0.0074174497, 0.014918124, -0.020264734, -0.020617682, 0.0070032286, -0.004833746, -0.0016878988, -0.017135197, -0.009463159, -0.0021778783, 0.00526069, 0.0020245623, 0.008605886, -0.022568652, 0.006876751, 0.00840291, -0.012437943, 0.009781434, -0.007563273, 0.002035696, 0.02034619, -0.024594102, 0.018585999, 0.020003058, -0.0013988354, -0.0012147062, -0.02737518, -0.07035332, 0.0066716014, 0.028103348, 0.007866929, 0.0165965, 0.0027495914, 0.0046692975, 0.022769177, 0.029896673, 0.0016862733, 0.019870523, -0.010829916, 0.019718178, -0.005186774, 0.011548869, 0.017355615, 0.0120878685, -0.0064957603, -0.017643495, -0.012331603, 0.017156716, 0.0013430282, -0.0062964926, 0.018310383, -0.021630693, -0.03753411, 0.0104517825, -0.019406734, 0.029127691, 0.028071085, 0.0124335345, -0.0063300147, -0.0046950704, -0.002999626, -0.043322343, 0.024033668, -0.018523663, 0.016094765, 0.0120629165, -0.0016746774, 0.022764813, -0.004989322, -0.021956006, 0.024588691, 0.0022344072, 0.02582602, -0.008863877, -0.043601096, -0.021445626, 0.018128904, -0.015739484, 0.004092332, -0.019644422, -0.022354003, 0.03314704, 0.011937103, 0.023666624, 0.012631604, -0.0043725176, -0.008487569, -0.014365349, -0.002753207, 0.0042835684, 0.005830872, 0.006425087, -0.0037535331, -0.0155734895, -0.0036393348, 0.0071243052, 0.00025829315, -0.0022532556, 0.0029007515, 0.0041432153, 0.012076194, -0.010151802, 0.014130554, -0.0009054019, 0.0027335153, -0.050181635, -0.013741377, -0.0052720373, 0.010918425, 0.0025192357, 0.021636728, 0.006374011, 0.007731227, 0.0036608747, -0.01484973, -0.011995004, 0.025935875, 0.0024375839, 0.009314386, 0.003602927, -0.025476651, 0.0067415657, 0.0032220858, 0.010751838, -0.009041521, -0.0075928783, -0.0057666176, -0.023232706, 0.0057455874, 0.013728156, 0.0040907334, 0.0123317335, -0.0012398207, 0.0033520604, 0.00977377, 0.00579024, 0.008900386, -0.0032673478, 0.001912185, -0.009225372, 0.0050343513, 0.008413848, 0.010464579, -0.017971085, 0.0077550006, 0.019403595, -0.020382684, 0.0018634724, 0.01089701, 0.007991504, 0.0056887064, 0.009829511, 0.0077565955, 0.0063282438, -0.0063004154, 0.0064582555, -0.0003468266, 0.0012243325, 0.0063922177, 0.026266607, 0.001844126, -0.0030977286, -0.0024964788, 0.013329573, 0.007879585, 0.0025944603, 0.002081723, -0.006745869, 0.0075931456, -0.013706608, 0.02105774, -0.008666965, 0.008331185, -0.014717506, 0.002929695, -0.0040193237, 0.00056117645, -0.0041612773, -0.00026546075, 0.00014824666, -0.007734993, -0.0011778406, 0.008629833, 0.0031087785, -0.0070647793, 0.0034207907, -0.0014416521, -0.008254726, 0.006528476, 0.010545631, 0.005715787, -0.0031236697, -0.0056383256, -0.013439405, 0.027512444, 0.005050696, -0.008229041, 0.0014829444, 0.0070146215, -0.0036479067, -0.0014577319, -0.0035047724, 6.867771e-05, 0.005995154, -0.011121531, 0.0052189305, -0.015834175, 0.0041695572, 0.023047645, -0.012354447, 0.0021628032, -0.020353638, 0.012950663, -0.005504214, -0.010596327, -0.014648172, -0.004015912, 0.007232146, 0.013427506, 0.0051667565, 0.0006316749, 0.0029932281, -0.016290898, -0.002019386, -0.005416197, 0.0013110434, -0.011121559, 0.00528445, 0.0032797973, 0.014724682, -0.01066901, 0.008466835, -0.042945903, 0.0014406083, -0.012549882, -0.013283108, 6.056284e-05, 0.0056806128, 0.008098305, 0.02339114, 0.008227053, -0.01773487, 0.0059573096, -0.01912137, -0.0040734485, 0.010791501, -0.007007332, 0.006315078, -0.0043792157, 0.0016895767, -0.01211937, -0.016071226, -0.021822264, 0.00047811764, -0.001043656, -0.0017035481, 0.02054221, -0.026869288, -0.005631716, 0.015935866, -0.001849903, 0.0037369016, 0.024712209, 0.006336257, 0.008517552, -0.020407738, -0.0168558, -1.2980654e-05, -0.010512094, 0.0015184407, 0.008211702, 0.009925278, 0.017896857, -0.005696488, 0.007527368, -0.00067820377, -0.008883385, 0.0050053475, 0.011821692, -0.015566282, 0.007664271, -0.010118222, -5.6677185e-05, 0.0023390022, 0.028384713, -0.010887283, 0.09836478, -0.0015160828, 0.009902277, 0.006569484, 0.007467489, -0.008353058, 0.0031245302, 0.007223882, -0.008528211, 0.002399645, 0.008063174, 0.008779542, -0.010818704, -0.0038158786, 0.011297761, -0.0055072415, -0.007100575, -0.002835553, -0.006390338, 0.008894671, -0.007884874, -0.016396185, -0.0002915255, -0.0039843405, -0.0008103113, -0.025475992, -0.0033876107, -0.0065551973, 0.021095041, 0.008083377, -0.0059764856, -0.0005179605, 0.005992039, 0.0069997427, -0.014881148, 0.026832815, -0.012273117, 0.0039312043, 0.0009094269, 0.02539313, -0.0066728415, -0.00012764185, 0.013361656, -0.0011255791, 0.015964396, 0.005701096, -0.004555648, 0.0038403873, -0.003446136, 0.0073560756, 0.0033716913, -0.015671996, -0.009275707, -0.015062404, 0.00536826, -0.00079575385, -0.008510157, -0.010354461, 0.01019609, -0.019490404, 0.003431406, 0.0030715605, 0.0024248895, 0.003811834, -0.00490289, 0.0044446643, -0.015329464, 0.012466912, -0.0047174725, 0.0076168347, 0.0025505766, 0.00963651, -0.0047011, -0.0020883875, 0.0191094, 0.009349893, 0.006443876, -0.014360646, -0.020257957, -0.0049553737, 0.01680566, -0.009355394, -0.011485904, 0.001664213, 0.00067500334, 0.009112252, 0.0012604347, -0.015870707, 0.020535167, 0.004502926, -0.0052474192, -0.008756216, -0.007003396, -0.010253295, -0.0032278227, -0.0052770707, 0.059986368, 0.016535264, -0.016051834, 0.00049846445, 0.005851287, -0.00029859846, 0.011309231, 0.0033913981, 0.023544975, -0.011201757, 0.0016045992, -0.021402435, -0.00027949203, -0.010868839, -0.006162572, 0.0050857854, 0.0014206136, 0.006402195, 0.019557796, -0.012713689, 0.0059955474, -0.0021298958, 0.0033497019, -0.0027672031, 0.0073196674, 0.010159932, -0.0015172728, -0.010278543, -0.003448834, -0.004440343, -0.016891178, 0.026183965, 0.0040457463, 0.0076068803, 0.00018669435, -0.0025842376, 0.0060569597, -0.0009143539, -0.019624108, -0.020843752, 0.0016990682, 0.012926745, 0.008076167, 0.0052297055, -0.009857014, -0.015578395, -0.011222536, 0.0008727039, 0.0026078771, -0.0073561864, -0.0036582337, 0.005534087, -0.009304971, -0.00032045817, 0.0018129734, -0.01779971, 0.007746594, 0.0017064459, -0.011451814, 0.0026104897, -0.00044584085, 0.007666286, 0.010520232, -0.011537605, -0.01615517, 0.0134034725, -0.008910157, 0.004745399, 0.014459345, -0.012621358, 0.0068699014, -0.0014547339, -0.015246847, 0.02789745, 0.0054636905, -0.0014938256, -0.01678028, -0.007690803, 0.0016905454, 0.00658161, -0.015374645, -0.01071639, -0.0036365013, -0.012213209, 0.0019308545, -0.001194383, -0.012769887, -0.025820844, -0.020924702, 0.012170926, 0.016143098, -0.013125323, 0.016216217, -0.022517798, -0.0070788935, -0.0064496305, -0.004742062, -0.01445913, -0.0013021439, 0.0019948692, 0.009150315, 0.009770826, 0.016781773, -0.0022477668, -0.0011500469, 0.0115811955, -0.0012298969, 0.012504836, -0.009702299, -0.026653826, 0.01196725, -0.008119023, -0.0064670295, -0.0045237425, 0.0064670057, -0.022689756, 0.021190798, -0.00973748, -0.010755342, 0.0019496874, 0.0054116803, -0.0036964586, -0.0007555133, -0.020876426, -0.00067463267, 0.0076941764, 0.0034364338, 0.0137395, 0.004034929, -0.0056195282, -0.0032632195, 0.020217594, 0.010020415, -0.007651594, 0.009819816, -0.0031150721, -0.010622441, -0.004015497, -0.007753889, 0.0006294999, -0.019936169, -0.0050100987, -0.0074099903, 0.0108528435, -0.00420395, 0.009404204, -0.011246667, -0.012789098, 0.00814402, 0.0029929087, -0.013887411, -0.0020594902, -0.002832723, -0.00063623814, 0.0035717792, -0.015916502, -0.014596513, 0.014859296, 0.004510312, -0.016778583, -0.0045742886, -0.048156504, -0.009053108, 0.01593867, 0.0074397726, 0.0072086356, 0.008303338, 0.0011031724, -0.0087161865, -0.0067475555, -0.0052727927, -0.010313999, -0.0002667411, -0.02244691, 0.0010433532, -0.008612883, 0.0050347187, -0.02466679, 0.0014094943, -0.017312229, -0.0067445897, -0.008665912, 0.010614349, 0.003778375, 0.018722411, 0.012474276, -0.009534162, 0.00530954, -0.014151799, -0.009055722, -0.017790964, 0.001992628, -0.013074755, -0.009913811, 0.012222414, 0.0066899983, -0.015809586, -0.004293148, 0.012678788, 0.007215731, -0.012547955, -0.0023468484, 0.0068539786, -0.00015921447, 0.013230414, 0.0017788613, -0.005180496, -0.004658038, -0.0064207916, 0.0017990974, -0.011158853, 0.02411784, 0.010887519, -0.0075448034, 0.0095104715, -0.011756545, -0.003620782, 0.025644638, 0.007733534, -0.009053574, -0.012995495, -0.00028147287, 0.016169986, -0.008151026, 9.009695e-05, -0.020951286, 0.006387283, -0.012935192, -0.003977164, 0.00012757182, 0.006687609, -0.011383592, -0.00989106, 0.0063057863, -0.008325619, -0.020981772, 0.009543626, 0.012640149, 0.007806195, 0.025318462, -0.008757871, 0.008251644, -0.00933543, 0.0025678216, -0.0064508975, -0.0004066896, 0.0032790834, 0.009148056, -0.008831259, -0.016326671, 0.021688005, -0.006681185, 0.001325223, 0.002351686, -0.0016632656, -0.0014560155, 0.010543709, -0.0010265145, 0.008161008, 0.01400738, -0.009752736, -0.006569327, 0.0016573525, -0.008741744, -0.003089187, -0.0023156332, 0.00072016753, 0.010036327, 0.020777153, 0.0031416954, 0.0052019637, -0.011461153, 0.0018951212, -0.021603389, 0.011170786, 0.001856716, -0.0064279498, -0.01265021, -0.008484548, 0.016344117, -0.01948592, 0.019372867, 0.03660084, 0.00077156816, -0.0066197035, -0.015512137, -0.0068484275, 0.0075914403, 0.010466261, 0.01827387, -0.027679682, -0.003104267, 0.01584243, 0.030765668, 0.0033971092, -0.003133501, 0.00470892, 0.0064555025, -0.0035903025, -0.0028467062, 0.014134251, -0.0097386, -0.00627129, 0.0034131985, 0.000705424, 0.02338168, 0.012461638, 0.0044889892, 0.013393767, 0.004811507, -0.0036652808, 0.008192003, 0.0004766687, 0.021209959, -0.0053486377, -0.008651318, -0.0034911742, 0.012300654, 0.0038299954, -0.0017723977, -0.0019381671, 0.020541376, -0.009568036, 0.011357948, 0.00022278825, 0.0054003764, -0.008230039, -0.00847944, -0.019578049, -0.006981645, -0.0037480134, 0.013894978, -0.0035447478, 0.004843895, 0.017174715, 0.013276792, -0.011563765, 0.0007840201, 0.009538235, 0.020234752, 0.0023321135, 0.0019520347, 0.0077802953, 0.020051919, 0.000848231, 0.0051973225, 0.0041972483, 0.010426683, -0.0040768515, 0.012310485, -0.013629715, 0.0008160067, 0.016760217, -0.0025293669, -0.015835548, 0.014575872, -0.0072105774, -0.015352277, -0.0005521999, 0.008921993, -0.002234247, -0.014325007, 0.0064387894, 0.0020280778, 0.005148799, -0.00076403574, -0.0788033, -0.0068854694, -0.00072958233, 0.012499299, -0.0010107858, -0.011204164, -0.0024304993, -0.01833314, -0.013569349, -0.0056968085, 0.016210938, 0.0013050498, 0.015723951, -0.020804645, 4.5805613e-05, 0.008151861, 0.016296891, 0.012649433, 0.009357746, -0.013403907, -0.0020320576, -0.0017054151, 0.006318483, 0.023763992, -0.023208003, -0.012174987, 0.0104340855, 0.004047175, 0.0049794996, 0.008170256, -0.019335296, 0.0060246554, -0.010877331, 0.018249422, 0.029905371, 0.010668539, -0.013007998, -0.013531798, -0.1299438, -0.0007604339, 0.01031632, -0.008154158, -0.0063683526, 0.004155878, 0.021183813, 0.007768713, 0.023582099, -0.002259013, 0.01572205, 0.009916562, -0.0027005323, -0.002549774, -0.0063073034, -0.0068166954, -0.008571128, 0.009018735, -0.011957317, 0.005624996, -0.003240603, 0.023156408, 0.034167122, -0.013864096, 0.014980166, -0.007773526, -0.0022856165, -0.0032209288, 0.011585654, 0.0017619509, 0.012471726, 0.006408586, -0.0015783609, 0.0031503567, 0.005216782, 0.021548929, 0.007513973, 0.0015276867, -0.012238737, 0.004294371, -0.0019558333, 0.0014596054, 0.014689786, -0.027259082, 0.006423993, -0.0031669177, -0.00972979, -0.013758972, -0.011135865, -6.923752e-05, -0.014474108, 0.014434621, -0.018969176, 0.002509989, 0.006970417, -0.030378114, -0.004511275, -0.004057653, 0.009466718, 0.012674018, -0.0058880346, -0.022275234, -0.010130553, -0.0048150965, 0.012626177, -0.005562064, -0.007389809, 0.030554319, -0.01029421, 0.0005017351, -0.0079553295, 0.0008620632, -0.017234212, -0.015921652, 0.0013809875, 0.003784844, 0.005522036, 0.0077385306, -0.0048283357, -0.009828205, -0.013807331, -0.014780763, -0.015072426, 0.0066713355, -0.006320034, -0.03737796, 0.025253454, 0.019725114, 0.003656549, -0.069647975, 0.0023846682, -0.030727293, 0.0022396524, 0.015235743, 0.024073044, -0.028009936, -0.012683893, -0.00024475652, -0.005711105, 0.011121396, 0.012370161, 0.0010166946, 0.028776757, -0.0043577696, 0.012576133, -0.012176373, -0.014150337, -0.014397821, 0.0047358917, -0.025135016, -0.0160635, -0.013328807, 0.01298829, 0.009617925, 0.005145365, -0.0007083593, 0.0020393275, 0.00082249625, -0.01682288, -0.01578342, -0.003459302, 0.008945531, 0.015135075, 0.004475669, 0.021419246, 0.004069695, 0.034840025, -0.008350785, 0.00067164307, 0.006135956, -3.666082e-05, 0.024288777, -0.024668328, 0.0054039294, -0.0039112135, -0.0021211805, -0.011768018, -0.019881576, -0.00027390468, 0.009603614, -0.0023353072, 0.02697253, -0.023431242, 0.0068557053, 0.009516617, 0.016531803, 0.010798226, -0.017235663, -0.0027417694, -0.014517477, -0.013321681, -0.017899293, 0.011781675, 0.018185196, -0.011159301, 0.0004761546, 0.009534638, -0.014123817, -0.016943572, 0.004373938, -0.009771126, 0.02051822, 0.0021941692, -0.012790425, 0.016706455, -0.0062073986, 0.01586771, -0.013586722, 0.0009906464, 0.00805096, -0.018852567, 0.014408927, 0.015361192, 0.012579659, -0.022282574, -0.017808234, 0.015675515, -0.0010913836, -0.004317157, -0.017652357, -0.020606622, -0.00092662155, 0.008673532, -0.023199625, 0.017509814, -0.018586697, -0.004201679, -0.0018791809, 0.008470643, 0.004453934, -0.009304893, -0.011308542, -0.01361954, -0.00754355, 0.0135366, -0.0023250214, -0.0080378195, -0.009478141, 0.009421878, -0.018096, 0.02130571, 0.0040950356, -0.011968065, -0.16100314, 0.0052773952, -0.0030409002, -0.008043731, 0.003942948, -0.008232062, -0.012890626, 0.01024914, 0.0012834332, 0.005432849, 0.021290457, 0.0061908322, -0.0056033405, -0.0051505067, 0.020152109, -0.0024660411, 0.015872527, -0.0020532678, -0.008133774, -0.01180036, -0.03769906, -0.004065048, 0.008907846, 0.023120156, 0.015108292, -0.018452974, -0.0006028592, 0.018789094, -0.0114312945, -0.00042016452, 0.008754487, 0.012523468, -0.0076570967, -0.0188826, -0.008733329, 0.014949992, -0.020232985, 0.0019248873, -0.020989606, -0.01954911, -0.0058010565, -0.015963446, 0.0027937058, -0.008635753, 0.0071193264, 0.008969731, -0.01692894, 0.005389425, 0.006580552, 0.009390006, 0.010983782, -0.008831419, 0.0035380882, -0.005695151, 0.0051075574, -0.012601918, 0.021881238, 0.03568862, 0.015610914, 0.011381848, -0.009166026, -0.013076806, -0.0003293168, -0.004060688, -0.015394239, 0.0012415048, -0.017706819, 0.13443014, -0.020171862, 0.031246595, -0.011404299, -0.009624353, -0.00674816, -0.004437025, 0.00084953, -0.0032528022, -0.012851473, 0.004138261, -0.008943277, -0.003944243, -0.013864396, -0.019791275, 0.010527377, -0.00041590704, -0.0030602994, -0.033336386, -0.02776493, 0.014423845, -0.031319473, -0.024255646, 0.0012649121, 0.023969417, 0.0058502946, 0.018997617, 0.008776068, 0.01948119, -0.011151469, -0.0015196367, -0.002614421, -0.016706435, 0.0012182448, 0.001040321, -0.0008223599, 0.012776489, -0.028440058, 0.0059984564, 0.00036016654, -0.011193453, 0.022628773, -0.006025887, -0.015135064, -5.2147283e-05, 0.01234781, 0.008968573, 0.0027843069, 0.02535472, 0.0069156927, -0.027958266, 0.0158576, -0.008124799, -0.0019789918, 0.029102487, 0.0009902876, -0.017384669, -0.00095571554, -0.0073065218, 0.013707082, 0.0034747277, 0.001428372, -0.0031899798, -0.0030473238, -0.013667938, -0.010575103, 0.012314183, -0.0075004827, 0.017701412, -0.097717926, -0.031122984, -0.029008739, -0.028292509, 0.0055597136, -0.001783359, -0.0048336657, 0.013181846, 0.0021885706, -0.010305616, -0.01835416, 0.00469242, -0.021800784, 0.01294435, 0.0041019646, 0.010502434, -0.019628003, 0.01959363, -0.00040042843, -0.0013829904, -0.014688696, 0.027979149, 0.0043654963, -0.012720471, 0.005968355, 0.026521586, -0.0078005916, -0.016112164, -0.032123853, -0.015281799, 0.020133002, 0.018877257, -0.018699195, 0.01079194, 0.0038399056, 0.0261752, -0.009494962, -0.013644296, -0.00089301646, -0.026163043, 0.015510233, -0.018113967, -0.019914832, 0.001635109, -0.004824629, -0.007874251, 0.009645308, 0.0012251231, 0.0044359914, -0.007040385, 0.010658816, -0.013647086, 0.028337954, 0.01439027, -0.024159579, 0.015145517, 1.1929201e-05, -0.010943127, 0.017893443, 0.00073688145, 0.0049179546, -0.0037875178, -0.021340357, 0.01588134, 0.015991732, -0.025881218, 0.0025722014, -0.015655164, 0.0381111, 0.006274292, 0.0023314035, 0.012606795, -0.004352513, -0.014271295, -0.0073073343, 0.003065988, -0.0052382, 0.019382682, 0.009820245, -0.0074870754, 0.00065581565, 0.0036204637, 0.0048762825, 0.0047267205, 0.012212717, -0.01581445, -0.00029311204, -0.008797471, -0.004147727, 0.0005281324, 0.020341588, -0.005743279, 0.0075784875, -0.0125684, 0.0019455584, -0.00038222346, -0.02228555, -0.0046211723, -0.00047896727, -0.015285321, 0.015791345, 0.00013687389, -0.018734569, 0.01830092, -0.004336124, -0.013054687, -0.016497822, -0.011531785, -0.0026089018, 0.011278889, -0.016332474, 0.017168958, 0.004977573, 0.017196272, 0.0204522, 0.0046173087, -0.0049445014, -0.012357213, -0.007876944, -0.026803495, 0.020368194, -0.0044799936, -0.013699214, -0.01675966, 0.002771965, -0.009890353, 0.0034271458, -0.0031416481, 0.023957778, 0.006634334, 0.016588252, 0.02186161, -0.010802363, 0.010580014, -0.013159708, 0.0014877283, 0.015145249, 0.017173786, 0.0292806, 0.004169769, -0.006679101, -0.0039863386, -0.015639618, 0.01686073, 0.011831539, -0.04040137, -0.016068997, -0.012485975, 0.019867849, -0.0058794417, 0.008571313, 0.0022531892, 0.008916829, -0.0067995517, 0.019005358, 0.008838709, 0.0075677857, 0.015980177, -0.007735965, -0.018079963, -0.0008025186, 0.009084053, 0.0018169658, 0.001713, 0.0111166295, 0.0023124216, -0.015890596, -0.01699214, -0.0041227294, -0.00988446, -0.013666002, -0.019308269, 0.03283241, -0.02407052, -0.0051709483, 0.0069727865, -0.00030815825, 0.016008822, -0.017902015, -0.065067545, 0.0043654074, 0.0055493047, 0.012139444, -0.0055911257, -0.00078649557, -3.3079585e-05, 0.0004631962, 0.007556902, -0.031163562, -0.005277299, -0.00785061, -0.016076026, 0.006191181, -0.009585864, 0.012155058, 0.007140775, -0.036365245, 0.0013148781, -0.010698041, 0.001271311, 0.011044314, -0.016507693, 0.0014904487, -0.014429347, -0.00010097845, -0.004144485, 0.014770095, 0.0016987196, -0.017275285, -0.0023367656, -0.011186602, -0.009939812, -0.01946893, -0.0017695103, 0.024432054, -0.009581108, -0.008819485, -0.0039168624, -0.037032332, 0.011033543, 0.00019766683, -0.06533742, 0.011662249, 0.014569864, -0.013403347, -0.0015877063, 0.003240635, -0.007159351, 0.009794544, 0.022390105, 0.006656984, 0.0028516909, 0.0018542766, -0.005623794, -0.008099862, 0.010015195, -0.020213416, 0.006049014, -0.01119938, -0.011992009, 0.00010966717, -0.017250067, 0.0034110362, -0.004382076, 0.019187564, -0.039037377, -0.0029638743, -0.0026588417, 0.02041754, -0.0028506143, -0.02641632, 0.014039245, 0.00303265, 0.0029322037, -0.0009740006, 0.012901279, 0.0114179235, 0.0075679915, 0.018220777, -0.0024439988, -0.013038343, 0.014394438, 0.03175195, 0.0056591197, 0.00711962, -0.009491189, -0.09577234, 0.0123390285, -0.0026618615, -0.0030258605, -0.021096403, 0.014188999, -0.020059876, 0.032777708, -0.011845262, 0.0022738387, 0.004657707, 0.014500234, 0.008472009, 0.008803139, 0.0015910808, -0.01564716, -0.02096685, -0.013154173, 0.012931446, -0.021645347, -0.0011306525, -0.00037292758, -0.004152387, 0.02579602, -0.006760531, -0.06405247, -0.006062693, 0.014326088, 0.034080014, -0.021985913, -0.005217343, -0.003206231, 0.01626583, -0.011591299, 0.021669935, -0.0073691276, -0.023505777, -0.009487899, 0.014518804, 0.006654102, 0.003831568, 0.003701375, 0.0002951118, 0.008821329, 0.00056507596, 0.019545076, -0.014077207, -0.027584266, -0.0148560535, -0.006011825, -0.005124685, -0.015776187, 9.198362e-05, 0.002151161, 0.012734709, 0.042333104, -0.012634477, -0.017360913, -0.013387594, 0.013463598, -0.002188123, 0.016958578, 0.0076820944, 0.012817457, 0.003285283, -0.0067400374, -0.0014226094, -0.000903886, -0.03787737, -0.019237878, 0.0051264334, 0.018154483, 0.0033763607, 0.010701125, -0.0044241683, -0.010128276, -0.02215406, 0.016878342, 0.0060937083, -0.011930473, 0.011159266, -0.0015842236, 0.0011093505, -0.021311294, -0.034210894, -0.002852606, 0.009417566, 0.013287117, 0.005908186, 0.014882276, 0.038725607, -0.00725843, 0.009987656, 0.0015841258, 0.004280779, 0.010294867, 0.029322831, -0.015269656, 0.005578197, -0.031427514, -0.0037342205, -0.0036107127, -0.0039830254, -0.015758486, -0.0051339394, 0.018072208, 0.014971667, 0.0053192144, 0.009286307, -0.015980052, 0.021076646, -0.018240921, -0.015424854, 0.016036829, -0.022916427, 0.016024442, -0.013188503, 0.00092884654, 0.012750862, 0.0057868874, -0.031090131, -0.0013684096, -0.040670037, -0.019707942, -0.0082681915, 0.00057598815, -0.017338805, -0.005455453, -0.008806448, 0.012519834, -0.012953638, 0.030930493, -0.0029815892, -0.0072107087, 0.018135883, 0.013645884, -0.015494316, 0.0126667, -0.007417572, -0.01349913, 0.023261277, 0.00013543226, 0.007335552, -0.01788684, 0.024596976, 0.013213172, 0.01502919, 0.019224852, -0.009793034, -0.0053832824, 0.001992558, -0.014758622, 0.016057659, 0.013859356, -0.014546612, 0.013577729, -0.0003157415, -0.027122106, -0.005567037, -0.01934843, 0.012850086, -0.014297232, -0.0036629692, -0.0014657943, -0.0043016337, 0.007897503, -0.004288743, 0.021703174, 0.018328497, 0.005397942, 0.007376564, -0.0050098943, 0.0011377654, -0.01109686, 0.018125843, -0.018618716, -0.0041589593, 0.0043267766, 0.010533265, -0.030117454, -0.0030665623, -0.017785719, 0.0027812135, -0.0098689385, 0.026390824, -0.018700365, 0.024334338, -0.020685822, 0.012653479, 0.003462875, -0.0021467828, -0.006856845, 0.0048703523, -0.00055504875, 0.0064682285, 0.012730375, -0.0006412724, 0.006255138, -0.00047033507, 0.006089309, 0.020161107, -0.013279563, 0.0062103835, -0.008873983, 0.004684423, -0.00033376075, -0.021441784, 0.000244036, -0.012167215, -0.0119345095, 0.019923307, 0.021489039, -0.012685232, 0.020944057, 0.0017131764, -0.0016096728, 0.008756947, 0.012504685, -0.014518723, 0.0038351761, 0.015695026, 0.030980201, -0.002114065, -0.007558767, -0.022683237, -0.020815473, 0.017398974, -0.025881128, -0.011860679, 0.015483009, -0.010995846, -0.0019559823, 0.02218808, 0.022017155, -0.0035233684, -0.01278961, -0.0024055983, -0.0063722376, 0.013470712, 0.0046411613, 0.005812331, 0.0050915936, 0.016520454, -0.010841756, -0.023397813, -0.025163455, -0.0027468414, -0.01397688, -0.011458074, -0.014769837, -0.010685374, 0.0034970944, -0.0076811104, -0.028388541, 0.0071777347, -0.001524184, 0.008848319, -0.01717438, 0.011657669, -0.004687728, -0.031843197, -0.0017291215, -0.020893585, 0.00012457998, -0.025285592, -0.040631644, 0.035923902, -0.006513333, 0.007477633, -0.0058512758, 0.02136289, -0.0010440758, 0.0009191345, -0.024818603, 0.011804329, 0.020874465, 0.0087045, 0.00069159537, -0.019498566, 0.013008401, -0.0031238266, -0.0038683494, -0.005330248, 0.03307668, -0.014522966, 0.01008406, 0.028655233, -0.011757998, 0.004445468, -0.0014491602, 0.01623062, -0.017807633, 0.015947027, -0.016879018, -0.008072733, -0.014879351, -0.013990804, -0.013465263, -0.0037016745, 7.9263395e-05, -0.024735969, -0.018425722, -0.009648197, 0.008100186, 0.0065404424, -0.004216901, 0.0042199637, -0.0037253038, -0.0066433665, 0.000574915, -0.029506946, -0.024267219, 0.0051938356, 0.015066745, -0.02693983, 0.012283247, -0.023608128, -0.010109943, 0.0028978244, -0.020349925, -0.012802092, -0.014639221, 0.022499481, 0.022278015, -0.015582197, -0.006205148, -0.00593932, 0.010388356, 0.037244856, 0.002247765, 0.027864091, -0.021834137, 0.014280159, 0.011349758, 0.027619453, 0.013622335, 0.019658199, 0.006585853, 0.00022644569, 0.00311697, 0.013576429, -0.0026116045, 0.0016687212, 0.0015814321, -0.004974257, 0.008140487, 0.023437414, -0.011592601, 0.00027243647, -0.008463304, -0.0007852524, 0.006786588, -0.006453098, -0.0077101854, 0.011460822, -0.0072687813, 0.004296587, 0.00075551256, -0.0070868866, -0.0018243907, 0.011709398, -0.030568125, -0.04028089, -0.013234742, -0.0014935384, -0.00799644, 0.012241994, -0.029403463, -0.0014246311, 0.015259385, 0.015960518, -0.0053408025, -0.017554328, 0.019081118, 0.0016047796, 0.0023250813, 0.013842557, 0.007869338, -0.009549469, -0.03320923, -0.004808101, -0.00850621, 0.00506259, -0.01340684, -0.016201075, 0.0053452924, 0.004425109, 0.0063718325, -0.002848718, 0.0072763097, 0.005879723, -0.015712915, 0.006226162, -0.0154818725, 0.00261715, -0.0062861834, 0.0017050822, -0.01221904, 0.022056265, 0.007896497, 0.007522375, -0.008417249, -0.0035408004, 0.011144041, 0.010138148, -0.005526403, -0.014211447, 0.007683151, 0.000636222, 0.016424032, 0.0023347451, 0.013981121, -0.019988228, -0.025847673, -0.0065187723, 0.0033157433, -0.012230181, 0.0060275705, 0.0154879205, -0.009425353, -0.027638555, 0.018586531, -0.00048862264, -0.0033331288, -0.02063114, 0.020428281, 0.020200785, 0.013187838, -0.0027932741, -0.029403936, 0.015742837, -0.016165338, -0.008215273, 0.025023561, -0.024854211, 0.008551736, 0.007373705, -0.0076811262, 0.008742998, 0.0030256792, -0.0125374, 0.0005969936, 0.0155443195, -0.017476888, 0.02235216, 0.013728156, -0.00017738855, -0.014548534, 0.0048501934, -0.0067341044, 0.0025032547, -0.006265965, 0.00037115006, 0.005961208, 0.0021947168, -0.004082803, -0.012879744, -0.002046877, -0.0022314806, -0.0024762861, -0.017084632, 0.016328355, 0.02088403, -0.028323896, -0.02987029, -0.0054201293, 0.010846163, -0.003605107, -0.01851164, 0.009140076, -0.033098426, -0.017084055, -0.06655629, -0.009783908, -0.033718478, -0.017881151, -0.00876133, -0.008492867, -0.0076803504, -0.04749755, -0.0019433764, -0.0073267533, -0.0047506155, 0.04714002, 0.009694327, 0.02194331, -0.0073458464, -0.027199248, -0.0075541157, -0.011246722, -0.01023555, -0.011517405, -0.004096463, -0.02165209, 0.00070177234, -0.017387364, -0.0044712056, 0.01626393, -0.014592535, 0.0025146785, -0.00013357836, -0.01591315, -0.0012348819, 0.0038214792, 0.009034895, -0.01454413, 0.013431788, -0.0080364095, 0.004161051, -0.036729585, -0.0066971327, -0.012780661, 0.021525742, -0.0054611824, 0.022316137, -0.010737818, 0.025045976, 0.0070249056, 0.0075079906, -0.021354534, -0.02824853, -0.018120905, 0.014493521, -0.006091076, 0.0082689095, 0.018876258, -0.0017258675, 0.022289295, 0.005367766, 0.016056795, 0.0067732036, 0.01078665, 0.028427932, -0.008367234, -0.010987044, 0.011353822, 0.00846593, 0.0068750433, 0.035813916, 0.0033027658, 0.0077369395, 0.014117981, -0.004107251, 0.008937193, 0.027185787, -0.0043280493, 0.022894006, -0.0055091213, -0.018682536, 0.0016577927, -0.0064527234, 0.006525831, 0.004570852, 0.0067255665, -0.012996075, 0.01131382, 0.027276328, 0.0011655707, 0.010828151, 0.022343807, 0.0029116198, -0.011416909, -0.01524991, -0.01310081, -0.0039295224, 0.003104778, 0.017765094, -0.025618214, 0.0021617017, 0.0065291934, -0.012794453, -0.013385858, 0.0056223404, 0.0069510117, 0.010926612, -0.010501736, -0.0028578045, 0.0003485998, 0.0016642875, 0.0018929385, -0.0015261356, -0.0048087877, -0.00432289, -0.00227048, 0.0034363966, 0.0060828296, -0.005809928, 0.00188421, -0.007978983, -0.01217001, -0.0021277843, -0.0043881186, -0.0011368924, -0.013033243, -0.0058028465, -0.010371314, -0.0059605623, -0.004530926, -0.02220533, 0.008489409, 0.0045675053, -0.001057186, 0.008830426, -0.0064050276, -0.017631644, -0.005962414, 0.026049988, -0.0026995717, -0.0022171305, -0.008598979, -0.008448649, 0.027813861, -0.00725074, 0.006436081, 0.004945886, -0.010859945, -0.005586071, -0.0017191904, 0.00863827, -0.030822527, 0.018767834, -0.004712604, 0.007291904, -0.0019374373, 0.0029557599, -0.003956161, 0.017400276, 0.00046606187, -0.011171949, 0.001553397, 0.0015575024, -0.017646695, 0.018164895, 0.00575282, 0.009913258, -0.009096649, 0.01664322, -0.008076529, -0.00498963, -0.0018213933, 0.0127304075, -0.003138823, -0.015019056, -0.0027922376, 0.018035203, -0.0037907336, -0.011005618, 0.015022285, 0.005517324, 0.0058931666, 0.004433568, -0.006958256, -0.0024948514, 0.0040886933, 0.009589539, 0.005164076, 0.0026073419, 0.0045193573, 0.020786336, -0.02143917, 0.0132586975, -0.010110752, -0.0044381577, 0.00647262, 0.000440642, 0.002401108, -0.031286992, -0.003685518, 0.03019945, 0.005378684, -0.00036565858, -0.0073487083, -0.010186014, 0.0022258828, -0.017647365, -0.0070004044, -0.0056779743, 0.000549655, -0.008501392, 0.015636722, -0.020864105, 0.0058703176, -0.00982956, -0.01300966, -0.015776783, 0.021125404, 0.17068212, 0.13995522, 0.016615054, 0.014463876, 0.013991635, 0.008002873, -0.008079316, -0.0030809152, -0.0038399026, 0.047903415, -0.013672564, 0.013637516, -0.0025163488, -0.0049202074, -0.008488213, 0.011782177, -0.005275456, 0.022119615, 0.005403409, 0.016047742, 0.0052680555, 0.017533552, 0.0006108445, -0.0054697637, -0.0006367781, -0.0013599303, 0.0058935233, 0.0030444036, 0.030070977, -0.011276985, -0.008693994, -0.0074049984, 0.004332603, 0.023435542, 0.0069628144, -0.008549396, -0.01452528, 0.0041399696, 0.00954936, 0.00090514374, -0.01713288, -0.004808878, 0.00045613924, -0.005519847, 0.0127211455, 0.002097576, 0.0045157033, -0.013420956, 0.010401227, 0.010911779, -0.014669289, -0.003537856, 0.018721025, 0.018572498, -0.015485005, 0.0063726166, 0.018297702, -0.016770402, 0.028862165, 0.0064507546, -0.0024380693, -0.0016683566, 0.002074929, -0.0015759126, -0.00088527, 0.013631674, 0.008268089, 0.014279948, -0.007586014, -0.0052347067, 0.0033499696, 0.008294076, 0.0076376474, 0.016250744, -0.017230306, 0.015457255, -0.0074359593, -0.013025575, -0.0064491024, 0.0020473534, -0.011558804, 0.017866587, -0.00053641637, 0.009245055, 0.013480508, 0.017598005, 0.010772486, 0.007371957, 0.11604049, -0.021869276, -0.011263271, -0.033142272, 0.0319427, -0.00031120243, -0.00025200652, 0.04968315, -0.00793549, -0.0025570027, 0.021791382, -0.0006046131, 0.00831105, -0.00033581853, 0.007932774, -0.019296216, 0.0021261259, 0.02956778, 0.010103247, -0.0042500105, -0.020091372, 0.0016815872, 0.010331093, -0.014879812, 0.014328646, 0.0037040832, 0.009561542, -0.006720467, -0.03421857, -0.010545974, -0.095538676, 0.002772729, 0.020902826, 0.016062258, -0.0077189687, 0.011091672, 0.018686043, -0.0076862816, -0.014732434, 0.0063066687, 0.00216238, 0.0064359186, 0.02264313, 0.007523587, 0.0035316125, -0.010233181, 0.002729105, 0.013572381, 0.0067962436, -0.008168996, -0.0016808187, 0.009135025, 0.0103661595, 0.011151069, 0.010845735, 0.01800973, -0.024380391, -0.015393631, 0.023605933, 0.020932104, -0.012008874, 0.0053379224, -0.01688162, -0.0015930407, -0.00038814612, -0.0072685597, -0.0045130975, 0.003540678, -0.017452082, -0.003435737, -0.005145209, -0.022701092, -0.0016472933, -0.013600131, -0.0020943284, 0.022718381, 0.011023248, 0.013515619, -0.002548277, 0.0068841963, -0.00096274354, 0.007040385, 0.022682901, -0.007061806, -0.0005273652, 0.011661105, 0.012171949, 0.0025082296, 0.0053031836, -0.0055859084, 0.00950873, 0.016229466, -0.013675758, 0.0178187, -0.034192134, -0.025129564, -0.004362435, 0.013614755, -0.0030393451, 0.014273858, -0.016069775, 0.011060991, 0.016729381, -0.0063883197, -0.011384661, 0.021191144, 0.008696939, -0.008729749, -0.007864719, -0.022954356, 0.016584892, -0.0017800084, 0.0022343597, 0.10034688, 0.0049599665, 0.0039844587, 0.0010649842, 0.019773945, 0.008561927, -0.011022373, -0.025507733, -0.02624118, -0.017091583, -0.013995182, 0.030453663, -0.010272955, 0.010290923, 0.015241786, -0.0034898734, -0.003442169, -0.0007338965, -0.0034690343, -0.008232727, -0.0036206513, -0.014792561, 0.030682333, -0.01018658, 0.019188829, 0.016809534, -0.008068343, 0.0073726936, -0.016657935, -0.018998563, 0.006241745, -0.013173385, 0.006195957, -0.006686561, 0.004213204, 0.017322263, 0.003013895, 0.008728948, -0.000739725, -0.023893451, 0.008599736, 0.011801804, 0.028108971, -0.0060485695, -0.043927256, 0.19673716, -0.016410599, -0.010815042, -0.018565658, -0.0020751173, -0.0033357495, 0.013501646, -0.024184797, 0.014648948, 0.023598474, 0.015143338, 0.011894063, -0.023746708, 0.0065584765, -0.014881436, 0.001856114, -0.022033492, -0.0020176691, 0.008671972, 0.010836035, -0.023322072, 0.0013042558, -0.011755769, -0.0104123475, -0.0014693401, -0.005965029, -0.0053222855, 0.022859853, -0.009224545, 0.017817236, -0.015799997, -0.016157234, 0.00882527, -0.014174547, -0.004024032, -0.0048867236, 0.018158471, 0.0011015635, 0.0014873423, -0.003728687, -0.0031308164, -0.016601188, -0.014220167, 0.006212346, 0.0001945121, -0.0063884677, 0.0041557206, 0.009465215, -0.017763445, -0.019573502, 0.02142765, 0.0065510506, -0.0050123814, 0.0015479735, 0.010353485, 0.018915216, 0.0054140966, -0.007827971, 0.016130798, 0.0063080466, -0.022044208, -0.0025205386, -0.0047258222, -0.009033608, 0.0062070633, -0.012110792, -0.009166974]"
Se queda sin clave preescolar de Xicohtzinco para el ciclo escolar 2025-2026,https://oem.com.mx/elsoldetlaxcala/img/25456895/1756396870/BASE_LANDSCAPE/1200/image.webp,LOCAL,no descripcion,https://oem.com.mx/elsoldetlaxcala/local/se-queda-sin-clave-preescolar-de-xicohtzinco-para-el-ciclo-escolar-2025-2026-25454681,"[-0.017709581, 0.011916728, -0.001720266, -0.06776792, -0.004692111, 0.0105846245, -0.0042986358, 0.012603239, -0.008911641, -0.039090198, -0.024941938, -0.01584958, -0.0027367389, -0.0049101207, 0.118958496, 0.018692454, -0.0017633279, 0.011131407, -0.0025652756, 0.0068100393, 0.013227987, 0.0146618495, -0.01671798, 0.0005185936, 0.0147696, 0.010153585, 0.023703452, 0.00092404557, 0.055230018, 0.012642303, -0.01242086, 0.0061439443, -0.010234576, 0.005904432, 0.018232174, 0.0125716925, 0.0042539863, 0.007977185, 0.008057002, 0.013544917, -0.016884863, 0.034121316, -0.03471686, 0.001645659, 0.018237446, 0.032470748, -0.021526301, -0.03699151, 0.01211669, -0.0076180245, 0.028901227, -0.019696148, -0.0005049264, -0.17607707, -0.010054309, -0.008103525, 0.0004564536, 0.043602902, -0.016735349, -0.01938939, -0.020809935, 0.03392227, -0.013821061, 0.013347985, 0.037579093, 0.007108646, 0.009400761, 0.03188772, -0.020737438, -0.0038835325, -0.01158182, -0.0104014855, -0.0070650415, -0.0046039606, -0.02273737, -0.007453344, 0.008431958, 0.01830979, 0.0049444623, 0.0016397, -0.001308677, -0.020783197, -0.0042009247, -0.026673697, 0.0051750415, -0.019587342, -0.0062807454, -0.030272326, 0.003311149, 0.005214253, -0.016455676, 0.03459764, 0.014421108, -0.003968004, -0.015943447, 0.0064126877, 0.0062800716, 0.00076094933, -0.010072547, -0.021855175, -0.020443922, -0.011384069, 0.016543766, -0.032229286, 0.018580312, -0.031656172, 0.012951208, -0.019033514, -0.011098088, -0.0026252265, -0.018167626, -0.02075886, -0.016217763, 0.008336089, 0.015289456, -0.15123846, 0.019337287, 0.004079278, -0.016978493, -0.025356494, -3.77857e-05, -0.034454826, -0.004810005, 0.013832297, -0.041303594, -0.010771074, -0.039754704, -0.0051283725, -0.014250838, -0.008474907, 0.0033286645, 0.02072261, 0.045929413, 0.0041043954, 0.0007756709, 0.02057485, -0.017522966, -0.012886762, -0.008682638, 0.004903872, -0.00738219, 0.0045101284, -0.019599184, -0.0136775775, -0.025812356, -0.0008468907, -0.0099913655, 0.01052191, 0.008265881, 0.0029648787, -0.016253883, -0.0027892904, -0.019350255, -0.02240658, 0.006388393, -0.03773585, 0.025047341, -0.008746097, -0.024733461, 0.011014856, 0.030632243, -0.036109127, 0.0063184802, 0.012151684, -0.008164772, 0.026610004, 0.0029728117, -0.0032020768, 0.03654673, -0.014189795, -0.019596096, -0.002177403, -0.023543354, 0.012426105, -0.011306128, 0.012141593, -0.011413041, 0.016501833, 0.0061074095, 0.027384073, 0.01002726, 0.0019337484, -0.004832826, 0.010916167, 0.0021905492, -0.023220027, -0.0022073975, 0.02008565, 0.0063460553, 0.004142269, -0.030924821, -0.0030407037, -0.013292504, -0.037837632, 0.016469318, 0.014188373, 0.0140886, -0.027898813, -0.0027810715, 0.007992274, 0.0052876635, -0.012279537, 0.0027995587, 0.008067995, 0.0032199293, 0.009416783, -0.017097034, -0.011228055, 0.020301158, 0.011215149, -0.0070127957, 0.014189286, 0.004194879, 0.008315485, 0.013700243, -0.02155146, -0.037423372, 0.004232066, -0.0075105163, 0.0070486837, 0.002641246, -0.0039380933, -0.0047423034, 0.033176802, -0.005348527, -0.012469679, -0.014097749, -0.013255904, 0.0012648909, -0.012080302, 0.043970205, -0.021238675, -0.009998414, 0.025114063, -0.016061474, 0.016116744, -0.007944628, -0.0016288254, -0.0025542432, 0.008642256, -0.0040381616, 0.0074711386, -0.007558334, 0.0069369134, 0.0039578793, -0.0022777505, -0.0026085821, -0.012365461, -0.0070247413, 0.031346854, 0.018214788, 0.016831253, -0.0026035141, 0.008485028, -0.004281753, 0.0011522975, -0.018245006, 0.02521892, -0.028987274, -0.007969166, -0.026985202, 0.006464727, -0.0043713204, 0.0033313774, -0.011543903, 0.0070692445, 0.008338478, 0.0091727385, -0.021576054, -0.01722895, 0.014198184, 0.0097568, -0.012620295, 0.008824985, -0.010939396, 0.013697827, -0.077206895, 0.012853139, -0.0062883245, -0.009677835, -0.009236326, -0.00849225, -0.025029222, 0.007025618, -0.017846074, -0.01328857, 0.009675059, -0.03631832, 0.021287367, -0.02009092, -0.01449349, -0.013578721, -0.009859604, 0.0073081814, 0.014611292, -0.0055096718, 0.000947852, 0.007027692, -0.018022338, 0.0002229328, -0.020829206, 0.009672743, 0.025461834, 0.043270443, 0.0011603743, -0.0127161555, -0.012652916, -0.005763795, -0.014484487, -0.014912786, -0.0016100097, -0.0015893275, 0.0001122798, 0.023563094, -0.005005638, 0.007068117, 0.030098427, 0.013205471, -0.0052681393, 0.017647862, -0.026247911, -0.0037398322, -0.0075078174, -0.031939417, -0.011970158, 0.016672827, -0.012104991, 0.007515883, -0.005547438, -0.015479711, 0.01010299, 0.003094697, 0.02470095, -0.0032499197, -0.02442317, -0.008896487, 0.011634442, 0.027832706, -0.0063539133, -0.010081021, -0.009712761, 0.010975361, 0.0060841907, -0.0082662, -0.0022998853, 0.032671224, -0.012244377, -0.041102853, 0.02483625, -0.012330005, 0.008079768, 0.028131144, -0.013407799, -0.004696118, 0.0061723413, 0.009907526, -0.001567826, 0.010394955, -0.010323841, 0.024177514, 0.0506399, -0.009958707, 0.0057466947, -0.011899952, 0.004129352, 0.019981265, 0.017542921, 0.0016073146, 0.0037265788, -0.037456542, -0.036849543, 0.001154524, 0.00999092, 0.0077286563, 0.008200058, 0.009560839, -0.019173425, -0.00010329004, -0.015719378, 0.008433427, 0.004101861, -0.026787838, 0.008136294, 0.016841153, -0.0065435227, 0.016942881, 0.012156414, -0.033499293, 0.03335039, -0.01998536, -0.0111055365, -0.001785614, 0.011125779, 0.006107847, -0.0038506296, 0.010488473, 0.025852991, -0.0020756875, 0.0007221354, -0.0039717713, 0.009598555, -0.0095379995, -0.0039010386, 0.0050492412, -0.014272826, 0.0028252336, 0.0021932332, -0.023373911, -0.028666932, 0.0078587895, 0.010880176, -0.026799845, 0.008811134, 0.028685091, 0.018454893, -0.0048077847, -0.027070537, 0.0039731264, -0.002649738, 0.0067069964, 0.02933965, 0.0025380375, -0.011589616, -0.00065858744, 0.028806172, 0.0004096945, -0.003713712, -0.024865204, -0.00030310475, 0.0002395726, -0.03788766, 0.0077553615, -0.008466863, -0.0069519747, 0.0042133424, -0.011873055, -0.037067723, 0.008398188, -0.0008489638, -0.010330905, 0.03968284, 0.023944715, -0.02301131, 0.03530106, 0.016793588, -0.012329019, -0.023406798, -0.012438246, -0.011737409, 0.013817793, 0.0060935696, -0.012243256, 0.011757821, -0.011891858, 0.011533875, 0.014665699, 0.033727136, 0.010138789, 0.010267332, 0.005489046, 0.008804037, -0.011210918, 0.0097389, 0.01358823, -0.032173496, -0.0016341817, -0.021951707, -0.008932661, 0.031962078, -0.007569904, -0.02569852, 0.004029978, -0.0033859734, 0.04369915, -0.028347556, 0.015961826, 0.0016729243, -0.016078092, 0.013856093, -0.0047184066, -0.013221923, -0.02209801, 0.019717775, 0.012841087, 0.0010231835, 0.019835083, 0.019281166, 0.000307838, 0.01395891, 0.021050353, 0.012957617, 0.015058579, 0.011513313, -0.012983985, -0.02725524, -0.050409243, -0.018984865, -0.004511436, 0.0011230641, 0.0029716734, 0.01049886, 0.010010371, 0.0021252097, 0.0029208167, -0.026436683, 0.023090335, 0.008649739, 0.026456015, 0.010653361, -0.021125874, 0.002096046, -0.011544278, -1.8701392e-05, 0.03881303, -0.016665557, -0.0054516285, -0.0057796524, 0.002907743, -0.008308516, 0.03560743, -0.028552713, -0.0018497154, -0.010688487, -0.012843413, -0.023871638, 0.020127365, 0.018417865, -0.015105053, -0.0037546705, -0.013143747, -0.002352006, 0.025789684, 0.002178025, 5.1925537e-05, 0.010178638, -0.01050904, 0.020287238, 0.014387362, -0.00055559917, 0.005865995, -0.0031511404, -0.02780802, -0.016386142, -0.020903628, 0.015531243, -0.0916761, 0.0018565578, 0.008026885, -0.03827879, -0.022252306, 0.010140104, 0.020958565, -0.024429277, 0.0119912205, 0.0044229208, 0.008273243, 0.01019213, 0.000118663236, 0.0033083328, 0.003883159, -0.01745031, 0.014625639, 0.025019653, 0.019601678, -0.018055081, 0.0091717485, 0.019179957, 0.0023785052, 0.01881491, 0.009601352, -0.0113896085, 0.012632105, -0.035049006, 0.0035152198, -0.0051076813, 0.010378546, -0.015008599, -0.002141257, 0.012240514, 0.036128156, -0.02073647, -0.026908975, -0.01134615, 0.009489909, 0.01149261, -0.013721912, -0.0077300393, 0.008307928, -0.01764789, 0.011351664, 0.00023958248, 0.016283358, -0.004850585, -0.0004986692, -0.04389038, -0.04156737, 0.0023750379, -0.011932531, -0.024000246, -0.02692634, 0.0028911927, -0.017692, -0.008375318, -0.008469161, 0.0016763846, -0.031795144, 0.030156601, 0.004194232, 0.016317133, 0.012115132, 0.0070530595, -0.0015294357, 0.011302519, 0.02828607, -0.0074887774, -0.0060864226, -0.017028145, 0.012402892, 0.03131496, 3.7259233e-05, 0.028187277, 0.043583374, -0.0031652446, 0.0026157831, -0.022089228, -0.015708119, 0.016802339, -0.072584614, 0.004341406, -0.013214183, -0.01870825, -0.007909023, -0.014245203, 0.0126538435, -0.019844282, 0.0013635495, -0.007082434, -0.0021065755, 0.0029160979, 0.0051517193, -0.004935123, -0.02237628, 0.008535986, 0.0292966, 0.004731964, 0.002951475, -0.020151924, -0.004275664, 0.005181759, -0.020103803, -0.0008503101, 0.00506742, 0.009296204, 0.0058429865, 0.013740014, 0.014133617, -0.018439071, -0.001844491, -0.1529678, -0.002721456, 0.012773412, -0.020332096, -0.023854954, 0.029057901, 0.023927046, -0.0040886966, -0.005682278, 0.017955294, -0.004730595, 0.0013880051, -0.048579052, 0.0006982854, 0.0007626489, 0.093212605, 6.819001e-05, -0.008854102, -0.009335093, 0.016723549, 0.022676522, -0.009606878, -0.0016674455, 0.011078165, 0.030956728, -0.02485061, 0.010061097, -0.014640258, -0.010790397, -0.009892104, 0.012182272, 0.009652807, 0.018719211, 0.0062522073, 0.016676234, 0.0047186827, 0.017157651, -0.0006638564, 0.024278311, 0.03230029, 0.010576775, 0.04333403, -0.0033692392, -0.014072056, 0.022708552, -0.011692455, 0.041509107, -0.018316837, -0.011217512, 0.010447993, -0.011037531, -0.044357046, 0.008954372, 0.01408006, 0.0022778548, -0.013642257, 0.016448459, 0.0168444, 0.0039029, -0.009776172, 0.024392754, -0.024983466, 0.0028946926, 0.02621487, -0.02203597, -0.009635463, 0.012866232, 0.011970408, -0.0030706506, 0.008967026, -0.023174996, 0.021421677, -0.021216791, -0.03296998, -0.01541492, -0.008806003, -0.016912755, 0.007109594, 0.02867248, 0.007054137, 0.016975079, 0.014665021, 0.00023167019, 0.007982984, -0.0004924034, -0.028469136, 0.008918646, -0.048820212, 0.0125658, -0.0059249992, 0.034789972, 0.0042232783, -0.0053798947, -0.01657742, 0.015428731, 0.001960921, -0.008159843, -0.011247587, 0.010170492, 0.011114034, 0.0152813075, -0.01595333, 0.015075096, -0.02320275, -0.0048348657, 0.01664836, 0.01443494, 0.0038610834, 0.011961964, -0.019261846, 0.0043552727, 0.01216175, 0.01752976, 0.014038351, 0.017035333, 0.020344067, -0.0077723726, 0.002303146, -0.0089262845, -0.011488297, -0.0033316861, -0.0029614356, -0.022628585, 0.010522391, -0.00056239613, -0.013768287, 0.0003727622, -0.012686636, -0.0057012797, -0.025252504, 0.021752518, -0.009986461, 0.0037576698, -0.003100304, 0.0064789574, 0.0107916845, -0.008087362, 0.0094610825, 0.0027051014, -0.009476165, 0.005275164, -0.01461944, -0.013901448, -0.002229358, 0.010764799, -0.0014603555, 0.010350229, -0.0011058415, -0.007434157, -0.009503719, -0.004764068, -0.024338523, 0.0150015, 0.014887395, -0.0032389485, 0.006607004, 0.0038398008, 0.013605299, -0.0015718027, -0.0013114132, 0.0031848599, -0.013501816, 0.0044254255, -0.0028857712, 0.015382531, -0.012471817, 0.0027412716, -0.022590093, -0.019992154, 0.0057580196, 0.00964664, -0.0057943226, -0.0046235006, -0.0064695226, -0.014868438, -0.0012376232, 0.0021700629, -0.0025758655, -0.0072216378, 0.02183772, 0.0058809537, -0.00889457, 0.017047888, 0.00018888108, -0.012317537, 0.016174678, -0.0024469993, -0.009780144, 0.007146891, -0.015863767, -0.0004043783, -0.019104552, 0.017117864, -0.014973708, -0.0027818026, -0.013935039, -0.012080229, 0.0028919645, -0.0026120117, 0.0056699896, 0.0047172955, -0.015164399, -0.004051756, 0.0028164845, -0.015960298, 0.004074412, 0.008589406, 0.01718582, 0.014352665, 0.010397608, 0.011298441, 0.008378615, 0.016956195, -0.0026671418, -0.0002482127, -0.007337944, 0.012974542, 0.0084053185, -0.00875202, -0.009507881, -0.0030271357, 0.0049413634, 0.00024698922, -0.007922765, 0.0033972568, -0.0027085093, 0.005439132, -0.014140492, -0.0021080023, 0.023336159, -0.0005192392, -0.002188925, -0.0018524568, 0.015158015, -0.00504726, 0.0133456765, -0.002735784, 0.010849045, 0.022648275, -0.00069989293, 0.003259907, 0.01992352, -0.011139605, -0.008704824, -0.0015930417, 0.00021704289, 0.00019069621, 0.015823763, -0.0040717814, 0.021158315, 0.01311452, 0.0066892277, 0.003454891, 0.016033133, 0.0024118372, -0.022103447, -0.0028367506, 0.014082805, 0.0011331775, -0.0036834346, -0.009938962, 0.002633539, -0.008985964, 0.012092228, 0.0061771986, 0.007578645, -0.008892074, 0.0024195178, 0.007438582, 0.0076661804, -0.018924803, 0.0065584676, 0.0020840152, -0.021224994, 0.0043080486, -0.011394924, 0.0072859204, -0.013220796, 0.007344454, -0.013201728, -0.015722588, -0.01400556, -0.007654248, 0.015770754, -0.014970803, 0.012735226, -0.015491451, 0.012191177, 0.008316372, -0.03118001, -0.017965665, -0.0020617896, 0.005067983, 0.02195656, -0.005382555, 0.010900711, 0.0034732628, -0.019799648, -0.008569823, 0.008698449, 0.006763417, 0.012358443, -0.0197753, -0.023914946, 0.0030992208, -0.0072470345, -0.0077918665, 0.01061335, 0.020355996, 0.0045302296, 0.08662184, 0.009321839, -0.014631361, 0.031486902, -0.00026079224, -0.020670786, -0.0021242537, -0.005587944, -0.011542309, 0.011353728, -0.0026124495, 0.0027727098, -0.0019245702, -0.0071089445, -0.004557317, -0.0003967347, 0.013594634, 0.017445007, 0.0033198216, -0.0072249263, 0.005718188, 0.000688878, -0.009060709, -0.015728584, 0.009159641, 0.0038445878, 0.0019191212, 0.007119805, 0.00782373, -0.0020795898, -0.002865296, 0.01584334, -0.014304823, -0.0033984163, -0.014772821, 0.0015351285, -0.0056822575, 0.0044498825, 0.0107515305, 0.015527126, -0.009324488, -0.0057349433, 0.0066183642, -0.0039655385, 0.003028105, 0.0016037329, -0.018934596, -0.012633297, -0.0091213565, -0.0042104893, -0.0063502933, -0.030340387, 0.005034602, 0.006768898, 0.009293356, -0.0024441187, -0.00087035564, -0.008818913, 0.018070474, -0.0045493464, -0.005362081, -0.002227341, 0.005367483, -5.2793435e-05, -0.0031050388, -0.004154122, 0.003481665, 0.0027251942, -0.009697845, -0.0034228147, -0.0009875539, 0.005023153, -0.0022796593, -0.0099363355, 0.022535838, -0.015444193, 0.004889792, -0.003982258, -0.007081711, 0.0008791559, 0.015909407, 0.0061246427, -0.0034804267, -0.0023647537, 0.0019310709, -0.00030853215, -0.0050756996, -0.0016301129, -0.005243767, -0.014941528, 0.0063812505, -0.02044449, 0.00097378675, 0.007930819, 0.0032992535, 0.006239878, 0.0817481, -0.0013079257, -0.009319568, 0.0035430486, 0.007101563, -0.018286265, -0.0028229754, 0.0021406203, 0.0231163, -0.013577309, 0.0034916373, -0.005274593, 0.022311497, 0.0068102293, -0.006224264, 0.0018199635, 0.0024111213, 0.0099808, -0.004126735, -0.026565995, 0.0038331656, -0.008751091, -5.812328e-05, 0.0018470541, 0.008882498, 0.0015674756, -0.014099922, 0.018472716, -0.00289369, 0.004184993, -0.012219764, 0.00135884, -0.0035380484, -0.0042140465, -0.015037113, 0.011473415, -0.007107962, -0.017010344, 0.0036356074, 0.000850896, -0.0010167272, 0.0005105975, 0.004421204, 0.008467765, 0.0018277592, 0.0021086377, -0.021113101, 0.011525124, 0.005044195, -0.008769688, 0.0005828633, -0.0036573254, 0.0070189843, 0.0013251328, -0.0010527342, -0.0036435358, 0.01459625, -0.0024476084, -0.017521344, -0.0064447913, 0.0066784574, 0.030292504, -0.009582415, 0.008879286, -0.012024222, 0.0043138824, 0.00044096835, 0.0054213647, 0.00042197376, -0.008755188, 0.022899045, 0.019227676, -0.0059999214, 0.010215659, -0.0023137748, 0.0055307825, 0.017512616, -0.018539289, -0.010673737, -0.014302082, -0.0040709227, -0.017927565, -0.0075865, 0.026860662, -0.0017624695, 0.01806035, -0.025409548, -0.006458658, 0.00015817452, -0.016729198, -0.00026651454, -0.0030893157, 0.00501581, -0.024970759, -0.0026729451, -0.014664562, 0.009477848, -0.0023165, 0.006053193, 0.0028771153, -0.0060164314, 0.011486657, -0.015413271, 0.011586256, -0.0031222391, -0.005673741, -0.010344715, 0.0099569885, -0.0045920233, -0.022354957, -0.0020232443, 0.010748209, 5.6619614e-05, -0.009667001, 0.0066784685, -0.008173173, 0.008023699, -0.0025600044, 0.00050913024, 0.00888759, 0.012124281, -0.008864399, 0.008225315, -0.015313184, -0.012805692, -0.0066944566, -0.009515046, 0.016709201, 0.005041604, -0.012259466, -0.015185668, -0.013275719, 0.0014031979, -0.021549337, 0.00097547646, -0.014477801, -0.020980267, 0.0010338348, 0.0063867983, -0.015312241, -0.008145598, -0.011582392, 0.012867382, -0.010288294, -0.008181857, 0.009654383, 0.0047297995, 0.006768097, -0.0012810825, -0.016072566, -0.023427496, 0.0065787593, -0.0045681093, 0.0010891457, -0.0026198917, -0.005749184, 0.011505467, -0.0054713464, 0.0024176817, 0.011940523, -0.0025172313, -0.030966278, -0.0060129254, -0.011578748, 0.028861765, 0.016499313, 0.0018576344, 0.01019119, 0.0077232015, 0.009758745, -0.0011534987, 0.0183768, -0.0053138826, -0.004444419, 0.016699625, 0.004389278, -0.0044102375, 0.0005221992, 0.004361865, -0.0037231215, 0.00073453534, -0.0010422737, 0.0037218144, 0.004098495, -0.0020899856, -0.0030753596, -0.019399934, -0.012540079, 0.0055078175, -0.010489446, 0.0016012727, 0.007713566, 0.005316545, -0.0002000847, -0.008635766, -0.010330396, 0.003126706, -0.007584475, 0.007909884, 0.00028853392, -0.001938884, -0.013399099, 0.007936479, -0.014480152, 0.009529081, 0.0060646804, -0.028461961, -0.006975595, 0.0002929954, 0.00015348209, 0.019054407, 0.009236216, 0.01937392, -0.011755238, 0.006775116, -0.013213501, -0.016975855, 0.019552806, 0.010365789, 0.0012910087, -0.0068087443, 0.016310893, -0.00076565624, -0.007806568, -0.007849036, -0.021456502, 0.010999067, 0.022277387, -0.005643123, 0.0022935057, 0.002650448, -0.0021066905, 0.009691571, -0.0007821333, 0.0050328732, -0.026831146, 0.001880495, 0.013458815, 0.017281767, -0.003912565, 0.008757374, 0.004436457, 0.0088346405, 0.012754485, -0.00808786, 0.0032712924, 0.014024797, -0.021262687, -0.0049349763, -0.022853706, 0.012313775, 0.006865738, 0.0021969154, -0.0028639804, 0.0012051007, -0.012776439, 0.022293119, -0.0040115975, 0.0054161134, -0.00846115, 0.014521458, -0.00033979406, -0.022274276, 0.013723749, 0.006086472, 0.0017307992, 0.00082995783, 0.0010898404, 0.015347534, -0.003176289, 0.0040999157, -0.002531234, -0.008228921, -0.0043922532, 0.010623325, 0.004323865, -0.012406679, -0.014709758, -0.027618142, -0.00488749, 0.0077146566, -0.023261659, 0.010501619, 0.004810389, -0.010242552, -0.005963573, 0.005791211, -8.2689716e-05, -0.01070885, 0.007693407, 0.0018495438, -0.011618092, -0.016430061, 0.034541294, 0.0047894847, -0.008842771, -0.008722722, 0.0009793951, 0.008916982, 0.0154057415, -0.011779484, 0.012708949, -0.009814464, -0.00028157036, -0.0073258765, -0.010510801, -0.014923453, 0.013159959, -0.009854295, 0.0046685506, 0.005926149, -0.006742069, -0.0077170525, 0.017710093, 0.011510253, 0.021575268, -0.0034874922, 0.0027810787, 0.018647343, 0.007875964, -0.0040867724, -0.00072587316, 0.01640212, 0.017479979, -0.0004352439, -0.0024795902, 0.0066479426, 0.007668861, -0.004284368, 0.009269028, -0.009561608, -0.022604816, 0.021555347, 0.009299635, 0.009873975, -0.0026461892, 0.00388133, -0.011181261, 0.011937002, 0.020479219, -0.013260615, 2.1148191e-05, 0.013681424, 0.02334263, 0.002209332, 0.006905692, 0.0010070178, -0.00040899322, 0.010836808, -0.009305294, -0.0084247, 0.00033933576, 0.005162249, 0.0046206485, -0.004636287, -0.004749046, 0.00934157, 0.011158482, -0.008227964, 0.015198623, -0.002543593, -0.0007443352, 0.0073253876, -0.010628955, 0.003970251, 0.003422234, -0.0887398, -0.009698371, 0.0012107029, -0.0067550857, 0.012958794, 0.000555837, -0.013401878, -0.013738288, 0.0037065118, 0.0032511633, -0.015796663, 0.0012531278, -0.004673831, -0.00466369, -0.010823672, 0.0035833856, -0.008404694, -0.014756509, 0.010842856, 0.00017355134, -0.015218998, 0.015397176, -0.01347965, -0.0047529065, -0.012687127, -0.011526448, -0.00092438655, -0.0036199281, 0.022609826, 0.018892096, -0.021186395, -0.0012230241, 0.01017452, -0.007057856, -0.0008102539, 0.011179138, 0.0071936944, 0.008074872, -0.13800299, 0.0236422, -0.010652489, -0.00880792, 0.009589898, 0.003356378, 0.0026137785, -0.0101588555, -0.0055347453, 0.0050044493, 0.011336121, 0.018219866, -0.007461449, 0.0018912392, 0.0048363325, -0.013638326, -0.0020338206, -0.010014122, 0.012731234, -0.01679103, 0.02196523, 0.013262248, 0.002907856, 0.020644281, -0.008884929, -0.011156295, -0.0100743035, 0.004444147, 0.015001116, -0.008235542, 0.001482314, 0.015071336, 0.006404385, -0.00550633, 0.003277976, -0.013860126, 0.016900314, -0.0009912896, 0.0075297123, -0.02591027, 0.037590068, -0.00944443, 0.019553527, -0.0009288152, 0.020247543, -0.0019411156, -0.013021025, -0.0006106359, 0.010984587, 0.0022364173, -0.015212981, -0.008518927, -0.0073596863, 0.0018969459, 0.015475724, 0.006449641, -0.0151156355, 0.0055364785, -0.008975497, 0.00468033, -0.01000905, 0.006375142, -0.004214514, 0.001016096, 0.0028927028, -0.016656669, 0.012086219, 0.008846121, 0.016351981, 0.01438403, 0.0013588018, 0.005486819, -0.003188922, 0.022616748, -0.013483182, 0.008759238, 0.006241634, 0.01639968, -0.0060584643, -0.007663485, -0.006430647, 0.0014288344, -0.016615663, 0.008134325, 0.011156391, -0.03676397, 0.0069672805, 0.004291356, 0.0108594755, -0.050721426, 0.013149594, 0.0051092394, 0.0066677355, -0.0028069844, -0.0040757805, -0.009086236, 0.0065599876, 0.008119562, -0.0033675989, -0.011427442, 0.0034357738, 0.011462981, -0.012518853, 0.011510165, -0.0076788617, 0.005602125, 0.008074267, -0.015233442, 0.011582655, -0.02827593, 0.0019387775, 0.009730561, 0.013331497, -0.009241072, 0.013126364, 0.016211778, 0.0053434577, -0.0037900317, -0.0028745572, -0.00635939, -0.007946116, -0.0029542744, -0.005868312, -0.004352255, 0.010167517, 0.004068252, 0.013833688, 0.013042747, -0.010277424, -0.0039509675, -0.012596986, -0.023167033, 0.010890445, -0.011277417, 0.0006630043, -0.020987125, 0.022581644, -0.013312523, -0.020683166, 0.0023697827, 0.003908439, 0.0044913366, -0.006650207, 0.031632658, -0.016732682, -0.012760898, 0.0037650482, -0.014160032, 0.018488279, -0.0011805439, -0.001155086, -0.008080025, -0.009040793, 0.0035545041, 0.0004263628, -7.835814e-05, 0.013100963, -0.0014375976, 0.0049448246, -0.00027250257, -0.0021030034, 0.008426048, 0.023739612, -0.005186561, -0.00021042832, 0.0034126497, 0.014082638, -0.0045513245, -0.0020597111, -0.020690423, 0.014646426, -0.001327744, 0.001181111, -0.0030443168, -0.04421148, -0.028813727, 0.022250209, -0.01183674, 0.0049695917, 0.0018392496, -0.007682163, 0.002245043, -0.0020052474, 0.014857159, 0.01846497, 0.0069863587, -0.010842196, -0.0055210767, 0.014552734, 0.004594976, 0.006547775, -0.0010135075, -0.010557527, 0.009161912, -0.015308524, 0.014115821, -0.0018542227, 0.008176138, -0.006478325, -0.0055873827, 0.001714591, 0.0013594436, 0.016463252, -0.15865625, -0.011000473, -0.0096143335, 0.005441639, 0.0060546193, 0.0091108885, -0.007703516, 0.00042182923, 0.0012713302, 0.006537529, 0.021025114, 0.015071049, 0.0036861892, -0.013666274, 0.0018532014, -0.0023748942, 0.0036863328, -0.018646251, -0.013228452, 0.01841795, -0.030779956, 0.03597521, 0.0076173614, 0.0356809, 0.0029022421, -0.015681444, 0.01762278, 0.0066309976, 0.0003556799, -0.01074837, 0.003931482, -0.0038551257, 0.010036217, -0.008963693, -0.028933218, 0.018725988, -0.0042168614, 0.016068472, 0.001369778, 0.021608125, 0.006936749, 0.01295309, -0.010621812, 0.016629234, 0.006354572, 0.020333283, -0.0029903296, 0.0003325554, -0.00502369, -0.030191675, -0.009836498, -0.016550386, 0.00015162941, 0.0140294945, 0.023843193, -0.019096693, 0.013628856, 0.013554652, 0.010681996, 0.020366482, -0.009553988, -0.003912615, -0.0015066223, 0.009350372, 0.018263511, -0.025492957, -0.021811485, 0.14838842, -0.024449205, 0.016072188, 0.005717081, 0.009217087, 0.038077816, -0.0019495704, 0.0023755424, 0.0021384372, -0.02185862, -0.006407658, 0.019666746, 0.009251045, -0.014945799, -0.0021532525, 0.017416831, -0.0060278815, -0.0023579581, 0.008414837, 0.00045310307, -0.019776113, -0.026045512, 0.007709457, -0.007297549, 0.029509725, -0.011708429, 0.0013719997, 0.011517388, 0.022464314, 0.001511608, 0.0006829407, -0.011122411, -0.010405178, -0.0057585407, -0.0019219472, 0.018487692, -0.014005886, -0.015128196, 0.014860065, 0.00058366335, 0.03015171, 0.002311355, -0.013876546, -0.011222219, -0.0052246945, 0.0011097916, 0.011074137, -0.013569703, 0.014826123, 0.0017538995, -0.025074728, -0.00016086447, -0.014701261, -0.023695791, -0.0049925763, -0.021662772, -0.012425335, 0.009012373, 0.0037298356, 0.0006140764, 0.0027896627, 0.009644543, -0.037667956, 0.007979416, 0.008506059, -0.006569765, 0.0018628116, -0.019945873, -0.0086846845, -0.11513089, 0.014397356, -0.008708193, -0.016725678, 0.004751904, -0.017455846, -0.0016593981, 0.010974054, 0.011114587, -0.025395172, 0.0045548645, -0.014815094, -0.008270593, 0.018779874, -0.003483803, 0.018675363, 0.0017395942, 0.006300128, 0.022797165, 0.0029655288, 0.00045121717, 0.001894407, 0.018581016, -0.0050174934, -0.0070258765, 0.020789713, -0.025366716, 0.010498279, -0.0046263365, -0.008949323, -0.01892677, 0.0038414458, -0.002984441, -0.012523164, -0.009758087, -0.023811523, -0.0085917795, 0.023559155, -0.0119029675, 0.009193002, -0.011886445, -0.021942051, 0.0026538826, 0.0052734683, -0.0068141287, 0.0041306177, -0.013252511, -0.0025640803, -0.0016452785, 0.0046165697, 0.018915799, 0.00402273, 0.011491502, 0.0007689339, -0.013388941, -0.0011769201, 0.01650366, -0.019741297, 0.006892527, -0.015303478, 0.0017319105, -0.011936439, -0.0050722426, 0.0056757107, 0.0029637893, 0.008713764, -0.0026102057, -0.004205859, 0.014082849, -0.010225889, -0.021342345, -0.0049968213, 0.009866333, -0.0040804073, -0.009264661, -0.015387892, -0.013199653, 0.0050735045, -0.0066790725, 0.016354835, 0.00016691504, -0.0032051543, 0.01357271, 0.0027201667, 0.035288524, -0.008051374, 0.011408643, -0.0037977137, -0.031330075, 0.004461074, -0.0006832658, -0.010845395, 0.007443061, 0.0066531883, 0.0013720029, 0.0070953523, 0.01174511, -0.011889254, 0.012850029, -0.008885058, 0.009295948, -0.004629468, -0.01713627, 0.008872456, -0.012824015, 0.0025977392, 0.0008861559, -0.014662603, -0.023448855, -0.0068212273, -0.025331806, -0.013630362, -0.025649225, 0.003071327, -4.5793313e-06, -0.0064532096, 0.010035985, 0.0031214443, -0.00822603, 0.00023673252, 0.00668296, 0.02812518, 0.015642608, -0.0126955155, 0.007958647, 0.006506881, -0.02815632, -0.0052303476, 0.009042145, -0.009374415, 0.0039383387, 0.0051004686, -0.0036111495, 0.025440386, 0.0023689047, 0.001643182, 0.010544885, 0.0344792, 0.003331143, -0.0047073737, 0.009762507, 0.019767692, -0.0065044924, 0.008105681, 0.0046137013, -0.030793857, 0.0009706778, -0.0037318876, -0.00146848, 0.013810852, -8.600194e-05, 0.003289457, -0.021985652, -0.017397484, 0.013760854, 0.000963181, 0.022127135, 0.028134761, -0.000705145, -0.006242504, -0.016196478, 0.017135253, -0.01359653, 0.0015145498, 0.004049788, -0.012457352, 0.0009078794, 0.0017403372, -0.014321624, -0.03181341, -0.0010715774, -0.0040165693, 0.00024297734, 0.006133202, -0.0068698307, 0.023284467, 0.021685345, -0.0025326046, -0.0026253965, -0.07158476, 0.002369288, -0.011592927, -0.021643868, -0.024665963, 0.0039555226, 0.008659234, 0.0016176975, -0.011692054, -0.014887237, 0.0126364315, -0.009371193, 0.014461072, -0.011841076, 0.010178885, -0.011884285, -0.009772416, 0.020910915, 0.007990838, -0.00832548, -0.00023320694, -0.004819808, -0.0054454613, 0.010052206, -0.014812591, -0.006754879, -0.006419899, 0.005294645, -0.011693368, 0.0333704, -0.0061131045, 0.011100062, 0.003426248, -0.0126278745, 0.0004940591, 0.008720218, -0.006488055, -0.012826443, 0.0048751556, -0.046142668, -0.011352071, -0.008408235, -0.07906071, 0.009138516, 0.0024029552, 0.019759387, 0.014673575, 0.011435242, -0.004423474, -0.013702044, 0.010233636, 0.0009534531, -0.006098932, 0.0026224442, -0.008824235, -0.012728642, -0.011779892, -0.030120702, -0.0026948708, -0.017279828, -0.024718417, -0.023777839, 0.011102645, 0.016330594, -0.0018777702, 0.024717072, -0.014179458, 0.007969894, 0.0014504364, 0.041153796, 0.0027111836, -0.025686454, -0.0014098678, -0.012356802, 0.029485961, -0.020827243, 0.0009187195, -0.007085391, 0.014843946, 0.01766427, -0.0024647315, 0.008992184, -0.023498172, 0.060049325, -0.014264514, -0.047427, -0.014774394, -0.09781215, -0.024194079, -0.008741707, -0.034388233, 0.002750062, 0.0086843, 0.012808303, 0.06879098, 0.0016085295, -0.010719103, -0.032165397, 0.016541868, 0.016300723, -0.015372944, -0.005477234, 0.004194823, -0.020721672, -0.0069752284, -0.013459092, 0.0085463105, 0.035242163, -0.02039072, -0.018411722, 0.011028812, -0.008304948, -0.034519576, 0.0068670968, 0.0018211446, -0.0025117395, 0.0020521833, 0.007193102, -0.006383274, -0.0058726445, 0.012305521, 0.006235595, 0.028233955, -0.009536912, 0.014186256, 0.01147252, 0.010252459, 0.0013257178, 0.004197991, 0.020948805, 0.02982459, -0.00298264, -0.0048928526, -0.008833518, -0.025780419, -0.0010693981, 0.0028421276, 0.00072830153, -0.023373658, -0.011215651, 0.007045655, -0.0017167734, 0.0014941222, 0.0004276574, -0.033768356, 0.002317437, 0.016157983, -0.004869715, -0.0053960113, -0.0066483943, 0.008948656, -0.008474872, 0.022292845, -0.034743555, -0.016438482, -0.0049914178, 0.024696881, 0.008747193, -0.008748727, 0.030961161, 0.003765567, -0.0014746168, -0.013468411, 0.008322212, 0.006456163, -0.027287593, 0.013072743, 0.012723146, 0.012398579, 0.0053684353, -0.007214633, -0.011370276, 0.0027144584, 0.0042883246, 0.0029186017, 0.019777743, 0.0028737972, 0.005911203, -0.0069848467, -9.414751e-05, 0.0087266555, 0.0074602976, 0.010902625, -0.015159316, -0.006445872, -0.0021114931, -0.020462746, -0.004923315, -0.007932628, -0.028256154, -0.017735139, 0.029747592, -0.0065198215, 0.006869082, 0.010582436, -0.018041907, 0.016536716, 0.007854049, -0.013132922, -0.018988024, -0.00394927, 7.079403e-05, -0.007237878, 0.008341482, -0.0016307922, 0.008102951, 0.013576646, 0.001797486, -0.0062220953, -0.031573877, -0.0112152975, 0.0041048033, 0.004315027, -0.010278272, -0.0059725596, -0.0049853795, -0.00558375, -0.0033547152, 0.004180981, -0.010728364, -0.001803955, 0.0046256934, -0.015269129, -0.010007249, 0.018644273, -0.0022817578, -0.008406682, 0.008187685, 0.009099094, 0.010967478, 0.0071863285, 0.030299583, 0.0035005023, 0.011923928, -0.0074847345, -0.026760519, -0.010466928, -0.011515008, -0.005565154, 0.009012826, -0.01981655, -0.033138532, 0.016285019, 0.0016976033, 0.011877115, 0.0018216295, 0.019945495, -0.004580386, 0.005431145, -0.003950008, -0.0011348672, -0.013515509, 0.008288554, -0.01412808, -0.03895239, 0.02438559, -0.01799719, 0.0041818433, -0.0050051645, 0.0074375835, 0.013397528, -0.01034716, -0.020411914, -0.0025540628, 0.014426384, -0.01385291, -0.0116727175, 0.0060655484, -0.015199906, 0.0076938053, 0.025709556, 0.007184713, -0.010154717, -0.00023676708, -0.012618677, -0.017537666, 0.016653555, 0.0022889164, -0.02647811, 0.024585031, -0.007849072, -0.020749364, -0.012709682, 0.0052557583, -0.007634136, 0.0043059085, 0.009249757, -0.00928335, -0.012693873, -0.019973867, -0.02384061, -0.0036969515, -0.016260678, -0.021622512, 0.009602346, -0.015278016, 0.004454052, 0.006421475, -0.0051208776, -0.009859762, 0.024659665, -0.0026984904, 0.002303817, 0.01842205, -0.007893634, 0.007110289, 0.007873947, 0.011082656, 0.00048978755, 0.0005000234, 0.0059964685, 0.0096348, -0.0030605658, -0.013009248, -0.009830695, 0.00097536255, -0.00056667416, 0.008100894, 0.006400151, 0.0037540225, 0.025777608, -0.02437827, 0.003232859, -0.0060129636, -0.006057828, 0.0018979375, 0.0007830484, 0.004438991, 0.022086293, 0.025640452, 0.00852002, -0.008804338, -0.017125161, -0.0036576097, -0.018684182, -0.011097143, -0.004507787, 0.007969371, 0.0116999755, -0.025230523, -0.006557963, -0.009150359, -0.0016049144, -0.01578932, -0.0058721215, -0.009492097, 0.015867572, -0.0030107035, 0.01353032, -0.00721176, 0.006412048, 0.0014761195, -0.010986979, 0.004076029, 0.000263349, 0.0037214363, -0.02845136, -0.0025138368, -0.0006846987, 0.012440629, -0.025693666, -0.002433614, -0.0029884134, -0.03450913, -0.002521389, -0.0117746405, 0.0133776385, 0.00774492, -0.013674319, 0.018677091, -0.010854567, 0.019294275, -0.0048297374, 0.035568327, 0.00800811, -0.00351573, -0.025122803, 0.038244423, -0.0212832, -0.02126475, -0.0007629726, -0.0114889415, -0.011279385, -0.013961902, 0.0053824927, 0.018659413, -0.02677604, 0.010966424, 0.006835307, -0.01087193, -0.008055179, -0.004649434, 0.014477429, 0.03947717, -0.033105344, -0.007077102, 0.003735456, 0.0014888751, -0.011977018, -0.002622349, 0.012595827, -0.022140313, -0.012597288, -0.025173154, -0.015058229, -0.01972281, 0.009633995, 0.007502448, 0.010069805, -0.012152028, 0.0026067127, -0.0006947322, -0.02735668, 0.014552883, -0.020430548, 0.0042637265, 0.008378257, 0.009180389, 0.0007900299, -0.0135268625, -0.0385281, 0.013800669, -0.011988154, -0.016973881, 0.009759937, -0.0044376394, 0.010922409, -0.005757434, 0.0019166796, -7.072373e-05, -0.037677493, 0.021156922, -0.010827358, 0.013099812, -0.009166501, 0.00108535, 0.006454942, -0.020090394, -0.011425028, 0.010172545, -0.0027691391, 0.016121775, -0.008045077, 0.029099919, -0.0014901381, -0.0063093207, -0.027994504, -0.008523387, 0.0013445023, -0.0065120514, 0.026559953, -0.019655472, -0.021247968, -0.014747935, -0.026565889, 0.006320682, 0.014883496, -0.0087271845, 0.0020692549, -0.022467066, 0.028137757, -0.004614895, -0.016966905, -0.023881767, 0.00841368, 0.00025521117, 0.009095592, -0.016994305, 0.016584024, 0.013564698, 0.006685163, -0.015176984, 0.012673258, -0.012306114, 0.004751496, -0.007102715, -0.009057373, 0.00987298, 0.018245716, -0.014408865, -0.002141103, 0.00047779793, -0.006548121, -0.0024046355, -0.009549113, -0.0052449456, 0.00011398596, 0.018340198, -0.015010143, -0.00286546, -0.010148729, -0.013217144, 0.011096376, -0.0066369097, 0.0235185, 0.0064697876, -0.002993107, -0.004784771, 0.004804809, -0.002553862, -0.0011585173, -0.012981513, 0.02433809, 0.0064876196, 0.0350922, 0.015619884, -0.017611554, -0.00114484, 0.03613179, -0.007837419, 0.0154827, -0.008641296, -0.017514922, 0.009377011, -0.0014358414, 0.0027321668, -0.0013679547, -0.0076564816, -0.0025155665, 0.019936452, 0.024492882, 0.041927133, 2.0270747e-05, -0.0045274305, 0.0028443465, 0.01844453, 0.0037336145, 0.013253947, 0.011731678, 0.0011271415, 0.007177821, 0.028022593, 0.0058068675, -0.0070546265, 0.014026404, 0.014618534, 0.00023135032, 0.012984833, -0.005469028, -0.019323196, -0.024698019, -0.018851174, -0.011305603, 0.0014645642, 0.012090033, 0.0048605707, -0.03266999, 0.008581085, -0.01991068, -9.215886e-05, -0.007540863, -0.028324386, -0.010250989, 0.010036538, 0.0060130004, -0.0030943584, -0.013158671, -0.021084543, -0.006264931, -0.038511608, -0.015097302, -0.005399582, 0.007217698, -0.00087251235, -0.01558316, 0.017980205, -0.011042886, 0.020659406, 0.008344099, 0.015975561, 0.011121919, 0.007404643, -0.0021593892, -0.023163622, -0.0132026635, 0.009826371, 0.01939217, -0.0019808344, -0.01041026, -0.011978582, -0.015094753, -0.008905686, 0.006447014, 0.0024840184, 0.0040123183, -0.0051973667, -0.0008471949, 0.008340325, 0.0064599714, -0.010912207, 0.004256264, 0.013630747, 0.010492071, -0.0012677351, 0.017150592, -0.0046054, -0.042214513, -0.023016475, -0.0075390134, -0.010867814, 0.0112837395, 0.024135994, 0.0008159326, 0.0059815296, 0.0014406622, -0.01032119, 0.012666874, 0.00054109615, -0.014815097, -0.0017633315, -0.01578812, 0.0078219585, 0.006711616, -0.0011217945, 0.00032386492, 0.0109257, 0.0061821463, 0.02409114, 0.011517064, -0.004104189, 0.0028334467, -0.01433998, 0.0013939341, 0.008917093, -0.0014201966, 0.0016599733, -0.010943411, 0.0015929297, 0.021971002, 0.0053701154, -0.0017764372, 0.01767159, -0.01267231, -0.011043608, -0.016058847, -0.011206181, 0.02208284, -0.01563147, -0.0021737234, 0.017608006, -0.023519322, 0.0056878617, 0.010430909, -0.004634323, -0.0117061995, 0.0031940679, 0.005035348, -0.01894029, -0.00235512, 0.00014212109, 0.03653945, 0.011977962, -0.0014073711, 0.021954069, -0.0049431804, -0.0072919084, 0.0067407186, -0.025334176, 0.015908329, 0.017951107, -0.007838206, 0.006201734, -0.018227454, -0.0203015, -0.0047804695, -0.00027620856, -0.0018736747, 0.00519818, -0.028490849, 0.009115508, -0.014096869, 0.0027585414, -0.019748447, -0.024524612, 0.01427437, -0.0026764018, -0.011228747, 0.0043681553, -0.027624216, -0.010611535, -0.0076762442, -0.005139994, 0.029083032, -0.005031821, -0.014129215, 0.0026503794, 0.009359224, 0.017698439, -0.0032865864, -0.00041390935, 0.020828811, -0.0041738, -0.00054122834, 0.011053124, 0.00133877, 0.0062811403, -0.012121265, -0.009942902, 0.039097548, 0.018855294, -0.0024603244, 0.026527338, -0.0012349293, 0.022349063, -0.002276837, 0.02543801, 0.0042825984, 0.005127866, 0.0009972272, 0.011871727, 0.006926725, -0.017079137, 0.0059643085, 0.0022526497, -0.022773255, -0.0071397033, -0.023778345, -0.0014175675, 0.018666781, 0.017326003, -0.007970088, 0.005365972, -0.009659941, 0.014648851, -0.008144371, 0.011999303, 0.0058791037, 0.023119416, 0.0013527616, 0.009828272, 0.013237153, 0.02355778, -0.00421221, 0.0115271, 0.017635994, -0.0074217604, 0.012665086, 0.01404219, -0.01789648, -0.0023158994, -0.020882482, 0.017000606, 0.011624042, -0.00023007918, 0.00075182685, 0.01136269, -0.008102241, 0.010685475, 0.0032664135, 0.008293021, 0.0016697678, 0.0072332714, -0.005523026, -0.0033574419, -2.0498257e-05, 0.006814009, -0.0060832947, 0.015263349, 0.0051739938, -0.020491986, 0.018794963, -0.0042992383, -0.014454796, 0.0022256875, -0.009383004, -0.010016119, 0.004098126, -0.01754195, 0.019792795, 0.0065334593, 0.010720224, 0.012452898, -0.0029216951, 0.17654644, 0.12470666, -0.02338036, -0.019905264, 0.0108632725, -0.015597752, -0.013515991, 0.009257901, -0.0070840195, -0.04285284, -0.01797383, -0.01330018, -0.0029255035, -0.0087779565, -0.013525898, -0.015950084, 0.023412907, 0.010929173, -0.011967426, 0.013879637, -0.013645434, -0.002065156, -0.003964713, 0.012742923, -0.029634397, 0.0014920129, -0.0041997842, 0.0136694275, 0.003998642, -0.00955117, -0.015703103, -0.0056289034, -0.006351387, 0.009317532, 0.018451462, -0.012402247, -0.012566538, 0.03705658, -0.0011392977, -0.009743831, 0.0023462507, -0.006534349, 0.022649417, 0.010338623, 0.0102086635, -0.00033255326, 0.019420523, 0.014750441, 0.015557317, 0.020705752, -0.0020992227, -0.0068774363, 0.0067417794, 0.010940508, -0.03282666, -0.0062502767, 0.0027062849, 0.0050803064, -0.02308232, 0.0017913915, -0.0029466155, 0.0031475406, -0.0173286, 0.0024432351, -0.008564597, 0.018940458, -0.00071381073, 0.01858689, -0.0046743983, -0.003611214, 0.0077661225, 0.008807622, -0.008125006, 0.009754559, -0.02166456, -0.0037565385, 0.016293155, 0.006705894, 0.011329746, -0.008923234, -0.014376835, 0.004298733, 0.026574634, 0.013317698, 0.0001584771, 0.0037764285, 0.0050556767, 0.02677883, 0.10667804, -0.0035024926, 0.014423307, -0.0034288338, 0.019895202, -0.019740768, -0.0029316836, 0.039974034, -0.0046588364, 0.013728887, 0.0055511137, -0.003733787, 0.027864333, -0.010819287, 0.016665192, -0.011212893, 0.015887015, 0.06785041, 0.0106588565, 0.010810803, 0.0045290645, 0.008014008, 0.0015611086, 0.0008882023, -0.007073621, -0.01676131, 0.011778544, 0.0045277607, -0.016185727, 0.013963918, -0.09127543, 0.006488845, 0.0041572256, -0.015813734, -0.0035112412, 0.03122786, -0.016215129, -0.01947615, -0.002188273, 0.010859567, -0.013223198, -0.004953323, 0.0019255041, 0.0109669175, 0.002875279, 0.017914655, 0.009396035, -0.0020144884, 0.0019829718, -0.010616587, 0.005823854, 0.015871298, -0.0018228448, 0.014597309, -0.004419493, 0.004521516, -0.00034246754, 0.018589813, -0.019086534, 0.010160274, -0.021170098, 0.0036213603, -0.011894545, 0.008598397, 0.0019288188, 0.015992852, -0.00014564964, 0.0059223375, 0.007817014, -0.0075663663, -0.0022720543, -0.014065566, 0.005125398, 0.00065524556, 0.033604313, -0.010239229, -0.004022994, -0.019511122, -0.0028145658, -0.015058875, 0.011446972, 0.013976038, 0.012036299, 0.007817221, 0.007105963, 0.00044200482, 0.01001397, -0.010523025, 0.0035452787, -0.001460851, -0.022049438, 0.020790204, 0.006997972, 0.0014461617, 0.011860373, 0.013657412, 0.0025331643, -0.003895758, -0.009012414, 0.009568478, 0.0061954837, -0.02216233, -0.008872447, 0.016889887, -0.019218162, 0.002050493, -0.024089048, -0.0122291, 0.001966757, -0.012120487, -0.00016905449, -0.008151981, -0.006724428, 0.122063406, -0.011665049, 0.03408747, 0.0012578839, 0.00043453916, -0.0061879344, -0.0003959277, 0.0032743018, 0.014953591, -0.0124388635, -0.011577795, 0.01921706, -0.02387788, -0.0036482373, 0.0014028357, 0.0042907307, 0.008424512, 0.015179979, 0.021240043, -0.022746842, 0.030013008, -0.011542944, 0.028813887, -0.030131185, -0.005612634, 0.0076045394, 0.010146992, 0.012320915, 0.009073509, -0.018081209, -0.019683357, -0.005161263, -0.0037244542, -0.005784494, -0.022330306, -0.011847467, 0.0091891885, -0.008186005, -0.012938126, -0.0019324436, 0.0075728144, 0.011961015, 0.023130726, 0.0059884386, -0.033317823, 0.2015614, -0.015439497, 0.011082358, -0.010490318, 0.015954386, -0.023113025, -0.0070499177, 0.012698233, 0.008386825, -0.01589859, -0.00232063, -0.012391336, 0.008714125, -0.013382082, -0.010529902, 0.004688934, -0.004009847, 0.008416358, -0.011663979, 0.00022310161, -0.0027450505, -0.018164184, -0.0072882343, 0.00041250495, -0.017827813, 0.01397242, 0.011048427, -0.0049229795, -0.02615499, 0.0018059541, -0.021998899, -0.012111573, -0.0124426065, -0.00891265, 0.0021293303, -0.005940367, 0.007809136, -0.0013426967, -0.0018947455, 0.010537488, -0.0067115314, -0.011922778, 0.00706665, 0.008762674, 0.013508487, -0.03140439, 0.0022624657, -0.0043083886, 0.0037657332, -0.0142046055, -0.009361101, -0.011452468, 0.01648839, 0.01153125, -0.009435346, 0.004660338, -0.015477324, 0.003425056, 0.012364652, 0.0025982691, 0.0019931505, 0.0024342074, -0.0005595728, 0.007339208, 0.005560839, -0.025969444, -0.030513568]"
"Empresas se deslindan de patrocinio de ""Puerco Encebado Infantil"", en Tlaxco",https://oem.com.mx/elsoldetlaxcala/img/25416839/1756214524/BASE_LANDSCAPE/1200/image.webp,LOCAL,no descripcion,https://oem.com.mx/elsoldetlaxcala/local/empresas-se-deslindan-de-patrocinio-de-puerco-encebado-infantil-en-tlaxco-25416171,"[-0.004667571, 0.021509655, -0.011972405, -0.06186582, -0.028713373, 0.037418373, -0.025112517, 0.036506537, -0.016655967, -0.0123485215, -0.008016662, -0.006847489, 0.03491951, -0.018190233, 0.10059483, -0.0032454066, 0.008507873, 0.010714144, -0.007877788, 0.02311234, 0.006448421, -0.025755003, -0.0006994506, -0.011384981, 0.010738524, 0.0007508856, 0.016774049, 0.0005629855, 0.006548787, -0.009566095, -0.010026632, 0.005884874, -0.0037458225, 0.004750146, 0.012242559, -0.0009561442, 0.010787489, -0.02512648, 0.017563384, -0.007671913, -0.0151601685, 0.010768557, -0.01940279, -0.0054493505, 0.007833939, 0.021174125, 0.0068911063, -0.033360414, 0.012690338, 0.0011616143, 0.028627627, -0.012167789, -0.003977622, -0.158557, -0.019577539, 0.0009818446, -0.0078118015, 0.03805595, 0.00773765, -0.03566964, 0.019921191, 0.006788662, -0.004633629, -0.020685911, 0.0050856196, -0.005686696, 0.021961445, 0.0372173, -0.0022365537, 0.030895302, 0.027868336, -0.0034238002, 0.01631404, 0.0014790663, -0.014157603, -0.022630287, -0.0016299946, 0.018777393, 0.03222779, -0.012350425, 0.008885219, -0.011253057, 0.0014800922, -0.038018275, 0.0055654454, 0.008468131, 0.020749973, 0.0041700844, -0.004151444, 0.016696958, -0.014193517, 0.032543834, 0.020444095, -0.017964993, -0.0007153469, 0.018393038, 0.012243483, -0.0069712675, 0.007262677, -0.0061947606, 0.019268343, -0.00089739065, 0.015189306, -0.051004104, 0.01440785, -0.030619418, 0.019385729, -0.026203418, -0.0015095709, -0.00047910397, -0.008002467, 0.017101346, 0.00033972974, 0.010844767, -0.014887608, -0.12448316, -0.020031769, -0.007679137, -0.007814787, -0.010240765, 0.01989528, 0.004509548, 0.0015279148, 0.014590161, -0.009961736, -0.03473029, -0.010045157, 0.0028096228, -0.003415048, -0.00019999668, 0.016552243, -0.025358507, 0.027786035, -0.0031998449, -0.0062559173, 0.028494269, -0.0025285075, 0.002853365, -0.012447252, 0.0040809936, 0.00021874515, -0.0037234717, -0.0074414196, -0.017838715, 0.009462939, -0.00770447, -0.012654331, 0.013664113, 0.012964521, 0.0022611734, 0.0075472635, -0.003601157, -0.027953168, -0.0031020618, -0.0003221238, -0.027139474, -0.0014082156, -0.01605941, -0.0010948344, 0.014595312, 0.03668798, -0.015878452, -0.0014191738, 0.0086366935, -0.006351122, 0.018972533, -0.028632715, 0.0026045765, 0.0028746086, 0.008306503, -0.010177603, -0.008423869, 0.0041451757, -0.0049792086, 0.023657227, 0.023590118, -0.02525555, 0.013149378, 0.0028512448, 0.0072315363, -0.0018545389, 0.02507384, 0.013040381, 0.046420585, -0.0017064465, -0.012169827, -0.012391328, 0.011029702, 0.0035953107, -0.0068373904, -0.033750053, 0.03439176, -0.025287017, -0.04486992, 0.004481399, -0.021725364, -0.021631837, -0.0073058945, -0.01918101, -0.0035908814, 0.022342218, 0.006918185, -0.0021787365, 0.019473577, -0.014386844, -0.02197967, -0.0012575344, -0.020119738, 0.001851371, -0.0023974576, -0.019794801, 0.025276069, -0.00060222426, -0.003988879, 0.0023102795, 0.010446041, -0.0031887572, -0.014010695, -0.006710098, -0.0027604282, -0.005354238, 0.0047875005, 6.42453e-05, 0.022086727, -0.00416997, -0.0073580677, 0.0024393478, -0.024558002, -0.024350423, 0.0044910843, -0.005733062, -0.0009009422, 0.019131381, 0.011368456, -2.4578774e-05, -0.0104207555, -0.00046386887, -0.021416456, 0.014419651, 0.014424543, -0.006170979, 0.005532426, 0.00730119, -0.009689983, 0.014738255, 0.02921582, 0.017566787, -0.009506667, -0.0060835453, 0.019098712, -0.010469654, 0.0111195, -0.000118768075, 0.023573436, 0.0029421037, -0.038482483, 0.0069469153, 0.006635786, -0.005255686, -0.0016489994, 0.011100389, -0.019458357, -0.040513128, -0.0007947149, 0.004297581, 0.01134535, -0.00044966393, 0.003450749, -0.04347841, 0.00898013, -0.021157302, 0.025103062, -0.011967233, -0.006258247, -0.0002662198, 0.006436155, -0.056865636, -0.013358297, 0.00400344, 0.013031791, 0.002976945, -0.011237273, -0.026436029, 0.0055022333, -0.016739475, 0.0007966151, -0.003915646, 0.018733872, -0.004944961, -0.0073181544, 0.011936979, 0.002481726, 0.0003896625, 0.033213843, 0.007536087, -0.006361047, -0.009298582, -0.018951362, -0.0010875468, -0.009832082, -0.026780698, 0.0034473885, 0.014719037, 0.033516992, 0.026187895, 0.002491576, -0.014836256, -0.02345562, -0.018788205, 0.028017597, 0.012799037, -0.00081457285, -0.01965453, -0.02909323, -0.03347602, 0.009997333, -0.0040044216, -0.010870313, -0.0022375959, 0.037514403, -0.022781972, 0.009420816, -0.004404626, -0.021966754, -0.006511962, 0.023318242, 0.0071893437, 0.0041544167, 0.004804159, -0.003142751, 0.015397534, 0.025470443, 0.00042648302, 0.008628936, -0.008296274, -0.011483327, -0.012659843, 0.032503936, 0.025024654, 0.022941913, 0.0027107096, 0.011841636, 0.01527593, -0.0059203175, -0.0077640773, 0.029572135, 0.008096101, -0.039973285, -0.008171432, -0.047973108, 0.011537445, -0.00014819583, -0.01136396, -0.0051684636, 0.007699696, 0.03335418, -0.021868749, 0.006664543, -0.027293608, 0.02374943, 0.030189484, 0.018844053, -0.022805145, 0.0114825, 0.0069551277, -0.017168548, -0.016556641, -0.015604305, -0.028104711, -0.00817066, -0.012506017, 0.018175092, -0.02085782, 0.018239466, -0.034958847, 0.011533469, -0.0018792287, 0.013150606, -0.01030525, -0.0042119594, 0.019545302, -0.022406159, 0.0016421153, 0.042740688, 0.0030257716, -0.0064956914, 0.019131077, -0.029441662, 0.007584465, 0.027931964, -0.00037427177, 0.01440169, -0.00706714, -0.010354695, -0.018366197, 0.014580606, -0.01161051, -0.017582553, 0.0013416235, -0.010331873, -0.007134823, -0.028467286, -0.0064636786, -0.004650827, 0.0064131483, 0.016022619, -0.03591354, 0.0031217907, -0.0027333659, -0.011774281, 0.026443128, -0.0070835976, 0.015312642, 0.022200746, 0.015321663, -0.010346594, -0.016550746, 0.012149232, -0.038722053, 0.012937545, 0.011251898, 0.016365094, -0.0153075745, 0.009619281, 0.0011331667, 0.004155099, -0.029101685, 0.016170781, 0.030949587, -0.021599168, -0.02869089, -0.012155095, 0.01567791, 0.027966062, -0.029421022, -0.019612825, -0.020577252, -0.01940471, -0.0062728333, 0.013875981, 0.02814624, 0.036834847, 0.0026478237, 0.024254285, 0.04568824, 0.007500772, -0.01142784, -0.018264538, -0.010891497, -0.002045106, 0.026206378, 0.020004246, 0.02524879, -0.0129992, 0.0019305617, -0.010069712, 0.020123249, -0.022410825, 0.0018039473, 0.008480213, 0.004380854, -0.034911215, 0.0029391923, 0.026143031, -0.016217172, -0.01673388, -0.0044988506, 0.0038831627, 0.010891457, 0.0018646327, -0.022145163, -0.003495398, 0.005906891, 0.0410324, -0.014675294, 0.026048576, -0.021754915, -0.009225229, 0.025093943, -0.01679201, -0.005175601, 0.01657299, -0.0022560533, 0.02057909, -0.028432636, 0.027492067, 0.02350874, 0.020823339, 0.015508459, 0.016145522, 0.009954232, 0.025432177, -0.019111022, -0.0324618, 0.016825993, -0.024598239, -0.02515214, -0.011982425, 0.035858825, -0.008550518, -0.0018847478, 0.029517498, 0.0032166236, 0.0021789623, -0.03696738, -0.0039828643, -0.026442789, 0.03342636, -0.0062368223, -0.01570951, -0.017135927, -0.010048672, -0.0012049606, 0.009110657, -0.0059240507, -0.0033584742, 0.0027537397, 0.02749701, -0.015498045, 0.016739696, -0.004161197, -0.003889934, -0.005365795, -0.017080588, 0.0115957465, 0.008336155, -0.011925299, -0.013792213, -0.0037542833, 0.00017248317, 0.0034384003, 0.02839047, 0.0028137448, -0.014270576, -0.008358351, -0.03175258, 0.009383077, 0.020435702, -0.033087935, -0.0015466054, -0.01816718, -0.020945257, 0.0065914923, -0.031608514, 0.016938409, -0.08097515, -0.0013270603, -0.020181594, -0.010717926, -0.028435487, -0.0012993508, 0.045471568, -0.012153204, 0.029850075, 0.02126726, 0.0155899795, -0.009231865, 0.024120701, -0.0007497365, -0.018779462, 0.0018962726, 7.113468e-05, 0.019331057, 0.020328715, -0.0027103703, 0.0072558275, 0.009449838, -0.011455847, 0.008115643, -0.010395063, 0.021841947, 0.024872081, -0.03632479, 0.0036225314, 0.011592431, 0.0055961283, -0.020749569, 0.010210319, 0.012021683, -0.0012105746, -0.024076235, -0.021088708, -0.007142318, 0.0049730656, 0.03232799, -0.029617617, -0.007558836, -0.0021343965, 0.004260118, -0.007746369, 0.010512122, -0.023743697, 0.0033220924, 0.01080594, -0.04869474, -0.013037429, -0.016990015, -0.0071181483, -0.005416968, -0.015138912, -0.022015462, 0.009470235, 0.0060597765, -0.023190398, -0.013160926, -0.011647353, 0.0068688695, 0.019404026, 0.0077800234, 0.004382697, -0.009461032, -0.024805075, -0.0062257284, 0.0063014305, 0.014003981, 0.0038876468, 0.0039207228, 0.020719878, 0.019496063, 0.005444326, 0.018095497, 0.008786925, -0.02010639, 0.019801255, -0.010073964, -0.006973321, -0.0083335, -0.10099612, 0.010893682, -0.026079312, -0.009912109, -0.012371201, 0.004894452, -0.0033346445, -0.030092005, 0.011178474, -0.01227386, 0.0011088946, 0.0026324794, 0.018850096, -0.008015691, -0.0049512065, -0.0032699313, 0.0014065629, -0.02774421, -0.022661766, -0.0026256747, -0.033805963, -0.0071392823, 0.014542601, 0.0029841883, -0.009239675, -0.0127036655, 0.0039306497, -0.015554245, 0.0029954521, -0.034638617, -0.012854122, -0.15571822, 0.0034218638, 0.03586093, -0.028237047, -0.0059157703, 0.022945331, 0.03166846, -0.001749456, -0.01936006, 0.01279176, 0.016312117, -0.007422055, -0.014003681, 0.0041405605, 0.008829997, 0.12151573, -0.0027577856, -0.01721537, 0.0065528685, 0.0006352585, 0.010673745, -0.0033694508, 0.011031365, -0.0028732994, 0.0027385678, -0.014927115, 0.03441191, -0.015861854, -0.0046660095, -0.031555433, 0.0013658971, 0.0070015476, -0.010474679, 0.0062659434, -0.010874043, -0.008414485, -0.024137542, -0.003929082, 0.0031141993, 0.016108608, -0.0047374256, 0.013308722, -0.002832745, 0.0034989442, 0.015131913, -0.025900435, 0.019403536, 0.015680991, -0.010586505, 0.016291564, -0.045132242, -0.07551551, 0.025143838, 0.026893726, 0.006933977, 0.0058302167, 0.0021008798, 0.0064718993, 0.023995947, 0.019495929, 0.028031917, 0.007914429, -0.0025062743, 0.0017102485, 0.0031502603, -0.014222263, -0.00041473063, -0.0045698746, -0.009741731, 0.001939358, 0.0026563676, 0.0041827993, -0.0016570289, -0.036097452, -0.008968366, -0.02310846, -0.021934366, 0.014881293, 0.021024963, 0.011262549, 0.03242771, 0.0048937853, 0.018513717, 0.012703746, -0.028246835, -0.050702527, 0.011401186, -0.046334542, 0.011376918, -0.0058920584, 0.018505266, 0.01889534, 0.001731417, -0.009797699, 0.03175805, -0.025477007, 0.0049439436, -0.011132736, -0.0070183882, 0.0008760625, -0.016306717, -0.005567236, 0.014054707, 0.022594282, 0.022236325, 0.028261935, -0.007987817, -0.0068452465, 0.017674092, -0.016041368, -0.0023765552, -0.005748123, -0.0021719723, -0.005335737, -0.0009752408, -7.118087e-05, -0.016486408, 0.007930877, 0.004829088, -0.032700643, 0.0069757225, 0.0060159923, -0.0029932656, 0.0024452945, 0.0035434451, -0.006682426, -0.015144738, -0.0032264648, 0.01097184, -0.030447708, 0.026168555, -0.0023901395, -0.0031217088, 0.005790671, -0.0069796583, 0.01905032, 0.009853938, 0.0036756645, 0.0040053036, -0.020460755, 0.0061894697, -0.0030465075, -0.005701787, -0.009123286, -0.00072078843, -0.0073359977, 0.0010775554, 0.010712821, 0.01686725, -0.01316103, 0.005844425, -0.01335821, 0.015696222, 0.022404822, 0.012704704, 0.00076231174, 0.010827246, 0.005014951, -0.006604939, 0.02049267, 0.0011631926, -0.004203592, -0.002013789, 0.015349408, -0.011196318, -0.023710752, -0.0021175735, -0.007929266, -0.0017025055, 0.0175911, 0.00318404, -0.02040982, -0.0039939512, -0.014378287, -0.0075863795, -0.0013704404, -0.010818306, -0.012940903, -0.012826916, 0.008835149, 0.015441843, -0.0007927831, 0.008929978, 0.0037355332, 0.017663434, 0.004731964, -0.010044079, -0.015745489, 0.004011702, -0.01006221, -0.005312743, -0.02895916, 0.029431365, -0.0007704423, 0.005845775, -0.0012895493, 0.015507044, -0.0013072945, -0.009896472, 0.0017816667, 0.005449452, -0.021413151, -0.0023392993, 0.0048005884, -0.015810782, 0.0033111603, -0.0037303271, -0.00501704, 0.016361877, 0.008193688, 0.0019814014, -0.006010856, 0.012956819, 0.0096957255, -0.006713416, -0.0047446797, 0.01566586, 0.0007258581, -0.0037654522, 0.008189908, -0.018569803, 0.004124332, 0.003522717, -0.017987166, 0.009445618, 0.002910551, 0.0024770452, -0.010149877, -0.014905849, 0.006923091, -0.0150295, 0.017365912, 0.00814417, 0.0056504365, 0.0045320615, -0.0033524174, 0.013191828, 0.012554039, 0.0074222884, -0.0021566106, -0.0048855687, 0.016719135, -0.0038770116, 0.010205152, -0.00549602, -0.016300365, -0.006966435, 0.014961009, -0.004226709, 0.0006089808, -0.0063627586, 0.016652714, -0.0032795565, 0.015346357, 0.0064697997, -0.011582323, -0.014190717, 0.0051469957, 0.024908857, -0.0033247354, -0.013129918, -0.00048632702, 0.009048673, -0.0020788398, 0.018904261, 0.0014408146, -0.0028511446, -0.014116295, -0.008356304, 0.02095828, -0.0074532204, -0.0048274156, 0.006489202, 0.0054350374, 0.008778894, -0.006758381, 0.0052281423, -0.009310345, -0.00097435387, -0.004245963, -0.0008705474, -0.022100003, -0.021442981, 0.0056604664, -0.00018205603, 0.0031852738, -0.0048008347, 0.0074039404, 0.0060161483, -0.031932555, -0.0066616153, 0.013486008, 0.003569548, 0.00025605748, 0.0211052, 0.011526379, 0.008584294, -0.026876604, -0.008972543, 0.0048840186, 0.021517701, -0.00526612, -0.009423451, -0.013006756, 0.003362136, -0.015385341, 0.009623219, 0.010329684, 0.020036358, 0.008016899, 0.07240306, -0.0035567232, 0.019569175, 0.024039904, -0.012913402, -0.01588503, -0.002571072, -0.012492018, -0.02322481, 0.012399941, -0.017126605, -0.018944366, 0.0015244441, -0.014951128, 0.0048485766, 0.0055390666, -0.00941304, -0.015016036, 0.012303754, 0.0108660385, -0.008763402, 0.01310837, 0.009396196, -0.009727595, 0.013138852, -0.008282684, 0.0037617192, -0.008414871, 0.0032116566, -0.013171948, -0.015989989, 0.0059860605, 0.010506705, 0.008102165, -0.010750567, -0.0042785276, 0.011345706, 0.015197237, 0.0102682635, 0.018167766, -0.013259327, -0.0010891348, 0.0006398707, -0.018504897, 0.009448456, -0.0020236783, -0.011222892, -0.0060309246, 0.015216587, 0.014326416, -0.0014158457, 0.00023226206, -0.0017520325, 0.006617044, -0.009102672, -0.0040605078, -0.0015390442, -0.0008462275, 0.015031326, -0.0035880161, 0.0057844906, 0.009364099, -0.0021503724, -0.0040235217, -0.006778355, -0.00042135984, 0.0022303723, -0.0020565882, -0.009418632, -0.019639056, -0.0037239834, -0.011692853, 0.019295614, -0.012672696, 0.03377381, 0.0033267485, -0.0021460985, -0.011436561, 0.018586267, -0.0031933268, 0.017956981, 0.0011493396, -0.0101023875, -0.017665759, 0.0016294986, 0.009266634, -0.0045796135, 0.0039901817, 0.007562381, -0.0035199977, 0.006711547, -0.005988854, -0.010999491, 0.0008638215, -0.016704237, 0.003253301, 0.048626434, 0.0055909255, -0.009443522, 0.00786888, 0.0016706132, -0.015900357, 0.021027265, -0.00646538, 0.010303114, -0.015275015, 0.0054667713, -0.011181654, 0.015550748, -0.014040988, -0.015446096, 0.008860301, 0.010392449, 0.022344653, -0.001046227, 0.0031315095, 0.03424545, -0.0041882526, -0.0062988144, 0.00035518815, 0.011343758, 0.0041873967, -0.014418009, -0.010281348, -0.018085115, 0.008654117, -0.0035665887, 0.0067583723, -0.005037691, 0.01765957, 0.016181763, 0.004945181, -0.026702542, -0.010805915, 0.0007404799, -0.0013898425, 0.006336906, -0.0051665576, 0.018219909, -0.004787964, -0.004160555, -0.010402219, -0.022403289, 0.020972505, 0.012213887, 0.016202638, 0.004449055, 0.011172251, -0.015050747, 0.0134153105, -2.7635115e-06, -0.017565437, 0.00157552, -0.019485284, 0.011070234, 0.012267661, -0.017770806, -0.013541168, -0.01046959, 0.009803538, 0.0014250899, 0.015307538, 0.012088904, -0.012481885, -0.011950329, 0.011582269, 0.015099756, 0.006789106, 0.005792671, 0.002225441, 0.0021273836, -0.011867137, -0.003983172, -0.0017417312, 0.009601544, 0.0039510136, -0.008922372, -0.012255179, 0.013729519, 0.008337241, -0.008571196, 0.013262549, -0.026547704, 0.0020585598, -0.0034415452, 0.0053507593, 0.007467597, 0.0076539544, 0.007270892, -0.012185966, -0.004511585, -0.0006052905, -0.0038097438, -0.011301324, 0.008427664, 0.012150636, -0.004972136, 0.022835385, -0.007820525, 0.0141867865, -0.012951847, -0.00069826934, 0.011366272, -0.000432551, 0.009385189, -0.0125719495, 0.0027255581, 0.00030025965, 0.0048564044, -0.0050396323, 0.00042245252, -0.02406472, 0.0017193687, 0.018614788, -0.018312324, 0.010132222, 0.031102886, 0.0030734825, -0.008284991, -0.0015418689, -0.0007249831, -0.00010354059, 0.008339257, 0.009238647, 0.004530468, -0.02405953, -0.0063176095, -0.011754756, 0.0023322199, -0.026726682, 0.009332152, -0.0019071593, -0.0112113645, -0.0008952319, 0.011729459, -0.018316617, -0.01951786, -0.020258179, 0.0014781343, 0.0008195949, -0.013609507, 0.001570436, 0.024063576, -0.0010205917, -0.0051201126, 0.0023600755, -0.009581116, -0.009817485, -0.0059545375, -0.0027515136, 0.0049536335, 0.0008721717, -0.014303646, 0.005281833, 0.006630478, 0.0038277751, -0.011759789, -0.03415696, -0.006117271, 0.018459938, 0.023152186, 0.0042821374, 0.013469067, 0.0151954675, -0.00018446035, -0.0024977496, 0.012222614, 0.01622703, -0.02035924, -0.009663347, 0.011421993, 0.0016885988, -0.011061063, -0.004641828, 0.010930041, 0.0037006296, 0.006599087, 0.0018848255, -0.015717642, 0.009082111, 0.0035127911, 0.002420532, -0.0070879245, -0.009238007, -0.0024100533, -0.0061596236, 0.010851406, -0.012421849, -0.0049339505, 0.0041465713, 0.011986519, 0.0150142545, 0.00409049, 0.004504071, 0.0052637015, 0.0062402273, -0.009113902, -0.0026033598, -0.016368067, -0.017832207, 0.012198015, 0.0018383714, -0.010097471, 0.00967289, -0.00260139, 0.0075881113, 0.006976492, 0.014953304, 0.012671546, -0.0060002944, 0.026719527, 0.00059316744, -0.017557463, 0.013153826, 0.0009044639, 0.007511688, -0.0036524392, -0.0077943667, 0.004682262, 0.004977835, -0.008910218, -0.01797708, -0.011513328, 0.018921766, 0.0031728891, 0.0012300331, -0.010899388, 0.016819015, -0.006318091, 0.015146207, 0.005392074, -0.025095323, -0.011013046, 0.02235229, 0.0063284016, 0.0012722077, -0.003283328, 0.0034731035, -0.016591078, 0.008417323, 0.014596399, -0.024166023, 0.0009954575, -0.022233168, -0.022049626, -0.008299472, -0.000781397, 0.0009431079, -0.0036524779, -0.0073278695, -0.01720361, -0.003392522, 0.011650048, 0.0011183544, 0.013735433, 0.0077800276, -0.0036408908, 0.0041082185, -0.014760841, -0.008025279, 0.00836046, -0.0001360947, 0.0013982634, 0.009720858, 0.007035398, 0.016068673, 0.00705647, 0.009492811, -0.02074337, -0.013113187, 0.013164504, 0.013286858, 0.0033937434, -0.010271078, -0.011614628, -0.009936882, 0.0130373975, -0.0044496777, 0.023523744, -0.00847499, -0.024448847, 0.0055953474, -0.008099984, -0.009866084, -0.035167813, 0.009431719, 0.0010984545, -0.0112205, -0.012243406, 0.038665384, -0.004269628, -0.006464172, 0.006443786, -0.0044627683, -0.009465483, -0.00024835605, 0.006662794, 0.008068881, 0.006564047, 0.0051009, -0.005555152, -0.008455102, -0.012108712, 0.010854895, 0.018632762, 0.019984685, -0.004554581, -0.013395504, 0.0038470882, -0.0032438585, 0.00860774, -0.008568288, -0.0034315356, 0.0034523972, -0.0016462686, 0.008543908, 0.0023415776, 0.001808517, -0.007647956, 0.009170669, -0.013496386, 0.0012432954, -0.0024043291, -3.9356673e-05, 0.00027983033, -0.0010751724, 0.0075115156, -0.005081495, 0.01685273, 0.0062666605, 0.025769724, 0.0055811047, -0.0086574415, -0.005990964, -0.0064067654, 0.0031418765, 0.0027082372, -0.02309435, 0.004307315, 0.035161376, -0.0030817394, 0.0046372996, 0.009809554, 0.008973975, 0.014386317, -0.0065420177, 0.010914591, 0.00341594, 0.0048574083, 0.008032414, 0.015612409, 0.0096237315, 0.006380823, -0.003483524, -0.02112377, -0.0067285458, 0.012224657, -0.0050714747, 0.021642335, 0.00040359912, -0.0037364878, 0.00020273731, -0.08621093, 0.002895792, 0.015959911, 8.5779575e-05, 0.015384573, 0.0064981403, -0.012317469, -0.015685575, 0.000726517, 0.005228841, 0.01669202, 0.00469498, -0.0076314597, 0.0009710513, -0.005615003, -0.025491325, 0.007292647, -0.020702314, 0.015346961, -0.010456547, 0.00083974533, -0.0059811566, -0.00091173215, -0.0022799962, -0.01696755, -0.0027024637, -0.009630086, -0.014880101, 0.0051395306, 0.012678012, 0.016087666, 0.004083096, 0.0043830653, -0.023600701, 0.007827825, 0.014795872, -0.00974438, 0.0220291, -0.13838495, 0.013688127, -0.0031017198, -0.01976013, 0.0004502094, 0.0012827236, -0.0028159174, -0.00675741, -0.017469011, 0.0128498105, 0.009972152, -0.0010037208, -0.009602814, 0.012888332, 0.0032848606, -0.013913944, 0.00043634966, 0.0013013966, -0.014013903, -0.018970652, -0.0013081987, 0.0019483999, 0.0045978143, 0.014679587, -0.015238628, 0.0015623904, -0.0066081155, 0.0018886081, 0.022136614, 0.013335582, 0.006423838, -0.0015779547, -0.006500738, 0.0051936274, -0.019634934, -0.015160074, 0.016544571, -0.002549541, 0.0070550498, -0.014856341, 0.02551373, -0.008521788, 0.014278054, -0.0027648741, -0.004583381, 0.0086830165, -0.001125679, 0.01421163, 0.0039896746, -0.0026139992, 0.011177592, 0.0016047964, -0.0057078036, 0.019343883, 0.009473815, 8.301073e-05, 0.0048948536, 0.0007244588, -0.0077564134, 0.009069182, -0.0047977357, -0.011402481, 0.010390319, -0.001253784, -0.0078089884, -0.0009523396, 0.016178695, 0.013014934, 0.00892163, -0.005032506, 0.027172443, 0.010345459, -0.008007198, 0.026969977, -0.0063912743, -0.0039198347, 0.007243074, 0.027901733, 0.008244855, -0.0049977116, -0.0015089279, -0.002996771, -0.0075356527, 0.00404896, 0.010985365, -0.0061247717, 0.01891014, -0.0064525194, -0.009648248, -0.07009998, -0.0013699702, -0.005807605, 0.014859878, 0.0061246823, 0.010742179, -0.0140336035, 0.0073124906, 0.015444306, -0.0073812283, 0.0022549913, 0.005417958, 0.0013109462, 0.030008646, 0.008783532, -0.014296861, 0.017032806, -0.024710815, -0.013392189, 0.017966421, -0.012524142, -0.007806832, 0.0137276435, 0.01959307, -0.012782096, 0.018628022, 0.014997964, -0.008719383, 0.0074491086, -0.0029375884, 0.0047602654, -0.00013812837, -0.01666292, 0.011337282, -0.02204935, -0.009803918, 0.0111306, 0.017654693, -0.009025878, 0.001724483, -0.01534589, 0.00092054467, -0.02135277, 0.0015915486, 0.0021762017, -0.0005192876, 0.008462649, 0.011027375, -0.004829403, -0.009430258, 0.006817746, -0.019926999, 7.457016e-05, -0.018740302, 4.2478346e-06, -0.0040137167, -0.006515987, 0.019843392, -0.027008202, 0.0013625807, 0.008823922, 0.0047270646, 0.0041911295, -0.0030069477, 0.025740106, 0.0064298925, 0.022250285, 0.015978387, -0.017882278, 0.01339238, -0.016236527, -0.0074634044, 0.0194542, 0.010799395, -0.013693395, -0.0011807668, 0.014262353, 0.004980461, -0.0063653844, -0.011604719, 0.0042562904, 0.008782373, -0.006307805, 0.0072110225, -0.014782328, -0.033553038, -0.03207709, 0.0036246853, -0.011479374, -0.004272021, 0.014217553, 0.012036565, 0.00618213, 0.012200297, -0.010128241, 8.002674e-05, 0.017678278, -0.000572687, -0.0082393335, 0.02064085, 0.024153462, -0.027274527, -0.033258375, -0.00040759175, -0.0033963905, -0.008752544, 0.0003713037, -0.02036725, 0.014007112, 0.011292209, 0.009942095, 0.003136688, -0.0034986832, 0.008078746, -0.16758868, -0.020987827, -0.0096040135, 0.004458373, 0.0056363903, 0.010397721, -0.015395556, 0.014944296, 0.0034282925, -0.008629043, 0.019330185, 0.014113638, 0.0040807277, -0.0016578104, 0.020154722, 0.017212534, -0.0015571552, 0.01889825, -0.016153097, 0.0052735177, -0.02418475, 0.018740024, 0.012947315, 0.027449979, -0.008524718, -0.014035705, -0.011286564, 0.008114184, 0.006494075, -0.013183583, 0.019990547, 0.006075131, -0.022830563, 0.002574129, -0.019636678, 0.008223604, -0.0027586936, 0.0023709103, 0.002199051, 0.005696864, -0.0055096173, 0.022196475, -0.0010203591, 0.011186031, 0.0037385635, -0.002522809, -0.002199438, 0.005630958, 0.0058637196, -0.0052324287, -0.013177575, 0.00492473, 0.023040038, 0.013098405, 0.021307478, -0.0207129, 0.015449912, 0.011773494, 0.028378297, 0.015030471, -0.013516783, -0.0023659577, -0.001429502, 0.00773526, 0.016553737, -0.012826407, -0.0015733619, 0.13225447, -0.024502644, 0.013548621, -0.007611764, -0.012902843, 0.0154298255, 0.011491396, 0.0035864734, 0.018742584, -0.00492616, -0.008596631, -1.601967e-05, 0.016906131, -0.0011244478, -0.026042186, 0.0054209037, 0.007299757, 0.002264855, -0.011077451, -0.009409022, 0.0009182239, -0.006585811, -0.010053129, 0.0024734263, 0.025606155, -0.0037440164, 0.019189851, 0.0014446862, -0.010992896, -0.0024302623, 0.023810858, -0.013538676, 0.008395789, 0.008619433, 0.0054180166, 0.013546243, 0.007848811, -0.013746013, 0.00719954, -0.0041221273, 0.025900988, -0.00160965, 0.0002984439, -0.0069436193, 0.0078225, 0.015380511, 0.007968738, -0.0008063236, 0.0020577721, -0.0011827616, -3.6508023e-05, 0.010021765, 0.000622041, -0.0012272297, 0.03112847, -0.00885062, -0.026123563, 0.0034423752, -0.010168845, 0.0038695715, 0.006742967, -0.017360654, 0.0122210365, 0.03214711, -0.005156298, -0.028245999, -0.009720164, -0.007605692, -0.010859861, -0.1132352, -0.0047134846, -0.007844228, -0.028535241, -3.0210154e-05, -0.02119854, 0.0041632806, 0.021678241, 0.018986713, 0.0042885756, 0.00065965427, -0.00723558, 0.0055144895, 0.024122026, -0.012824547, -0.011222249, 0.0049749995, -0.003268005, 0.03974678, -0.004460605, 0.009152685, 0.013253963, 0.015191103, -0.026200838, -0.0240144, 0.01007057, -0.0136804795, 0.00014170782, -0.019381968, 0.02767144, 0.0016432127, -0.0029342715, 0.005445676, 0.017908148, -0.004849687, -0.01617922, 0.019973924, 0.026696663, 0.008271235, -0.018860865, 0.0067980653, -0.008307112, -0.0119017, -0.0076467013, 0.005892472, 0.0067560463, 0.011001524, 0.0022547112, -0.005855019, -0.005399836, 0.01322463, 0.0027559388, 0.0025972489, -0.013671221, -0.017441845, 0.0051125023, 0.026277816, 0.0012283049, 0.009688865, 0.0058036074, -0.01624581, 0.020028636, -0.007835783, -0.005917458, 0.0032165728, 0.006984897, 0.0003427646, 0.013160464, 0.014117651, 0.00074510614, -0.022024687, -0.010301323, 0.005659575, 0.011114976, -7.379771e-05, 0.007584688, -0.0072068097, 0.016841052, -0.025045764, 0.023931902, -0.014976592, 0.01132807, 0.00799687, -0.0071048085, 0.028344696, -0.004719832, -0.006464038, 0.014302692, -0.015646912, -0.0038140502, 0.018719355, -0.0075016613, 0.005341778, -0.016541539, 0.0045805695, 0.006220386, 0.010400967, -0.0017665941, 0.011602865, -0.010879132, 0.0053700255, -0.001274997, -0.042305924, 0.0050627086, 0.0006210114, -0.01356432, -0.038551353, -0.013570926, -0.017549345, 0.0069702584, -0.011858283, 0.0015728545, -0.039329696, 0.010124356, -0.004578185, 0.0019231187, 0.010869271, -0.026325729, 0.0040056487, -0.017689606, -0.010104458, 0.0038311398, 0.0072306683, 0.00028733563, -0.010401313, -0.018220719, -0.0034898838, -0.012732514, 0.005130922, -0.011916023, 0.03433227, -0.021361224, 0.00010235026, 0.015620406, -0.014225414, -0.019567758, -0.0068569663, 0.024793154, -0.00035385342, 0.0034701542, 0.0049776398, 0.01172282, -0.004252887, 0.006697911, 0.002723693, -0.027658885, 0.0032537365, -0.014796238, -0.0051955627, -0.001048999, 0.0014873967, 0.007817259, -0.02016834, -0.0034393915, 0.02593969, 0.0017706223, -0.012314835, -0.021355074, 0.007243282, 0.0070320913, -0.027224924, 0.018007692, -0.010371596, -0.0012003396, -0.018364338, -0.01666765, 0.010752532, -0.016857974, -0.022813458, -0.015312171, 0.009152881, -0.019550204, -0.0009892809, 0.0057660877, 0.003968921, 0.0072328043, 0.0051954384, 0.00626913, -0.0068098702, -0.07491109, 0.018247576, -0.0025742245, 0.0004907693, 0.005285584, -0.016673464, -0.010880729, 0.0031430598, 0.012566613, -0.037853997, 0.016593238, -0.013266804, 0.0007043833, 0.01470564, 0.004064732, 0.01047702, -0.020624463, -0.0057158945, 0.024280999, 0.014694515, -0.00032719626, -0.0013343582, -0.00042801068, 0.012982538, -0.02131522, -0.0038149436, -0.0081033725, 0.00421712, 0.0021542748, 0.0016043009, -0.018022688, 0.011955715, 0.0023852543, 0.0029888137, 0.011410743, 0.026852103, -0.027216773, 0.0008301321, 0.013692468, -0.028381785, -0.006949962, 0.020512154, -0.04627576, 0.0068074195, 0.008816542, 0.0150769465, 0.011972469, 0.0087479865, 0.0114286905, -0.022765415, -0.0019357133, 0.0063860724, -0.0050070025, -0.0011601157, -0.0019793322, 0.006497437, 0.013381616, -0.000107353895, 0.015625045, -0.01848588, -0.004900913, -0.022723427, 0.002743591, -0.0018826893, -0.015275794, 0.0046537793, -0.011771437, 0.014804469, -0.017055865, 0.008528027, 0.0016571928, -0.0218762, -0.0031733424, 0.010808496, -0.007822887, -0.011510038, -0.009750434, 0.01119815, -0.0013894592, 0.032731663, -0.0026873099, -0.0077698138, 0.006149544, 0.06364722, -0.018901985, -0.040591765, -0.014293227, -0.09743194, 0.004160008, -0.008795551, 0.009966573, 0.0021118554, 0.018322162, -0.012038315, 0.038321264, 0.0044950806, -0.0022737158, -0.025078522, 0.015280965, 0.024004074, -0.008985759, 0.013574978, -0.026490029, -0.019695455, 0.0048537776, 0.010932584, -0.009013245, 0.026441466, 0.0030879173, -0.03020146, 0.020435799, -0.0051876944, -0.06098545, 0.010538861, 0.009729531, 0.009400151, -0.006067811, -0.00053246156, -0.008706837, 0.010798343, -0.0008001848, 0.025234995, -0.0026059465, -0.024588736, 0.012674646, 0.00272878, 0.006051261, 0.019973345, 0.004903682, 0.026005078, 0.0024148803, 0.012627123, -0.0037368352, -0.011135814, -0.018265499, -0.010719805, -0.018477635, 0.00028888375, -0.025093626, -0.012635321, -0.003651588, -0.0022934969, 0.0048036375, 0.0072165783, -0.03000736, -0.0012448888, -0.011086271, -0.00019474531, -0.010790269, 0.0072898488, 0.008084892, -0.02487741, 0.009808276, -0.020737158, -0.0041298536, -0.022391463, 0.009229498, -0.0032547365, 0.013868039, 0.017723685, 0.0002517183, 0.0066852355, -0.026569225, 0.0005178397, -0.010376318, -0.026761523, -0.014500394, 0.03141936, 0.00661994, 0.0021024367, -0.011026057, -0.012229915, -0.0053418716, -0.009294132, 0.0037165529, 0.014282654, 0.00256489, 0.0033261734, -0.020233737, -0.006655283, -0.004846784, 0.003684222, 0.0053080353, 0.0007785837, -0.001411392, 0.0020180335, -0.012879078, 0.0046062246, -0.0028051906, -0.025342682, -0.013040974, 0.016858412, 0.0064335773, 0.01740763, -0.0014610959, -0.014123888, -0.0007587516, 0.01349821, -0.0058074193, -0.004069943, 0.0111862235, -0.0011762072, -0.020386333, -0.0021446238, -0.0028947026, 0.0061531593, -0.0053895735, -0.0051502953, -0.0049530803, -0.051557694, -0.0077640344, -0.0012542536, 0.007872841, 0.016970584, -0.008865923, -0.004391521, -0.0075973053, -0.0057437858, 0.027386224, 0.013018908, 0.008561213, 0.013975259, -0.031177813, -0.011623729, 0.0053471574, -0.011216697, 0.023472438, 0.023453748, 0.0044529676, 0.007107086, 0.005082256, 0.015261881, 0.001153967, 0.005125801, -0.009639769, -0.033960856, -0.013955783, -0.0010851048, 0.004578588, 0.0032409441, 0.008830652, -0.018076014, -0.002638958, -0.0033970068, -0.008066537, 0.012515113, 0.015857294, 0.019886736, 0.017627697, -0.024982732, -0.011257917, -0.04114535, 0.0043106806, -0.02562002, 0.0011469654, 0.0181463, 0.012993399, -0.008170507, 0.010928756, -0.009043438, -0.0072804647, 0.018672999, -0.016518798, -0.003426648, -0.005485214, -0.0011537983, -0.0034660033, 0.017095452, -0.0014019413, 0.0028047098, 0.014312935, 0.0047820974, -0.0336562, -0.012567577, -0.019810364, -0.0026313702, 0.013907544, 0.0043983865, -0.011700509, 0.0107305, -0.0016924299, -0.02498636, -0.0059871227, 0.018940447, -0.009979067, -0.021411994, 0.017816916, 0.014819886, -0.025392327, 0.010116043, -0.02707413, -0.0170748, 0.0023035405, -0.043958884, -0.011056876, -0.0101241255, -0.010148945, -0.0053753266, -0.008637582, 0.0034290694, -0.01765354, 0.001352219, -0.026790906, 0.026293814, -0.008962948, 0.008322359, -0.004993133, 0.018634599, -0.012617909, 0.016265852, -0.008672451, -0.0018504431, 0.0015737552, -0.013139654, -0.005048661, 0.000437483, 0.017314343, -0.00015298666, 0.008717204, 0.0023072024, 0.0056520915, -0.009991277, -0.008267579, -0.0038576117, 0.00610426, 0.0004900873, -0.0061114426, 0.046358626, 0.022640672, 0.0095105935, -0.008737644, -0.008791216, -0.03456146, 0.0101913335, 0.022833915, 0.00017995587, -0.01842399, 0.00013675827, -0.0034159666, -0.012252463, 0.010481068, 0.015514847, 0.001970824, 0.0033541576, -0.023082113, -0.013369019, -0.0062261955, 0.008665692, 0.0076137646, 0.0038847423, 0.0005810122, -0.0020301675, -0.010177026, 0.0050248504, 0.010135261, -0.0018763161, 0.0015825565, 0.00908479, 0.0026107077, 0.016932819, -0.014454533, -0.008128846, 0.015007029, 0.006312715, 0.011763281, -0.0030613865, 0.027262311, -0.004572908, 0.0069609303, -0.0054411124, 0.014060462, -0.009635864, 0.0061824233, 0.03300741, -0.011894032, -0.015125401, -0.019286118, 0.013740558, -0.0048751296, -0.0011109198, -0.00034799761, -0.0010867511, 0.0014713175, -0.006282618, 0.022644145, 0.017119037, 0.0063336254, 0.012518547, -0.01935093, -0.01850321, -0.01045943, 0.005633293, -0.01597414, 0.028959807, -0.020025082, -0.005976818, 0.008065865, -0.0060901497, 0.0018582181, -0.011283024, 0.019945351, -0.0046137962, -0.034407586, -0.015467218, -0.0070547997, -0.015416111, 0.0029771298, -0.0025952628, -0.019483203, 0.02219405, 0.037477065, -0.0032449658, -0.01611354, 0.0064089242, 0.0020379873, 0.001287884, 0.0020185057, 0.0066419677, -0.005489334, -0.024685238, -0.015957968, 0.0009840071, -0.019108925, -0.007989375, 0.0044007394, -0.01703773, 0.0080569135, 0.0038837676, -0.00013480119, 0.00451389, -0.017004885, -0.025908034, -0.0071805734, 0.035891373, -0.004256429, -0.0039275833, 0.010550441, -0.015950898, 0.0015848401, -0.0033793934, 0.011886465, 0.004091755, -0.014159935, 0.014661042, -0.015462056, 0.017732138, -0.023968091, -0.00047242388, -0.024028156, -0.037934482, -0.009145228, -0.012867906, -0.016773013, 0.011268735, -0.025593495, 0.0012821615, 0.01898905, -0.006578229, 0.014571336, -0.0042964243, 0.023282263, 0.0013216494, 0.015239226, -0.007753, 0.018152084, -0.022850467, -0.0019196068, -0.010870774, -0.008757266, 0.021559628, 0.0025655383, 0.0027361768, 0.012489439, 0.012916861, 0.0076460694, -0.009874518, -0.005393463, 0.004012924, 0.017185904, -0.01702659, 0.004117316, -0.00811816, 0.0030525087, 0.020652993, 0.004845734, 0.016485153, -0.017043347, 0.0035345792, -0.0013472688, -0.005246165, -0.005100045, 0.0030989232, 0.0028365515, 0.0027901318, 0.025354818, 0.0023974397, 0.003419055, -0.012792318, -0.020240566, 0.015553161, -0.0051133293, 0.0045608133, 0.022498112, -0.019690963, 0.008136678, 0.009436966, -0.008095829, -0.0029765759, 0.029494243, 0.0022336848, 0.009300586, -0.025603667, 0.024542963, 0.010468227, 0.012455831, -0.027869884, 0.0015585836, -0.016597334, -0.0070153913, -0.0025364477, 0.0023759292, 0.021106191, 0.013922861, -0.0033493137, -0.01450659, -0.0011850402, -0.0050489004, 0.012542463, 0.0025610505, -0.007822406, 0.020133467, 0.020175233, 0.014274526, 0.00611681, 0.01754389, -0.01844886, -0.01869612, 0.022195047, -0.0076967096, 0.005785659, -0.007023614, 0.00734435, -0.0049005817, -0.004209665, -0.0069063716, 0.007515859, 0.0077161854, 0.0037789945, -0.026648385, 0.01579783, 0.009942485, -0.036059614, 0.0018028496, 0.00095631107, -0.02046475, -0.012344371, -0.022575911, -0.032001715, 0.0011778483, -0.029805798, 0.0067030685, -0.005198447, 0.00772835, -0.018372988, 0.000231169, -0.009461408, -0.019014357, 0.013862891, -0.011127088, -0.013799526, 0.02126212, -0.0019452637, -0.0025507559, 0.012586743, -0.012980415, 0.0045358785, 0.016444817, 0.013576403, 0.012188487, 0.0075609456, -0.022016115, 0.0086428905, 0.032744598, 0.0030755703, 0.006587467, 0.008519585, 0.0032565324, -0.013867725, -0.013557577, -0.003937544, -0.014642955, 0.011380249, 0.008237694, 0.012882012, 0.01816002, 0.013984695, -0.031218104, -0.012174553, 0.0077361674, 0.011882806, -0.016686268, 0.023613602, -0.01588124, -0.020427788, 0.0072505404, -0.014003282, 0.003179984, 0.006342576, -0.0013487733, 0.0045007477, 0.006201428, 0.024291651, 0.01974593, 0.0054787365, 0.014088521, 0.013272205, 0.008155408, 0.004512086, 0.015572398, -0.0023264566, 0.010191643, -0.00024363158, 0.014799763, -0.008889628, -0.0044626747, -0.0042567817, -0.018839933, -0.027629135, 0.02953988, 0.004044688, 0.021147598, 0.01577777, 0.0018489305, -0.00059320923, -0.008197615, -0.00570936, 0.027769232, -0.007835007, -0.0002667628, 9.123279e-05, -0.0102781635, 0.0021504704, -0.007661467, -0.0027526806, -0.008180037, 0.014826302, -0.022222426, -0.013404706, -0.004492743, -0.015596258, 0.0067261253, 0.011976645, 0.011073301, -0.014160804, -0.0143814795, -0.006451605, -0.014920422, -0.008942509, 0.018313248, 0.01882587, 0.002038826, 0.011845362, -0.009960469, -0.0018092212, -0.008714145, 0.019616123, -0.01818009, -0.001963107, -0.041702833, 0.0066763717, 0.013615056, -0.009206646, -0.0019791154, -0.019939445, 0.022059716, -0.013897047, -0.013269287, -0.027878636, -0.03842555, 0.0061730086, -0.0055039693, -0.021848286, -0.01678472, -0.032562144, -0.014525628, 0.0048556877, -0.0032968256, 0.014667885, -0.01057849, -0.0140743805, -0.01588601, -0.013641135, -0.015316472, 0.00024356757, -0.0087320795, -0.0034230142, -0.0131261535, -0.00350901, 0.022128101, 0.0049386695, -0.014992321, 0.012255432, -0.0010345067, 0.019103875, 0.008846385, 0.027829647, -0.008740297, -0.019526327, 0.0044772183, -0.018562919, -0.0052288985, -0.00015270866, 0.010128099, -0.005054183, -0.01693786, -0.022166068, -0.051179726, -0.00018928837, -0.00051388645, 0.0061486266, -0.0026028925, 0.0101337675, 0.004345206, 0.016563458, -0.0032730994, 0.015675822, -0.0015992005, 0.010812898, -0.0106632495, 0.023646181, -0.003625097, 0.0034523823, 0.0015321762, -0.010977978, 0.008382698, -0.014753585, 0.009488796, 0.0015745708, -0.019988406, -0.009157362, -0.024450745, 0.008172681, 0.024467308, 0.005713848, 0.0043705357, 0.030786013, -0.0075596496, 0.034668524, -0.010606279, -0.00096541067, 0.0075290976, -0.00059145625, 0.0018613009, -0.022853749, 0.010305708, 0.027936427, -0.003994734, 0.013502964, -0.020912975, -0.020278055, 0.00071263476, 0.01716853, -0.01629912, 0.011385416, -0.0045344788, -0.005705209, 0.0040529696, -0.017536338, 0.017911196, 0.0016270778, -0.0063979025, -0.013440899, -0.009479533, 0.16689509, 0.12856233, -0.0028746843, 0.0063769654, 0.02404431, -0.011985327, -0.02081938, 0.012843406, 0.007995909, -0.014097918, -0.012894451, 0.004242023, -0.004130356, -0.0121561345, 0.0066924994, 0.0011524174, 0.0026107568, -0.0034827585, -0.009921803, 0.0018120686, 0.003872317, 0.0072751287, -0.02271326, 0.00032634387, -0.04018441, 0.011915088, -0.005034607, 0.0005733807, -0.0019485955, 0.00092834927, -0.014529916, 0.006672504, 0.005505878, 0.012832033, 0.0073499647, -0.003758969, -0.01605855, 0.0059639136, 0.007902866, 0.0014987874, 0.0010349165, 0.0048095123, -0.006462428, 0.029749487, 0.03344286, 0.016672472, 0.007700353, -0.010600646, -0.00738169, 0.024361378, -0.021270502, -0.014166494, -0.0049799844, 0.004490741, -0.0023409012, 0.015199166, 0.0032126368, 0.008007168, -0.030549487, 0.0020934877, 0.022692328, 0.0039905035, -0.010284802, -0.008360794, -0.011346461, 0.017497074, -0.013328374, -0.01248256, 0.012974236, -0.021427214, 0.008786278, -0.001264138, 0.0047831996, 0.005640907, -0.029202841, -0.017366087, 0.008470254, -0.017955234, -0.015153818, 0.006411698, -0.007975359, 0.0040746382, 0.013443943, -0.0028686528, 0.003960038, 0.004683997, -0.007348937, 0.043511298, 0.102364965, -0.003704212, 0.008087919, -0.00426285, 0.034071572, 0.006374842, -0.001179414, 0.061282635, 0.022281976, 0.015936142, 0.03493384, -0.021286178, 0.023654157, -0.018238386, -0.0014088862, -0.004061875, 0.024142062, 0.037659593, 0.006907922, 0.0026240584, -0.016831942, 0.0042742305, 0.004288381, -0.008672031, -0.0060541085, -0.008294342, -0.00090082176, 0.01733609, -0.030241003, 0.0135006765, -0.09209233, -0.003978552, -0.00939326, 0.002782345, -0.00264867, 0.012029734, -0.018315198, -0.01886935, -0.01168318, -0.0020943633, 0.006440109, -0.012397243, 0.01471658, 0.017406281, -0.0139891, 0.018018816, -0.0030033553, -0.007829835, 0.015835522, 0.028941706, 0.025480807, 0.0054663895, -0.0021432836, 0.0020847116, -0.008667911, 0.011095437, 0.003487506, 0.019548872, 0.017057087, 0.011919855, -0.017278751, 0.015918052, 0.011800379, 0.018103648, -0.0012764125, 0.011312632, -0.016214352, 0.01038733, -0.0032397339, -0.0059845815, -0.0028479227, -0.017330848, 0.0058662724, 0.0012628088, -0.0017942191, 0.006798245, -0.003263586, -0.021448096, -0.0010923827, -0.009135519, 0.010215738, 0.027433602, 0.014239693, 0.017744007, 0.010757016, 0.0100128995, 0.011295938, -0.016528718, 0.014979172, 0.025739184, -0.0052885036, -0.005802113, -0.0005571704, 0.0006212339, -0.011021621, -0.0011332503, 0.025434632, 0.0046072328, 0.00051179255, 0.0053267763, -0.010229176, -0.0053753555, 0.005838897, 0.0021706985, 0.008113366, -0.0053211707, -0.022705615, 0.003976781, 0.022803176, 0.011763201, -0.012476375, 0.0014016828, 0.024637448, 0.10241597, -0.0015148253, 0.015363835, 0.012145395, -0.0005473678, -0.011188947, -0.0023525946, 0.0075957696, 0.015876044, -0.009580631, -0.03543666, 0.01965925, 0.01196171, -0.020408362, -0.0072924187, 0.0030616042, 0.031114038, -0.0025152967, -0.0069018845, -0.020976067, 0.007959361, -0.01526571, 0.008573407, -0.012527535, 0.004759365, 0.0012697037, -0.0049771033, 0.019791143, -0.009043403, -0.0044060815, -0.0035477008, -0.030027889, 0.029864987, -0.013313891, -0.0042483006, -0.022971634, -0.013943445, 0.022592138, -0.01626284, 0.015600382, -0.0072418465, 0.007898564, 0.01571259, 0.0037041572, -0.05216647, 0.19404867, 0.013681866, 0.015759923, -0.005696459, 0.014648806, -0.016844908, 0.008170948, -0.00084567914, -0.011925026, 0.00055674155, -0.017544482, -0.015017348, -0.013778722, 0.0061681694, -0.01245294, -0.011612482, -0.0026446572, 0.0059405793, -0.0075667943, -0.015310453, -0.0042230412, -0.026000291, -0.022739898, -0.0049622385, -0.015857326, 0.003460154, 0.021395393, -0.0015378336, 0.007775765, -0.020868527, -0.014527533, -0.024094166, 0.031273555, 0.0059152613, 0.016051378, -0.019953357, -0.002120135, 0.0038442118, -0.013230128, -0.002942456, -0.016364964, -0.0037909665, 0.005141216, -0.0058391546, -0.007203858, -0.030987684, 0.011575441, 0.015905745, -0.0038617288, -0.012460456, 0.003299334, -0.008192262, -0.011414581, 0.0009175674, -0.0054127104, 0.01368622, -0.011729803, -0.010558527, 0.0020066642, -0.017343406, -0.006966162, 0.0028767518, -0.013786264, -0.007777493, 0.0038420598, -0.0135460645, 0.0027280832]"
[Video] ¿Que hacer en Tlaxcala? Del 29 de agosto al 5 de septiembre,https://oem.com.mx/elsoldetlaxcala/img/25454051/1756428853/BASE_LANDSCAPE/1200/image.webp,TURISMO,no descripcion,https://oem.com.mx/elsoldetlaxcala/turismo/video-que-hacer-en-tlaxcala-del-29-de-agosto-al-5-de-septiembre-25454213,"[-0.0049825604, -0.004933251, 0.009353371, -0.0659265, -0.005924125, -0.010011046, -0.015157679, -0.010076806, -0.019271778, -0.01821728, -0.029459776, 0.020784479, 0.039101698, 0.010858293, 0.12140856, -0.03684011, 0.012925403, -0.007603354, 0.028951228, 0.010291335, -0.021780165, -0.027583525, -0.022054236, -0.0282023, 0.009133026, 0.021118805, 0.0016023933, -0.0003134555, 0.035386268, -0.004520738, -0.003920773, 0.011407049, -0.021742739, 0.0012033432, -0.0022438453, -0.027440885, 0.0125310635, -0.009388951, -0.0039874027, -0.00041162496, 0.0032704482, 0.008787917, -0.022274466, 0.0139747085, 0.0003546817, -0.025385378, 0.02023058, -0.021039277, 0.021907538, 0.014591899, 0.02101444, -0.009031473, 0.00021452572, -0.17159635, -0.009396727, -0.015623615, 0.0073132454, 0.022068897, 0.023289364, -0.01155426, 0.0014885707, 0.042011328, -0.034671526, -0.009493711, 0.011925038, 0.0053251768, 0.01170195, 0.04182743, -0.02604837, 0.0075749145, 0.018375568, -0.01011696, 0.013868444, 0.016356386, -0.021583263, -0.00039785166, 0.018094974, 0.0124624185, 0.036527008, 0.008809584, 0.031050736, 0.015615573, 0.03640959, -0.024466574, 0.0097690355, 0.0050222264, 0.014326042, 0.018002959, -0.0018219776, 0.020526709, 0.0051598824, 0.017453114, 0.010772996, 0.013763479, 0.006056797, -0.008535551, -0.001189078, -0.011351319, -0.03924752, 0.0044134995, -0.008848154, 0.0008866598, 0.019885892, -0.0033915134, -0.0029909417, -0.011062391, 0.01326177, -0.0131827565, -0.004988295, 0.010259577, -0.00795026, 0.012486692, -0.015539546, -0.008329142, -0.004639096, -0.13068812, 0.0037609073, -0.011577087, -0.011211975, -0.00852687, 0.010625943, 0.008297983, 0.02229107, -0.020074084, -0.030938683, -0.019672656, 0.014192364, 0.005075284, -0.016969156, 0.0036764252, -1.8895047e-05, 0.030437034, 0.016792174, 0.004766398, -0.017270373, 0.02642945, -0.024542714, -0.022565473, -0.007202532, -0.018863134, -0.00024778792, -0.017828532, 0.0067990157, -0.010508501, 0.014212342, -0.01799665, 0.011559836, -0.0014829924, 0.008530341, -0.0130362045, 0.04145509, 0.01683333, -0.03611106, 0.014833744, -0.0016014992, -0.007916449, 0.0014989965, -0.003865401, 0.004966126, -0.009253732, 0.019053085, 0.0012826958, -0.008356705, 0.01746957, 0.003898747, 0.021817114, -0.026994284, 0.020864254, 0.006274804, 0.0044466592, 0.00038414577, 0.016564136, 0.0010060247, 0.019157464, -0.008705379, 0.016350394, -0.012585631, -0.0045103803, 0.00576172, 0.018037952, 0.009529806, 0.014670721, 0.008950625, 0.016409202, 0.024708575, -0.03278925, 0.00064650615, 0.006457227, 0.0043826755, 0.013064492, -0.015981816, -0.0035990283, -0.019560393, -0.020482458, -0.015929092, -0.0145102665, -0.011390783, -0.0067956327, -0.014924201, -0.0040334784, 0.04023268, -0.040194172, 0.005562619, 0.0022746879, 0.0058877696, 0.0033813554, -0.011500237, -0.014417033, -0.005309986, 0.009949557, -0.0076138503, 0.015084606, -0.00845491, -0.007139232, 0.011956698, -0.010768073, -0.009387765, 0.01788138, -0.013876057, -0.017622929, -0.008175464, -0.0016361886, 0.005961431, 0.010933816, -0.024080148, -0.026299179, 0.018827278, -0.020816574, -0.019202337, 0.008892492, -0.003057362, -0.0050745895, -0.0018530836, -0.0035072318, 0.0066238604, 0.025304817, 0.0012215434, -0.0049917134, -0.00012794949, -0.0041089444, 0.008864217, -0.0052878372, 0.010345442, 0.0014083475, 0.013314963, 0.021444233, 0.014682781, 0.0119034555, -0.014495986, -0.0028479758, 0.0031306576, 0.019137908, -0.007498384, 0.005333059, -0.0021146005, -0.02403401, -0.02101404, 0.03151139, -0.014352108, -0.027044235, 0.0054449444, 0.00065978937, -0.012704551, -0.014989142, -0.033383667, 0.017640248, 0.012037567, 0.045520633, -0.023764832, -0.0031473106, 0.0024670383, 0.0010800845, -0.019593647, -0.016512284, -0.021280115, 0.014838508, -0.082755275, 0.0051956642, 0.027503127, -0.0029873599, -0.01772555, -0.011529415, -0.004598241, 0.035429385, -0.011037037, -0.008667813, 0.0144245, 0.0041163242, -0.019317292, -0.022706594, 0.014699264, -0.0065087513, -0.0011502807, -0.007392817, 0.02640398, -0.044482846, 0.0002876131, -0.007786267, -0.022214858, 0.009520016, 0.011892299, -0.00991226, 0.0011848706, 0.024682105, 0.020980366, 0.0049008303, -0.016211044, -0.031460017, -0.021247538, 0.008256713, 0.00080708624, 0.0047026887, -0.012271985, -0.02148444, -0.047139727, 0.010206328, 0.021939704, 0.015666155, 0.011150293, 0.048675787, -0.00343418, 0.02203509, -0.018122522, -0.022379054, 0.013508318, 0.007950854, 0.0029724843, -0.0050373776, 0.009151826, -0.018415615, 0.02237703, -0.030200234, 0.022473013, -0.00089416304, 0.0019061989, -0.0038358422, -0.03374486, 0.015697012, 0.0058433604, 0.0121557005, -0.018012797, 0.016468916, 0.04512963, 0.0009189583, -0.032986816, 0.02939153, -0.022216257, -0.040037725, 0.003062772, -0.019039499, 0.0052003856, 0.006393092, 0.0055867187, 0.0030580077, 0.0050758934, 0.010310251, -0.010756177, 0.004816372, -0.0022851967, 0.0015270993, 0.041133106, 0.013815377, -0.008474167, 0.006026908, -0.021280205, -0.010983676, -0.0030126416, 0.0073069152, -0.042418987, -0.0029710378, 0.016369337, -0.012810411, -0.008068413, 0.020089353, -0.031901184, 0.004652027, -0.02801414, 0.01334906, 0.0045404313, -0.0023093366, 0.003676441, -0.015744062, 0.017181376, 0.016644625, -0.008532447, -0.023137128, 0.015960068, 0.0062052053, 0.03550382, 0.027744599, 0.0013229358, 0.018591773, -0.006024709, -0.015879707, -0.0060294173, -0.00285102, -0.009462333, -0.0054917447, -0.0090267295, -0.010671993, 0.022325963, -0.015377277, 0.001370917, -0.0061074365, 0.012410024, 0.027494613, 0.002433993, -0.013555636, -0.008689854, -0.031482648, 0.030937023, -0.01751483, 0.006107448, -0.01369103, 0.061040618, -0.0053363745, -0.018715577, -0.009170725, -0.014330227, 0.004038083, 0.0040645367, 0.019403413, -0.017650377, 0.016361453, 0.017178828, 0.010508263, -0.0011633266, -0.01553639, 0.006490908, 0.006674366, -0.039755728, -0.00564861, -0.030629225, 0.00603395, -0.042455487, -0.028161732, -0.019329857, -0.046501886, 0.0065296222, 0.024518356, 0.003614443, 0.01803951, 0.004801356, 0.013823159, 0.012001666, 0.024592524, 0.021984441, 0.0013967153, -0.018399809, 0.0041962108, 0.024601284, 0.009878465, 0.019585002, 0.007051784, 0.0016695856, 0.030749515, 0.026938476, -0.013182434, 0.010961513, 6.339553e-05, 0.017285703, -0.018102199, 0.0046635917, 0.016564948, -0.005453591, -0.021551395, -0.020046838, 0.006808201, -0.0024281198, 0.018119281, -0.011204025, -0.008994405, -0.014738555, 0.03948958, 0.0031756028, 0.008913003, -0.019581577, 0.0048064436, -0.018290905, -0.012389079, -0.021585777, -0.0076512746, -0.017272914, -0.005386438, -0.0010663237, 0.010019437, -0.00992797, 0.023925854, -0.018056015, 0.024341255, 0.033168156, -0.011855899, 0.001042181, 0.008616966, -0.020224713, -0.020180857, -0.026809221, 0.0050572627, -0.0100954715, 0.014886923, -0.019072844, 0.03221237, -0.001515831, 0.013680643, -0.022989156, 0.012133951, -0.020625884, 0.027635714, -0.010905876, -0.020065486, -0.010063244, -0.014820636, 0.005103881, 0.020089665, -0.0085317725, 0.018951325, -0.0040849973, 0.0025975273, -0.0042142016, -0.004838619, -0.0042356304, -0.007259186, 0.0015062758, 0.003053132, 0.020447988, 0.0052593704, 0.007986708, -0.0072633475, -0.012728609, -0.013043338, -0.0133019565, 0.031161709, -0.0066321376, -0.009654193, 0.0070788516, 0.013924264, -0.010005057, 0.031917725, -0.012203264, 0.009400925, -0.027741726, -0.030833703, 0.014967598, -0.007279528, 0.03241671, -0.087949775, 0.0060797003, 0.02028049, -0.008077508, -0.04309535, -0.011435622, 0.03121699, -0.0121993665, 0.016133595, 0.010974738, -0.012205459, 0.014956167, 0.0015866421, 0.0001850183, -0.032092188, -0.022028312, 0.018374044, 0.0026230377, 0.022701042, 0.0022908256, 0.0054017627, 4.4836805e-05, 0.0037648967, 0.023285335, -0.015493624, -0.013707211, 0.02826198, -0.017958514, 0.010833803, 0.02264647, -0.007491567, -0.016603537, 0.01685051, 0.018229136, 0.004160307, -0.006944156, -0.03886319, 0.010589232, 0.022824502, -0.00036041217, -0.002533465, -0.008224164, 0.010404517, -0.0035094975, -0.028255465, 0.00700855, 0.0055627436, -0.020884804, 0.01166376, -0.024332505, -0.038008798, 0.0010065704, -0.0066858414, -0.021280866, -0.00517978, -0.006860014, 0.006916215, 0.01910583, -0.01542084, -0.033595305, -0.03273322, 0.0048864386, 0.01447915, -0.0030042648, -0.024199374, -0.013348491, -0.018721422, 0.016785534, 0.008936003, 0.0012442573, -0.006590975, -0.023558065, 0.01852318, 0.027195577, 0.009528037, 0.022249425, 0.012326576, -0.016672855, 0.011395914, 0.0141144395, -0.007535186, 0.01183952, -0.08355662, 0.011677022, -0.009712995, -0.015234874, 0.0061451443, 0.02377243, 6.152946e-05, -0.010102551, -0.021491991, -0.0023840258, -0.01002491, 0.013215814, -0.013695327, -0.01480706, -0.0024343221, -0.021481426, 0.0013955442, -0.023779957, -0.0073125944, -0.03867543, -0.0074154404, -0.01587247, 0.032796126, 0.0067490726, 0.007714816, -0.015743382, 0.008118851, -0.02725516, 0.00037498656, -0.03706021, -0.024144907, -0.14194724, -0.0002808462, 0.026449824, -0.01777955, -0.017181471, 0.02027488, 0.025954865, 0.012877133, 0.006890824, -0.0024824669, -0.0052973814, -0.035570517, -0.015176276, 0.0031580715, 0.021296486, 0.115758546, 0.018839136, -0.017071221, -0.013468668, -0.0009508707, -0.0071118516, -0.013074725, 0.01030834, -0.02438082, 0.025602154, -0.018995887, -0.0066067744, -0.011691203, -0.012460133, -0.014001308, -0.0037307278, 0.008992901, -0.01249422, 0.024038162, -0.003341422, -0.027100122, -0.01243008, -0.02000562, 0.0132295545, 0.04454183, 0.022007804, 0.027486196, -0.01908684, -0.009189663, 0.0020477574, 0.00076123053, 0.0114858635, 0.003372688, 0.0031895018, -0.011020642, -0.030411854, -0.059517197, 0.030002264, 0.0037113344, -0.009845998, 0.024146626, -0.013632964, 0.029254733, 0.007961674, -0.0032297508, 0.030555068, 0.027767971, 0.0028530268, 0.0076275268, -0.0068053217, -0.018183785, 0.0041679177, -0.0068881065, 0.005131732, 0.012174972, -0.012038042, 0.008647985, -0.009341372, -0.012379365, 0.0093434295, 0.01952905, -0.027987858, -0.011200815, 0.0013466859, 0.005927625, -0.008501283, 0.012598722, 0.018898873, -0.02331725, -0.008837278, -0.05089423, 0.020293508, -0.011788102, 0.005706286, 0.0120914355, 0.04076248, 0.0045804833, 0.0054435167, -0.004149461, 0.016099265, -0.0086488575, -0.0013281988, 0.009712481, 0.004494449, 0.008499983, 0.027235765, -0.016779363, 0.0200509, 0.0026117836, 0.004854913, 0.021674547, 0.0014525375, 0.04367367, -0.013677894, -0.023238493, 0.006984388, -0.0031811264, 0.0006291171, -0.0053226184, 0.00079556013, 0.011708393, -0.0025081513, 0.020203456, 0.0006085536, -0.02347384, 0.014925663, 0.023907658, -0.017520068, 0.013256803, -0.0106544485, -0.014757871, -0.010333819, -0.0012247496, 0.0012009011, -0.019618569, 0.026583618, -0.0017542301, -0.0034665992, -0.0012429287, -0.01769439, 0.015929623, 0.008605082, 0.006701184, 0.0012399767, -0.0048664096, 0.009748724, -0.0094697755, 0.009982004, -0.020203127, -0.0052542347, -0.018897217, 0.0034252529, -0.0019273037, -0.02450722, -0.0022185545, 0.0018740123, -0.013039211, 0.016221218, 0.029228253, -0.015976653, -0.01023384, 0.006630572, 0.006930878, -0.022615446, 0.0031386453, -0.013109041, -0.00054502656, 0.00400443, -0.008217986, -0.00061080896, -0.014619214, 0.0113565605, -0.01939938, -0.0036180795, 0.019669062, -0.0017342314, -0.0075252242, -0.004411305, 0.008941699, -0.022072949, 0.009707973, -0.007535735, -0.0005739531, 0.004878173, -0.00067399675, -0.009365649, -0.008638753, -0.0013299454, -0.0012396153, 0.013665808, 0.0038049081, -0.0033100338, -0.016191255, 0.0016671991, -0.016173732, -0.0028728875, -0.019994086, 0.024271144, 0.0029591615, 0.012496573, -0.0035378803, -0.0037741945, -0.0064227004, -0.0007944425, -0.0057340357, -0.003198121, -0.016155776, 0.0022980373, -0.019348305, 0.009178251, 0.0049279504, 0.0075633437, -0.006175505, 0.0063349605, 0.0031363652, -0.008097085, 0.005259699, 0.0139078945, -0.00846658, -0.004702504, -0.016560715, 0.0065791365, -0.007244592, -0.013524399, -0.02183831, -0.018975643, -0.008295355, 0.0050789425, -0.0046299626, -0.0024334856, -0.00903819, -0.004238076, -0.00029630354, 0.01435065, 0.014342423, 0.005124705, 0.007927345, -3.8534977e-06, -0.006793848, -0.0044545, -0.015985342, -0.0047552935, -0.0001798176, 0.013517974, -0.012989009, 0.0033613835, 0.013121522, -0.02530917, 0.00194079, -0.0015604008, -0.008964248, -0.008100736, 0.014200143, -0.004329546, 0.008937898, -0.0055353125, -0.00031017672, 0.0082591735, 0.0117661115, -0.0061216233, -0.0074607083, -0.014594784, 0.009033779, 0.0033264111, -0.013160849, -0.008076915, -0.007490001, 0.0007352835, -0.007549399, 0.01412986, -0.00058557914, -0.023262165, -0.01715515, 0.008569656, 0.014489713, -0.009777142, -0.0013942892, 0.0003340988, -0.016431373, 0.0023688173, -0.002763507, 0.0037544926, -0.008042478, -0.00024059285, -0.019797213, -0.00044976038, -0.012337175, -0.010401642, 0.007112972, 0.008353406, 0.00097494747, -0.01431749, 0.0037496646, -0.00089819473, -0.019845273, -0.015867742, -0.0020689578, -0.0027195157, 0.0018403904, 0.007201107, 0.024703369, 0.021603694, -0.016029604, 0.0019983344, -0.004363538, -0.004394728, -0.010553135, -0.0065779113, -0.007430505, -6.100403e-05, -0.011281346, 0.009008481, 0.0051128035, 0.0058675306, 0.015327853, 0.080536395, 0.012353216, 0.0026747936, 0.008545284, -0.0039454256, -0.00094945857, -0.01780093, -0.007835108, -0.0269171, 0.013359447, 0.0083551565, -0.00060458865, -0.0039687366, 0.008190908, 0.005374355, -0.012280917, -0.0060475194, 0.010780903, 0.0051369444, 0.001074399, -0.014225286, -0.0021431907, 0.012088918, 0.0057123164, 0.012238615, -0.005780922, 0.01653679, 0.019000098, 0.009237525, -0.0053139934, 0.0031437748, -0.0025139537, 0.00896045, 0.0060998667, -0.013082256, -0.00798248, 0.0040027336, 0.01412131, 0.001124437, 0.01576539, -0.005015516, -0.024900662, -0.011539818, -0.014168952, 0.0126874745, 0.005770587, -0.018448172, -0.018136067, 0.00040390578, 0.0070366547, -0.00751252, 0.0026088469, -0.013436202, 0.002198915, -5.100619e-06, -0.018137516, 0.0033181205, -0.009383505, 0.00983145, -0.013688028, 0.014795279, 0.016997125, -0.02440594, 0.018546505, 0.0066415924, 0.012036565, 0.010144411, -0.01742871, -0.0061052646, -0.0038548303, -0.0061181793, 0.013484473, 0.014809414, -0.017564267, 0.040231626, 0.005089018, 0.0031147948, -0.0045447946, -0.000103927174, 0.010694936, 0.003188731, 0.0071629705, 0.002052169, -0.0081475135, -0.012932838, -0.00084793166, -0.009770589, -0.0076653403, 0.0016960239, -0.0034134607, -0.0006121982, -0.012205972, 5.2001993e-05, 0.020673884, -0.0033440555, 0.0016164024, 0.056941863, -0.0071621654, 0.0062752888, -0.012005123, 0.003268395, -0.013544721, 0.011948277, 0.0018402595, -0.0025837892, -0.028559621, 0.0016054112, -0.0018121027, 0.010062079, -0.003084076, -0.015545315, 0.0058670253, 0.0018349884, 0.012760771, 0.021796443, -0.013765216, 0.014451127, -0.008294617, -0.011179959, -0.0029078762, -0.0064236224, -0.0034063843, -0.033623103, 0.0064521926, -0.016275778, 0.0081518125, 0.006833166, -0.0077397246, 0.002799412, 0.0033976687, -0.0068338616, -2.4554089e-05, -0.020265423, -0.008168208, -0.0047305017, -0.005714153, 0.008823421, 0.00787198, 0.022009315, -0.0035289805, 0.0063043297, -0.0041638017, -0.013853149, 0.022229431, 0.0060992544, 0.0114251785, 0.004367161, 0.012898374, -0.0006180231, -0.0029210362, 0.010227974, -0.017141523, -0.0118968375, -0.0020990781, -0.01437736, 0.017053306, 0.018459067, 0.008927024, -0.0007418555, 0.01382501, -0.011738601, -0.0064021097, 0.0074502914, -0.015662536, 0.0012401843, 0.0028662896, 0.017970877, 0.012320669, -0.011323775, 0.014599337, 0.006682755, -0.00510643, 0.0114768855, 0.0066688647, -0.009610787, 0.021224497, -0.01772475, -0.010343803, 0.0007862489, 0.012232036, 0.0015896119, -0.0023279714, -0.017857281, -0.014407625, -0.004375848, -0.0006887039, 0.0049028993, -0.013735771, 0.011021036, -0.012967794, -0.006200804, -0.0056619705, -0.0012462717, -0.002013731, 0.021176597, -0.004445464, 0.026148468, 0.012921728, -0.012512994, -0.003363607, -0.011304207, -0.009992665, -0.0036251082, -0.0066666943, 0.0057241763, -0.0069495304, 0.0024725236, -0.01877218, -0.0026646703, -0.0035442375, 0.0018125246, -0.014086857, -0.0031179395, 0.013820632, -0.011492953, -0.009152171, 0.016019909, 0.0027602243, 0.0027200114, -0.007986722, 0.00028927514, 0.008017733, -0.01492519, 0.0005179224, 0.0047409427, -0.011721307, 0.0068682134, -0.0009137399, -0.004853743, -0.014712469, -0.0022217166, 0.01008405, -0.012451116, -0.0010502884, -0.015871864, 0.006601543, -0.00929564, 0.0149292, 0.014667037, -0.014784956, -0.015497264, -0.00048843195, -0.002150443, 0.0049555623, -0.016365746, -0.0068359575, -0.01038557, -0.012569382, -0.007038814, 0.012895747, 0.010186027, -0.0025871403, 0.004063438, 0.015212255, 0.016271295, -0.006956923, -0.015553781, -0.044569142, 0.0016162656, 0.021085694, -0.0016721734, 0.0028306057, 0.0072058854, 0.015729113, 0.010840617, -0.0090644965, -0.003899014, -0.0003694349, -0.0019172748, -0.0062282756, 0.007450041, 0.00042717895, 0.0040336787, 0.000486825, 0.022201745, 0.017158939, -0.0076842215, -0.008636521, -0.006271211, 0.007823068, -0.00057661004, 0.018739013, -0.009878794, -0.0020760451, -0.013484883, -0.012309807, 0.006264452, -0.009552327, -0.020277092, 0.00058993226, 0.00591634, 0.0018926711, -0.0059780534, 0.0073350514, 0.0043733087, -0.011833201, -0.011703423, 0.0032936337, -0.013919035, 0.0053484156, 0.009038999, 9.6925e-05, -0.0021694873, 0.010147032, -0.016840005, -0.002209448, 0.0038155075, 0.022019494, 0.013167803, -0.0035502024, 0.027994316, -0.031661704, -0.020328088, 0.0068611545, 0.0062741367, 0.017811984, -0.0042708246, -0.000407594, 0.0028963797, -0.01202637, -0.0029303825, -0.00013707104, -0.0074811466, 0.014897606, -0.0037146646, -0.009658969, -0.023657037, 0.007635218, -0.008384949, 0.02737889, -0.005183354, -0.0074068806, -0.0013788808, 0.017170964, -0.006196295, -0.0020572203, 0.013831872, -0.0047109476, -0.026007172, -0.004347637, -0.00013921781, -0.004986695, 2.1897706e-05, -0.013874932, -0.0023304364, -0.0034182013, 0.006309127, -0.0113097085, 1.8414563e-05, -0.007189531, -0.0115001835, -8.323741e-05, -0.0046590767, -0.019912532, 0.008565765, 0.009026908, 0.0093274005, -0.0071777077, -0.010021548, 0.002796602, 0.011776017, -0.0045800866, 0.010887335, -0.0011907167, -0.006884853, 0.006043899, -0.0007822888, -0.023871873, -0.0034274796, -0.0022437016, 0.0074367807, 0.019210482, 0.012722347, -0.024117382, -0.014807278, 0.0040878733, 0.0085909115, -0.010467852, -0.01234345, -0.015019339, 0.002714358, -0.0010123802, -0.0024761413, 0.0012372772, -0.012629738, -0.0040237056, 0.008502139, 0.0056651477, -0.009375029, 0.022770444, 0.0032414198, -0.0064985226, 0.014726766, 0.003697675, -0.0055679358, -0.006881692, -0.006604316, 0.0051589096, -0.0048670033, -0.012812002, 0.008977706, 0.00893695, 0.014760533, 0.008474176, 0.00061336916, 0.022701088, -0.001413888, -0.0007732203, 0.0047944686, -0.0074097593, -0.00043301322, 0.006011584, 0.0019804542, 0.0044430555, -0.0056841173, 0.0025621795, 0.011996245, -0.008584138, 0.017784977, 0.011350099, -0.00561277, -0.0026229876, 0.0050010337, 0.0051232255, -0.021159567, -0.008547294, 0.0016602026, -0.0076652607, 0.01640284, 0.0077316873, 0.006251117, 0.007964698, 0.002565223, 0.024261776, 0.003981655, 0.027084982, 0.00736726, -0.008948108, -0.001703368, 0.015800603, 0.0024758198, -0.002114119, 0.0007736971, 0.0048506535, 0.010111583, -0.014707292, 0.00450735, 0.00281725, 0.0052482467, 0.01290504, -0.003000448, 0.02775959, 0.0073492536, -0.012368812, -0.0012271982, 0.012621761, -0.0056004506, -0.0070537226, 0.01606448, 0.012257328, 0.0072991014, 0.0034531814, -0.09316631, 0.0015792804, 0.0029701486, -0.0053282985, 0.018738057, 0.0016101446, 0.006149202, -0.009939433, -0.010632966, 0.009742574, 0.007613127, -0.006184751, -0.012363845, -0.009770267, -0.01425918, -0.009008013, 0.0007677621, -0.011175295, 0.003091706, -0.021465797, 0.0012907238, 0.0021256371, -0.012059775, -0.018669164, -0.011940318, -0.010657685, -0.0096843215, -0.006661512, 0.020683793, 0.01368246, 0.0003816273, 0.012114267, 0.021496827, 0.010116119, -0.0015737046, 0.016893934, 0.0023911837, 0.014212782, -0.13032313, 0.0033620575, -0.0051553426, -0.012390278, 0.0028142359, -0.009417145, 0.009770548, 0.016035134, -0.0071995147, -0.0009939986, 0.007504109, -0.0063785836, 0.000946174, -0.00064416986, 0.0038988343, -0.015486733, -0.013120679, -0.0018117038, -0.012930952, -0.006877261, -0.006353603, 0.012742267, -0.0072866003, 0.01949986, 0.001511621, -0.016187774, -0.006247009, -0.0031390993, 0.024392964, -0.015506858, -0.0009023059, -0.013126423, -0.009363382, 0.013071518, -0.011386226, -0.027922694, 0.0077228816, -0.014232185, 0.011629774, -0.028350275, 0.0066872425, 0.007835645, 0.009521874, 0.0059945947, 0.0022430301, 0.011787205, -0.0061024847, 0.011925285, 0.0008144147, -0.005662004, 0.0013160857, -0.007364871, -0.008232917, 0.0041235597, 0.002030134, -0.0029662044, 0.008292034, -0.0046905195, -0.0057687867, 0.007042238, 0.0007235891, -0.008287495, 0.0019756346, -0.004576401, -0.008413361, 0.006477157, 0.005937732, 0.021399837, 0.014453318, 0.009088997, 0.010826811, 0.005224348, -0.00069124793, -0.0060071005, -0.027596433, -0.017993545, 0.012155412, -0.008313998, 0.0036436417, 0.0137706045, -0.023833806, -0.026488638, -0.0022683607, 0.0035883032, 0.0069954046, 0.004673445, 0.031692166, 0.0011889454, -0.028549127, -0.05048158, -0.0046963147, -0.0018065874, 0.02123399, 0.008821878, 0.018949244, 0.0060326904, 0.024206553, -0.01457579, -0.0013049513, -0.004218334, 0.017445127, 0.0003057761, -0.011542073, 0.01627788, -0.012194966, -0.008998263, 0.00085239875, -0.005193727, -0.0028508878, -0.027080197, -0.0039045168, -0.016013684, 0.007094922, -0.013574457, 0.007023002, -0.0035566594, 0.0029403318, 0.0010409385, -0.008915172, -0.008359434, 0.020923581, -0.008404214, 0.007204548, -0.0018842618, -0.005561228, 0.016883288, 0.023075324, -0.0007851361, -0.01669921, 0.00014594344, 0.00295651, -0.0017219833, -0.008347738, -0.010417136, -0.00796796, -0.017767426, -0.006680405, -0.01666886, -0.0226266, 0.009148009, -0.019196624, -0.012452456, 0.00017049353, 0.0017685796, 0.0056437966, -0.005256361, 0.0142352665, -0.01666376, -0.012881111, -0.010540509, -0.021517333, -0.015190991, 0.007983905, 0.010718372, 0.017877435, 0.013384392, 0.007908537, -0.011194781, 0.0018617448, 0.010644552, -0.005982819, 0.0043767495, 0.031599615, -0.009320621, -0.020990409, -0.014476368, -0.0057404917, -0.019611644, 0.0005471652, -0.005405792, 0.00859643, -0.010840142, 0.0042154808, -0.015754735, -0.01736213, -0.014201267, 0.007742197, 0.0046646968, 0.008876485, 0.0045636734, -0.0030195427, 0.03058689, 0.0028602497, -0.0113890655, 0.0046651685, 0.026987687, -0.019781142, -0.014696918, 0.020628203, 0.018401477, -0.010283119, -0.029645914, -0.0042024665, 0.008258748, -0.0261902, 0.00065353344, -0.019678636, 0.021348858, -0.008911196, 0.008759001, 0.0037612596, 0.02664842, 0.013102234, -0.15769467, -0.013353106, -0.020411089, -0.0019105927, 0.004015658, 0.010645188, -0.02777572, -0.0054376796, 0.025156178, -0.004913517, 0.0055684824, 0.010072129, 0.011786255, -0.016818417, -0.0057712337, 0.016583221, -0.00089842785, 0.016358126, -0.012411397, -0.01839973, -0.027930455, -0.001628274, -0.0028931526, 0.03002971, 0.0027398479, -0.010111152, 0.005332784, -0.011833201, 0.0083495155, -0.010177916, 0.014720322, 0.028950889, -0.009602639, 0.0072256303, -0.0054128785, -0.004282521, 0.009506213, -0.001252242, -0.015809322, -0.005167686, -0.0018525062, 0.0069776443, -0.011511997, 0.014889245, 0.0013503103, -0.0069477037, -0.029444281, -0.0003079594, -0.0020946804, -0.00064731267, 0.017966446, 0.020055043, 0.0020052374, 0.011455345, 0.012429613, -0.020555036, 0.03236021, -0.00014910543, 0.002043989, -0.003492387, -0.006222485, -0.0063296603, -0.015552298, 0.014041676, -0.00037343803, -0.0052242386, 0.014857381, 0.14421937, -0.022699201, 0.017044518, -0.018085724, -0.011513627, 0.0074492423, 0.020178668, 0.01433609, 0.015760751, -0.01099091, 0.0037634769, 0.0048010857, 0.024321947, -0.010222462, 0.010400404, 0.011283564, 0.013081427, -0.010243566, 0.0014305562, -0.007552039, -0.013405115, -0.0063003805, -0.0052434136, 0.0036803125, 0.028609075, -0.004769728, 0.0013964573, -0.008459386, 0.013044087, -0.012107312, -0.0037897027, -0.0038276205, 0.0037958845, -0.013846786, 0.012710499, -0.02031564, -0.002560935, -0.028500196, -0.013190848, 0.012592835, 0.020574912, 0.0067017674, -0.010300057, -0.008935885, -0.022562519, 0.028915385, 0.0058149546, 0.016386298, 0.013094783, 0.0005507935, -0.013118744, -0.0005626742, -0.010996267, 0.024042055, 0.016451329, -0.023623753, -0.027982991, -0.00855434, 0.01692511, 0.029722737, 0.0031308942, -0.010819027, 0.0058078077, 0.00045042997, -0.01749231, -0.0068544266, -0.002451418, -0.013186815, 0.007842272, -0.121660054, 0.010300592, -0.020211142, -0.013866695, -0.009506971, -0.009800185, -0.0056884154, 0.008389972, 0.01758388, 0.0014637163, 0.0013437624, 0.010054344, -0.0064166607, 0.0155524425, -0.0095637115, -0.0031559234, 0.0075323237, 0.0057173143, 0.027050905, -0.0039213197, -0.0011980929, -0.0018804241, 0.021111047, 0.00852578, -0.005522946, 0.008162769, -0.016299449, -0.00056910596, -0.0027940525, 0.006616917, -0.002480914, 0.0021539198, -0.008683183, 0.018244458, -0.011491167, -0.023595931, -0.013566546, -0.00501165, -0.014216496, -0.012399557, 0.018478172, 0.011613102, 0.016021203, -0.00971511, 0.0018259549, -0.0013739591, 0.016854584, 0.004069924, -0.011671699, 0.0023264275, 0.008374008, -0.0010090648, 0.0021856313, 0.014205705, 0.004145868, -0.011580188, -0.0072070234, 0.012163046, 0.0055303467, -0.010497435, 0.0028588562, 0.0059916894, 0.018304, -0.012312883, -0.006569733, 0.005339849, 0.013425716, -0.0031016304, 0.015140811, 0.011785801, 0.00017202165, -0.008050373, -0.006756499, -0.0051338393, 0.0150755895, 0.006313375, -0.0044603413, 0.018397294, -0.013421763, -0.0028905706, -0.014756208, 0.0016275146, -0.0016293805, -0.0037319383, 0.047912203, -0.030075075, -0.012676918, 0.004278383, 0.00015043732, -0.00842292, 0.0290166, -0.011043126, 0.010238706, -0.0136855, -0.00851203, 0.005886409, 0.014543511, 0.0037628422, 0.005050302, 3.7023052e-05, -0.020577101, -0.0045933025, -0.012618031, 0.010672026, -0.002568823, -0.023128282, -0.0108613055, 0.013972503, 0.001826731, -0.004392079, 0.012417857, -0.010350599, -0.011456788, 0.024902193, -0.0018094792, -0.007823649, -0.0017922744, -0.0014111128, 0.00768871, -0.017849598, 0.008737118, 0.01271418, 0.0149621, 0.018543618, -0.0142177185, -0.021259557, 0.0044193105, -0.0031493693, 0.0063380557, 0.011160418, 0.0103842, -0.018369632, -0.00048604995, 0.0033959707, -0.008426184, -0.0052174143, 0.0031933053, 0.019723298, 0.0046860557, 0.012834332, 0.010564004, 0.007978706, 0.0019561248, 0.0047422056, -0.0047939355, -0.021412076, 0.005048694, 0.008304803, 0.0095519405, 0.0043616337, -0.014341755, 0.00073232985, -0.014220796, -0.016342353, 0.030360963, 0.014284835, -0.0052797566, 0.006428814, 0.0043887924, -0.009540529, -0.0435751, 0.009128675, -0.020370476, -0.010225775, -0.002346735, 0.0019643933, -0.011070961, -0.007948621, -0.021824943, -0.049642038, -0.00105056, -0.021743447, 0.011154441, -1.5243823e-05, -0.0026580966, 0.0012411345, 0.0046819253, 0.015508013, -0.012911677, -0.06140893, 0.0055854605, -0.0044261934, 0.0031931784, -0.011613049, -0.010367418, -0.00241228, 0.0044669234, 0.0041824863, -0.026758838, 0.011150859, -0.016057217, -0.006339619, -0.0009407771, -0.0012703263, -0.00802128, -0.011343894, -0.0030804342, 0.0019353769, 0.013284254, -0.0013161483, 0.00095329026, 0.008024184, 0.011844818, -0.020199444, 0.0024271212, -0.01554349, -0.0060396995, 0.0023196093, 0.00872653, -0.031061225, 0.016589396, -0.0052615115, -0.004355249, 0.012931591, 0.017203433, 0.016762517, -0.024677314, -0.0060416013, -0.07037047, 0.008673151, -0.003601801, -0.08295578, -0.00433006, 0.013354183, 0.0064370134, 0.015630346, 0.014574695, -0.0028109998, 0.0061420696, -0.022464626, 0.0002606431, 0.0007705134, -0.005823987, 0.004262262, 0.008352126, -0.0043090093, -0.0128000295, -0.011768766, 0.0016477684, -0.0070574265, -0.024674986, 0.00080588687, -0.010348932, 0.003187083, 0.032327794, 7.5277974e-05, 0.0039601885, -0.019938873, 0.0116269775, -0.015538138, -0.005872529, 0.018530337, 0.0118990475, -0.0008865498, -0.0069427984, -0.004452025, -0.012110572, -0.016126202, 0.004250959, 0.009990959, -0.013706917, -0.0014719649, 0.049314745, 0.002662153, -0.0046725357, -0.01919115, -0.10623161, -0.011481564, -0.010448701, 0.0041088816, -0.009178309, -0.00068943034, 0.0054817596, 0.07251611, 0.00052649336, 0.0015012026, -0.026841536, -0.00044908628, 0.04307606, -0.017549945, -0.0037680499, -0.006541344, -0.0055762758, 0.0057110847, 0.006007584, -0.015041839, 0.022462236, -0.0080925785, -0.017690988, 0.012006621, 0.019872181, -0.04316781, -0.010115903, 0.011641386, -0.0004833658, -0.013969516, 0.019986818, -0.030623073, 0.00084373524, 0.0025464043, 0.015804067, 0.0109024, -0.023434648, 0.016667569, 0.008062795, 0.0073014237, 0.027331552, 0.011148121, 0.008289929, -0.007371907, 0.0037849273, -0.0030760288, -0.0131139085, -0.041887198, 0.0032893743, -0.004835944, 0.008501912, -0.030448806, -7.6319615e-05, -0.0040919967, -0.002748412, -0.012352068, 0.005109565, -0.025345927, -0.0065949652, 0.007059751, -0.008763436, -0.004790067, 0.005359145, 0.01532179, -0.0028244758, -0.00044701668, -0.03157883, -0.0012113049, -0.0044498607, -0.012076599, 0.0062069506, -0.006660347, 0.014714976, 0.0007432541, -0.004062531, -0.009861914, -0.0072619612, -0.024548069, -0.058625177, 0.020642892, 0.026390022, 0.017705634, 0.012803023, -0.0026169387, -0.015547997, 0.0008562564, -0.020349763, 0.0070708753, 0.014085718, 0.0053882333, 0.008757933, -0.0054794853, 0.0042217453, 0.0052134674, 0.026363472, 0.0027103478, 0.01446836, 0.01015154, -0.012078922, -0.02522964, 0.0015163173, 0.00017099117, 0.0022030533, -0.015123029, 0.011897301, 0.00041443258, 0.011673908, 0.007222135, -0.022023715, 0.004705403, 0.023215927, -0.00090317003, -0.0057125664, 0.0033187731, -0.025145113, 0.0083202515, 0.020484162, 0.0014098351, -0.0060838917, -0.019302696, 0.011273069, -0.021053383, -0.013395629, -0.030063407, 0.012284995, 0.015036699, -0.007895362, 0.01364146, -0.012177726, -0.010686297, -0.0033136257, 0.013104415, 0.0054959264, 0.01744754, -0.005081661, -0.03296615, -0.02753425, 0.014512105, -0.0025083898, 0.006449714, 0.014558735, 0.003501966, -0.00049726723, 0.009359933, 0.023815243, -0.029237488, 0.0032250998, -0.0053620464, -0.034957398, -0.005809472, -0.009275811, 0.007267153, -0.016791606, -0.0203245, -0.02312816, 0.008554152, -0.011965205, 0.003425728, -0.016127719, 0.011852736, 0.006567127, -0.0022292912, 0.006510712, -0.0053855362, -0.035075832, -0.004727019, -0.012726716, -0.00984408, 0.016718497, 0.0017225659, -0.013521406, -0.010794268, 0.009084128, 0.013667968, 0.008153751, -0.037295643, -0.011581703, -0.008382116, -0.0072529777, 0.01307336, 0.013104839, -0.0074522607, 0.010674288, 0.017867047, -0.0015484216, -0.03866346, -0.002265837, -0.021803053, 0.008144228, 0.008212456, 0.0023026187, -0.020584859, 0.02871029, -0.009987627, -0.0031551253, 0.003872193, 0.010019825, -0.0004961801, -0.004942809, 0.026302822, -0.0005003784, -0.036642585, -0.019199993, -0.03678647, -0.013108114, 0.0058881864, -0.016162366, -0.016107228, -0.0124454945, 0.0061682113, -0.015402907, -0.01951868, 0.0052425517, -0.0032767395, -0.017969092, -0.03349849, 0.038585383, 0.0037915537, 0.013197979, 0.0039929743, 0.020572575, 0.0060597947, 0.012461377, 0.015026887, 0.01580801, -0.0067347945, -0.014460214, 0.0020655086, 0.0054184212, 0.0012053578, 0.0036736699, 0.0008945369, 0.0035891843, 0.0070704306, -0.011320476, 0.010541801, -0.00016864929, 0.002759459, 0.03260606, 0.02587424, 0.012215649, 0.011700541, 0.015085792, 0.0001729152, -0.019932484, -0.019656863, -0.029875983, 0.007742628, 0.001779542, -0.018636582, 0.0009421157, 0.0042625787, 0.00016892813, -0.0036453255, 0.02094221, 0.007663471, -0.011724021, 0.008485793, -0.006007943, 0.0074610244, -0.007589455, -0.020769672, -0.007461476, 0.015616847, 0.018581524, -0.0040859394, 0.00904254, -0.007953772, 0.019048868, -0.004743467, 0.010051491, -0.010305175, 0.00345234, -0.020652244, -0.0023147142, 0.023389872, -0.02207541, 0.0039184047, 0.001363235, 0.011657212, -0.017505506, 0.00074483344, 0.004190918, 0.014144727, 0.0071253376, 0.009765535, 0.0089239115, 0.0034024923, -0.007841049, -0.009704671, 0.0019354769, -0.017272081, 0.010339148, -0.010000543, -0.015595438, -0.0047326013, -0.006462328, 0.026249822, 0.020575741, 0.01760308, 0.035232697, 0.004965351, -0.008267968, 0.0025870749, 0.02558604, 0.008970101, 0.021240987, 0.0010283638, -0.014342616, 0.020494675, -0.0009277044, -0.016284483, -0.020004477, -0.0054053767, -0.012609435, -0.035666946, -0.02215431, 0.0016472242, -0.016300926, 0.0013476345, 0.0068657203, 0.00590018, 0.0022846577, 0.012749467, 2.5139081e-05, 0.018507462, 0.0051745437, -0.014685791, -0.009494492, 0.012841573, 0.0042256154, 0.009105073, 0.014623303, -0.03609376, 0.024199497, -0.016847434, 0.014287045, -0.015412988, -0.0084438445, -0.019560507, 0.006023972, 0.021350693, 0.0059626354, -0.010385414, -0.023910848, -0.0063831345, 0.015504222, -0.003966669, -0.0021022987, 0.010103424, -0.025620414, -0.0023691694, 0.0110762715, 0.0054458445, 0.024327796, 0.0027153464, -0.009712319, -0.024231503, -6.471256e-05, -0.011892922, 0.0009552212, 0.005514306, -0.00834541, 0.007210395, -0.028738353, -0.0056380252, -0.015513169, -0.034984216, 0.0048474865, 0.011530482, 0.008835592, 0.0008182412, -0.011272325, 0.0020771462, -0.0051088687, 0.0010449786, 0.0027981307, 0.0052865986, -0.0136220325, 0.012752395, 0.0016819346, 0.012846513, 0.00971847, 0.013515638, -0.015598234, 0.01673364, -0.0061808126, 0.0064841565, 0.010726874, 0.01278467, 4.3071395e-05, 0.024998993, 0.010901326, -0.009449268, 0.001181954, 0.0028611158, -0.003311559, 0.004762235, 0.0011638848, -0.025454657, 0.0080420505, 0.0010371547, 0.0037030159, 0.006458093, -0.0038233805, -0.006221902, -0.0051228693, -0.0066575753, 0.002791759, 0.0033323504, -0.01231342, 0.009006291, 0.01726231, -0.0035489504, -0.0102673825, 0.018190965, -0.015962321, 0.012918641, 0.020039145, 0.024504913, -0.021135433, 0.0018983459, -0.005501673, 0.00466407, -0.025022754, 0.008607123, 0.006285067, 0.016121961, -0.026101464, -0.01158626, -0.000116615025, 0.0035736947, 0.0022139081, -0.007502748, -0.0077456115, 0.02038668, 0.0031596932, 0.011417062, -0.0076287566, -0.014857285, 0.015883911, 0.011901496, 0.015137538, -0.0112410495, 0.003069897, -0.008128131, -0.018104263, 0.025021948, -0.016901672, -0.024091426, 0.02702571, 0.0013919203, -0.009646719, 0.0068144007, -0.02233114, -0.0044055698, -0.012621735, -0.0173005, 0.016097499, 0.01655098, 0.0034526223, -0.027302636, -0.0029544574, -0.018090034, -0.031770322, 0.0021216772, -0.013574268, -0.0055615203, -0.015384729, -0.01356709, -0.037927266, 0.0065565878, -0.043771893, -0.012209726, 0.013558401, 0.005608771, -0.009430861, 0.005505578, -0.00082812336, -0.024719963, 0.007984312, -0.020033974, -0.009512297, -0.0055103274, 0.02363708, -0.013789921, -0.020496871, -0.032090824, 0.015368917, 0.0075638653, 0.025628174, -0.0056457077, 0.006290419, -0.010704055, 0.007716461, 0.020829787, -0.00026510216, -0.008733193, -0.019680776, 0.0037622233, -0.021177057, -0.020521292, 0.005549218, -0.013154359, 0.035772506, 0.008444983, -0.0076276036, -0.0061839875, 0.00840039, -0.03590361, -0.012726227, 0.02768322, 0.019786084, -0.025931923, 9.6276766e-05, 0.0068475585, -0.009517079, 0.006073982, -0.007195941, 0.0014230128, 0.0035934988, -0.0029060964, 0.0011902463, -0.014770961, 0.0034379358, 0.0044400934, -0.0074706133, 0.003448316, 0.024748009, 0.012092893, -0.0003864167, -0.0039306358, 0.008748833, 0.0037022184, -0.004720319, -0.00022525272, -0.018929394, -0.011598541, 0.0062457114, -1.1481189e-05, -0.016795013, 0.0024755173, -0.001780011, 0.01659674, 0.043819264, 0.0021131982, -0.0072196107, 0.023930268, -0.024725229, 0.0135996705, -0.016663522, -0.00959216, -0.000897707, 0.00257259, -0.0024754896, -0.010902326, 0.0152347395, -0.011529865, 0.016645031, 0.0051225345, -0.0002619438, -0.012897382, -0.009003596, 0.03303223, -0.005752066, 0.00693701, -0.005064572, -0.015242146, -0.010889285, 0.0084161665, -0.011307933, 0.015206873, 0.013495173, -0.005492647, 0.0033601653, -0.012573451, 0.0010088735, -0.015562579, -0.0012001565, -0.015238009, -0.011197797, -0.017567134, 0.0023799133, 0.020226358, -0.0014696004, 0.008937325, -0.011979944, 0.0016089105, 0.017178155, -0.015497975, 0.017729225, -0.028910946, 0.004959543, 0.010214169, 0.01546781, -0.0027410176, -0.015590345, 0.0068821944, 0.012717069, 0.015471005, 0.010572163, -0.02317488, -0.011931056, -0.017951824, -0.017492566, -0.015268592, 0.0027500496, 0.0069655534, 0.00898281, -0.008334202, 0.0010522957, 0.055211414, -0.024896398, 0.0055666245, 0.0040101875, -0.010338787, -8.074173e-05, 0.004537404, 0.013375532, 0.00040885093, -0.008665059, 0.0050683618, -0.013508955, -0.004047814, -0.0019048708, 0.01002156, -0.020713013, -0.025398996, -0.018651167, -0.024797788, 0.012612842, -0.0085060755, 0.013574453, -0.0025698736, 0.012704378, 0.0077878362, 0.0122128865, 0.0013882153, 0.00010357503, -0.0006131377, 0.025192395, -0.01893844, 0.011987021, 0.009202401, 0.0011641487, 0.0091332365, -0.010727286, 0.007724279, 0.003088985, 0.019639865, 0.012704762, -0.019492127, -0.0064173564, -0.004897572, 0.0070206583, 0.029908696, -0.004829133, 0.0126096085, 0.02769079, -0.0040573254, 0.023349358, -0.02068563, -0.0012242642, 0.027192615, 0.013356176, -0.0005403476, -0.00950237, 0.0314932, 0.020621581, -0.0083488785, -0.0018729956, -0.0065635787, -0.0019672678, -0.0046705203, 0.030336803, 0.0011866648, 0.009051635, -0.0045682467, -0.008455253, 0.013402267, 0.010676893, 0.020147888, 0.008164779, -0.016895125, -0.00569665, -0.03101936, 0.17432113, 0.1284808, -0.015428495, 0.0001374735, 0.007228496, -0.0129606575, -0.02561585, 0.0065239025, 0.005875029, -0.013273641, -0.028957514, -0.004190117, -0.0006967349, 0.003789382, 0.006362213, -0.0076466533, 0.007615624, -0.0011391238, 0.0012864781, -0.0072576064, -0.0014698523, -0.011967855, -0.011579591, 0.012963596, -0.03638437, 0.012931211, -0.007065518, -0.0128807025, -0.009189277, -0.004008894, -0.0320598, 0.011053817, 0.010507968, 0.004464648, -0.0016259821, -0.0003016725, -0.009279232, 0.020415887, 0.0073573026, -0.005419888, 0.011999945, 0.011627662, -0.001959128, 0.015464174, 0.0070530223, -0.004534672, 0.016484853, 0.015196276, -0.014980278, 0.030211298, -0.0073739355, -0.012698357, 0.0074161794, 0.011930347, -0.024938792, 0.015551466, -0.0052725747, -0.00039016586, -0.033619683, 0.014876638, 0.018530821, 0.0020084963, -0.014057231, -0.0022215988, -0.011017226, 0.014209527, 0.0065488955, -0.004014083, -0.012767606, -0.0073992964, 0.00070318696, 0.0070544044, 0.011444232, 0.015441283, -0.010572921, 0.0016786195, -0.004834216, -0.011953979, -0.006082147, -0.0020886275, -0.0030900114, -0.0018125348, 0.0061453907, 0.0012244029, -0.004722454, 0.0019007707, -0.002103308, 0.033480316, 0.09661321, -0.007001287, 0.0055987136, -0.020882068, 0.016859103, -0.0015818939, 0.0067208125, 0.036228612, 0.025950776, 0.00794044, 0.032692578, 0.013064169, 0.01204612, -0.021729244, 0.0074994396, 0.013799133, 0.025913317, 0.06021463, 0.0019665898, -0.016688038, -0.0076781097, -0.009086366, -0.010358457, -0.017348122, 0.00030242157, 0.0017637465, -0.0058529307, 0.009693573, -0.004814012, -0.009115766, -0.097108126, 0.0057618367, 0.008573559, 0.0035297328, -0.012234378, 0.0145397475, -0.023851426, -0.024838755, -0.0011384856, 0.00043483844, -0.00028985934, 0.01497449, 0.020296747, -0.020472234, -0.010152561, -0.012410655, -0.027977008, 0.0022823312, -0.0013397966, 0.013231594, 0.016776845, 0.0153393485, -0.011525653, 0.0106683485, 9.6282865e-06, 0.0015160049, 0.006664323, -0.003537518, 0.006828492, 0.012439445, -0.0057100006, 0.025329825, -0.009929404, -0.0006921564, -0.0010487769, 0.0011569062, -0.005056646, 0.013397081, 0.01144238, -0.012861824, 0.0077062547, -0.02602529, 0.0006729115, -0.018959014, 0.009242935, 0.018704716, -0.010313533, -0.019404361, 0.0097955875, -0.0007596913, 0.027360603, 0.0095302835, -0.006497822, 0.004825822, 0.0051560146, 0.01976424, 0.017514858, -0.0065288264, 0.0013111833, 0.02300352, 5.067982e-05, 0.036103446, 0.01398843, -0.008778198, -0.007042084, -0.004411048, 0.0054353313, 1.30342105e-05, 0.007928695, -0.0057704337, -0.010665636, -0.0055416306, -0.0032642165, 0.024594761, -0.012721896, 0.0039974195, -0.0013062984, -0.009788128, -0.01625341, -0.008836147, -0.00856636, 0.0055460515, 0.01696644, 0.08872123, -0.014406639, -0.00777034, 0.0131516075, -0.0022256072, 0.0054884227, -0.03001386, -0.016151786, -0.012497036, 0.0002702406, -0.02273325, 0.02027056, 0.0012504143, -0.0084846895, 0.004753468, 0.00787486, 0.017678153, -0.004937911, -0.011704187, -0.021256365, -0.0019818684, -0.012742094, -0.002721489, -0.01816952, 0.015398934, -0.012631961, -0.015002654, -0.013909296, -0.007928625, 0.011332155, -0.008262836, -0.023903467, -0.0031986895, -0.022311643, -0.01145809, -0.0016017621, 0.010856132, -0.0056927833, 0.007433565, 0.007812693, -0.0120672695, 0.013759839, -0.004902717, 0.027578859, -0.01226691, 0.1939941, 0.009624933, 0.00017744198, 0.007075516, -0.012231875, 0.0017829604, 0.007713131, -0.0009867767, -0.017736578, 0.018431054, -0.0037227967, 0.02097586, -0.01188155, -0.007008741, 0.00037028175, -0.0039186366, -0.008165579, 0.014876117, -0.02415141, -0.011253083, -0.012486841, -0.008711714, 0.0009397475, 0.017806482, -0.009195531, 0.02224839, -0.0018596483, 0.016395861, -0.012375156, -0.014998235, -0.0032269943, -0.01689673, 0.010632817, 0.024383862, 0.018501682, 0.0023625162, 0.008313225, 0.0048129074, -0.00027002546, 0.013602363, -0.02601404, 0.0003036988, 0.009346204, -0.008850882, 0.009803888, -0.015245485, 0.01911061, 0.019062854, 0.0020802687, -0.009186561, 0.00010911801, 0.0072296257, -0.008732961, -0.0027937423, 0.008742309, 0.018036336, -0.021110635, 0.001737496, -0.007567115, 0.0118545, -0.00965986, -0.00024430765, -0.0065072305, -0.0063019595, -0.012163219, -0.01006101, -0.02029717]"
